-4
-3
-1
-1
1
2
2
-1
-3
-4
1
2
-3
0
1
0
5
5
2
1
-2
-4
2
3
0
3
2
-2
-3
-3
-2
3
0
-4
-2
0
1
0
-1
1
-2
-4
-3
0
4
7
6
3
-1
0
1
-3
-1
2
0
2
1
0
0
-4
-5
-3
0
3
0
0
-1
0
1
1
0
1
1
2
1
2
3
4
3
4
5
-1
0
1
-1
1
3
5
2
-1
-3
-3
-1
-1
-4
-2
-4
-1
6
1
4
3
-3
-4
-4
0
2
2
5
1
4
-12
-38
-32
-18
7
24
19
17
10
-2
-10
-14
2
10
12
17
14
11
4
2
11
2
-24
-29
-11
10
31
20
1
-24
-78
-105
-78
-20
41
72
57
26
-9
-24
-3
17
37
44
41
41
15
0
-12
-23
6
6
1
17
-2
-4
0
-8
20
34
1
-36
-44
-37
11
56
64
66
61
48
36
55
66
66
61
32
33
65
80
84
84
37
-13
-45
-55
-24
-2
-9
-5
-5
-39
-91
-128
-133
-123
-109
-101
-88
-83
-97
-92
-78
-69
-66
-66
-61
-52
-30
-7
13
28
23
13
13
11
20
36
35
33
18
-7
-13
-6
-4
-7
-12
-35
-50
-53
-59
-56
-44
-47
-50
-55
-66
-52
-36
-24
-5
7
13
18
13
14
37
51
67
79
78
88
91
80
87
95
93
108
114
119
130
112
85
83
71
57
68
85
94
105
89
63
62
56
39
59
66
60
76
67
47
31
32
31
10
12
-2
-27
-18
-29
-17
7
-8
-67
-212
-450
-638
-711
-675
-616
-656
-715
-712
-691
-695
-726
-766
-768
-775
-781
-702
-508
-268
-76
67
170
199
216
286
419
593
780
908
1006
1056
1066
1073
1086
1016
818
655
540
433
348
283
272
260
117
-76
-283
-441
-548
-616
-605
-547
-500
-419
-317
-190
-54
24
72
109
176
300
453
616
744
839
981
1072
1099
1097
1071
1015
889
761
657
563
496
439
354
323
264
105
-27
-136
-241
-332
-383
-406
-353
-289
-284
-274
-258
-243
-282
-299
-258
-239
-220
-257
-391
-539
-766
-1070
-1425
-1816
-2003
-1995
-1946
-1931
-1935
-1877
-1814
-1728
-1691
-1693
-1625
-1561
-1427
-1226
-943
-508
-29
378
669
880
1045
1198
1276
1369
1521
1707
1874
1917
1972
2028
1965
1820
1602
1321
1040
766
517
394
342
269
147
-48
-328
-611
-828
-1022
-1125
-1115
-1110
-1002
-795
-569
-291
-55
85
164
218
291
415
540
701
893
1084
1263
1375
1441
1483
1455
1340
1194
1058
974
925
882
905
930
910
793
590
360
136
-71
-221
-317
-376
-364
-313
-262
-227
-238
-301
-367
-450
-509
-518
-497
-457
-352
-243
-170
-190
-304
-685
-1369
-2015
-2489
-2658
-2620
-2703
-2841
-2788
-2634
-2456
-2275
-2166
-2144
-2085
-2031
-2058
-1914
-1512
-894
-226
356
780
1125
1463
1708
1873
2000
2141
2254
2316
2355
2476
2684
2769
2700
2464
2065
1616
1169
813
591
431
260
60
-189
-454
-676
-890
-1160
-1414
-1653
-1821
-1920
-1879
-1639
-1265
-795
-400
-73
172
344
555
742
901
1042
1194
1420
1629
1835
2053
2166
2192
2120
1922
1690
1503
1336
1240
1166
1077
965
847
708
475
235
-24
-285
-527
-671
-808
-845
-770
-676
-574
-483
-441
-446
-460
-471
-422
-362
-301
-306
-248
-161
-251
-593
-1080
-1780
-2388
-2686
-2892
-3045
-3207
-3318
-3226
-2911
-2564
-2382
-2283
-2163
-2188
-2178
-2097
-1899
-1367
-694
-43
540
1041
1559
2020
2330
2501
2500
2513
2553
2554
2605
2695
2780
2827
2724
2441
2082
1685
1235
816
482
151
-140
-445
-723
-862
-959
-1103
-1326
-1599
-1849
-2003
-2007
-1842
-1589
-1259
-869
-485
-82
277
563
818
1039
1215
1335
1491
1668
1828
1958
2088
2135
2094
2032
1898
1759
1589
1410
1280
1116
971
847
665
508
320
106
-99
-315
-520
-661
-719
-704
-693
-632
-553
-458
-300
-225
-173
-123
-131
-168
-127
-60
-50
-157
-405
-887
-1439
-1906
-2387
-2761
-3123
-3439
-3566
-3692
-3761
-3656
-3374
-3005
-2764
-2681
-2712
-2566
-2149
-1693
-1184
-621
-60
547
1103
1609
2158
2664
3067
3228
3217
3245
3294
3363
3385
3318
3171
2905
2598
2306
2001
1649
1247
786
285
-153
-571
-967
-1252
-1476
-1645
-1858
-2178
-2394
-2373
-2258
-2101
-1917
-1679
-1313
-913
-480
-48
392
808
1113
1347
1534
1760
2010
2206
2315
2325
2313
2295
2250
2187
2138
2031
1842
1635
1361
1099
898
680
464
273
22
-229
-404
-564
-699
-824
-900
-901
-871
-795
-725
-612
-476
-378
-336
-301
-218
-176
-93
-73
-197
-470
-1033
-1560
-1968
-2416
-2758
-3137
-3427
-3574
-3680
-3597
-3425
-3152
-2919
-2901
-2843
-2787
-2601
-2199
-1830
-1345
-805
-257
403
1038
1668
2277
2748
3092
3239
3285
3418
3526
3568
3552
3445
3312
3110
2828
2564
2339
2026
1587
1027
459
49
-321
-715
-1084
-1479
-1801
-2078
-2382
-2521
-2485
-2361
-2258
-2161
-1942
-1617
-1228
-834
-407
19
401
712
974
1332
1691
1974
2235
2378
2449
2529
2536
2479
2464
2367
2210
2073
1873
1656
1485
1273
1001
676
381
88
-172
-381
-596
-750
-875
-941
-995
-1006
-948
-863
-767
-695
-682
-554
-443
-363
-288
-283
-324
-419
-689
-1153
-1648
-2114
-2476
-2826
-3148
-3412
-3613
-3636
-3493
-3338
-3123
-3009
-2902
-2741
-2596
-2418
-2105
-1667
-1173
-633
-106
516
1198
1836
2391
2831
3141
3346
3463
3547
3584
3560
3499
3358
3194
3008
2726
2461
2191
1866
1449
978
502
66
-369
-793
-1156
-1503
-1814
-2124
-2345
-2398
-2358
-2237
-2105
-1975
-1785
-1498
-1145
-820
-481
-173
147
518
867
1259
1626
1861
2089
2278
2396
2450
2465
2434
2344
2202
2065
1948
1847
1710
1521
1355
1123
868
611
320
46
-163
-379
-562
-725
-819
-876
-897
-882
-892
-834
-701
-574
-435
-403
-364
-279
-342
-401
-584
-872
-1204
-1730
-2281
-2699
-2941
-3118
-3419
-3619
-3694
-3570
-3272
-3073
-2967
-2800
-2613
-2460
-2320
-2091
-1656
-1138
-657
-241
307
988
1646
2275
2748
3064
3331
3506
3597
3601
3535
3459
3351
3159
2898
2627
2419
2236
1970
1567
1130
701
274
-163
-646
-1088
-1460
-1829
-2165
-2401
-2498
-2443
-2294
-2097
-1940
-1814
-1610
-1305
-948
-652
-366
-48
293
668
1021
1426
1813
2116
2343
2488
2562
2564
2516
2438
2325
2174
2035
1925
1796
1639
1483
1311
1095
816
547
309
64
-215
-479
-662
-826
-891
-856
-812
-747
-685
-628
-548
-469
-351
-332
-386
-516
-683
-801
-1152
-1717
-2243
-2633
-2864
-3096
-3446
-3691
-3718
-3531
-3391
-3326
-3167
-2937
-2644
-2487
-2426
-2199
-1834
-1330
-882
-496
52
731
1456
2008
2423
2839
3188
3429
3496
3528
3587
3558
3425
3169
2860
2653
2488
2238
1958
1605
1232
858
436
-2
-391
-768
-1205
-1606
-1926
-2195
-2377
-2457
-2384
-2223
-2076
-1895
-1678
-1410
-1117
-775
-458
-211
90
430
802
1207
1533
1852
2138
2306
2439
2449
2461
2489
2413
2317
2166
2052
1951
1783
1662
1470
1249
1087
850
576
326
89
-123
-323
-509
-681
-760
-759
-745
-694
-629
-561
-480
-440
-446
-522
-659
-773
-920
-1275
-1831
-2382
-2798
-2987
-3195
-3557
-3836
-3843
-3645
-3460
-3319
-3115
-2859
-2562
-2417
-2328
-2059
-1663
-1169
-771
-462
35
690
1347
1918
2358
2827
3197
3367
3438
3439
3490
3492
3284
2961
2666
2454
2296
2082
1813
1538
1244
889
479
98
-291
-660
-1083
-1505
-1845
-2118
-2242
-2281
-2284
-2189
-2035
-1830
-1546
-1310
-1045
-736
-474
-210
88
458
793
1104
1449
1726
2024
2225
2308
2443
2499
2473
2435
2300
2171
2066
1924
1797
1645
1494
1378
1191
927
711
468
222
-2
-254
-424
-560
-642
-670
-712
-705
-662
-573
-482
-481
-479
-555
-722
-870
-1273
-1813
-2350
-2838
-3097
-3399
-3737
-3948
-4026
-3856
-3594
-3403
-3165
-2925
-2628
-2400
-2310
-2082
-1741
-1327
-937
-615
-157
461
1178
1832
2337
2789
3172
3441
3527
3540
3571
3518
3335
3026
2722
2500
2277
2073
1838
1565
1322
977
633
300
-112
-503
-965
-1416
-1791
-2118
-2298
-2387
-2374
-2244
-2072
-1885
-1638
-1316
-977
-657
-420
-209
49
374
701
985
1286
1657
1952
2143
2285
2375
2498
2521
2429
2308
2173
2051
1935
1824
1690
1536
1365
1208
1026
816
580
332
119
-140
-383
-549
-622
-659
-712
-717
-650
-600
-542
-542
-580
-662
-789
-1016
-1476
-2003
-2540
-2987
-3229
-3539
-3931
-4086
-4068
-3807
-3558
-3336
-3021
-2743
-2458
-2310
-2164
-1859
-1522
-1141
-781
-453
35
635
1283
1879
2415
2883
3222
3486
3597
3605
3583
3436
3160
2823
2536
2335
2143
1913
1666
1429
1214
939
613
252
-127
-527
-1006
-1445
-1807
-2106
-2300
-2399
-2388
-2244
-2063
-1853
-1554
-1218
-866
-578
-324
-71
176
447
710
968
1228
1496
1750
1991
2197
2351
2473
2507
2410
2309
2221
2123
2007
1819
1628
1474
1318
1151
974
762
516
323
125
-98
-300
-467
-541
-614
-686
-703
-646
-569
-546
-558
-637
-752
-839
-1109
-1569
-2110
-2664
-2995
-3277
-3691
-4027
-4151
-4045
-3781
-3557
-3282
-2961
-2616
-2296
-2159
-1960
-1640
-1277
-927
-679
-374
170
829
1408
1903
2428
2898
3262
3490
3593
3666
3605
3405
3079
2692
2400
2189
1972
1713
1469
1280
1090
834
538
234
-111
-520
-984
-1413
-1801
-2120
-2309
-2445
-2490
-2327
-2111
-1906
-1544
-1138
-750
-436
-225
3
272
559
769
948
1201
1514
1793
1960
2140
2355
2473
2501
2468
2389
2325
2234
2098
1896
1656
1488
1349
1179
921
673
495
284
76
-140
-337
-432
-535
-703
-806
-790
-731
-657
-676
-684
-662
-779
-929
-1289
-1793
-2234
-2713
-3017
-3401
-3879
-4019
-4062
-3912
-3682
-3486
-3072
-2732
-2410
-2171
-1990
-1622
-1356
-1127
-916
-673
-221
280
852
1407
1919
2446
2837
3208
3454
3560
3616
3467
3238
2928
2598
2326
2036
1797
1539
1305
1176
977
748
530
238
-106
-531
-970
-1351
-1687
-1957
-2218
-2425
-2440
-2319
-2068
-1831
-1579
-1179
-831
-517
-199
115
439
670
843
1017
1274
1568
1779
1972
2096
2228
2397
2462
2538
2549
2473
2354
2122
1924
1749
1547
1367
1090
804
615
452
304
81
-202
-402
-528
-653
-758
-790
-769
-734
-710
-753
-729
-767
-875
-968
-1375
-1852
-2297
-2746
-2969
-3364
-3737
-3922
-4039
-3822
-3653
-3445
-3069
-2751
-2366
-2140
-1923
-1577
-1310
-1008
-825
-594
-238
238
846
1303
1830
2339
2765
3181
3370
3540
3620
3486
3290
2942
2624
2366
2067
1806
1497
1249
1122
934
734
520
224
-107
-507
-913
-1274
-1604
-1942
-2269
-2395
-2397
-2333
-2186
-1974
-1596
-1233
-916
-537
-198
180
501
734
969
1120
1337
1565
1712
1894
2035
2210
2370
2426
2471
2507
2505
2435
2258
2028
1837
1637
1400
1130
847
577
327
134
-38
-233
-379
-478
-605
-666
-682
-717
-721
-766
-813
-850
-941
-1050
-1224
-1592
-2067
-2478
-2769
-2994
-3390
-3792
-3969
-3904
-3680
-3545
-3368
-3043
-2661
-2319
-2125
-1869
-1540
-1184
-893
-731
-460
-46
491
1019
1385
1798
2319
2787
3124
3327
3475
3570
3500
3257
2919
2651
2477
2176
1764
1401
1194
1074
857
611
396
136
-176
-530
-874
-1190
-1519
-1864
-2145
-2312
-2373
-2337
-2229
-1994
-1676
-1310
-951
-611
-184
243
566
805
1000
1196
1395
1570
1701
1838
1973
2075
2234
2336
2370
2473
2564
2532
2357
2189
2050
1811
1491
1147
819
547
294
14
-186
-308
-436
-545
-628
-689
-663
-643
-675
-740
-815
-912
-975
-1074
-1446
-1885
-2355
-2726
-2876
-3218
-3614
-3845
-3940
-3749
-3600
-3472
-3142
-2806
-2472
-2279
-2075
-1737
-1367
-1038
-887
-674
-334
123
663
1022
1447
1958
2400
2833
3090
3326
3541
3577
3482
3171
2866
2672
2390
2031
1642
1319
1126
957
752
495
285
63
-287
-600
-922
-1256
-1547
-1911
-2166
-2319
-2408
-2299
-2169
-1936
-1586
-1294
-874
-478
-119
315
636
882
1090
1312
1549
1713
1802
1884
2041
2166
2271
2388
2451
2542
2557
2471
2401
2235
2029
1825
1476
1106
772
490
287
5
-269
-408
-487
-576
-656
-647
-601
-633
-722
-821
-902
-982
-1158
-1475
-1933
-2393
-2743
-2981
-3238
-3645
-3948
-4014
-3918
-3707
-3565
-3337
-2929
-2609
-2369
-2153
-1824
-1406
-1082
-855
-688
-378
95
600
1065
1447
1874
2356
2793
3093
3299
3525
3628
3517
3263
2958
2734
2511
2135
1702
1383
1128
906
702
450
235
-6
-313
-616
-919
-1192
-1476
-1772
-2043
-2254
-2303
-2247
-2129
-1971
-1774
-1446
-1107
-713
-279
68
428
729
947
1233
1480
1692
1851
1927
2040
2141
2280
2405
2499
2555
2538
2523
2442
2311
2200
1998
1721
1370
1040
793
522
270
1
-226
-328
-508
-589
-606
-704
-698
-796
-890
-960
-1119
-1330
-1759
-2227
-2617
-3006
-3296
-3662
-3964
-4149
-4241
-4025
-3856
-3576
-3175
-2875
-2469
-2188
-1873
-1457
-1173
-881
-699
-457
-70
373
860
1237
1690
2147
2558
2990
3269
3506
3617
3582
3464
3190
2947
2654
2271
1898
1493
1142
898
664
461
218
-38
-247
-533
-813
-1118
-1420
-1705
-2033
-2244
-2437
-2513
-2384
-2287
-2058
-1775
-1427
-909
-486
-58
349
668
943
1189
1455
1663
1790
1901
1997
2095
2206
2375
2538
2624
2706
2714
2672
2632
2525
2364
2099
1764
1435
1052
736
433
96
-170
-354
-421
-518
-575
-600
-650
-672
-836
-942
-1057
-1409
-1829
-2354
-2796
-3133
-3548
-3876
-4161
-4324
-4297
-4161
-3880
-3551
-3158
-2820
-2471
-2078
-1775
-1376
-1066
-857
-594
-384
-21
417
836
1325
1747
2212
2665
3046
3394
3611
3682
3557
3349
3116
2829
2519
2097
1650
1302
977
698
491
277
104
-82
-324
-599
-861
-1116
-1466
-1787
-2087
-2390
-2504
-2576
-2503
-2321
-2151
-1806
-1459
-1004
-469
-50
403
754
1011
1298
1512
1680
1796
1908
1998
2087
2215
2333
2520
2619
2676
2752
2719
2743
2652
2417
2204
1874
1508
1159
812
444
120
-81
-256
-350
-461
-596
-609
-689
-762
-862
-1017
-1274
-1721
-2193
-2729
-3076
-3401
-3877
-4146
-4372
-4361
-4139
-4011
-3658
-3300
-2897
-2443
-2138
-1719
-1329
-990
-712
-573
-313
12
407
846
1172
1640
2114
2538
2959
3247
3512
3635
3590
3451
3185
2923
2601
2163
1717
1311
980
666
391
168
-41
-199
-442
-671
-854
-1186
-1444
-1710
-2071
-2307
-2490
-2545
-2543
-2534
-2363
-2065
-1686
-1264
-798
-290
188
631
925
1185
1522
1711
1841
1915
1951
2082
2196
2283
2383
2478
2569
2624
2701
2754
2702
2604
2403
2118
1773
1437
1126
750
396
71
-178
-324
-471
-586
-652
-748
-854
-1001
-1098
-1302
-1725
-2164
-2644
-3043
-3403
-3833
-4164
-4349
-4384
-4270
-4047
-3709
-3316
-2856
-2409
-1976
-1547
-1159
-774
-502
-293
-15
278
604
907
1234
1666
2041
2449
2844
3149
3443
3558
3531
3443
3235
2981
2608
2141
1657
1211
837
510
240
-17
-206
-394
-621
-791
-953
-1123
-1355
-1607
-1856
-2103
-2302
-2418
-2436
-2394
-2282
-2132
-1880
-1479
-1023
-536
-61
371
748
1064
1357
1611
1809
1927
1996
2043
2083
2158
2264
2373
2437
2505
2568
2606
2661
2614
2446
2241
1963
1635
1341
1013
638
306
38
-183
-369
-532
-630
-702
-828
-917
-1088
-1386
-1690
-2126
-2532
-2952
-3455
-3835
-4132
-4283
-4337
-4291
-4081
-3748
-3340
-2948
-2502
-2002
-1538
-1101
-773
-484
-170
97
403
704
985
1322
1692
2064
2418
2756
3063
3304
3432
3419
3321
3164
2886
2529
2078
1641
1283
879
531
227
-64
-277
-490
-687
-829
-1007
-1187
-1395
-1656
-1873
-2024
-2143
-2230
-2314
-2313
-2196
-2002
-1722
-1402
-1014
-590
-206
189
606
963
1279
1530
1690
1839
1936
1999
2049
2092
2178
2282
2374
2414
2487
2564
2556
2516
2366
2134
1913
1669
1383
1058
709
385
156
-36
-240
-453
-622
-720
-824
-946
-1146
-1422
-1733
-2125
-2546
-2917
-3315
-3678
-3950
-4164
-4220
-4128
-3905
-3589
-3261
-2851
-2392
-1943
-1466
-1047
-669
-345
-82
191
484
824
1113
1414
1743
2061
2415
2715
2944
3146
3266
3242
3146
2969
2728
2419
2010
1583
1210
834
428
116
-123
-343
-557
-796
-970
-1080
-1242
-1438
-1629
-1808
-1962
-2090
-2195
-2204
-2128
-2055
-1855
-1597
-1292
-894
-540
-106
273
606
1008
1280
1476
1654
1777
1880
1960
1982
2025
2115
2162
2228
2281
2333
2426
2417
2370
2252
2046
1848
1604
1360
1053
683
399
170
-63
-253
-437
-596
-735
-872
-1005
-1253
-1516
-1850
-2301
-2639
-3019
-3402
-3676
-3994
-4125
-4113
-4027
-3761
-3459
-3036
-2617
-2164
-1662
-1264
-777
-407
-126
173
421
731
1028
1322
1580
1855
2234
2527
2789
3002
3119
3217
3161
3023
2834
2559
2238
1802
1386
1038
628
284
-39
-330
-518
-749
-944
-1081
-1252
-1379
-1532
-1704
-1841
-1984
-2092
-2147
-2117
-2075
-1947
-1705
-1445
-1055
-655
-305
107
467
819
1150
1396
1610
1701
1776
1875
1910
1980
2026
2053
2090
2167
2270
2281
2309
2292
2175
2053
1860
1653
1426
1137
865
546
279
40
-187
-360
-516
-670
-816
-976
-1269
-1557
-1867
-2239
-2524
-2947
-3382
-3651
-3928
-4041
-4064
-4001
-3744
-3453
-3070
-2660
-2224
-1721
-1257
-788
-431
-93
248
545
926
1196
1428
1733
1991
2291
2549
2752
3012
3150
3173
3120
2985
2806
2539
2175
1776
1391
1008
607
249
-77
-399
-648
-847
-1028
-1175
-1293
-1420
-1592
-1748
-1875
-1979
-2050
-2103
-2122
-2043
-1902
-1730
-1461
-1116
-723
-295
119
465
850
1194
1401
1620
1791
1874
1933
1953
1965
2002
2015
2012
2057
2121
2141
2170
2174
2079
1967
1804
1642
1435
1104
822
537
258
-7
-266
-460
-616
-736
-877
-1036
-1234
-1504
-1813
-2143
-2505
-2915
-3269
-3559
-3802
-3915
-3954
-3852
-3619
-3350
-2987
-2562
-2066
-1551
-1075
-682
-335
55
381
667
959
1227
1526
1786
2010
2296
2568
2825
3008
3100
3146
3119
3004
2760
2459
2087
1689
1271
829
442
97
-217
-502
-777
-997
-1148
-1315
-1438
-1537
-1669
-1771
-1883
-1973
-1997
-2065
-2084
-1956
-1803
-1612
-1344
-1025
-640
-259
94
456
829
1191
1449
1633
1793
1924
2013
1987
1997
2039
2011
2018
2035
2071
2095
2112
2099
1999
1893
1717
1527
1316
1027
733
416
168
-64
-300
-510
-692
-791
-924
-1107
-1346
-1649
-1918
-2189
-2541
-2928
-3239
-3463
-3616
-3717
-3767
-3645
-3412
-3137
-2783
-2424
-1963
-1453
-1028
-623
-254
122
490
801
1075
1333
1627
1879
2122
2410
2653
2880
3038
3089
3088
3032
2902
2672
2374
1969
1559
1190
752
367
24
-322
-581
-853
-1101
-1246
-1384
-1542
-1699
-1833
-1934
-2018
-2053
-2072
-2090
-2048
-1938
-1772
-1576
-1298
-958
-592
-177
188
544
940
1266
1530
1724
1837
1948
2027
2026
2032
2050
2034
2041
2067
2056
2053
2045
1967
1879
1767
1622
1445
1217
941
626
351
79
-161
-398
-657
-770
-889
-1028
-1170
-1414
-1634
-1886
-2164
-2461
-2825
-3082
-3296
-3507
-3618
-3622
-3482
-3304
-3018
-2677
-2317
-1835
-1381
-955
-512
-128
227
540
795
1113
1390
1634
1893
2132
2382
2621
2836
2972
3045
3060
2999
2876
2689
2379
2012
1618
1184
826
436
31
-275
-592
-882
-1074
-1281
-1430
-1533
-1680
-1777
-1860
-1948
-1982
-2022
-2072
-2023
-1943
-1823
-1633
-1385
-1061
-697
-311
67
485
870
1169
1442
1654
1816
1922
1972
2004
2022
2035
2032
1987
1968
1989
1991
1956
1906
1845
1728
1588
1414
1183
915
596
309
53
-197
-428
-653
-823
-921
-1056
-1248
-1435
-1633
-1848
-2079
-2370
-2692
-2939
-3161
-3331
-3443
-3487
-3350
-3128
-2911
-2624
-2265
-1833
-1374
-968
-563
-191
190
542
787
1052
1321
1584
1864
2075
2310
2538
2699
2852
2929
2948
2942
2849
2702
2449
2088
1764
1396
990
622
215
-124
-379
-709
-975
-1131
-1289
-1426
-1570
-1711
-1767
-1827
-1901
-1949
-2009
-2023
-2017
-1937
-1734
-1525
-1269
-965
-618
-230
162
527
857
1191
1453
1616
1762
1858
1944
1997
1921
1907
1917
1902
1920
1914
1902
1889
1841
1748
1626
1469
1313
1089
794
520
218
-20
-249
-535
-736
-902
-1017
-1113
-1345
-1553
-1731
-1953
-2195
-2499
-2762
-3031
-3211
-3268
-3333
-3304
-3172
-2936
-2628
-2333
-1963
-1539
-1075
-629
-307
49
426
735
1030
1261
1464
1682
1913
2127
2306
2538
2723
2813
2883
2876
2804
2696
2497
2210
1881
1541
1156
771
431
87
-210
-490
-765
-947
-1117
-1271
-1389
-1532
-1642
-1734
-1833
-1894
-1930
-1945
-1938
-1900
-1770
-1578
-1346
-1088
-789
-451
-98
285
622
902
1160
1367
1537
1669
1746
1784
1811
1826
1816
1832
1838
1836
1841
1820
1809
1761
1668
1538
1374
1201
974
725
477
217
-12
-260
-520
-730
-871
-984
-1205
-1419
-1618
-1862
-2059
-2290
-2613
-2873
-3068
-3218
-3276
-3290
-3204
-3035
-2765
-2490
-2165
-1711
-1281
-864
-509
-189
188
524
824
1093
1332
1609
1830
1997
2191
2379
2569
2713
2804
2825
2781
2739
2601
2367
2073
1754
1428
1055
701
370
22
-284
-536
-757
-970
-1147
-1277
-1413
-1538
-1629
-1710
-1775
-1858
-1910
-1863
-1833
-1805
-1659
-1489
-1295
-1027
-758
-413
-36
303
612
863
1104
1329
1472
1568
1654
1705
1709
1705
1707
1707
1765
1771
1725
1753
1745
1677
1595
1451
1309
1171
919
643
384
160
-57
-302
-503
-698
-824
-938
-1156
-1380
-1602
-1838
-2031
-2319
-2631
-2858
-3047
-3150
-3223
-3223
-3093
-2875
-2601
-2346
-1989
-1587
-1189
-783
-465
-116
244
543
839
1100
1336
1592
1816
2040
2258
2429
2585
2703
2749
2769
2735
2613
2456
2225
1943
1635
1286
960
652
343
50
-249
-530
-719
-868
-1035
-1196
-1323
-1431
-1538
-1617
-1708
-1779
-1812
-1827
-1810
-1771
-1645
-1452
-1246
-1016
-733
-351
20
302
583
864
1071
1264
1408
1477
1554
1607
1580
1551
1587
1608
1624
1669
1639
1599
1634
1588
1495
1385
1231
1087
870
614
387
168
-26
-243
-483
-664
-754
-873
-1117
-1383
-1571
-1755
-1962
-2248
-2553
-2760
-2936
-3048
-3115
-3093
-2975
-2811
-2550
-2289
-1986
-1584
-1172
-792
-500
-180
189
528
806
1024
1272
1489
1715
1934
2123
2368
2545
2688
2751
2698
2700
2653
2477
2215
1901
1630
1340
989
666
362
100
-172
-461
-632
-760
-886
-1041
-1235
-1355
-1428
-1488
-1568
-1646
-1695
-1732
-1722
-1663
-1571
-1418
-1190
-941
-685
-409
-75
239
485
723
922
1109
1279
1327
1370
1438
1443
1440
1439
1455
1484
1505
1521
1515
1511
1472
1409
1326
1190
1047
897
676
429
240
53
-187
-383
-555
-682
-748
-960
-1219
-1416
-1625
-1805
-2073
-2388
-2640
-2804
-2907
-3021
-3042
-2958
-2783
-2525
-2355
-2067
-1618
-1214
-834
-568
-255
129
436
717
925
1140
1406
1627
1809
1988
2224
2408
2525
2571
2545
2577
2578
2453
2207
1893
1664
1423
1077
734
436
220
-24
-321
-513
-650
-802
-956
-1091
-1176
-1236
-1338
-1449
-1534
-1587
-1615
-1606
-1573
-1525
-1370
-1141
-945
-763
-518
-189
154
396
567
795
1020
1142
1205
1251
1292
1322
1332
1315
1309
1350
1377
1358
1366
1340
1324
1315
1219
1105
979
841
694
478
303
165
-22
-203
-390
-492
-531
-687
-955
-1177
-1371
-1542
-1734
-2059
-2340
-2539
-2681
-2762
-2827
-2804
-2697
-2514
-2364
-2134
-1803
-1477
-1092
-828
-587
-212
123
412
634
819
1065
1255
1471
1707
1914
2151
2288
2358
2424
2466
2506
2463
2304
2040
1798
1588
1306
993
678
436
211
-79
-312
-450
-556
-718
-904
-1008
-1065
-1163
-1245
-1303
-1402
-1484
-1517
-1510
-1476
-1404
-1260
-1087
-895
-674
-430
-113
135
332
573
792
976
1065
1124
1247
1291
1268
1264
1275
1260
1239
1260
1257
1255
1286
1274
1205
1110
1048
968
824
640
411
266
122
-74
-257
-396
-455
-539
-711
-888
-1079
-1286
-1449
-1651
-1963
-2272
-2465
-2561
-2660
-2750
-2730
-2609
-2428
-2281
-2076
-1684
-1318
-1040
-815
-568
-225
80
342
586
773
974
1200
1418
1597
1770
1987
2170
2290
2330
2365
2446
2403
2199
1982
1813
1593
1297
998
722
483
207
-67
-250
-383
-497
-654
-796
-889
-987
-1085
-1159
-1268
-1400
-1450
-1401
-1412
-1426
-1342
-1223
-1052
-879
-696
-407
-83
119
292
498
728
922
979
1027
1090
1110
1152
1144
1140
1180
1164
1136
1167
1205
1190
1188
1172
1075
1003
933
818
658
439
264
130
-19
-178
-308
-403
-505
-661
-881
-1073
-1209
-1315
-1509
-1852
-2126
-2276
-2384
-2491
-2596
-2591
-2488
-2347
-2204
-1986
-1641
-1310
-1019
-773
-536
-224
52
296
527
737
935
1110
1306
1501
1688
1875
2041
2138
2183
2279
2320
2236
2080
1878
1739
1567
1270
978
723
496
258
-6
-148
-236
-395
-558
-699
-832
-915
-995
-1047
-1123
-1285
-1325
-1338
-1389
-1376
-1348
-1240
-1075
-948
-749
-479
-219
2
181
411
617
742
849
926
990
1059
1077
1062
1096
1130
1148
1165
1192
1217
1189
1184
1152
1052
993
940
827
673
465
280
136
-31
-192
-309
-411
-515
-695
-931
-1092
-1226
-1388
-1575
-1844
-2058
-2175
-2317
-2400
-2420
-2385
-2279
-2139
-1971
-1730
-1416
-1136
-902
-662
-412
-91
163
348
533
693
891
1081
1280
1472
1605
1736
1874
1961
2013
2064
2077
1998
1823
1661
1544
1351
1106
864
640
421
201
25
-89
-223
-400
-525
-622
-714
-796
-901
-978
-1066
-1182
-1225
-1251
-1248
-1203
-1183
-1064
-936
-810
-596
-426
-200
-15
148
412
580
686
778
884
986
986
993
1026
1057
1083
1064
1074
1085
1087
1098
1103
1042
943
892
798
680
528
357
228
90
-66
-215
-318
-412
-507
-581
-734
-895
-1037
-1217
-1348
-1545
-1815
-1979
-2067
-2126
-2181
-2201
-2126
-1995
-1839
-1696
-1453
-1139
-905
-668
-453
-235
24
222
374
537
725
887
1048
1227
1329
1477
1649
1761
1805
1790
1863
1894
1728
1560
1474
1337
1139
894
659
519
349
131
-20
-123
-247
-381
-449
-536
-642
-697
-757
-825
-918
-1015
-1032
-1066
-1114
-1090
-1014
-922
-838
-713
-534
-305
-115
41
231
386
526
655
729
822
875
853
885
887
882
918
924
937
971
994
1007
1022
960
897
869
763
602
442
329
212
54
-99
-235
-315
-441
-543
-582
-757
-931
-1050
-1201
-1316
-1539
-1765
-1856
-1900
-1940
-2027
-2030
-1925
-1787
-1670
-1498
-1221
-948
-726
-501
-308
-98
130
295
440
540
693
867
994
1108
1207
1388
1557
1583
1587
1698
1768
1692
1565
1431
1347
1242
1012
801
668
492
259
83
-37
-142
-247
-383
-467
-560
-632
-666
-732
-799
-905
-948
-941
-990
-995
-987
-942
-825
-747
-635
-434
-220
-73
71
269
426
533
613
677
724
735
755
785
806
814
836
875
894
909
932
946
924
894
858
797
689
507
359
237
93
-65
-212
-300
-365
-459
-532
-614
-755
-895
-1003
-1068
-1207
-1431
-1594
-1668
-1741
-1832
-1895
-1831
-1704
-1621
-1518
-1340
-1057
-807
-626
-407
-216
-8
199
334
454
561
701
808
935
1052
1129
1289
1363
1354
1458
1558
1595
1555
1429
1348
1272
1116
959
784
577
428
248
53
-23
-103
-240
-343
-439
-511
-559
-647
-704
-757
-864
-913
-919
-926
-948
-947
-872
-806
-705
-536
-359
-181
-35
103
263
410
514
572
632
708
720
725
769
786
805
822
829
898
904
882
904
876
799
732
669
537
389
263
130
-15
-139
-250
-321
-404
-519
-597
-648
-768
-898
-980
-1035
-1105
-1335
-1518
-1560
-1601
-1637
-1696
-1650
-1508
-1409
-1276
-1094
-842
-582
-424
-296
-113
79
227
344
434
526
635
733
818
910
1013
1126
1233
1295
1332
1393
1459
1443
1321
1228
1143
992
807
631
489
356
176
12
-88
-168
-255
-364
-460
-530
-598
-629
-657
-742
-797
-802
-823
-845
-867
-802
-707
-672
-581
-421
-236
-81
28
138
291
406
505
588
652
713
721
729
754
769
803
844
835
826
828
814
788
745
656
575
521
399
240
122
7
-92
-183
-339
-399
-414
-546
-606
-628
-744
-820
-923
-1023
-1077
-1227
-1348
-1410
-1438
-1431
-1436
-1376
-1261
-1140
-1023
-864
-672
-518
-353
-175
2
122
201
304
397
465
524
599
705
802
858
930
1040
1123
1168
1218
1234
1186
1089
1018
936
809
666
516
413
261
83
-10
-100
-177
-228
-344
-394
-421
-484
-498
-567
-618
-621
-619
-629
-647
-639
-563
-473
-433
-352
-225
-78
7
87
220
315
412
467
505
578
628
645
643
671
706
703
720
720
662
644
654
612
535
450
388
303
194
92
-24
-80
-171
-284
-338
-433
-496
-550
-615
-618
-692
-812
-877
-943
-1007
-1081
-1164
-1194
-1207
-1198
-1158
-1089
-986
-865
-748
-622
-473
-328
-187
-83
14
121
222
310
349
417
484
533
586
645
762
848
891
926
967
1000
1000
957
883
840
765
657
549
437
307
157
67
-20
-103
-141
-211
-281
-328
-388
-429
-418
-416
-485
-528
-489
-456
-446
-428
-400
-342
-280
-218
-121
-31
58
142
199
279
373
448
504
535
572
620
632
636
647
631
601
585
524
480
470
422
329
222
196
156
55
-49
-148
-194
-244
-345
-389
-451
-520
-494
-550
-627
-679
-746
-773
-823
-896
-940
-979
-981
-923
-909
-925
-825
-687
-631
-558
-422
-280
-162
-60
13
86
172
233
306
380
406
428
496
569
620
666
711
775
799
813
826
785
764
715
608
529
428
308
230
135
26
-60
-116
-139
-198
-243
-272
-335
-337
-350
-372
-349
-365
-381
-353
-332
-318
-308
-283
-223
-159
-76
22
83
136
201
290
347
381
437
467
504
546
557
555
555
561
538
481
428
386
374
319
227
180
149
82
-5
-104
-150
-157
-232
-317
-378
-437
-469
-499
-526
-574
-640
-665
-693
-738
-754
-786
-785
-779
-793
-745
-689
-637
-569
-499
-400
-263
-122
-43
34
131
170
218
270
326
359
370
410
445
477
508
527
566
608
615
622
640
595
547
517
437
352
276
217
116
-1
-55
-104
-157
-188
-234
-258
-261
-320
-341
-303
-278
-253
-241
-228
-208
-191
-138
-127
-130
-94
-58
18
72
82
127
213
287
294
299
382
429
419
423
463
490
486
472
450
403
335
289
237
209
162
98
61
-20
-89
-140
-204
-244
-307
-344
-347
-379
-431
-462
-486
-498
-505
-541
-526
-474
-476
-498
-518
-504
-443
-420
-434
-418
-346
-272
-259
-230
-188
-129
-42
1
55
123
135
130
150
190
247
270
278
312
320
312
335
346
344
365
387
384
342
272
264
276
236
168
114
85
66
32
-25
-64
-79
-125
-164
-173
-163
-129
-107
-102
-98
-78
-67
-72
-37
11
35
30
51
114
131
111
125
170
195
219
248
280
325
346
342
318
290
270
262
259
235
184
147
148
100
23
-21
-48
-61
-120
-181
-196
-230
-280
-304
-323
-339
-349
-382
-391
-390
-427
-436
-405
-387
-371
-344
-328
-287
-255
-261
-226
-189
-156
-132
-139
-121
-103
-90
-59
-32
0
16
31
54
72
116
140
131
154
176
183
211
209
202
221
191
165
175
170
190
183
143
117
99
95
88
57
30
2
-13
-22
-53
-57
-48
-48
-30
-1
4
34
51
16
31
81
77
67
87
105
124
115
117
168
181
176
197
209
252
247
233
256
275
287
246
206
186
175
153
85
35
11
-32
-73
-102
-131
-144
-156
-194
-237
-259
-284
-314
-324
-323
-327
-340
-342
-321
-323
-330
-285
-244
-227
-207
-171
-132
-83
-54
-58
-54
-47
-19
-27
-19
7
-8
-32
-14
17
11
4
-12
2
42
36
-8
18
61
52
27
-2
23
53
13
-4
33
41
65
67
44
37
23
39
63
72
86
93
109
123
87
67
105
125
105
112
127
155
165
121
108
128
142
138
114
116
145
117
82
78
107
120
109
100
105
132
105
91
103
92
92
83
46
20
0
-17
-15
-50
-102
-106
-96
-113
-139
-140
-153
-184
-198
-212
-219
-210
-213
-222
-230
-193
-159
-183
-192
-148
-113
-118
-125
-82
-30
-16
-23
-9
26
15
-11
34
47
8
9
2
11
5
-14
41
60
6
0
-7
-15
1
-18
-24
-5
-9
-25
-36
-30
-18
-25
-27
-20
-8
11
11
23
40
62
63
63
96
78
49
45
66
84
75
95
93
82
103
104
100
121
139
131
119
115
128
134
149
150
128
133
124
87
87
53
27
24
-7
18
9
-38
-42
-53
-23
-41
-116
-97
-87
-130
-155
-130
-108
-140
-168
-160
-145
-149
-146
-162
-167
-121
-85
-84
-67
-28
-11
-13
-27
-6
31
50
48
49
66
62
52
54
60
56
68
82
71
51
48
43
12
-3
15
-1
-10
-12
-50
-55
-52
-67
-70
-98
-111
-106
-105
-98
-101
-95
-77
-75
-63
-44
-53
-53
-6
13
-3
31
67
77
87
92
95
106
109
130
123
104
130
154
137
106
96
87
75
75
64
70
85
74
63
61
61
38
23
10
-5
-10
-12
-26
-64
-82
-56
-59
-86
-100
-93
-62
-100
-132
-94
-73
-81
-82
-92
-93
-61
-49
-60
-55
-41
-14
-5
-13
-1
16
39
52
51
73
86
76
58
69
95
87
85
60
47
73
82
62
23
30
47
18
18
25
-3
-21
-43
-59
-40
-29
-59
-90
-104
-99
-103
-119
-130
-121
-95
-100
-83
-91
-100
-60
-67
-84
-49
-27
-31
-8
3
11
27
35
53
69
83
102
103
95
96
116
109
93
117
108
61
50
49
42
37
10
9
18
-19
-23
4
12
-11
-36
-45
-27
-30
-50
-37
-41
-36
-28
-35
-51
-58
-32
-32
-74
-80
-50
-35
-11
1
-7
23
35
29
43
34
62
86
75
69
74
98
114
128
137
112
102
90
88
110
106
67
42
56
27
10
26
6
-34
-61
-63
-61
-70
-85
-90
-108
-130
-141
-149
-122
-89
-124
-152
-132
-120
-120
-137
-126
-112
-106
-90
-86
-76
-34
-11
-9
-1
-13
15
57
60
72
81
90
91
72
69
67
70
98
83
68
108
96
76
62
31
37
34
10
-18
-53
-49
-46
-82
-81
-78
-87
-87
-94
-102
-82
-62
-42
-49
-67
-45
-46
-45
-8
7
19
44
47
54
57
53
83
83
85
134
150
149
125
119
148
141
147
162
159
151
111
86
96
97
92
83
66
50
31
-6
-8
-9
-59
-65
-57
-78
-83
-99
-93
-95
-124
-155
-157
-138
-140
-140
-134
-136
-129
-123
-118
-111
-97
-82
-73
-56
-52
-33
-12
2
-1
-1
20
25
39
58
60
50
54
71
88
92
63
45
59
48
34
47
32
0
-15
-40
-66
-57
-46
-60
-73
-96
-100
-100
-127
-138
-111
-83
-72
-83
-84
-73
-63
-45
-32
-21
23
56
60
62
97
130
116
130
121
108
138
143
121
123
141
164
161
145
135
116
133
135
105
96
76
71
78
36
12
11
5
21
-14
-49
-45
-43
-39
-49
-69
-56
-48
-82
-86
-74
-74
-70
-65
-81
-114
-102
-85
-86
-74
-79
-73
-55
-77
-71
-48
-55
-38
-27
-19
13
5
-15
13
50
56
32
39
61
63
60
31
51
55
10
7
-8
-30
-25
-46
-66
-49
-64
-83
-77
-106
-102
-99
-127
-98
-82
-108
-102
-84
-80
-55
-52
-58
-36
-25
-3
13
20
66
86
92
121
132
127
119
141
155
138
115
138
161
141
119
115
95
82
111
125
94
61
54
61
71
61
22
5
9
1
-11
-26
-36
-31
-38
-63
-71
-64
-46
-73
-103
-77
-67
-77
-71
-84
-74
-45
-57
-69
-52
-56
-67
-36
-18
-21
-34
-21
0
-11
1
-21
-33
-1
1
0
9
26
25
14
5
6
6
2
8
-2
-5
-3
-21
-20
-34
-49
-36
-46
-49
-36
-51
-58
-79
-87
-55
-48
-41
-32
-19
-25
-28
-41
-48
-9
0
-1
9
38
52
45
53
48
78
99
92
96
84
96
120
109
103
102
105
131
133
118
99
87
81
62
51
63
58
49
56
44
25
-1
-16
-32
-48
-40
-37
-40
-57
-83
-79
-70
-72
-78
-97
-81
-72
-85
-61
-62
-65
-58
-90
-66
-37
-49
-33
-38
-42
-28
-28
-22
-11
-17
-15
-9
-9
10
15
8
-6
9
21
6
23
40
30
-2
0
3
12
7
-16
8
-16
-33
-22
-33
-48
-35
-29
-66
-53
-35
-48
-49
-38
-37
-36
-20
-22
-30
-15
20
12
17
19
6
49
94
106
93
91
101
96
89
82
80
87
92
83
86
79
68
66
54
45
61
70
36
39
50
23
4
2
2
-13
-31
-25
-11
-17
-33
-58
-65
-61
-73
-81
-72
-53
-43
-42
-38
-52
-51
-39
-57
-57
-39
-38
-27
-23
-21
-14
2
4
-18
-16
-15
-10
-8
2
-3
-12
2
13
5
-6
7
-2
-3
12
-5
-25
-29
-21
-8
-35
-50
-40
-23
-22
-47
-54
-36
-6
-28
-42
-34
-38
-32
-15
-19
-38
-18
-1
6
-12
-12
25
36
37
28
48
54
66
100
98
82
91
103
101
96
82
97
105
84
74
82
94
92
77
60
59
54
52
28
20
28
12
8
-8
-18
-22
-51
-58
-48
-61
-67
-85
-90
-79
-93
-107
-119
-98
-63
-65
-85
-87
-65
-50
-47
-42
-4
5
-28
-34
0
16
9
4
-2
1
19
45
27
6
7
18
16
-9
-9
-1
-15
-24
-45
-54
-27
-1
-11
-27
-37
-64
-58
-55
-61
-40
-31
-42
-29
-9
-1
4
-6
4
-5
-4
20
20
20
23
14
29
43
54
69
55
58
70
65
59
63
68
68
81
84
87
99
95
98
97
76
71
90
83
73
65
32
45
50
27
7
-16
-14
2
7
-16
-42
-47
-35
-38
-52
-58
-44
-50
-74
-70
-79
-71
-66
-70
-44
-33
-34
-37
-39
-42
-44
-43
-50
-50
-41
-30
-20
-32
-41
-29
-25
-31
-32
-28
-10
-2
-5
-5
-25
-30
-31
-44
-30
-30
-40
-36
-46
-39
-38
-51
-42
-20
-20
-35
-28
-22
-12
3
-5
-14
3
26
29
19
23
52
74
70
59
47
57
75
74
64
52
56
80
79
73
50
43
71
68
57
57
52
46
61
70
52
34
32
48
49
14
10
44
34
31
24
11
36
19
-8
-3
-24
-34
-24
-22
-15
-32
-45
-51
-54
-39
-43
-51
-49
-55
-49
-55
-51
-36
-51
-49
-44
-39
-17
-27
-22
-12
-19
-29
-33
-21
-24
-18
-25
-18
-12
-29
-25
-30
-18
-4
-7
-20
-44
-32
-27
-45
-49
-40
-53
-52
-31
-42
-28
-28
-48
-32
-13
-13
-3
14
-5
12
22
3
31
28
12
36
54
67
63
52
79
70
53
67
49
53
78
53
49
65
41
35
33
30
45
47
53
44
27
42
37
26
26
19
41
42
31
37
16
-1
-5
9
8
-12
-11
-1
-12
-27
-29
-42
-66
-49
-24
-36
-29
-33
-30
-18
-27
-32
-32
-30
-34
-39
-26
-5
-2
-6
-18
-46
-42
-19
-13
-14
-1
-17
-42
-46
-49
-19
-14
-26
-29
-41
-35
-27
-46
-45
-39
-57
-44
-46
-47
-33
-31
-24
-27
-14
-7
-17
-8
21
24
14
39
52
41
39
36
58
65
45
65
62
45
52
59
68
54
26
21
9
15
24
14
38
35
24
49
16
4
40
28
11
12
26
39
37
39
31
16
24
34
18
17
18
11
20
9
10
18
-3
-27
-23
-16
-30
-12
-33
-49
-26
-28
-19
-42
-67
-49
-39
-44
-34
-37
-40
-57
-62
-30
-25
-10
-20
-32
-26
-10
15
11
-15
-33
-27
-36
-54
-45
-25
-29
-43
-61
-46
-16
-31
-53
-40
-34
-35
-26
-23
-26
-28
-26
-22
-9
4
11
20
29
28
58
70
60
67
74
83
105
81
66
91
85
67
68
73
62
56
44
48
56
28
25
27
9
11
0
2
22
17
6
14
-7
-24
-22
-23
5
5
-13
-15
-21
-12
-5
-14
-5
0
-32
-24
-7
-12
-4
-16
-18
-19
-4
-2
-10
-7
-14
-18
-19
-20
-12
7
-4
-33
-32
-27
-31
-36
-31
-28
-33
-62
-49
-18
-45
-61
-57
-62
-53
-48
-51
-47
-49
-58
-52
-44
-50
-30
-35
-46
-32
-38
-22
-20
-6
24
31
28
29
35
34
50
54
53
57
54
74
67
70
88
68
70
74
58
66
77
78
69
51
51
58
56
46
40
19
19
20
-4
10
10
-8
-8
-17
-10
-5
-23
-22
-6
-16
-44
-27
-14
-8
-7
-15
-11
-8
-2
-4
-2
-1
-15
-10
1
0
11
30
27
0
-11
-12
-22
-12
2
-10
-9
-23
-47
-31
-23
-23
-15
-26
-30
-35
-47
-50
-49
-51
-43
-59
-72
-70
-72
-50
-39
-57
-80
-83
-53
-46
-43
-30
-35
-28
-36
-34
-12
-13
-7
12
10
16
40
50
47
58
70
72
70
61
47
60
70
60
75
83
75
75
71
73
70
51
39
46
40
23
22
25
14
13
12
-2
-13
-7
-6
-23
-9
-3
-6
4
3
-4
-7
-21
-17
-10
-3
-2
-13
-3
2
-9
3
10
20
37
14
23
29
7
19
21
6
8
6
6
12
-6
-28
-21
-28
-42
-53
-48
-29
-32
-46
-53
-63
-58
-63
-77
-71
-74
-81
-50
-45
-71
-57
-64
-66
-45
-55
-42
-32
-47
-33
-10
2
0
-6
-11
7
26
17
21
44
69
61
55
60
44
61
84
67
64
73
71
77
68
52
51
58
55
45
24
19
30
20
11
4
2
-1
0
-3
-9
-3
2
-7
-15
-15
-11
-1
-3
-4
0
-6
-24
-30
-13
-4
-18
-22
-16
-3
23
23
31
37
7
0
10
17
20
12
12
17
11
-9
-13
-4
-9
-21
-28
-34
-36
-11
-14
-24
-31
-48
-46
-65
-72
-62
-71
-66
-53
-59
-58
-45
-51
-43
-36
-46
-52
-50
-32
-14
-14
-2
6
6
8
-1
6
20
29
26
30
43
66
53
25
49
61
55
61
69
54
47
67
58
58
73
69
51
49
36
33
33
13
25
17
8
0
-14
-12
-14
-8
-2
-29
-45
-29
-25
-14
-16
-30
-44
-30
-12
-27
-23
-16
-18
-12
-10
-4
29
43
20
22
28
25
18
19
19
17
27
22
19
2
-6
7
-10
-18
-5
-10
4
21
-13
-29
-25
-25
-23
-36
-43
-47
-71
-80
-61
-64
-70
-62
-67
-74
-60
-49
-48
-45
-35
-34
-40
-29
-27
-12
-4
-4
7
25
28
18
21
19
17
22
28
39
50
60
57
46
30
36
44
43
49
43
42
51
50
39
47
51
35
19
26
31
29
29
11
10
20
11
-6
-3
-4
-4
-1
-13
-10
-3
-17
-13
9
-4
-6
-7
1
5
-10
-5
0
9
24
18
-6
4
22
11
6
1
2
10
18
20
23
25
14
-10
-13
-4
-18
-5
-10
-13
-17
-37
-44
-43
-43
-60
-51
-42
-54
-53
-55
-59
-60
-70
-61
-65
-67
-53
-52
-36
-36
-46
-37
-18
-7
-14
-9
-4
-8
1
19
21
22
37
43
33
37
51
62
52
47
62
54
48
58
60
66
55
33
46
32
8
16
24
26
25
17
7
3
-4
5
2
-22
-17
-20
-28
-16
-10
-5
3
-4
-7
-14
-7
0
-12
-1
10
7
8
13
28
41
26
11
21
24
18
20
19
20
23
14
8
19
14
10
12
-11
-12
-13
-33
-23
-14
-26
-24
-36
-46
-41
-55
-71
-64
-50
-47
-48
-59
-61
-62
-59
-39
-43
-46
-30
-29
-24
-21
-27
-12
-7
-26
-16
15
27
34
24
29
52
43
37
47
48
41
47
54
51
63
54
34
38
47
35
35
36
31
35
9
9
30
16
5
-1
5
3
-10
1
10
-6
-26
-32
-29
-23
-29
-42
-34
-27
-15
2
-21
-13
4
-15
-15
0
3
17
12
-10
-6
14
25
12
4
