26
-32
-14
34
-12
12
-17
-17
18
-6
-5
8
-3
12
4
-15
17
9
-7
3
-8
22
-6
-27
8
-34
-15
10
-37
3
33
-18
-17
-10
-2
14
1
4
13
16
11
-15
9
12
-18
23
-8
-19
44
-7
-14
35
-3
-8
38
-14
-6
34
-26
8
12
-35
53
-41
-45
73
-36
1
26
-71
9
19
-25
2
0
14
-68
-20
27
-45
27
12
-88
73
50
-65
51
-9
-33
39
-20
39
11
-46
51
-48
36
49
-90
3
25
10
41
-44
-29
53
23
1
1
-7
-6
-2
-6
24
11
5
-25
36
48
-52
-10
19
-14
13
29
-53
-55
10
28
-13
3
7
-55
0
66
-108
-10
53
-105
72
39
-43
35
-4
5
14
-34
18
-45
30
40
-41
13
-17
-29
13
10
-15
-3
10
42
-34
28
31
-31
53
41
-65
12
19
-36
30
44
-35
-10
16
-8
24
-47
22
-10
-11
40
-27
34
35
-33
44
6
-13
5
-25
71
-15
-36
20
3
19
-1
0
-18
-39
-31
-34
43
20
-49
45
-22
-20
15
-46
9
-15
-30
1
-28
16
-7
-49
32
-61
-28
27
10
32
-40
31
44
-35
-4
7
-18
9
4
-40
27
29
-78
16
54
-24
15
-16
16
76
-30
7
13
-15
39
-15
13
19
3
38
-26
19
43
-39
42
2
-83
27
17
-64
-5
7
-33
-15
11
9
-18
-2
7
2
19
30
-26
26
31
-68
35
29
-33
65
4
-42
42
-13
-47
48
36
-39
42
-3
-8
51
-38
6
52
-43
-1
13
-58
47
6
-78
20
26
-17
3
-6
9
-4
-33
-12
-24
-16
-7
4
-10
-60
-10
3
-4
54
-28
-72
92
2
-61
82
-14
2
32
-45
39
9
-31
27
12
12
-19
-31
16
10
1
-42
-14
76
-50
-36
50
-56
40
78
-70
36
3
-73
78
10
-71
51
8
-30
58
-31
-33
8
-35
-37
35
63
-37
-66
43
29
0
-7
-36
4
34
12
-23
9
22
-25
-1
44
-24
7
72
-49
-2
64
-57
56
11
-38
69
-48
-31
33
-61
-7
-1
-16
0
-6
-7
-13
7
2
-8
-18
31
-30
2
59
-5
-41
42
31
-11
41
0
-8
64
47
-49
20
73
-74
-10
75
-46
62
-2
-76
36
-4
-12
-68
-6
89
-103
-33
77
-110
38
17
-124
114
-9
-145
82
12
-16
-7
-69
78
26
-62
4
3
10
-38
-55
5
7
2
-57
28
68
-86
-23
68
-36
47
31
-88
59
37
-29
29
-2
11
-54
75
65
-72
70
-22
29
91
-89
-23
64
-50
18
23
-38
42
-53
-44
44
-58
6
-23
-15
49
-66
7
12
-61
31
3
-22
31
7
82
-10
-37
84
-51
-15
82
-34
67
75
-53
-21
30
-21
-64
77
43
-63
30
26
-31
23
80
-70
-39
81
-108
6
117
-126
6
80
-86
-8
8
-47
11
-16
22
-16
-45
97
-64
-12
59
-59
-12
31
-13
-9
71
-51
-38
57
-80
3
47
-69
-10
16
37
29
-55
12
24
-49
42
25
-65
25
-3
-46
45
18
-18
18
13
17
-23
12
53
-34
1
46
19
-34
-33
16
4
-36
5
-51
36
37
-76
-4
45
-39
-35
9
-35
16
64
-32
-32
43
-89
34
38
-33
36
18
-10
38
-12
21
29
-21
35
-69
56
136
-111
47
44
-96
32
-72
44
6
-89
81
-27
-22
130
-149
-41
190
-167
-18
127
-183
62
-9
-127
78
-24
-21
-42
20
78
-100
1
125
-53
7
54
-82
45
62
-106
28
73
29
9
27
19
22
58
11
58
59
-36
26
29
47
20
-67
18
-39
13
-78
10
38
-171
79
-29
-132
147
-123
-60
110
-119
62
-51
-137
154
-51
-75
137
-84
34
31
-72
106
19
47
9
11
62
-19
34
-18
-3
21
-52
8
-44
5
22
-73
0
-33
-47
50
-10
-109
73
9
-68
57
-39
-49
38
14
-78
15
39
-50
33
40
-29
-37
56
-46
-33
126
-50
25
7
-66
142
-103
-38
170
-91
35
38
-42
46
13
-29
-18
48
38
-69
29
60
-18
9
-29
11
46
23
-34
-33
23
13
-27
55
-63
32
73
-184
32
127
-118
-43
20
-75
-27
6
8
-29
9
15
-103
-12
135
-117
49
98
-133
99
60
6
27
-12
91
-10
13
136
-89
-3
116
-49
4
15
-109
85
64
-67
25
-11
-12
-28
-55
-11
-6
-22
-58
-59
42
-60
-56
82
-48
-16
8
-133
120
55
-122
50
-13
34
68
-84
11
123
-2
-31
114
-50
-60
127
-77
8
66
-171
8
102
-64
-15
38
-36
-47
59
-42
28
110
-163
18
119
-155
65
122
-158
6
155
-63
-57
45
-14
-44
-3
15
-68
-12
59
-24
-34
99
-54
-47
94
-119
16
37
-98
96
-77
23
116
-131
121
-13
-111
179
-23
-17
161
-73
15
105
-75
39
27
-80
29
-66
-51
39
-71
16
-57
-14
68
-147
32
95
-100
88
-23
-56
131
-72
-19
79
-18
-21
42
-16
41
44
-35
4
64
-21
-73
29
25
122
-35
-120
17
-36
10
119
-97
-28
20
-80
58
49
-83
-47
116
-44
0
72
-34
-15
39
55
-51
7
29
-104
70
15
-11
-27
-37
35
-60
-2
-47
-56
34
10
-58
-73
-7
32
-15
-10
-67
42
43
-86
57
111
-28
-17
16
62
61
19
28
-15
66
75
-77
61
79
-10
-38
-15
86
-134
5
80
-64
-14
-64
-81
-40
5
-78
-90
86
-107
-13
79
-86
104
-59
-30
150
-83
-4
90
-25
23
-17
31
68
-58
40
43
-44
76
46
-47
36
55
-46
24
117
-137
10
98
-129
78
12
-87
-37
68
22
-118
95
-48
-90
197
-140
-52
135
-154
58
72
-96
-3
27
-78
-37
74
-9
-59
64
-1
-99
119
8
-72
146
-117
-52
231
-69
-61
130
-113
-25
201
-111
-5
59
-125
96
12
-63
43
-59
10
9
-50
76
-36
-52
5
-29
-3
-20
-39
5
40
-28
-14
-11
-36
22
23
-38
7
11
-90
75
36
-77
16
38
28
-26
31
-34
-27
165
-104
-31
159
-105
96
22
-94
161
6
-91
43
41
11
-48
16
76
-73
33
46
-140
117
-29
-118
85
-90
25
79
-63
17
10
-43
20
-20
-40
3
-36
-48
-27
-89
106
-14
-123
123
-23
-22
57
-91
4
89
-58
3
122
-49
-19
42
1
52
-5
4
17
63
12
11
30
-28
-1
-4
-91
81
38
-170
138
64
-197
95
65
-124
74
-57
-87
78
1
-69
16
139
-42
-74
110
-133
12
115
-157
106
56
-106
101
4
-79
36
-3
-44
-57
-19
5
23
46
-35
-14
71
-53
44
74
-96
18
86
-49
-51
51
-38
10
33
-133
15
133
-99
27
83
-152
8
115
-131
1
47
-133
89
54
-91
-29
36
-13
-70
73
-22
-40
153
-122
-54
189
-122
-13
122
-77
25
58
-14
64
75
-3
-33
52
20
6
20
-27
5
47
-28
-79
23
16
-39
15
-1
-75
60
-16
-13
57
-80
44
-17
-138
80
48
-80
42
-1
-21
71
-28
-40
72
-6
-2
51
29
-60
-49
65
-72
-39
68
-81
-16
61
-99
38
81
-96
-20
40
-7
35
-3
-63
77
34
-66
89
-17
-92
147
-82
-116
122
-5
-121
34
38
-95
60
59
-115
58
116
-152
4
183
-122
-17
145
-117
23
102
-121
-4
79
-108
15
73
-28
-28
96
-4
-89
55
-42
20
71
-96
45
51
-73
56
-54
6
62
-80
-14
49
17
-75
3
31
-63
34
-28
-51
44
-6
16
48
-54
-30
69
-22
3
21
-63
41
67
-75
-15
85
-54
0
77
-62
-18
76
-47
-43
105
-39
-28
53
-23
17
10
-22
8
12
-19
-1
-2
5
37
-28
-32
77
-38
-68
105
-58
-83
33
-41
53
12
-20
-17
-11
103
-74
11
71
-89
77
18
-112
88
20
-87
54
54
-85
-16
66
-49
14
21
-75
40
91
-92
-1
64
-68
-39
60
-55
21
56
-95
43
-29
-39
52
-85
35
71
-88
75
1
-63
60
-39
-14
46
-55
11
-16
-2
20
-4
13
-52
36
28
-32
16
15
18
14
35
11
-20
-21
-12
24
-2
15
-8
41
3
32
0
-70
34
-25
16
76
-79
22
50
-34
21
14
-67
31
43
-54
23
-37
27
-13
-47
26
-40
-27
-13
-11
-1
-42
0
1
52
4
-25
44
20
-41
-10
-15
-1
69
-59
12
84
-87
10
52
-72
66
-2
-19
-19
13
-33
-48
84
-36
-7
61
-37
-19
50
-26
-3
32
-30
13
48
-6
-33
-17
45
-25
47
-32
-75
131
-35
-27
78
-84
-1
59
-37
10
9
-18
18
29
-76
2
50
-11
6
17
-55
37
25
-117
102
70
-124
67
-6
-65
108
-101
-47
98
-53
-52
71
5
-37
-20
24
-22
-45
64
-45
-7
103
-153
2
122
-117
59
27
-60
57
-9
-51
57
9
-39
56
29
-32
-13
-1
13
21
-22
-50
80
19
-59
2
-17
48
7
0
-15
0
22
-49
57
15
-57
29
-18
-6
20
-4
-17
28
4
-79
26
6
-18
45
-9
-2
33
-7
-17
1
-11
5
44
-37
-4
4
-20
46
4
-29
-13
17
14
24
-19
-30
30
11
-16
-11
21
45
-41
-3
-32
15
106
-135
-24
73
-105
35
20
-23
34
16
-10
-8
45
-31
-49
6
46
-16
-15
-3
-68
32
30
-81
86
4
-66
86
-15
-59
71
-38
-30
83
-92
31
55
-86
46
34
23
4
-30
62
-32
30
-23
-83
118
-24
-97
78
-82
5
123
-112
7
80
-73
56
-22
-89
52
-37
14
20
-27
25
-1
3
-35
-29
38
-2
4
-32
-49
67
55
-78
29
52
-57
42
-8
-51
70
8
-26
43
14
-51
44
27
-88
30
43
-52
37
19
-56
31
-32
-15
60
5
4
-9
-4
11
-62
8
18
-14
15
-25
18
39
-37
-1
13
-52
53
28
-68
68
-26
-19
63
-50
10
-46
17
42
-28
19
-18
-8
36
-17
-26
50
-14
-17
-4
-41
72
-54
-42
63
-60
12
26
-35
20
29
-60
3
74
-68
-23
45
-26
23
-10
-41
-21
70
3
-53
62
-41
-7
22
-28
32
-13
30
-3
-12
39
-41
28
7
-16
27
-5
11
-18
7
49
-14
-2
-5
0
55
13
-54
56
43
-34
15
-28
4
19
0
-11
22
20
-88
-22
53
-7
-22
-13
-12
43
44
-59
-14
44
-24
-21
21
22
8
20
-8
-20
26
5
-46
3
47
23
4
-10
-7
-5
3
42
-34
-48
-4
-19
35
-6
-26
-6
-43
12
-11
-33
-17
-32
21
-22
2
-8
-49
36
-2
-40
33
-34
-22
99
-36
8
59
-27
54
93
36
25
94
80
52
96
13
64
98
23
86
21
81
126
9
35
39
6
40
5
-28
-12
-29
-33
-32
-46
-49
-120
-113
-46
-101
-77
-101
-164
-86
-99
-160
-105
-142
-139
-114
-206
-197
-150
-213
-154
-166
-221
-148
-212
-168
-149
-193
-151
-141
-111
-77
-77
-49
-63
-45
14
28
77
104
121
149
182
175
201
262
249
255
286
272
298
319
284
266
284
272
270
275
300
273
235
267
193
206
266
189
156
194
166
161
154
116
89
135
110
56
124
86
34
83
48
-4
66
32
-24
9
-3
-28
6
-91
-125
-64
-39
-33
-87
-107
-147
-182
-168
-219
-250
-190
-313
-469
-542
-635
-619
-573
-682
-745
-795
-843
-827
-806
-778
-836
-890
-855
-766
-592
-451
-439
-353
-267
-209
-24
134
271
380
424
555
694
847
947
951
933
877
878
922
964
955
836
712
637
554
480
399
277
142
1
-71
-70
-86
-158
-280
-367
-376
-371
-318
-254
-278
-312
-294
-236
-121
-42
-24
3
11
100
169
215
287
257
248
289
292
332
365
339
312
259
228
228
241
196
119
89
71
69
85
112
124
84
28
31
67
91
94
115
146
136
166
187
192
167
90
86
117
115
73
8
-19
-26
-78
-166
-288
-395
-445
-451
-496
-712
-1138
-1423
-1382
-1292
-1239
-1386
-1602
-1631
-1657
-1587
-1379
-1248
-1276
-1364
-1192
-802
-433
-156
-2
170
312
431
760
1197
1452
1469
1461
1614
1820
1924
1932
1853
1677
1381
1183
1217
1222
1037
687
354
136
-90
-257
-362
-507
-739
-982
-991
-876
-866
-914
-937
-925
-860
-693
-471
-177
-11
8
171
371
549
685
787
844
821
838
887
966
990
795
635
563
492
458
390
272
110
-43
-144
-138
-160
-258
-334
-358
-337
-295
-197
-125
-103
-77
-41
92
235
288
358
386
390
388
437
516
508
400
274
187
189
169
18
-48
-159
-284
-399
-612
-816
-1046
-1160
-1127
-1248
-1683
-2301
-2497
-2258
-2073
-2053
-2219
-2232
-2125
-2100
-1789
-1287
-1041
-1064
-962
-433
226
697
946
1235
1544
1573
1717
2230
2636
2643
2390
2262
2356
2281
2054
1859
1553
1047
470
233
252
74
-337
-809
-1112
-1307
-1454
-1403
-1295
-1275
-1380
-1349
-1009
-684
-463
-250
1
276
496
827
1260
1539
1566
1490
1535
1557
1550
1565
1472
1271
919
546
415
305
33
-285
-566
-711
-831
-882
-881
-953
-1016
-1072
-969
-718
-504
-280
-140
-41
164
403
652
858
1006
1062
1103
1158
1122
1104
1027
881
736
546
458
307
12
-213
-485
-710
-800
-946
-1016
-1129
-1325
-1484
-1642
-1690
-1732
-1738
-1630
-1635
-2007
-2517
-2545
-2059
-1596
-1523
-1706
-1599
-1306
-1163
-858
-392
-78
-99
-97
439
1148
1516
1555
1580
1727
1709
1726
2039
2296
2187
1723
1394
1410
1320
1045
733
432
38
-445
-604
-471
-448
-688
-1037
-1155
-1069
-926
-717
-437
-255
-229
-84
257
640
912
1027
1123
1275
1358
1420
1521
1554
1383
1097
951
873
765
513
210
42
-217
-510
-615
-651
-694
-892
-1081
-965
-833
-768
-681
-555
-343
-166
-18
264
552
665
679
743
926
1064
1055
1045
1034
912
749
597
469
358
137
-76
-157
-296
-442
-565
-706
-858
-959
-975
-970
-978
-1060
-1108
-1013
-990
-1029
-1063
-1142
-1158
-1142
-1330
-1866
-2215
-1993
-1557
-1330
-1524
-1696
-1434
-1306
-1288
-943
-492
-237
-231
38
747
1296
1396
1357
1536
1738
1704
1865
2223
2292
2001
1539
1348
1320
1027
683
434
165
-189
-511
-576
-547
-658
-901
-1086
-1054
-898
-626
-295
-64
23
108
392
715
985
1178
1266
1405
1459
1457
1505
1409
1212
965
712
620
502
266
60
-160
-414
-676
-803
-820
-841
-848
-930
-896
-719
-556
-405
-307
-130
151
353
477
626
817
882
849
933
1038
1088
1009
818
746
642
358
180
77
-64
-191
-347
-453
-538
-682
-833
-867
-868
-944
-933
-921
-963
-924
-879
-883
-885
-982
-1119
-1139
-1204
-1450
-1969
-2360
-2095
-1604
-1403
-1601
-1788
-1529
-1347
-1312
-907
-339
-37
-24
261
1048
1609
1620
1543
1694
1887
1860
1941
2257
2269
1806
1251
1042
1006
704
319
35
-209
-542
-816
-779
-731
-841
-972
-1035
-840
-471
-113
175
333
428
588
939
1302
1450
1489
1520
1595
1596
1481
1369
1135
741
369
204
166
19
-271
-540
-648
-804
-990
-961
-855
-812
-827
-771
-530
-264
-133
-20
164
393
612
797
950
1003
997
929
892
946
907
818
653
379
209
31
-135
-234
-421
-456
-465
-578
-545
-661
-797
-741
-727
-647
-564
-571
-532
-578
-658
-654
-576
-626
-878
-1041
-1178
-1416
-2001
-2697
-2568
-2020
-1723
-1807
-2131
-1833
-1467
-1503
-1168
-535
10
164
281
1118
1932
2047
1834
1853
2221
2241
2117
2345
2419
1970
1202
766
747
499
24
-395
-626
-850
-1138
-1125
-1015
-1025
-1060
-1069
-735
-224
202
537
700
872
1052
1332
1687
1816
1844
1773
1657
1612
1484
1254
781
231
-37
-208
-365
-554
-788
-974
-1156
-1229
-1134
-916
-796
-773
-544
-300
-123
122
314
528
654
698
953
1192
1251
1072
851
845
778
653
553
489
426
86
-224
-310
-385
-482
-658
-732
-620
-463
-422
-494
-469
-501
-387
-93
-72
15
-17
-381
-367
-326
-331
-302
-791
-1154
-1309
-1653
-2252
-3036
-3105
-2681
-2363
-2209
-2460
-2232
-1691
-1694
-1396
-704
7
490
693
1394
2234
2480
2298
2186
2495
2568
2342
2382
2351
1963
1174
445
243
11
-453
-866
-1139
-1292
-1444
-1456
-1359
-1196
-982
-834
-440
135
649
1097
1314
1479
1712
1901
2084
2178
2117
1914
1713
1534
1219
895
483
-51
-505
-834
-1064
-1411
-1645
-1484
-1302
-1203
-1204
-1118
-760
-537
-303
101
465
694
789
1032
1339
1401
1272
1178
1218
1081
796
673
603
424
85
-178
-203
-286
-461
-658
-785
-804
-859
-726
-506
-305
-144
-234
-163
72
201
412
408
289
270
112
-74
-254
-293
-380
-749
-1143
-1656
-1996
-2420
-3449
-3980
-3555
-2867
-2455
-2645
-2623
-1918
-1553
-1449
-804
248
1012
1195
1658
2658
3215
2976
2578
2666
2863
2605
2338
2243
1841
956
49
-397
-600
-922
-1315
-1606
-1745
-1759
-1657
-1456
-1206
-854
-440
-19
563
1220
1775
2082
2079
2099
2272
2407
2389
2181
1828
1430
1084
708
296
-100
-590
-1060
-1418
-1586
-1633
-1724
-1673
-1619
-1527
-1149
-780
-315
120
267
553
892
1115
1360
1536
1616
1544
1383
1324
1244
950
477
127
13
-81
-246
-371
-429
-600
-836
-929
-864
-653
-549
-525
-333
-94
193
427
480
543
593
618
792
814
640
378
-133
-495
-604
-780
-1012
-1411
-1935
-2335
-2779
-3473
-4296
-4392
-3587
-2893
-2584
-2618
-2299
-1357
-952
-653
222
1050
1583
1902
2564
3434
3552
3036
2559
2556
2570
2106
1791
1481
754
-57
-799
-1107
-1220
-1529
-1768
-1944
-1874
-1528
-1152
-823
-534
-81
486
1039
1640
2202
2593
2650
2516
2446
2436
2352
2016
1558
1107
644
277
-153
-695
-1110
-1478
-1780
-1909
-1882
-1638
-1315
-1141
-1094
-948
-458
8
299
715
1043
1300
1422
1316
1459
1603
1355
1070
977
957
772
329
-146
-327
-453
-669
-682
-552
-502
-599
-725
-706
-526
-382
-295
21
336
531
699
705
823
970
854
751
709
637
433
37
-375
-848
-1153
-1248
-1517
-1816
-2218
-2842
-3216
-3749
-4569
-4621
-3768
-2795
-2316
-2389
-2102
-1160
-585
-290
493
1441
1966
2200
2672
3453
3679
3022
2394
2260
2200
1818
1365
1046
452
-401
-1084
-1376
-1395
-1510
-1706
-1774
-1647
-1231
-698
-269
56
474
952
1355
1878
2417
2814
2889
2586
2358
2221
2023
1686
1163
684
215
-179
-482
-912
-1295
-1596
-1837
-1876
-1784
-1467
-1060
-931
-776
-379
13
342
596
907
1224
1380
1411
1365
1284
1156
1032
916
801
689
433
77
-254
-456
-516
-594
-618
-579
-524
-417
-383
-322
-264
-309
-164
128
493
758
832
939
876
674
597
619
630
332
-182
-443
-637
-861
-1169
-1563
-1743
-2066
-2473
-2725
-3047
-3606
-4552
-4697
-3507
-2360
-1938
-2186
-1941
-915
-527
-209
709
1628
2137
2084
2517
3482
3565
2826
2177
2059
1995
1554
1256
994
292
-566
-1172
-1351
-1354
-1420
-1483
-1553
-1477
-1100
-535
-80
204
563
1055
1533
1966
2392
2691
2666
2335
2031
1953
1830
1449
965
523
162
-200
-610
-976
-1205
-1348
-1566
-1688
-1503
-1152
-839
-727
-659
-246
257
630
950
1081
1181
1212
1186
1255
1273
1207
987
717
568
446
283
-71
-454
-539
-515
-497
-483
-511
-438
-389
-420
-268
-98
-42
78
252
526
779
900
1015
900
761
716
491
360
133
-288
-547
-983
-1386
-1431
-1595
-1931
-2325
-2680
-2891
-3290
-4100
-4698
-4157
-2931
-2174
-2049
-2017
-1363
-573
-391
82
1091
1839
2080
2188
2891
3511
3103
2321
1923
1986
1816
1297
994
612
-94
-817
-1267
-1332
-1332
-1416
-1474
-1391
-1087
-625
-111
195
395
808
1317
1818
2263
2542
2682
2510
2141
1891
1806
1650
1198
708
324
-29
-383
-788
-1142
-1283
-1342
-1445
-1402
-1188
-895
-629
-539
-415
-172
208
732
1058
1166
1135
1044
1034
998
983
1030
873
529
330
369
308
-94
-556
-658
-477
-419
-413
-311
-240
-280
-365
-271
1
117
160
392
638
814
931
884
733
628
546
490
360
-149
-489
-598
-1112
-1499
-1705
-1773
-1660
-2254
-2964
-3215
-3874
-4652
-4675
-3595
-2291
-2015
-2336
-1968
-899
-350
-201
541
1574
2097
2218
2668
3471
3556
2738
2127
2055
1978
1610
1216
809
129
-595
-1066
-1295
-1418
-1563
-1662
-1659
-1461
-964
-369
-12
109
482
1109
1663
2164
2537
2751
2712
2382
2165
2078
1905
1497
915
561
309
-114
-588
-1018
-1320
-1496
-1638
-1603
-1395
-1227
-1045
-815
-507
-84
317
608
828
1023
1184
1324
1357
1259
1159
1070
948
738
518
377
153
-193
-466
-500
-394
-425
-531
-500
-413
-354
-334
-268
-141
-126
-13
235
502
844
989
933
766
632
641
593
392
23
-266
-579
-991
-1182
-1419
-1708
-1951
-2266
-2537
-3041
-3819
-4609
-4722
-3710
-2548
-2041
-2141
-2050
-1178
-503
-233
518
1430
1970
2149
2529
3352
3502
2814
2223
2062
1999
1596
1206
836
191
-500
-1110
-1374
-1462
-1627
-1694
-1722
-1539
-1053
-502
-137
14
433
1084
1651
2144
2499
2766
2708
2399
2262
2237
2043
1552
1064
686
314
-51
-497
-945
-1330
-1557
-1581
-1548
-1375
-1179
-1090
-914
-609
-95
376
458
643
1023
1189
1281
1316
1334
1345
1109
879
838
730
449
167
-73
-300
-401
-465
-479
-484
-576
-519
-410
-367
-259
-192
-157
22
289
561
744
842
873
837
758
654
562
322
-71
-454
-699
-960
-1293
-1492
-1823
-2144
-2384
-2924
-3560
-4509
-4989
-4112
-3000
-2345
-2318
-2313
-1512
-834
-403
337
1117
1707
1942
2376
3252
3599
3170
2539
2200
2092
1748
1418
1041
428
-265
-942
-1238
-1389
-1580
-1738
-1910
-1757
-1339
-783
-307
-131
202
777
1415
2012
2462
2806
2800
2573
2436
2423
2330
1822
1214
814
477
118
-336
-752
-1095
-1529
-1826
-1826
-1590
-1327
-1284
-1182
-830
-441
-32
386
770
1070
1153
1207
1444
1594
1534
1389
1194
1011
869
697
483
180
-179
-396
-474
-467
-502
-520
-479
-515
-460
-309
-261
-204
-59
180
439
627
798
888
835
608
474
520
355
-87
-530
-809
-1064
-1388
-1632
-1766
-2040
-2744
-3649
-4508
-4997
-4390
-3301
-2650
-2628
-2680
-1920
-1032
-569
30
812
1474
1828
2290
3241
3796
3443
2799
2454
2352
2047
1596
1240
691
-41
-694
-1114
-1335
-1652
-1987
-2184
-2093
-1679
-1157
-668
-375
-27
557
1163
1809
2361
2744
2898
2798
2775
2780
2605
2150
1566
1134
750
319
-113
-561
-1017
-1503
-1963
-2095
-1845
-1637
-1612
-1546
-1210
-622
-59
306
670
1041
1157
1252
1482
1748
1849
1638
1475
1397
1238
949
520
225
-16
-236
-328
-391
-453
-530
-615
-652
-574
-475
-484
-455
-355
-52
361
540
669
773
707
696
690
612
505
60
-417
-645
-857
-1066
-1491
-1986
-2461
-3219
-4142
-4984
-5011
-4153
-3443
-3213
-3210
-2757
-1818
-1229
-718
143
979
1521
1972
2815
3708
3895
3469
3063
2904
2636
2216
1856
1381
728
1
-688
-1144
-1542
-1977
-2310
-2478
-2309
-1910
-1479
-1047
-599
-70
492
1140
1854
2500
2858
2935
3069
3164
3136
2867
2363
1905
1413
894
446
-51
-567
-1113
-1647
-2059
-2248
-2203
-2139
-2056
-1760
-1242
-731
-294
171
637
970
1139
1347
1731
2011
2049
2051
1989
1828
1537
1165
883
562
165
-126
-270
-344
-415
-517
-677
-832
-862
-858
-865
-740
-431
-28
262
425
548
640
680
616
631
518
123
-178
-439
-695
-965
-1477
-2006
-2609
-3704
-5019
-5696
-5177
-4169
-3749
-3968
-3785
-2823
-2007
-1521
-772
242
951
1357
2208
3563
4502
4481
4033
3796
3582
3107
2668
2257
1686
949
146
-488
-1075
-1726
-2366
-2882
-3064
-2877
-2394
-1894
-1436
-848
-293
349
1126
1885
2604
3057
3335
3678
3846
3720
3368
2924
2471
1862
1226
708
165
-511
-1304
-1992
-2417
-2672
-2789
-2717
-2436
-2070
-1689
-1237
-613
135
668
980
1292
1623
1968
2167
2298
2474
2439
2227
1957
1674
1394
1008
589
207
-111
-283
-397
-528
-709
-876
-991
-1170
-1297
-1198
-840
-475
-176
128
323
477
569
486
414
229
-66
-226
-413
-650
-949
-1507
-2448
-3716
-5011
-5482
-4998
-4430
-4244
-4371
-4000
-3055
-2317
-1759
-1102
-380
247
849
1868
3190
4062
4299
4300
4240
4035
3578
3065
2527
1939
1393
785
206
-451
-1163
-1890
-2611
-3071
-3202
-3034
-2697
-2175
-1428
-724
-108
568
1226
1823
2308
2791
3327
3675
3777
3751
3592
3165
2526
1846
1262
674
-142
-879
-1332
-1752
-2188
-2522
-2607
-2484
-2308
-2088
-1728
-1158
-566
-95
356
834
1304
1652
1874
2182
2429
2491
2507
2392
2184
1925
1551
1213
895
546
210
-86
-293
-534
-816
-1099
-1269
-1299
-1265
-1116
-902
-646
-443
-280
-18
179
175
65
-131
-263
-297
-388
-558
-954
-1709
-2873
-4219
-4857
-4595
-4206
-4222
-4469
-4143
-3261
-2605
-2143
-1545
-925
-448
-16
844
2086
3118
3681
3966
4159
4216
4001
3586
3167
2655
2028
1418
879
397
-126
-797
-1538
-2224
-2794
-3073
-3076
-2825
-2284
-1632
-990
-363
282
950
1554
2033
2400
2726
3022
3252
3459
3478
3264
2892
2319
1694
1021
275
-364
-882
-1373
-1772
-1990
-2012
-1946
-1990
-2064
-1835
-1336
-978
-709
-241
360
846
1146
1506
1962
2290
2377
2435
2490
2331
2031
1725
1472
1215
952
655
340
113
-155
-533
-915
-1204
-1294
-1226
-1218
-1221
-994
-761
-646
-526
-535
-502
-547
-747
-737
-757
-891
-1073
-1539
-2480
-3694
-4273
-3965
-3571
-3737
-4101
-3773
-2926
-2325
-1898
-1342
-794
-464
-283
288
1359
2329
2883
3278
3685
3853
3764
3559
3198
2747
2204
1627
1102
604
236
-168
-687
-1291
-1970
-2390
-2594
-2599
-2364
-2014
-1545
-961
-272
427
1036
1514
1853
2100
2321
2515
2752
2899
2873
2723
2481
2213
1753
1112
468
-89
-598
-1109
-1430
-1426
-1371
-1502
-1606
-1440
-1175
-1100
-1096
-883
-466
-22
288
680
1325
1863
2072
2178
2262
2206
2037
1802
1639
1544
1341
1095
879
633
354
-2
-332
-648
-907
-1060
-1260
-1302
-1168
-990
-802
-796
-862
-934
-1122
-1240
-1317
-1353
-1404
-1660
-2054
-2814
-3596
-3730
-3495
-3335
-3542
-3737
-3237
-2487
-1868
-1334
-829
-325
-90
112
647
1425
2153
2578
2843
3160
3461
3528
3318
2968
2516
1969
1330
755
399
96
-229
-655
-1178
-1511
-1734
-1927
-1973
-1936
-1780
-1452
-996
-411
280
979
1494
1818
2005
2080
2207
2253
2171
2123
2104
2099
1912
1516
1147
767
312
-232
-742
-1055
-1182
-1175
-1254
-1267
-1026
-817
-760
-713
-515
-255
-115
6
362
901
1359
1711
1984
2157
2163
2016
1830
1581
1318
1091
880
761
656
516
342
53
-284
-583
-859
-1053
-1156
-1200
-1143
-1106
-1143
-1155
-1176
-1201
-1319
-1579
-1829
-2089
-2531
-3249
-3871
-3892
-3515
-3283
-3495
-3536
-2866
-2133
-1671
-1277
-786
-273
-43
175
805
1635
2274
2645
2883
3132
3289
3319
3216
2901
2461
1935
1397
926
531
176
-223
-690
-1163
-1496
-1661
-1781
-1846
-1839
-1737
-1432
-972
-424
161
746
1222
1575
1847
2016
2120
2180
2166
2014
1906
1897
1714
1426
1097
760
467
-25
-562
-847
-960
-1099
-1302
-1306
-1064
-804
-663
-576
-335
-58
29
64
311
714
1130
1470
1756
2032
2142
2041
1829
1642
1468
1176
830
630
517
374
200
-26
-244
-388
-557
-822
-1010
-1039
-1115
-1262
-1378
-1448
-1354
-1245
-1277
-1403
-1656
-2109
-2827
-3605
-3997
-3883
-3669
-3736
-3769
-3262
-2468
-1817
-1378
-941
-489
-249
-65
336
997
1671
2145
2578
3002
3376
3643
3680
3503
3084
2524
1908
1304
808
393
29
-349
-790
-1224
-1517
-1677
-1827
-1979
-2063
-1992
-1692
-1281
-761
-123
535
1128
1500
1785
2014
2166
2264
2192
2110
2080
1975
1847
1723
1508
1239
829
265
-227
-561
-769
-996
-1244
-1291
-1186
-1050
-903
-732
-446
-264
-255
-114
208
608
956
1250
1573
1869
1980
1985
1995
1875
1631
1256
878
663
519
318
88
-88
-274
-487
-714
-915
-1011
-1155
-1387
-1540
-1593
-1543
-1489
-1517
-1597
-1760
-2006
-2543
-3219
-3529
-3459
-3318
-3450
-3607
-3191
-2463
-1916
-1478
-992
-503
-253
-142
168
695
1209
1563
1916
2379
2834
3204
3480
3529
3259
2803
2311
1810
1304
867
530
141
-365
-761
-1014
-1219
-1438
-1681
-1813
-1811
-1722
-1545
-1229
-799
-351
109
563
949
1319
1614
1817
1930
1948
1987
1997
1930
1817
1714
1633
1393
998
616
290
39
-246
-561
-713
-750
-772
-863
-880
-720
-598
-579
-515
-289
14
271
532
847
1137
1353
1428
1508
1609
1563
1375
1090
863
689
480
316
185
62
-62
-294
-530
-652
-780
-977
-1185
-1372
-1430
-1436
-1496
-1611
-1794
-2061
-2594
-3132
-3323
-3251
-3216
-3419
-3529
-3181
-2619
-2124
-1645
-1137
-664
-437
-320
4
478
891
1201
1550
1966
2432
2884
3196
3325
3237
2963
2601
2205
1789
1417
1019
554
88
-332
-571
-700
-911
-1190
-1424
-1546
-1593
-1618
-1499
-1208
-864
-549
-236
188
631
984
1252
1377
1481
1633
1712
1731
1774
1806
1772
1656
1439
1204
1019
799
483
133
-152
-312
-426
-565
-657
-675
-690
-712
-641
-469
-242
-41
119
320
539
734
838
952
1073
1069
988
876
763
679
592
433
247
136
75
-64
-228
-308
-412
-565
-767
-929
-954
-1027
-1232
-1422
-1548
-1771
-2244
-2750
-2965
-2974
-3069
-3318
-3460
-3253
-2835
-2442
-2032
-1526
-1074
-778
-600
-379
11
420
700
967
1371
1883
2354
2728
3002
3134
3106
2937
2660
2356
2045
1635
1176
718
345
120
-59
-292
-535
-748
-946
-1120
-1284
-1363
-1292
-1186
-1076
-884
-613
-295
5
275
566
814
979
1149
1311
1398
1449
1470
1451
1385
1267
1220
1193
1006
747
556
434
263
30
-137
-172
-204
-291
-357
-327
-234
-207
-161
-23
146
244
318
460
582
591
527
443
437
473
414
354
336
291
185
71
-18
-92
-160
-308
-482
-555
-611
-706
-848
-1009
-1189
-1552
-2065
-2472
-2661
-2777
-3035
-3342
-3380
-3139
-2807
-2465
-2094
-1657
-1287
-1088
-906
-575
-187
78
281
560
969
1447
1881
2275
2627
2820
2859
2790
2645
2494
2234
1822
1356
935
676
531
338
137
-56
-254
-414
-576
-698
-812
-960
-1055
-1080
-1020
-858
-651
-411
-165
85
372
605
782
930
1012
1045
1019
992
1028
1072
1093
1086
1030
939
825
693
525
328
185
91
-33
-159
-179
-137
-99
-70
-32
101
214
257
273
288
313
303
285
302
333
329
278
183
91
67
81
43
-23
-23
-42
-141
-275
-401
-449
-503
-647
-793
-909
-1148
-1587
-1974
-2142
-2300
-2569
-2867
-3013
-2864
-2650
-2462
-2187
-1830
-1509
-1316
-1101
-764
-435
-223
-35
209
541
950
1371
1731
2027
2292
2441
2490
2469
2357
2205
1931
1533
1182
927
714
525
338
193
75
-52
-145
-232
-353
-480
-601
-714
-777
-752
-616
-449
-280
-123
48
298
481
569
650
722
741
687
645
675
733
769
729
657
696
723
610
490
404
312
167
2
-70
-39
-7
2
27
102
188
213
227
236
253
259
246
247
238
204
141
56
1
3
21
-6
-49
-28
-1
-34
-128
-210
-222
-260
-342
-412
-512
-643
-881
-1280
-1636
-1853
-2048
-2286
-2553
-2686
-2584
-2419
-2280
-2091
-1811
-1527
-1338
-1192
-948
-657
-473
-327
-97
241
617
999
1413
1794
2064
2214
2265
2270
2247
2131
1873
1581
1311
1092
949
758
528
356
238
133
44
-13
-77
-181
-315
-488
-608
-641
-610
-496
-331
-176
-53
78
253
409
436
430
463
476
466
472
527
584
539
495
518
560
550
461
408
352
229
88
10
2
34
59
71
133
206
258
293
310
326
322
259
195
193
193
174
112
60
67
69
22
-8
12
14
-33
-88
-96
-112
-160
-234
-341
-424
-530
-774
-1135
-1473
-1704
-1899
-2124
-2384
-2539
-2502
-2395
-2284
-2080
-1802
-1554
-1405
-1266
-1019
-782
-602
-457
-249
37
380
793
1204
1588
1885
2071
2174
2234
2261
2164
1974
1712
1415
1167
948
763
611
457
349
270
162
58
-19
-120
-281
-460
-572
-609
-627
-567
-442
-312
-171
-51
105
292
412
455
443
427
391
350
372
408
431
473
515
563
577
535
493
415
308
188
105
87
73
73
81
103
173
259
314
348
356
346
320
239
168
135
116
99
54
27
72
85
42
10
-48
-62
-69
-99
-125
-177
-207
-286
-396
-495
-652
-922
-1259
-1542
-1738
-1907
-2140
-2392
-2494
-2465
-2354
-2182
-1965
-1701
-1470
-1308
-1143
-923
-649
-446
-313
-88
227
601
992
1355
1684
1982
2172
2236
2269
2272
2180
1943
1612
1310
1093
901
700
529
390
236
84
-20
-83
-161
-273
-444
-604
-656
-688
-659
-567
-486
-333
-141
25
201
365
455
491
464
419
427
448
447
439
466
503
525
566
580
555
496
364
261
182
80
-2
-22
-4
54
135
210
284
339
354
337
344
339
280
212
188
138
83
38
16
30
7
-15
-22
-20
-35
-58
-81
-146
-214
-269
-342
-425
-544
-728
-1001
-1336
-1620
-1810
-2011
-2267
-2469
-2541
-2456
-2294
-2146
-1942
-1684
-1451
-1272
-1060
-811
-563
-357
-177
59
383
752
1132
1534
1862
2094
2265
2380
2423
2379
2222
1961
1647
1328
1082
888
662
411
227
117
33
-76
-203
-287
-367
-511
-676
-750
-752
-736
-677
-573
-392
-141
110
308
471
558
546
534
534
521
517
524
541
542
553
586
621
608
541
457
338
218
117
8
-88
-136
-105
-32
43
132
230
327
360
364
390
374
347
313
232
145
98
65
57
73
81
69
36
8
-22
-68
-96
-144
-217
-309
-398
-507
-704
-1005
-1399
-1732
-1967
-2166
-2376
-2638
-2773
-2708
-2586
-2434
-2226
-1947
-1642
-1397
-1185
-902
-583
-318
-100
121
406
785
1195
1565
1924
2249
2456
2585
2631
2628
2540
2281
1926
1551
1215
909
615
355
130
-50
-184
-289
-361
-430
-545
-693
-831
-922
-913
-827
-727
-574
-384
-160
118
393
611
774
862
864
813
766
752
709
633
547
485
543
624
622
565
455
328
191
45
-73
-172
-244
-247
-174
-72
51
200
329
423
465
507
556
549
493
409
353
298
241
187
133
152
151
88
37
12
-12
-65
-175
-288
-403
-559
-730
-921
-1189
-1647
-2118
-2396
-2544
-2696
-2967
-3214
-3162
-2930
-2717
-2462
-2112
-1704
-1391
-1188
-872
-422
-68
156
386
688
1100
1535
1903
2275
2586
2757
2874
2908
2876
2756
2482
2072
1567
1098
730
424
115
-197
-405
-533
-665
-744
-758
-773
-848
-982
-1038
-959
-843
-735
-565
-289
-3
257
564
908
1169
1231
1164
1138
1149
1090
977
862
779
728
655
597
573
491
337
171
30
-69
-160
-268
-351
-367
-288
-167
-13
199
424
572
626
661
722
755
674
571
531
479
382
289
247
254
215
140
96
47
-24
-155
-307
-489
-746
-1024
-1302
-1681
-2287
-2881
-3199
-3324
-3482
-3789
-3946
-3740
-3398
-3111
-2769
-2223
-1626
-1249
-1006
-560
54
501
742
971
1366
1846
2230
2584
2938
3208
3292
3251
3151
2991
2726
2267
1697
1103
595
203
-172
-561
-903
-1077
-1170
-1294
-1305
-1180
-1066
-1056
-1087
-941
-665
-464
-269
16
406
768
1020
1290
1575
1775
1717
1514
1458
1435
1266
1069
885
734
612
451
323
260
172
-44
-243
-339
-377
-382
-421
-433
-312
-113
110
365
618
868
1028
1078
1140
1192
1175
1076
904
732
567
423
342
283
147
-28
-90
-130
-270
-489
-727
-934
-1183
-1511
-1869
-2279
-2923
-3662
-4050
-4157
-4268
-4514
-4737
-4465
-3828
-3313
-2809
-2135
-1453
-895
-531
-99
616
1223
1511
1708
2084
2587
2982
3274
3529
3700
3677
3449
3199
2944
2510
1871
1080
287
-326
-760
-1167
-1534
-1785
-1844
-1793
-1737
-1575
-1278
-910
-712
-613
-299
161
558
835
1073
1427
1798
2011
2145
2201
2141
2006
1776
1505
1272
976
593
321
109
-64
-126
-241
-361
-460
-603
-658
-636
-632
-558
-375
-193
46
368
750
1174
1437
1551
1691
1813
1789
1696
1544
1384
1206
920
667
491
315
96
-180
-346
-431
-638
-878
-1141
-1414
-1643
-1980
-2359
-2708
-3310
-4112
-4640
-4794
-4743
-4837
-5138
-5037
-4350
-3536
-2817
-2070
-1227
-438
100
559
1258
1990
2301
2287
2462
2880
3281
3521
3622
3707
3632
3277
2846
2453
1952
1222
322
-612
-1336
-1757
-2062
-2292
-2453
-2446
-2137
-1775
-1401
-823
-249
108
341
649
1183
1782
2113
2234
2383
2592
2722
2689
2602
2337
1873
1374
857
465
156
-299
-729
-984
-1134
-1132
-1058
-999
-906
-829
-745
-563
-328
-73
244
599
898
1189
1616
2014
2283
2437
2435
2420
2358
2096
1779
1480
1099
674
297
34
-171
-392
-613
-808
-920
-1037
-1208
-1373
-1653
-1993
-2305
-2670
-3025
-3731
-4655
-5081
-5124
-5022
-5081
-5287
-4929
-3982
-3053
-2284
-1372
-337
399
786
1244
1963
2661
2826
2681
2864
3203
3411
3482
3358
3232
2985
2339
1639
1081
487
-245
-1149
-2047
-2591
-2735
-2715
-2632
-2439
-2090
-1549
-961
-352
389
1098
1556
1807
2080
2542
3001
3106
2937
2795
2674
2432
2065
1668
1294
817
131
-511
-799
-923
-1154
-1436
-1669
-1687
-1486
-1268
-1016
-755
-568
-314
3
377
861
1312
1621
1833
2059
2370
2677
2794
2649
2411
2171
1833
1507
1173
784
432
-20
-464
-687
-769
-854
-1015
-1185
-1283
-1352
-1353
-1470
-1672
-1820
-2162
-2625
-3343
-4257
-4726
-4737
-4746
-4952
-5177
-4864
-3829
-2770
-1990
-1156
-219
529
962
1379
2014
2609
2660
2363
2449
2941
3284
3280
3111
2909
2618
2038
1316
746
98
-794
-1728
-2489
-2854
-2812
-2624
-2397
-2075
-1548
-843
-96
611
1265
1862
2234
2429
2680
3035
3313
3263
2947
2620
2410
2138
1509
805
329
-242
-909
-1484
-1836
-1839
-1766
-1845
-1822
-1499
-1112
-767
-449
-132
235
569
804
1119
1529
1902
2204
2303
2357
2544
2660
2565
2325
2012
1654
1234
811
433
115
-228
-617
-901
-976
-893
-824
-765
-727
-747
-749
-806
-885
-938
-1190
-1595
-2287
-3479
-4474
-4796
-4799
-4931
-5375
-5626
-4931
-3747
-2797
-1951
-980
-54
498
809
1400
2353
2840
2589
2342
2618
3163
3473
3400
3116
2838
2259
1357
662
93
-649
-1581
-2525
-3077
-3064
-2764
-2416
-2014
-1563
-866
22
758
1439
2113
2600
2839
2914
3148
3579
3723
3383
2849
2460
2155
1517
528
-246
-736
-1360
-2036
-2459
-2470
-2164
-1921
-1802
-1482
-905
-356
54
341
601
936
1144
1253
1526
1909
2217
2311
2292
2339
2410
2299
1941
1623
1346
898
443
98
-171
-327
-569
-843
-808
-699
-568
-348
-222
-126
-65
-84
-147
-230
-387
-746
-1216
-2161
-3734
-4791
-5070
-5219
-5532
-6115
-6275
-5286
-3956
-2996
-1992
-860
49
594
912
1633
2700
3019
2588
2445
2879
3364
3454
3164
2886
2527
1697
636
-113
-662
-1407
-2362
-3206
-3474
-3114
-2548
-1997
-1443
-788
47
879
1579
2248
2881
3180
3188
3235
3448
3774
3728
3107
2470
2066
1549
610
-398
-976
-1442
-2048
-2565
-2765
-2376
-1801
-1563
-1362
-881
-280
233
571
796
1051
1259
1305
1426
1716
1934
2042
2011
1862
1844
1814
1564
1231
898
552
178
-184
-395
-446
-537
-672
-686
-563
-340
-73
78
287
578
612
555
572
370
102
-250
-950
-1870
-3300
-4790
-5392
-5449
-5655
-6139
-6444
-5712
-4189
-3001
-2160
-1034
136
755
1001
1545
2508
3117
2826
2393
2684
3299
3508
3185
2700
2211
1346
147
-757
-1305
-1853
-2585
-3269
-3417
-2855
-1977
-1207
-622
-64
686
1545
2198
2603
3038
3336
3276
3100
3189
3436
3388
2702
1732
1034
466
-193
-944
-1634
-2039
-2267
-2427
-2234
-1589
-952
-587
-325
-95
318
881
1205
1253
1229
1263
1446
1636
1647
1631
1645
1538
1330
1113
969
935
700
271
-56
-191
-272
-389
-486
-506
-390
-275
-159
45
396
762
946
1041
1090
1029
856
480
-17
-582
-1302
-2538
-4285
-5586
-5866
-5700
-5786
-6172
-6224
-5091
-3433
-2271
-1262
-139
732
1148
1232
1798
2845
3229
2701
2284
2535
2991
2982
2339
1586
847
-181
-1340
-2072
-2367
-2606
-2982
-3239
-2895
-1884
-746
87
615
1088
1721
2340
2703
3031
3384
3489
3349
3178
3152
3237
2975
1982
805
83
-569
-1456
-2155
-2459
-2459
-2320
-2163
-1771
-821
65
405
596
809
1138
1503
1578
1553
1600
1551
1466
1476
1459
1382
1248
919
607
442
330
322
265
29
-207
-356
-343
-273
-304
-286
-171
-24
193
606
1021
1296
1509
1538
1289
984
652
43
-614
-1366
-2366
-3711
-5224
-6067
-5992
-5718
-5731
-5897
-5444
-3973
-2424
-1421
-483
534
1165
1363
1558
2255
3050
3127
2569
2278
2490
2651
2208
1283
342
-538
-1566
-2447
-2775
-2707
-2626
-2634
-2402
-1711
-637
303
872
1220
1641
2159
2618
2912
3169
3423
3484
3339
3091
2907
2733
2086
900
-213
-942
-1413
-1893
-2325
-2315
-1928
-1567
-1246
-771
-79
562
867
828
942
1356
1617
1668
1603
1547
1560
1389
1088
894
804
666
416
143
83
257
324
199
0
-142
-213
-275
-319
-311
-79
214
428
732
1095
1497
1749
1612
1312
984
569
36
-680
-1428
-2029
-2965
-4572
-5832
-6021
-5526
-5215
-5514
-5547
-4390
-2702
-1637
-952
91
1083
1465
1333
1595
2646
3218
2677
1961
2007
2304
2050
1108
142
-436
-1185
-2206
-2820
-2642
-2189
-2011
-2001
-1616
-647
312
821
1025
1310
1848
2326
2581
2797
3261
3596
3399
2910
2516
2380
2006
962
-169
-765
-1003
-1528
-2141
-2021
-1425
-963
-844
-783
-292
564
986
902
1022
1354
1605
1649
1583
1631
1608
1222
705
466
444
476
382
115
78
237
232
130
60
-60
-226
-420
-465
-297
24
371
570
756
1122
1473
1680
1643
1329
981
490
21
-404
-1032
-1665
-2347
-3772
-5393
-6024
-5748
-5248
-5063
-5315
-4840
-3101
-1661
-945
-134
738
1311
1252
1053
1807
2804
2830
2106
1730
1959
1999
1303
220
-517
-1009
-1879
-2594
-2490
-1946
-1520
-1490
-1349
-748
56
589
770
955
1355
1898
2287
2537
2974
3373
3346
2946
2361
1943
1690
1023
23
-717
-967
-1218
-1525
-1462
-1132
-719
-534
-608
-497
139
767
918
1046
1275
1578
1848
1794
1672
1497
1137
681
294
177
270
381
373
322
357
415
390
177
-142
-365
-445
-463
-347
-73
370
797
910
961
1165
1376
1350
1082
747
410
201
-109
-661
-1184
-1591
-2364
-4036
-5542
-5894
-5370
-4815
-4893
-4895
-3857
-2178
-1131
-709
112
882
969
607
647
1737
2623
2405
1781
1656
1992
1750
739
-203
-723
-1217
-2036
-2453
-1973
-1262
-886
-959
-862
-219
325
557
566
715
1325
1884
2259
2609
3061
3367
3070
2413
1791
1482
1176
384
-320
-523
-387
-450
-1020
-1221
-866
-528
-540
-740
-547
62
724
1048
1122
1572
1844
1653
1392
1079
1025
851
383
83
247
633
797
706
546
505
478
123
-234
-289
-312
-279
-172
12
407
834
988
814
809
922
923
896
623
429
410
131
-361
-901
-1330
-1973
-3520
-5164
-5921
-5364
-4457
-4461
-4593
-3898
-2394
-1244
-1115
-610
218
500
280
140
1298
2560
2544
1890
1628
1965
1723
673
-203
-677
-935
-1564
-1974
-1380
-658
-427
-714
-941
-524
-97
96
230
452
1177
1841
2284
2616
2842
3051
2720
2053
1500
1166
1167
711
129
-190
-487
-355
-436
-642
-686
-766
-778
-763
-330
227
677
1165
1088
1077
1349
1427
1342
794
390
455
533
464
410
690
993
928
588
308
425
428
-49
-441
-455
-154
254
241
341
657
810
753
466
591
856
858
660
441
684
721
212
-589
-1338
-1542
-2603
-4423
-5472
-5384
-4391
-3977
-4311
-4033
-2936
-1798
-1658
-1501
-529
46
65
-178
452
2059
2652
2090
1551
1608
1748
968
42
-274
-390
-725
-1274
-1127
-379
-127
-464
-987
-966
-498
-224
81
291
812
1590
2033
2410
2601
2663
2534
1990
1485
1265
1351
1166
466
13
-84
-36
-188
-631
-825
-770
-685
-584
-364
112
574
876
866
806
1017
1158
1028
633
401
519
631
599
537
650
967
956
603
371
370
395
62
-271
-194
70
292
233
167
428
632
659
402
408
691
754
744
580
649
759
333
-349
-1006
-1306
-2082
-3890
-5170
-5228
-4212
-3631
-4118
-4089
-3174
-2161
-1936
-1982
-1029
-260
-332
-456
169
1897
2701
1975
1392
1472
1642
1081
243
196
195
-307
-939
-824
3
129
-546
-1215
-1261
-736
-471
-235
307
801
1288
1610
2018
2407
2459
2244
1819
1595
1602
1753
1778
1282
876
355
-294
-527
-693
-694
-683
-758
-710
-521
-44
320
553
720
459
413
651
905
994
667
527
605
615
649
682
897
1031
718
342
381
662
544
123
-152
-93
182
240
110
316
602
477
229
315
679
881
713
416
545
762
538
-107
-811
-1115
-1965
-3684
-4833
-4793
-3816
-3407
-4037
-4047
-3253
-2340
-2332
-2503
-1474
-726
-709
-725
45
1841
2445
1711
1257
1357
1510
909
353
643
764
146
-541
-361
396
277
-612
-1299
-1238
-738
-566
-190
467
856
1067
1190
1560
2020
2077
1850
1636
1684
1821
1961
1906
1501
963
358
-107
-298
-370
-406
-471
-516
-503
-385
-106
139
311
332
172
234
585
880
854
568
492
586
584
553
680
1003
1109
818
538
640
811
571
109
-74
110
282
193
214
469
590
358
52
194
578
713
527
403
689
819
519
-27
-506
-741
-2100
-3951
-4707
-4348
-3292
-3380
-4110
-3877
-3264
-2725
-3070
-2932
-1587
-1315
-1568
-1313
50
1968
2021
1200
1120
1297
1254
690
732
1465
1201
238
-164
424
1007
273
-776
-1143
-1028
-803
-671
-18
643
654
464
650
1345
1721
1601
1422
1514
1764
1876
2107
2095
1689
1149
591
335
45
-158
-141
-183
-155
-333
-373
-93
16
76
-22
-40
193
377
591
644
620
651
536
521
621
851
1159
1108
920
808
780
792
564
342
259
205
199
145
343
547
440
176
-36
162
428
500
498
512
704
663
317
77
-122
-635
-2220
-3880
-4223
-3554
-2864
-3253
-3893
-3616
-3286
-3339
-3403
-2708
-1711
-1968
-2403
-1657
128
1424
1109
645
860
916
659
614
1380
2012
1179
201
451
1252
1322
370
-420
-583
-737
-814
-430
405
722
281
40
477
1125
1208
1099
1188
1343
1479
1642
2100
2224
1731
1188
828
760
461
95
118
95
-21
-281
-345
-13
27
-127
-251
-208
108
172
216
399
469
490
366
339
607
890
1011
969
943
1008
967
801
639
564
545
392
244
316
496
529
324
94
32
156
216
141
168
322
485
446
230
154
118
-230
-1353
-2734
-3348
-3087
-2508
-2600
-3125
-3267
-3190
-3173
-3326
-3033
-2242
-2186
-2663
-2518
-1311
119
485
141
119
263
292
461
1009
1671
1432
688
663
1245
1721
1405
664
243
-52
-199
24
499
754
495
154
239
638
823
811
764
765
839
987
1371
1690
1523
1110
906
930
837
572
495
562
482
194
-9
163
376
270
-32
-206
-89
95
126
93
106
145
147
129
214
476
703
711
578
527
707
804
585
391
434
485
440
324
321
480
426
101
-129
-65
95
102
-18
-49
90
196
106
20
66
139
-75
-715
-1475
-1929
-1727
-1377
-1448
-1753
-2178
-2416
-2411
-2408
-2091
-1824
-2051
-2467
-2743
-2228
-1175
-636
-761
-1170
-1308
-769
-13
475
626
337
63
184
637
1268
1511
1216
707
480
722
1035
1120
956
699
555
555
654
851
1027
1000
754
530
542
779
949
918
846
803
744
676
659
653
622
491
223
74
184
404
515
381
169
58
34
102
170
166
163
128
49
138
367
536
520
342
244
294
406
505
519
485
431
336
367
503
572
539
364
189
159
230
310
282
254
249
237
274
262
284
340
304
100
-407
-836
-891
-691
-444
-801
-1609
-2102
-2259
-1992
-1635
-1799
-2250
-2932
-3327
-2777
-1981
-1636
-1944
-2590
-2568
-1863
-1197
-751
-728
-1008
-1127
-859
-136
590
827
610
297
374
808
1171
1300
1232
1103
1067
1115
1273
1493
1581
1513
1288
1109
1160
1381
1566
1515
1335
1181
1088
1031
1030
1074
1040
852
622
531
656
826
817
629
414
281
208
218
284
302
222
35
-69
14
220
356
204
-45
-154
-99
58
220
256
189
83
28
134
298
370
267
78
5
105
224
279
293
282
242
175
141
237
384
110
-545
-881
-861
-593
-441
-1037
-1646
-1904
-1987
-1664
-1527
-1780
-2199
-2855
-2967
-2332
-1837
-1680
-2042
-2486
-2184
-1557
-1026
-751
-895
-1016
-905
-556
78
498
575
473
332
566
953
1166
1233
1107
1069
1146
1220
1328
1420
1450
1346
1134
1042
1157
1240
1305
1325
1244
1163
1036
913
933
933
842
710
536
487
561
658
635
496
345
215
148
123
121
176
164
28
-80
-16
133
166
45
-99
-61
54
97
153
253
294
251
170
189
302
363
320
255
264
298
306
296
308
289
249
212
208
215
287
131
-488
-826
-808
-610
-461
-1015
-1649
-1871
-1917
-1573
-1336
-1582
-1988
-2561
-2661
-2075
-1599
-1500
-1887
-2304
-2044
-1465
-901
-602
-763
-937
-861
-512
131
507
474
349
252
497
848
1055
1128
1022
946
968
1005
1102
1169
1182
1154
992
941
1033
1103
1160
1130
1040
1000
925
844
881
889
815
696
539
467
546
643
661
556
407
305
236
258
267
218
151
40
-9
72
158
169
98
-30
-43
37
94
164
210
192
179
184
195
250
293
274
240
195
192
237
232
164
137
154
165
155
188
214
-150
-659
-840
-756
-495
-568
-1174
-1566
-1704
-1666
-1353
-1291
-1534
-2009
-2486
-2253
-1597
-1299
-1433
-1862
-2056
-1698
-1193
-717
-515
-716
-858
-689
-230
281
478
431
320
331
538
798
1015
1065
942
856
881
941
988
997
1013
971
824
779
875
943
979
964
876
806
756
750
868
927
795
627
513
554
692
732
696
604
447
363
368
405
438
360
166
10
71
185
196
124
-14
-62
-10
15
55
103
65
9
-9
32
155
186
123
66
20
35
83
108
91
56
42
72
126
121
84
-116
-539
-770
-677
-427
-360
-815
-1338
-1476
-1303
-985
-871
-1165
-1641
-2009
-1868
-1212
-814
-957
-1440
-1776
-1475
-897
-476
-403
-706
-933
-760
-277
235
364
134
-103
-100
168
521
670
558
431
390
470
577
611
631
601
512
454
494
653
763
762
772
748
663
637
702
804
841
757
685
673
734
802
861
851
716
587
546
597
659
649
580
510
401
332
365
398
358
224
112
121
161
187
161
83
66
40
26
69
79
45
1
-17
-26
-61
-96
-91
-54
-42
-56
-74
-95
-120
-210
-372
-510
-557
-554
-580
-734
-955
-1131
-1217
-1108
-965
-1007
-1145
-1378
-1517
-1321
-1025
-860
-938
-1219
-1324
-1085
-693
-411
-413
-615
-745
-558
-168
153
219
76
-78
-65
151
389
484
362
200
162
276
442
513
480
404
341
316
432
590
662
650
629
646
659
646
660
729
745
741
719
683
703
752
786
768
711
640
570
570
653
672
595
506
426
414
426
410
391
334
263
192
196
250
244
203
130
42
15
16
37
72
34
-26
-100
-153
-160
-137
-123
-183
-253
-272
-246
-278
-407
-558
-604
-558
-579
-720
-891
-959
-941
-890
-839
-913
-1067
-1180
-1149
-977
-838
-849
-969
-1052
-971
-759
-578
-519
-572
-609
-545
-370
-164
-76
-109
-105
-23
76
179
234
229
217
237
283
344
379
377
373
421
468
444
432
476
553
617
647
628
591
592
646
665
639
628
608
610
624
659
680
636
575
552
544
514
484
444
409
397
373
347
333
282
251
252
231
185
139
119
128
134
110
129
118
20
-24
-25
11
32
-20
-75
-112
-136
-154
-152
-143
-164
-228
-333
-430
-496
-498
-447
-451
-512
-701
-881
-857
-739
-627
-669
-873
-970
-913
-814
-652
-629
-772
-866
-856
-652
-405
-353
-438
-502
-457
-310
-161
-50
-26
-113
-170
-93
69
166
175
144
117
135
158
191
253
287
281
304
332
358
404
441
502
508
505
543
559
606
637
610
598
584
590
618
629
633
616
584
539
516
504
473
427
362
317
313
304
299
282
235
210
167
124
131
119
103
85
66
76
81
72
23
-28
-57
-66
-42
-31
-78
-126
-129
-128
-170
-249
-341
-457
-502
-472
-470
-493
-599
-737
-727
-698
-681
-658
-745
-825
-825
-779
-674
-599
-609
-640
-649
-596
-483
-420
-379
-336
-318
-223
-101
-37
17
11
-36
21
104
161
187
178
197
205
203
239
258
243
244
229
239
293
321
345
368
359
375
406
379
393
467
486
472
469
452
479
481
456
466
455
418
400
389
380
370
296
271
283
251
265
248
189
132
74
83
122
119
66
28
50
55
24
18
19
-5
-45
-51
-42
-9
-42
-131
-142
-120
-93
-126
-204
-266
-324
-355
-370
-402
-451
-488
-522
-530
-516
-537
-568
-604
-610
-566
-537
-523
-508
-495
-456
-406
-390
-352
-308
-273
-229
-212
-169
-96
-79
-33
13
11
55
74
96
150
170
178
189
169
175
189
201
224
191
170
209
237
237
246
275
308
320
306
295
318
322
336
372
373
362
332
317
338
338
319
309
280
257
276
278
227
178
177
204
202
157
110
98
95
82
59
69
93
44
15
30
13
-2
-26
-42
-10
-30
-63
-68
-90
-88
-94
-111
-105
-116
-169
-197
-214
-253
-277
-322
-378
-379
-373
-377
-378
-414
-429
-431
-447
-436
-424
-395
-347
-368
-373
-320
-311
-283
-271
-264
-200
-165
-116
-56
-51
-34
3
14
33
46
75
122
130
158
170
164
169
156
171
201
209
199
189
179
201
231
223
214
201
186
208
212
217
268
269
265
273
277
318
340
287
243
228
208
236
239
203
197
181
185
178
140
140
117
66
61
76
89
65
23
1
-14
-11
-26
-52
-54
-62
-62
-51
-43
-48
-84
-114
-138
-133
-99
-95
-130
-148
-177
-198
-207
-257
-284
-318
-336
-313
-311
-324
-327
-310
-319
-341
-352
-328
-304
-296
-279
-248
-217
-223
-207
-151
-105
-81
-96
-90
-65
-44
10
36
42
50
44
77
103
136
174
141
104
109
142
177
196
191
167
165
169
146
159
210
214
197
169
171
209
206
199
203
196
203
196
204
253
238
172
133
131
163
180
161
148
133
107
121
117
105
99
56
39
37
35
49
22
-28
-44
-32
7
-9
-61
-43
-38
-65
-62
-54
-52
-94
-133
-115
-83
-58
-76
-120
-123
-122
-149
-153
-168
-209
-231
-242
-248
-232
-223
-222
-260
-305
-282
-249
-247
-253
-265
-257
-215
-178
-153
-127
-113
-127
-135
-125
-93
-50
-32
-16
-23
-21
31
39
31
45
59
93
108
109
142
159
149
141
133
153
175
157
173
202
202
227
208
190
215
201
179
189
198
198
204
186
197
213
194
180
160
145
132
117
106
108
127
110
76
72
83
77
52
38
17
3
16
5
-15
-13
-14
-12
-36
-55
-40
-53
-82
-113
-135
-118
-125
-146
-132
-110
-92
-112
-133
-127
-139
-153
-167
-174
-157
-183
-209
-189
-181
-177
-162
-172
-193
-206
-222
-203
-170
-178
-169
-153
-138
-127
-124
-98
-100
-97
-66
-56
-38
-15
-25
-12
3
-7
14
32
28
64
101
107
131
131
118
138
148
154
161
157
161
158
179
197
178
162
157
147
137
148
150
150
153
149
165
179
169
159
158
141
126
125
99
93
104
91
94
85
61
59
48
21
23
16
2
6
-11
-39
-45
-48
-68
-91
-95
-77
-75
-95
-98
-97
-118
-127
-116
-113
-104
-108
-122
-109
-94
-89
-112
-135
-128
-135
-141
-133
-121
-133
-138
-136
-133
-125
-139
-149
-137
-120
-108
-97
-90
-73
-67
-90
-69
-32
-43
-33
-11
-3
9
-3
-14
-1
-8
1
35
53
66
61
61
66
57
54
58
73
103
97
95
113
113
105
97
90
81
98
121
121
115
116
117
106
116
127
128
144
135
109
107
113
89
71
92
86
76
80
76
81
85
54
29
33
29
10
4
2
3
16
-17
-37
-36
-63
-69
-61
-67
-68
-95
-109
-94
-104
-92
-81
-101
-91
-80
-81
-87
-103
-95
-93
-108
-111
-104
-80
-77
-79
-81
-110
-115
-91
-81
-82
-89
-94
-86
-61
-39
-33
-36
-36
-36
-27
-6
14
29
5
-26
-7
19
20
33
22
10
13
5
5
16
26
33
27
6
27
49
33
15
28
38
27
38
47
44
56
47
49
85
74
60
77
70
81
93
87
94
88
69
63
79
102
99
85
84
72
50
49
74
83
63
56
71
75
48
23
32
37
19
6
-4
-2
5
-6
-20
-29
-45
-40
-38
-60
-61
-55
-69
-66
-51
-54
-52
-62
-80
-63
-62
-84
-72
-48
-50
-64
-81
-91
-68
-49
-73
-82
-65
-69
-76
-76
-54
-50
-68
-77
-70
-52
-48
-51
-50
-48
-44
-46
-41
-31
-30
-36
-27
-24
-7
6
-10
4
5
-7
13
16
18
15
-2
7
15
11
5
19
36
39
57
66
66
47
27
40
53
62
81
109
117
106
100
104
104
88
84
87
88
102
118
122
125
108
91
91
90
78
62
52
45
32
35
35
29
23
-2
-9
-8
-34
-53
-51
-42
-25
-27
-43
-55
-47
-45
-63
-66
-67
-61
-62
-84
-82
-67
-62
-52
-50
-49
-51
-53
-50
-50
-45
-49
-64
-63
-65
-56
-46
-58
-63
-61
-61
-62
-60
-53
-59
-65
-61
-57
-59
-65
-55
-50
-47
-43
-38
-5
3
-16
-18
-10
-14
-36
-39
-20
-5
-1
-4
1
-3
-22
-19
-8
-11
-22
-1
33
55
69
59
62
73
70
65
70
83
91
93
92
108
133
130
129
130
124
125
125
132
126
114
109
98
106
109
95
70
52
60
54
32
21
9
-3
3
-9
-11
-3
-12
-3
-3
-32
-45
-46
-45
-41
-53
-61
-46
-26
-20
-30
-45
-36
-38
-63
-60
-61
-64
-49
-54
-66
-73
-76
-84
-86
-71
-81
-92
-77
-74
-76
-82
-99
-96
-83
-72
-76
-66
-64
-64
-61
-61
-58
-57
-41
-36
-50
-51
-48
-53
-44
-60
-78
-58
-52
-47
-51
-57
-30
-24
-38
-30
-12
17
22
17
33
44
57
63
60
77
78
77
95
105
116
132
146
157
155
138
129
141
154
139
123
133
142
139
133
125
112
100
91
86
79
75
86
75
44
34
34
28
8
-5
7
14
15
-5
-23
-24
-42
-36
-19
-19
-16
-35
-42
-48
-70
-75
-71
-62
-61
-65
-64
-59
-60
-66
-86
-88
-77
-80
-79
-70
-58
-56
-64
-70
-71
-78
-82
-75
-61
-66
-60
-50
-59
-74
-85
-77
-79
-95
-94
-80
-74
-79
-85
-88
-90
-110
-121
-107
-94
-85
-89
-84
-59
-35
-34
-46
-36
-20
-20
-9
5
19
49
69
75
83
105
117
119
113
118
140
138
136
149
161
148
142
158
160
155
147
140
140
134
123
131
138
120
101
100
107
106
105
91
87
89
60
40
40
25
24
25
8
13
23
7
-4
-9
-20
-33
-49
-49
-42
-60
-66
-71
-66
-47
-69
-76
-61
-64
-64
-54
-37
-43
-59
-60
-72
-73
-72
-90
-96
-89
-89
-93
-95
-97
-103
-117
-127
-120
-115
-129
-141
-131
-122
-125
-145
-153
-123
-116
-130
-123
-119
-106
-86
-84
-77
-53
-42
-45
-34
-16
1
20
21
24
51
66
66
79
87
84
96
108
119
124
128
141
146
144
130
109
126
145
134
131
136
137
137
129
131
128
115
99
85
97
98
79
91
91
71
62
52
60
57
28
28
43
37
37
38
30
22
-2
-21
-22
-12
5
-7
-15
1
10
-3
-35
-43
-28
-29
-38
-41
-26
-16
-40
-68
-81
-82
-86
-87
-79
-75
-68
-71
-91
-113
-126
-129
-120
-135
-141
-123
-133
-138
-160
-175
-149
-150
-157
-140
-121
-101
-100
-109
-98
-85
-73
-68
-54
-28
-18
-5
4
4
15
26
38
47
53
74
90
98
110
105
110
113
99
104
112
116
111
86
91
111
101
83
81
85
79
67
64
70
73
64
63
67
66
63
61
70
58
47
64
70
64
58
59
60
56
42
52
66
56
50
42
34
30
30
3
-7
18
13
17
17
-6
-9
-8
-13
-26
-45
-41
-28
-46
-53
-54
-62
-65
-85
-89
-74
-90
-115
-105
-97
-110
-121
-118
-121
-141
-154
-145
-134
-142
-136
-124
-108
-109
-117
-97
-94
-87
-83
-79
-50
-32
-30
-26
-9
-11
-1
17
23
33
33
47
75
67
64
88
90
84
74
87
116
101
84
83
88
109
90
72
82
72
73
66
54
68
72
75
87
58
56
61
46
61
45
39
62
57
48
59
62
38
30
28
8
18
15
7
41
27
6
18
3
-5
-15
-21
1
-2
-5
8
-2
-15
-36
-36
-34
-52
-38
-40
-47
-38
-64
-66
-58
-75
-76
-86
-93
-70
-64
-72
-70
-77
-97
-105
-89
-77
-85
-91
-81
-68
-71
-80
-77
-63
-63
-82
-70
-55
-59
-48
-40
-19
-8
-32
-21
19
23
17
21
40
59
48
41
60
71
64
64
65
67
74
90
94
90
85
77
76
75
66
64
70
74
70
66
80
88
70
52
57
77
67
57
70
81
72
55
48
40
32
33
38
22
8
12
21
20
-5
-11
-5
-7
-15
-23
-15
-18
-29
-23
-23
-41
-53
-63
-65
-57
-65
-68
-57
-51
-72
-90
-80
-73
-76
-85
-88
-75
-79
-74
-70
-66
-67
-75
-78
-91
-94
-86
-75
-67
-54
-48
-54
-47
-35
-40
-47
-44
-31
-22
-17
-2
8
9
-2
-7
0
9
9
8
39
60
54
55
63
78
84
72
68
79
72
66
71
71
71
69
58
58
76
86
78
73
79
76
71
68
65
72
69
56
62
68
54
50
64
61
49
40
45
48
34
27
21
11
17
3
-10
3
-12
-28
-13
-12
-19
-17
-29
-29
-36
-54
-53
-48
-45
-48
-61
-63
-65
-71
-77
-89
-96
-97
-89
-85
-98
-88
-69
-76
-93
-94
-90
-89
-83
-86
-82
-64
-57
-58
-58
-44
-39
-45
-34
-18
-29
-26
-16
-17
-13
-12
-10
-10
-2
3
7
30
41
40
47
56
71
54
38
55
65
75
78
73
75
73
57
55
65
77
82
84
90
76
64
59
60
66
52
54
73
61
58
69
56
53
43
42
48
42
47
38
29
23
10
4
-4
0
5
-2
10
24
8
-1
-2
-10
-25
-17
-11
-22
-25
-33
-42
-50
-61
-70
-73
-72
-65
-72
-70
-67
-66
-61
-71
-77
-78
-76
-72
-73
-71
-63
-62
-69
-76
-76
-75
-74
-66
-59
-49
-47
-46
-41
-36
-26
-28
-34
-27
-23
-23
-7
-7
12
24
17
32
35
30
47
47
30
28
35
59
70
62
55
62
67
54
57
66
60
56
56
51
64
74
75
77
72
67
70
74
69
61
55
44
47
59
59
48
37
40
32
18
11
14
13
11
4
1
3
-5
-10
-6
-9
-13
-17
-15
5
-15
-45
-40
-31
-24
-29
-45
-40
-45
-59
-56
-57
-69
-70
-59
-57
-61
-61
-59
-49
-53
-76
-76
-48
-42
-60
-62
-52
-46
-38
-31
-42
-45
-48
-53
-40
-41
-37
-25
-32
-29
-23
-34
-35
-30
-21
-15
-9
-1
6
6
16
30
22
22
48
61
55
59
63
68
65
52
60
67
62
59
58
69
78
77
79
69
59
64
61
63
74
67
62
66
58
48
46
52
49
35
28
28
23
16
11
20
27
11
4
6
7
9
3
-5
-7
-4
-8
-10
-20
-39
-52
-54
-50
-51
-63
-84
-77
-70
-81
-73
-71
-76
-74
-84
-87
-69
-54
-41
-44
-62
-68
-65
-58
-50
-50
-53
-42
-35
-29
-26
-32
-24
-22
-25
-25
-24
-16
-9
-21
-23
-6
-22
-29
-6
4
11
9
12
16
16
19
27
40
49
48
48
55
59
65
77
69
58
74
80
74
63
63
69
66
58
54
48
52
61
48
44
48
42
47
47
39
42
39
28
26
24
19
26
26
15
29
32
13
10
11
-2
-11
-13
-11
-15
-13
-7
-13
-22
-34
-40
-43
-55
-60
-53
-50
-53
-55
-60
-58
-65
-69
-56
-51
-58
-59
-64
-69
-61
-56
-53
-43
-43
-54
-42
-38
-47
-38
-29
-37
-42
-47
-39
-28
-32
-37
-28
-36
-41
-11
-11
-23
-7
-6
-12
-4
-2
1
18
22
19
33
44
51
59
66
63
66
71
65
68
75
72
71
76
71
51
52
63
61
61
57
52
52
50
44
35
25
28
29
23
26
17
11
15
19
20
6
14
27
19
16
14
6
9
20
31
13
-18
-26
-9
2
-10
-19
-17
-14
-24
-26
-31
-44
-48
-53
-52
-55
-78
-71
-43
-46
-54
-54
-53
-49
-49
-55
-45
-34
-45
-46
-36
-38
-40
-30
-30
-37
-33
-34
-27
-17
-28
-33
-31
-38
-32
-26
-30
-26
-29
-35
-33
-24
-16
-17
-18
-7
7
19
23
27
30
34
47
62
71
75
82
88
81
75
79
85
75
