9
8
5
6
6
7
7
4
1
-2
-4
-3
-6
-2
1
-2
-2
-1
0
0
0
2
1
-3
-2
-3
-2
0
4
4
1
-3
-5
-7
-6
-6
-4
1
1
1
-1
-1
0
0
4
5
1
-4
-1
3
15
23
26
25
10
-1
-114
-273
-322
-231
-23
174
303
398
378
234
15
-201
-302
-377
-363
-227
-74
44
32
-16
-10
50
126
179
244
290
302
248
114
11
-41
-36
-29
-44
-103
-232
-301
-273
-165
-52
32
80
108
139
90
-13
-81
-50
74
152
217
249
171
129
78
4
1
-8
26
70
-4
4
36
-46
-44
-8
-61
-100
-41
-86
-204
-165
-139
-100
-29
-5
54
62
44
35
19
-22
-45
-30
-16
0
-12
25
112
155
141
83
-6
-99
-127
-118
-82
-37
-64
-70
-37
-82
-160
-125
-105
-143
-151
-148
-93
-46
10
70
85
116
82
22
-9
-27
19
71
110
137
118
100
83
57
71
81
42
-7
-19
-5
-23
-24
32
85
104
77
17
-29
-57
-82
-74
-69
-61
-27
-4
12
33
81
103
65
36
36
44
65
93
131
159
152
140
121
63
23
22
16
6
-5
3
43
49
31
41
24
-11
-17
-15
-3
-3
-10
20
45
22
3
3
-14
-46
-69
-77
-58
-30
-51
-83
-62
-41
-68
-119
-151
-169
-182
-176
-165
-141
-92
-68
-69
-121
-264
-445
-569
-562
-497
-485
-496
-423
-265
-170
-187
-186
-92
26
35
-53
-66
31
151
221
290
439
597
661
630
598
608
599
549
470
393
327
257
221
232
247
241
227
219
175
60
-38
-56
-37
-49
-75
-57
26
122
170
218
304
387
401
333
298
349
424
469
506
557
614
658
670
684
687
629
487
310
143
-39
-188
-289
-360
-388
-413
-446
-431
-457
-540
-588
-632
-692
-779
-874
-921
-886
-861
-838
-728
-655
-651
-640
-675
-739
-793
-841
-896
-940
-985
-1056
-1073
-1074
-1211
-1524
-1864
-2027
-1968
-1910
-2032
-2091
-1844
-1478
-1259
-1186
-970
-523
-134
-41
-61
148
525
837
1048
1314
1746
2187
2447
2594
2757
2920
2989
2975
2887
2734
2531
2329
2210
2109
1925
1672
1462
1324
1027
532
114
-95
-247
-583
-1004
-1221
-1193
-1157
-1256
-1256
-1054
-790
-617
-580
-455
-197
56
241
387
636
893
1124
1321
1462
1633
1727
1718
1625
1461
1276
1093
974
823
617
416
255
152
-45
-293
-507
-675
-815
-1016
-1191
-1266
-1273
-1242
-1244
-1163
-995
-841
-726
-664
-589
-521
-427
-358
-357
-323
-290
-254
-256
-314
-383
-494
-626
-832
-1053
-1218
-1373
-1516
-1700
-1881
-2142
-2633
-3166
-3483
-3448
-3346
-3462
-3542
-3302
-2815
-2428
-2211
-1832
-1233
-653
-402
-317
-17
495
1029
1382
1729
2227
2719
3090
3333
3627
3923
4055
4046
3923
3749
3462
3162
2977
2785
2505
2115
1803
1624
1349
974
582
316
39
-431
-952
-1422
-1712
-1912
-2075
-2079
-1954
-1681
-1349
-988
-544
-81
406
754
990
1188
1323
1466
1561
1662
1730
1771
1872
1934
1973
1963
1906
1822
1622
1351
1034
735
457
176
-84
-380
-640
-833
-1013
-1148
-1276
-1349
-1395
-1464
-1490
-1473
-1361
-1221
-1078
-933
-814
-666
-495
-326
-202
-138
-61
-32
-62
-170
-320
-466
-668
-892
-1113
-1301
-1460
-1633
-1802
-1959
-2172
-2551
-3104
-3548
-3743
-3754
-3823
-3967
-3913
-3568
-3116
-2763
-2396
-1811
-1167
-681
-417
-133
302
770
1196
1526
1909
2334
2746
3157
3508
3838
4087
4225
4250
4108
3887
3593
3320
3042
2660
2210
1801
1523
1273
954
654
382
128
-213
-656
-1075
-1464
-1754
-1953
-2079
-2096
-2011
-1738
-1355
-949
-478
15
529
906
1186
1435
1594
1727
1776
1786
1794
1809
1885
1918
1939
1942
1911
1860
1708
1503
1264
1008
732
410
108
-201
-488
-723
-925
-1061
-1186
-1240
-1252
-1282
-1255
-1179
-1079
-1019
-966
-834
-721
-653
-570
-418
-258
-226
-220
-190
-194
-262
-401
-530
-702
-894
-1057
-1307
-1590
-1808
-1902
-2016
-2339
-2774
-3216
-3533
-3718
-3821
-3848
-3941
-3882
-3566
-3177
-2837
-2480
-1858
-1187
-754
-506
-172
406
902
1229
1556
1961
2384
2710
3046
3404
3735
4007
4139
4168
4064
3896
3738
3502
3169
2735
2303
1919
1562
1235
895
586
302
30
-305
-701
-1006
-1296
-1612
-1918
-2093
-2088
-2059
-1960
-1704
-1293
-858
-434
82
584
998
1320
1586
1807
1870
1893
1925
1919
1855
1759
1760
1760
1709
1661
1616
1551
1386
1185
979
728
450
134
-146
-434
-711
-902
-1043
-1127
-1216
-1245
-1186
-1136
-1057
-971
-864
-717
-621
-542
-497
-432
-360
-323
-280
-310
-324
-331
-394
-498
-659
-773
-893
-1108
-1390
-1649
-1775
-1920
-2166
-2498
-2919
-3321
-3605
-3694
-3706
-3780
-3821
-3666
-3294
-2937
-2643
-2179
-1545
-991
-662
-376
81
613
1040
1360
1679
2060
2422
2749
3072
3391
3683
3886
3982
3965
3902
3813
3648
3408
3055
2634
2225
1867
1551
1205
836
481
212
-57
-431
-774
-1019
-1235
-1514
-1794
-1913
-1919
-1871
-1785
-1565
-1212
-881
-486
-45
393
788
1119
1453
1655
1754
1835
1903
1937
1823
1725
1700
1655
1583
1459
1396
1312
1163
996
789
612
395
154
-86
-369
-615
-819
-947
-1068
-1198
-1247
-1226
-1157
-1103
-1030
-895
-738
-613
-560
-513
-422
-339
-323
-362
-385
-391
-384
-427
-485
-585
-723
-811
-946
-1132
-1383
-1616
-1758
-1915
-2113
-2437
-2788
-3084
-3302
-3364
-3437
-3493
-3459
-3289
-2982
-2694
-2333
-1858
-1331
-868
-535
-139
317
753
1141
1461
1787
2087
2391
2709
3001
3265
3484
3675
3770
3748
3709
3655
3541
3292
2946
2592
2230
1881
1540
1192
838
506
238
-46
-350
-654
-925
-1125
-1392
-1631
-1791
-1864
-1853
-1825
-1659
-1424
-1111
-705
-322
127
515
890
1238
1448
1647
1733
1801
1792
1689
1619
1508
1479
1388
1290
1257
1163
1130
1001
864
721
489
287
22
-219
-466
-708
-865
-1038
-1138
-1216
-1240
-1176
-1114
-1029
-967
-851
-706
-576
-463
-401
-293
-226
-214
-213
-214
-206
-278
-361
-442
-515
-633
-811
-910
-1050
-1244
-1455
-1644
-1758
-1952
-2187
-2498
-2853
-3111
-3255
-3265
-3329
-3423
-3329
-3064
-2719
-2407
-1999
-1447
-957
-554
-181
268
740
1103
1437
1731
1988
2239
2504
2829
3078
3260
3442
3588
3676
3662
3630
3575
3389
3102
2744
2390
2047
1685
1333
956
584
273
1
-280
-559
-787
-972
-1210
-1464
-1631
-1691
-1710
-1752
-1713
-1564
-1327
-1011
-667
-263
142
525
900
1214
1483
1686
1817
1872
1821
1730
1633
1555
1450
1295
1160
1054
961
853
751
653
530
372
189
3
-197
-410
-626
-833
-1009
-1145
-1233
-1265
-1246
-1191
-1118
-1018
-891
-715
-546
-434
-357
-287
-207
-186
-210
-246
-295
-369
-485
-604
-694
-792
-865
-950
-1108
-1298
-1429
-1472
-1585
-1832
-2134
-2437
-2739
-2993
-3122
-3166
-3268
-3353
-3250
-2939
-2584
-2254
-1800
-1229
-745
-383
0
504
979
1278
1516
1767
2030
2248
2490
2777
3008
3181
3319
3480
3605
3647
3643
3549
3373
3092
2755
2407
2044
1697
1313
897
503
191
-46
-269
-484
-737
-979
-1146
-1269
-1426
-1660
-1760
-1698
-1657
-1673
-1591
-1224
-819
-526
-198
239
713
1035
1326
1614
1760
1809
1792
1772
1662
1473
1347
1218
1064
888
791
786
728
632
530
447
344
167
-20
-205
-421
-655
-875
-1045
-1165
-1261
-1309
-1278
-1195
-1094
-954
-756
-576
-463
-349
-209
-93
-112
-160
-159
-198
-302
-465
-549
-622
-758
-867
-980
-1057
-1180
-1310
-1384
-1504
-1631
-1897
-2241
-2553
-2774
-2856
-3032
-3234
-3317
-3215
-2958
-2724
-2386
-1910
-1405
-941
-534
-63
433
858
1216
1492
1728
1926
2149
2407
2623
2799
2942
3109
3278
3395
3477
3501
3468
3358
3162
2873
2548
2255
1926
1508
1041
646
341
44
-242
-491
-696
-889
-1048
-1164
-1334
-1506
-1551
-1499
-1530
-1642
-1577
-1292
-1011
-835
-588
-174
239
565
889
1223
1476
1619
1710
1747
1700
1600
1505
1396
1199
975
845
787
686
531
411
358
304
192
64
-31
-128
-291
-493
-677
-826
-970
-1094
-1154
-1184
-1177
-1108
-980
-815
-686
-543
-388
-233
-109
-68
-18
-16
-63
-140
-286
-413
-564
-694
-834
-1026
-1167
-1309
-1400
-1468
-1561
-1685
-1922
-2178
-2396
-2545
-2646
-2805
-2973
-3057
-2985
-2816
-2607
-2316
-1915
-1449
-1042
-640
-154
388
858
1184
1486
1782
2028
2219
2404
2631
2760
2821
2910
3040
3165
3183
3188
3206
3134
2949
2710
2521
2306
1958
1556
1167
830
487
134
-142
-385
-640
-887
-1084
-1196
-1310
-1434
-1507
-1507
-1475
-1487
-1413
-1218
-986
-767
-569
-264
91
396
677
945
1194
1344
1444
1547
1570
1521
1433
1346
1218
1048
919
811
705
560
424
340
257
167
64
-23
-125
-262
-397
-548
-679
-798
-898
-967
-1026
-1033
-988
-913
-808
-688
-567
-429
-302
-193
-106
-72
-62
-99
-156
-229
-343
-459
-608
-736
-862
-999
-1107
-1237
-1323
-1395
-1498
-1656
-1917
-2164
-2335
-2432
-2564
-2782
-2923
-2914
-2785
-2636
-2447
-2129
-1715
-1288
-905
-496
-6
485
888
1184
1456
1715
1952
2163
2336
2486
2582
2663
2772
2890
2967
2991
3023
3027
2944
2782
2601
2456
2241
1907
1526
1167
858
524
192
-94
-354
-585
-789
-949
-1081
-1201
-1288
-1321
-1337
-1370
-1373
-1269
-1097
-961
-841
-625
-326
-46
185
441
727
964
1121
1244
1361
1416
1411
1373
1293
1176
1045
944
836
684
526
411
346
239
109
11
-54
-128
-240
-342
-435
-518
-597
-689
-760
-825
-864
-852
-828
-791
-738
-622
-482
-394
-323
-235
-124
-53
-81
-110
-137
-202
-314
-465
-573
-698
-870
-1014
-1165
-1296
-1411
-1516
-1626
-1844
-2100
-2272
-2357
-2436
-2606
-2765
-2783
-2682
-2550
-2415
-2196
-1861
-1469
-1101
-749
-334
135
587
944
1214
1486
1768
2030
2239
2399
2525
2630
2736
2836
2911
2940
2953
2965
2912
2785
2627
2489
2336
2080
1746
1403
1106
831
522
212
-79
-323
-521
-708
-860
-1021
-1178
-1293
-1330
-1326
-1381
-1403
-1312
-1138
-993
-884
-650
-350
-78
142
371
651
864
1027
1146
1235
1292
1261
1247
1185
1067
955
835
753
614
475
397
325
245
125
32
-27
-91
-177
-298
-398
-500
-601
-688
-762
-798
-831
-826
-799
-766
-704
-612
-477
-398
-334
-228
-132
-62
-79
-84
-87
-174
-275
-414
-528
-659
-840
-976
-1134
-1261
-1365
-1468
-1592
-1807
-2003
-2136
-2218
-2326
-2472
-2580
-2615
-2554
-2465
-2316
-2092
-1801
-1447
-1121
-756
-345
96
529
857
1170
1461
1738
2000
2198
2373
2486
2569
2673
2750
2809
2826
2847
2854
2785
2679
2566
2459
2299
2050
1768
1489
1206
915
629
332
35
-236
-467
-647
-817
-944
-1043
-1129
-1222
-1356
-1400
-1341
-1241
-1212
-1261
-1142
-906
-666
-456
-265
46
314
538
772
971
1178
1267
1305
1291
1211
1159
1081
971
783
603
505
426
342
209
132
103
63
21
-60
-78
-105
-192
-316
-474
-543
-608
-688
-768
-851
-844
-824
-767
-666
-584
-474
-364
-231
-138
-103
-38
19
8
-125
-251
-307
-406
-602
-833
-974
-1092
-1262
-1390
-1490
-1614
-1824
-2058
-2117
-2147
-2276
-2434
-2527
-2450
-2393
-2355
-2201
-1965
-1637
-1373
-1114
-743
-323
126
464
774
1120
1432
1724
1950
2177
2361
2467
2566
2662
2771
2796
2788
2822
2818
2749
2596
2498
2436
2253
1984
1692
1473
1229
910
615
335
80
-204
-454
-639
-837
-985
-1088
-1142
-1221
-1348
-1368
-1308
-1211
-1187
-1183
-1039
-864
-687
-551
-375
-80
153
332
503
717
942
1043
1107
1125
1120
1117
1064
990
856
711
598
496
381
240
161
114
69
-10
-91
-92
-114
-165
-267
-384
-430
-491
-555
-629
-687
-687
-686
-662
-615
-536
-441
-363
-284
-229
-179
-120
-94
-117
-170
-231
-290
-405
-554
-664
-789
-914
-1077
-1201
-1234
-1373
-1577
-1800
-1922
-1950
-2101
-2253
-2364
-2381
-2320
-2312
-2180
-1981
-1730
-1429
-1177
-827
-468
-86
301
613
943
1202
1460
1718
1929
2110
2202
2312
2434
2549
2619
2628
2695
2726
2695
2599
2487
2453
2313
2084
1834
1583
1365
1059
762
495
209
-56
-316
-497
-670
-843
-981
-1097
-1146
-1226
-1309
-1321
-1303
-1233
-1202
-1164
-1037
-880
-696
-544
-348
-99
116
319
505
703
861
956
1035
1068
1077
1039
985
917
797
686
578
505
405
280
204
126
76
3
-68
-91
-134
-173
-251
-326
-377
-436
-469
-523
-563
-596
-617
-584
-554
-507
-445
-368
-282
-225
-168
-136
-99
-84
-121
-170
-260
-329
-426
-568
-707
-862
-961
-1051
-1171
-1326
-1543
-1726
-1857
-1936
-2046
-2208
-2320
-2351
-2281
-2229
-2146
-1952
-1706
-1420
-1179
-898
-526
-153
212
488
758
1056
1327
1590
1786
1956
2095
2219
2352
2440
2525
2576
2620
2646
2591
2525
2446
2378
2272
2059
1817
1580
1378
1137
831
555
294
50
-201
-421
-577
-722
-845
-949
-1033
-1077
-1095
-1088
-1075
-1072
-1061
-1029
-943
-837
-752
-662
-548
-388
-223
-70
115
302
468
603
722
851
941
986
986
941
885
795
709
619
492
368
252
166
91
13
-48
-87
-112
-131
-146
-157
-164
-201
-254
-290
-329
-370
-422
-461
-481
-501
-501
-478
-443
-398
-343
-296
-245
-213
-189
-176
-201
-232
-305
-406
-507
-647
-774
-914
-1037
-1121
-1283
-1493
-1706
-1828
-1845
-1959
-2126
-2238
-2225
-2126
-2084
-2010
-1835
-1590
-1329
-1109
-842
-504
-157
160
418
690
965
1236
1482
1676
1865
2000
2138
2279
2393
2488
2521
2571
2602
2574
2497
2401
2346
2229
2008
1755
1541
1363
1117
824
556
314
86
-156
-360
-517
-680
-809
-909
-978
-1045
-1104
-1097
-1090
-1084
-1096
-1091
-1009
-910
-801
-741
-676
-480
-286
-115
18
190
439
585
696
814
923
1010
1002
981
928
861
785
681
562
404
303
222
141
55
-43
-59
-78
-95
-120
-160
-138
-166
-230
-299
-365
-382
-438
-501
-551
-577
-568
-564
-523
-491
-445
-372
-309
-243
-230
-205
-175
-192
-257
-354
-433
-527
-656
-802
-913
-1003
-1128
-1315
-1519
-1653
-1715
-1768
-1904
-2033
-2053
-1992
-1904
-1866
-1749
-1548
-1334
-1102
-890
-600
-282
22
318
550
798
1053
1305
1531
1683
1832
1975
2119
2225
2291
2361
2389
2424
2416
2360
2295
2213
2139
1976
1754
1538
1345
1166
915
643
399
179
-23
-225
-387
-536
-676
-783
-866
-920
-968
-980
-974
-975
-972
-944
-897
-865
-829
-741
-620
-533
-462
-314
-114
63
182
321
511
659
762
839
900
927
910
874
801
712
616
505
387
249
141
63
-6
-69
-133
-152
-149
-135
-137
-164
-176
-200
-232
-289
-351
-386
-443
-498
-537
-551
-544
-544
-509
-451
-393
-328
-268
-198
-172
-182
-179
-201
-264
-374
-490
-587
-711
-840
-951
-1077
-1263
-1459
-1576
-1613
-1679
-1822
-1921
-1918
-1839
-1789
-1743
-1584
-1385
-1189
-1019
-815
-498
-210
37
270
501
756
965
1178
1393
1569
1700
1822
1972
2098
2173
2223
2284
2336
2306
2245
2191
2142
2047
1841
1646
1484
1302
1090
842
622
411
182
-24
-204
-355
-488
-604
-702
-783
-844
-884
-899
-906
-924
-923
-894
-844
-808
-779
-721
-635
-523
-422
-325
-175
-3
145
268
388
549
690
769
812
826
835
814
757
680
575
466
362
252
147
58
-5
-60
-113
-153
-156
-145
-142
-141
-174
-210
-233
-261
-304
-379
-429
-459
-491
-504
-519
-498
-462
-423
-373
-330
-266
-217
-172
-158
-162
-168
-206
-255
-352
-457
-541
-647
-740
-850
-1003
-1194
-1372
-1449
-1493
-1612
-1761
-1838
-1798
-1730
-1719
-1647
-1467
-1266
-1094
-934
-684
-374
-118
104
319
553
780
977
1176
1349
1486
1599
1725
1860
1963
2028
2081
2147
2183
2158
2122
2088
2051
1930
1726
1555
1396
1218
986
738
541
327
107
-82
-228
-360
-504
-606
-676
-738
-798
-818
-806
-823
-845
-840
-795
-746
-722
-675
-614
-547
-473
-395
-273
-144
-28
76
183
325
458
563
633
685
729
737
730
703
648
559
447
356
253
149
65
-8
-74
-151
-187
-184
-181
-180
-190
-190
-187
-194
-200
-220
-251
-287
-335
-381
-411
-420
-420
-422
-417
-399
-352
-290
-236
-214
-203
-170
-159
-178
-245
-309
-363
-470
-575
-681
-780
-927
-1154
-1330
-1430
-1492
-1622
-1775
-1815
-1786
-1731
-1706
-1607
-1406
-1220
-1036
-851
-598
-319
-103
125
327
533
730
898
1102
1248
1381
1499
1622
1765
1849
1931
1996
2068
2109
2074
2058
2025
1980
1857
1674
1531
1357
1174
956
732
547
319
118
-48
-187
-304
-433
-524
-599
-647
-690
-708
-691
-717
-730
-728
-700
-650
-633
-604
-569
-520
-441
-383
-319
-230
-119
-3
80
165
283
408
488
535
576
609
628
597
544
490
426
353
260
159
69
1
-56
-107
-159
-181
-168
-143
-140
-141
-136
-123
-112
-137
-173
-202
-238
-283
-351
-390
-393
-411
-430
-439
-410
-367
-330
-302
-273
-233
-225
-220
-232
-283
-329
-403
-474
-555
-678
-789
-946
-1118
-1260
-1357
-1419
-1549
-1662
-1692
-1643
-1566
-1536
-1410
-1212
-1022
-847
-676
-407
-154
40
222
396
605
762
903
1055
1178
1300
1399
1532
1653
1725
1807
1871
1954
1977
1952
1945
1920
1868
1722
1553
1423
1271
1076
843
653
477
273
93
-62
-172
-288
-404
-473
-529
-566
-605
-622
-619
-639
-652
-651
-629
-614
-610
-570
-533
-488
-445
-381
-295
-242
-169
-76
42
128
193
288
371
446
479
506
541
514
475
421
373
323
240
157
77
13
-43
-86
-115
-138
-145
-145
-127
-113
-122
-113
-119
-129
-159
-222
-255
-298
-351
-393
-416
-415
-427
-430
-401
-357
-324
-309
-280
-236
-217
-220
-238
-269
-311
-371
-416
-487
-578
-689
-841
-987
-1114
-1190
-1272
-1425
-1518
-1536
-1488
-1440
-1424
-1287
-1112
-945
-778
-598
-339
-122
58
228
399
582
721
860
982
1095
1196
1276
1409
1511
1589
1653
1720
1826
1836
1826
1829
1818
1781
1626
1487
1378
1238
1043
809
642
458
255
87
-51
-157
-292
-388
-446
-493
-520
-556
-551
-559
-592
-601
-586
-558
-587
-608
-582
-537
-506
-502
-434
-348
-293
-245
-159
-8
81
124
206
311
394
405
423
456
462
428
370
341
289
210
141
83
39
-24
-57
-66
-76
-84
-104
-89
-71
-83
-99
-107
-96
-136
-196
-224
-253
-292
-345
-370
-366
-366
-372
-352
-313
-287
-264
-242
-207
-196
-221
-236
-264
-298
-357
-428
-487
-561
-663
-820
-952
-1034
-1094
-1192
-1345
-1410
-1402
-1358
-1327
-1308
-1168
-1003
-855
-717
-549
-293
-88
71
224
399
590
712
835
952
1060
1149
1231
1361
1442
1494
1551
1629
1704
1684
1668
1681
1672
1595
1433
1330
1239
1081
890
698
555
382
196
40
-83
-191
-321
-403
-451
-496
-527
-547
-529
-536
-566
-563
-546
-539
-573
-570
-521
-491
-481
-460
-379
-305
-268
-215
-107
11
73
135
228
315
374
393
422
450
441
415
376
340
287
219
169
117
70
29
4
-10
-40
-60
-63
-47
-51
-81
-91
-96
-104
-136
-172
-195
-229
-269
-300
-317
-324
-331
-338
-324
-305
-293
-281
-268
-247
-248
-260
-260
-278
-305
-353
-394
-438
-488
-558
-684
-808
-901
-952
-1027
-1181
-1266
-1262
-1222
-1217
-1233
-1116
-947
-818
-709
-559
-324
-129
18
169
335
500
619
741
846
932
1008
1086
1190
1247
1290
1352
1426
1502
1491
1480
1511
1520
1462
1336
1252
1172
1033
852
676
546
388
211
58
-64
-162
-275
-340
-379
-430
-456
-465
-444
-453
-480
-464
-433
-434
-463
-455
-415
-399
-412
-398
-318
-258
-249
-215
-116
2
45
81
176
272
324
328
363
417
410
373
345
314
267
208
154
104
51
-5
-20
-21
-53
-75
-80
-51
-43
-77
-79
-65
-66
-103
-149
-156
-173
-228
-281
-294
-293
-310
-327
-327
-306
-288
-278
-265
-267
-265
-269
-266
-276
-311
-337
-370
-394
-429
-481
-531
-625
-719
-790
-829
-892
-1011
-1077
-1077
-1054
-1049
-1032
-926
-802
-696
-588
-431
-228
-78
62
202
350
481
585
709
798
859
913
976
1059
1105
1139
1188
1249
1296
1291
1291
1313
1319
1262
1165
1100
1018
903
758
614
500
338
188
71
-40
-129
-230
-292
-333
-378
-396
-401
-379
-387
-397
-379
-365
-357
-369
-353
-337
-342
-335
-309
-259
-262
-255
-180
-87
-39
-39
41
167
230
241
256
332
369
332
309
298
285
229
166
116
70
29
-16
-34
-58
-87
-88
-74
-57
-86
-107
-71
-58
-88
-138
-141
-133
-172
-222
-255
-252
-262
-301
-318
-313
-308
-313
-306
-293
-277
-262
-258
-247
-248
-261
-261
-271
-294
-336
-365
-393
-483
-594
-667
-692
-743
-858
-927
-926
-893
-884
-882
-796
-677
-577
-476
-341
-173
-37
82
204
323
429
511
596
661
709
758
804
869
916
944
975
1027
1085
1085
1077
1090
1102
1070
990
936
878
788
670
548
442
330
210
107
16
-69
-144
-194
-230
-268
-288
-287
-273
-290
-322
-320
-306
-316
-354
-366
-345
-329
-328
-318
-263
-200
-149
-95
-25
68
141
197
247
293
325
334
336
325
292
253
220
179
122
79
51
37
14
-18
-17
-13
-25
-51
-69
-66
-80
-119
-154
-175
-198
-232
-262
-288
-306
-320
-327
-320
-325
-327
-313
-296
-275
-270
-266
-248
-235
-230
-242
-250
-250
-253
-267
-294
-311
-317
-328
-370
-442
-498
-522
-541
-610
-682
-705
-696
-686
-703
-678
-589
-507
-439
-356
-238
-105
3
105
206
297
385
468
536
581
621
668
722
761
772
796
848
893
902
893
913
943
931
886
841
809
752
661
567
489
394
293
204
119
41
-36
-90
-119
-163
-207
-216
-213
-225
-258
-286
-279
-281
-315
-342
-330
-300
-303
-303
-258
-189
-146
-111
-44
36
89
134
180
222
243
253
264
257
235
202
182
174
143
109
90
89
79
50
37
39
31
-4
-33
-51
-75
-110
-158
-189
-217
-246
-277
-295
-303
-315
-313
-309
-307
-299
-290
-272
-259
-263
-262
-250
-244
-256
-270
-272
-262
-264
-277
-280
-268
-267
-273
-302
-347
-387
-418
-437
-489
-557
-594
-596
-591
-599
-588
-532
-462
-400
-337
-248
-129
-26
52
130
221
303
371
420
461
504
539
575
612
630
651
691
734
761
768
786
820
828
794
765
739
704
640
564
499
420
336
251
181
115
52
-5
-40
-75
-112
-137
-152
-161
-188
-221
-222
-213
-231
-252
-245
-211
-195
-192
-161
-108
-63
-38
-1
51
97
130
149
174
197
206
210
203
190
169
150
144
126
93
70
57
46
18
-15
-32
-46
-79
-121
-149
-167
-192
-232
-254
-266
-284
-298
-307
-299
-303
-317
-303
-296
-293
-286
-288
-272
-277
-289
-283
-278
-270
-274
-279
-267
-250
-240
-230
-223
-216
-213
-228
-255
-272
-293
-324
-375
-412
-428
-450
-466
-468
-447
-416
-376
-318
-252
-178
-99
-18
62
128
197
264
320
368
398
431
463
494
521
538
562
591
618
637
655
678
691
689
675
663
645
603
557
503
452
388
317
261
198
135
70
16
-24
-73
-108
-134
-152
-177
-205
-193
-180
-176
-181
-170
-125
-103
-88
-66
-33
6
24
49
72
95
111
118
133
138
146
151
156
159
146
147
146
135
116
88
75
54
17
-23
-58
-87
-128
-169
-203
-234
-257
-283
-299
-310
-317
-321
-318
-313
-310
-305
-298
-288
-286
-287
-286
-281
-280
-288
-287
-277
-265
-263
-262
-252
-235
-219
-211
-204
-198
-197
-206
-221
-239
-253
-281
-315
-338
-349
-350
-354
-350
-331
-295
-251
-202
-149
-92
-27
45
113
167
218
269
318
354
376
402
429
450
462
471
495
514
529
535
541
562
570
559
535
514
494
460
414
352
295
245
189
134
76
35
2
-31
-54
-62
-57
-47
-36
-23
-2
23
46
67
79
89
106
118
122
114
112
122
115
111
106
106
111
109
107
105
107
104
97
83
68
49
19
-8
-36
-69
-107
-142
-172
-207
-230
-251
-277
-293
-308
-316
-322
-328
-330
-334
-327
-333
-330
-327
-330
-327
-329
-333
-334
-329
-320
-316
-307
-293
-284
-274
-262
-253
-247
-240
-230
-230
-235
-241
-240
-242
-250
-250
-244
-230
-220
-210
-183
-153
-119
-85
-44
3
45
87
124
160
195
233
258
279
296
313
333
349
365
378
388
404
422
432
438
441
449
450
441
426
404
380
350
320
284
243
200
164
138
102
69
52
48
47
42
48
62
79
85
90
109
124
132
129
125
127
118
108
98
82
74
73
74
73
72
75
79
90
92
90
84
72
51
24
-2
-33
-68
-111
-154
-184
-216
-246
-272
-294
-305
-313
-318
-322
-325
-322
-319
-315
-315
-319
-320
-324
-328
-338
-347
-345
-344
-340
-336
-329
-318
-306
-292
-273
-250
-232
-216
-200
-184
-170
-162
-163
-160
-150
-148
-147
-140
-129
-114
-105
-91
-59
-25
4
37
71
106
141
170
198
220
239
254
267
278
285
292
300
306
313
324
333
344
345
346
353
352
350
344
330
324
308
286
268
247
230
213
198
183
168
156
151
151
145
138
141
141
139
139
139
138
133
128
123
125
121
112
104
88
73
52
33
18
-9
-33
-56
-76
-94
-111
-123
-139
-155
-167
-187
-195
-206
-222
-235
-257
-265
-275
-294
-303
-313
-320
-326
-327
-322
-313
-300
-295
-286
-274
-261
-245
-238
-237
-232
-227
-228
-227
-225
-225
-222
-221
-218
-211
-197
-183
-173
-168
-149
-126
-105
-88
-74
-54
-34
-14
5
26
49
68
90
116
136
157
180
206
226
242
263
284
299
305
311
320
322
314
302
296
293
283
267
256
244
230
217
208
197
183
173
162
152
140
130
125
115
109
106
104
105
106
106
116
122
126
130
132
133
127
121
113
96
77
60
45
24
1
-17
-34
-46
-58
-70
-82
-91
-104
-117
-133
-148
-162
-186
-202
-221
-240
-249
-259
-262
-266
-271
-269
-260
-250
-246
-237
-221
-207
-198
-187
-176
-171
-163
-158
-158
-155
-152
-152
-153
-154
-151
-150
-142
-133
-125
-117
-105
-90
-81
-73
-65
-51
-40
-36
-26
-16
-6
2
10
25
44
66
83
99
120
138
154
173
184
194
208
216
222
223
220
223
221
214
205
200
197
189
179
170
168
163
158
152
144
138
133
127
120
115
106
96
87
80
73
67
62
56
54
58
62
65
62
69
76
75
77
75
68
63
55
41
26
11
-8
-28
-51
-68
-80
-97
-109
-120
-130
-139
-148
-152
-161
-166
-174
-182
-182
-190
-195
-197
-205
-207
-208
-204
-201
-194
-184
-181
-171
-158
-147
-134
-119
-109
-98
-88
-80
-66
-63
-63
-57
-57
-55
-53
-52
-52
-42
-32
-29
-21
-7
0
10
22
27
37
43
49
53
59
66
68
73
83
88
92
101
103
111
118
123
128
130
133
136
138
140
141
141
142
143
140
133
126
122
114
106
102
96
88
85
83
82
77
74
76
74
71
67
61
59
51
44
35
30
30
19
15
14
9
6
2
-5
-9
-13
-22
-31
-36
-44
-49
-54
-62
-70
-73
-79
-83
-88
-95
-100
-106
-113
-118
-123
-123
-128
-132
-129
-133
-133
-131
-130
-122
-120
-116
-110
-107
-101
-97
-88
-82
-81
-75
-70
-62
-61
-55
-48
-46
-42
-40
-34
-21
-10
-3
2
12
22
29
37
41
45
44
46
51
51
50
48
48
52
56
58
60
63
65
67
74
80
83
85
87
88
93
92
92
92
87
83
80
76
72
67
64
62
60
63
65
66
70
74
76
77
76
75
69
62
58
48
40
29
20
14
6
-1
-5
-8
-15
-20
-21
-24
-26
-29
-37
-37
-46
-55
-58
-66
-76
-87
-92
-93
-95
-99
-97
-91
-96
-91
-87
-88
-83
-81
-81
-75
-72
-71
-62
-57
-50
-43
-39
-30
-25
-23
-22
-24
-26
-30
-31
-36
-36
-37
-37
-28
-19
-17
-8
1
7
16
17
23
26
27
28
29
25
20
21
15
13
7
9
15
18
32
44
53
64
70
78
77
76
76
70
66
55
49
41
35
28
22
20
14
19
22
25
29
31
39
43
44
46
48
45
40
38
34
30
24
18
15
9
6
0
-3
-3
-2
4
8
7
9
10
9
7
3
2
-6
-14
-20
-26
-35
-45
-53
-55
-55
-57
-59
-60
-61
-59
-58
-52
-49
-48
-45
-48
-44
-43
-42
-39
-40
-39
-41
-43
-42
-41
-39
-37
-34
-26
-20
-16
-11
-5
3
7
10
12
13
12
12
15
13
11
8
5
2
1
2
1
7
10
10
12
15
20
22
27
31
36
37
35
35
29
27
26
22
23
20
16
18
18
20
22
22
25
29
28
30
34
36
35
32
31
26
25
21
13
13
12
9
9
5
4
4
6
6
5
7
8
7
6
7
5
4
1
-4
-1
-6
-7
-6
-10
-10
-8
-10
-11
-11
-14
-16
-19
-22
-25
-31
