-35
21
32
-63
47
16
5
33
-58
24
22
-28
57
-37
-14
31
-11
20
-50
26
57
-9
-12
-54
7
36
-48
-3
65
32
-21
-10
9
-12
1
9
26
17
-26
-3
14
32
-20
-23
76
-14
-22
56
8
-6
-24
-13
58
-36
-62
31
18
-6
-18
19
44
-24
-50
48
24
-20
0
-19
21
-1
-26
22
1
-45
10
53
-29
-17
84
-9
-49
42
22
38
-18
-49
35
3
-19
-37
-28
33
4
-28
-16
5
-24
-38
10
-16
-31
-34
-36
29
-33
-37
43
-15
-4
3
-18
17
-23
-4
82
-14
-40
18
37
1
-64
31
-12
-20
11
-22
56
-30
-18
67
-26
9
0
-38
29
-30
-14
59
-73
-2
116
-40
-16
-9
-17
75
-44
9
53
-25
55
-5
7
16
-45
50
47
-29
-5
40
16
-20
-22
49
7
-15
6
-14
52
-54
-16
97
-76
11
94
-59
-9
7
-18
74
-56
-111
113
-32
-73
54
-49
47
20
-99
59
13
-86
41
39
-77
-3
44
-27
9
-63
-8
94
-70
-7
74
-50
39
19
-68
57
-29
-42
62
-78
4
41
-55
34
18
-19
16
30
-10
3
8
-31
14
29
-1
17
-16
-27
10
-37
9
5
-42
42
-28
-28
60
-41
-8
31
-13
17
3
-8
-22
-17
6
-8
-36
-10
38
25
-16
-29
39
14
-44
-38
27
18
-65
71
14
-96
20
32
59
-26
-42
72
49
-13
-45
52
55
-46
-19
21
14
-35
-25
11
4
9
-26
-2
52
19
-45
46
14
-3
18
-66
22
28
-39
-23
14
-13
-21
22
-10
37
49
-70
21
26
-38
30
11
20
1
-58
15
-2
-29
9
26
40
-21
-11
92
30
-36
31
5
17
-20
-64
61
-1
-74
57
-25
-51
21
-46
7
-2
-21
19
-66
-13
23
-52
29
4
-23
34
-33
0
-13
-9
44
-12
-6
-5
13
-7
-39
54
20
-48
4
-3
-3
-3
-40
61
0
-69
69
-17
30
47
-75
42
11
-24
57
-5
7
30
1
-14
4
-10
2
-40
-30
60
-24
-25
-10
-15
26
-50
35
19
-67
44
-43
-8
12
-51
21
3
-48
1
16
-22
19
20
15
43
-26
27
54
-28
12
39
55
2
-15
24
-26
17
19
-44
49
37
-3
7
-51
-6
7
-27
43
-41
-22
14
-65
32
-63
-7
69
-69
19
-37
38
58
-118
94
29
-99
70
-20
-21
52
-16
9
3
0
5
16
-6
15
63
24
-79
-25
25
-11
1
-86
58
60
-129
28
102
-87
27
60
-74
76
-28
-71
88
-82
20
48
-93
59
-51
-44
26
-40
36
-20
20
4
-49
51
-24
10
48
-71
-9
42
-12
1
10
62
-2
-21
25
-6
44
-8
-37
35
-24
-10
15
-62
-13
3
-25
9
15
-30
-1
25
-32
3
33
-66
32
-6
-24
43
-22
-8
48
39
-43
40
23
-30
5
-35
7
6
-92
-2
30
-39
-15
79
-3
-56
51
-28
32
50
-55
102
48
-123
126
39
-113
139
-51
-22
114
-115
75
87
-60
36
-27
22
-6
-70
-20
12
20
-87
19
50
-47
13
40
-89
-24
111
-72
6
51
-43
68
-46
-11
28
-58
50
-22
-48
82
-53
6
26
-63
23
-97
33
41
-123
79
5
-63
111
-80
5
79
-93
19
16
-20
20
-27
-24
-32
23
50
-57
-5
40
10
-12
-54
-25
40
-14
-9
7
56
8
-15
35
-81
-1
85
-94
33
86
-51
99
-76
-14
145
-120
7
34
-122
66
-33
-22
97
-36
20
39
-41
-10
32
8
6
-4
71
26
-53
8
-70
-3
24
-75
64
-14
-26
51
-17
19
2
-1
14
-20
41
-4
-70
-10
18
14
-61
5
89
-34
29
34
-75
68
-76
17
47
-75
69
-32
41
-7
-90
105
32
-59
31
-13
20
-7
-77
-3
97
-47
-101
109
-83
22
39
-147
169
3
-116
90
-64
10
77
-119
88
138
-125
32
21
-60
1
-63
12
45
-73
-78
92
-10
4
-49
1
136
-84
-18
86
-30
-4
-45
-68
71
-67
-18
-10
-30
75
6
-59
24
55
-21
-3
69
-2
5
30
-57
60
5
-49
82
22
-110
4
16
-49
19
47
9
-4
-4
25
-35
8
69
-70
10
15
-28
37
-25
-53
108
6
-24
80
-61
111
45
-145
87
4
12
23
-129
121
58
-116
27
24
29
-65
-110
17
-7
-25
-32
-27
37
-11
-87
45
37
-66
-47
5
65
-60
-78
41
101
-65
-106
63
32
-4
-60
59
38
-42
46
14
13
29
-36
9
61
-32
25
29
-85
119
12
-91
84
-52
52
-15
-52
109
-34
-76
8
66
13
-36
40
-12
2
15
-5
23
-14
28
57
-84
-23
74
-111
11
25
-99
41
21
-28
-26
41
2
-26
73
-42
-25
-7
-14
49
-61
53
-3
-54
52
-90
51
59
-41
-34
-28
122
-36
-100
134
-47
15
68
-93
78
-32
-92
68
-34
-10
-36
-32
122
-50
-15
49
-23
-1
-40
32
42
-38
11
12
18
-79
-49
47
35
12
-87
39
74
-113
74
10
-54
115
-142
80
116
-150
55
19
-12
8
-23
17
38
30
-93
79
36
-122
83
-1
-47
17
3
9
-3
68
-29
-86
87
14
-112
48
5
10
-42
-79
93
-61
-45
88
-39
13
40
-79
95
53
-72
8
25
-48
-50
64
-7
14
14
-109
68
-72
-35
79
-140
120
70
-74
107
-9
-65
27
-37
97
-11
-105
104
13
-65
-5
1
41
45
-94
-13
79
-59
-70
43
43
-86
-7
129
-7
-88
-6
20
-23
-16
-10
74
44
5
16
40
26
-165
39
-60
-53
173
-142
78
184
-144
23
27
-40
142
-115
-105
137
-33
-130
111
80
-81
53
-114
14
152
-265
49
135
-168
167
-37
-117
106
-83
7
-1
-113
82
46
-28
30
75
-19
-19
16
-80
-5
19
-14
24
6
33
20
-37
73
-3
-27
105
-154
16
132
-216
100
52
-98
116
-55
-10
83
-130
3
96
-58
21
-35
-23
104
-89
-75
62
52
36
-56
15
58
9
-30
-27
70
2
-110
50
90
-105
24
107
-107
-15
-76
-5
161
-105
46
24
-38
65
-123
-45
54
40
-91
-27
128
-37
-56
-31
37
98
-83
-19
126
-7
-4
-53
-83
72
-47
-29
24
-30
53
-22
0
15
-17
26
-17
39
24
-42
53
46
-79
-19
59
-74
-26
72
-61
34
6
-70
127
-19
-175
142
-5
-152
142
-27
20
88
-104
44
88
-45
-53
10
49
-65
19
52
-6
-4
-52
87
-22
-26
117
-134
25
58
-151
139
-87
-19
149
-195
60
99
-130
28
-10
6
43
-52
82
21
-116
15
67
-59
-25
12
-32
59
-17
-105
152
8
-93
69
-61
113
-78
-117
162
-94
61
-20
-39
189
-143
-9
33
-19
38
-121
68
64
-72
-1
70
10
-40
43
-45
-28
99
-73
0
83
-28
36
-27
44
-16
-153
104
45
-94
37
4
35
5
-106
89
59
-132
-36
42
40
-30
-41
6
24
-38
-76
43
94
-76
-54
81
13
-52
-76
56
27
-62
50
-16
-10
18
-35
29
33
-53
-11
135
-73
12
69
-9
44
-69
19
20
-11
-30
-31
67
5
-65
71
52
-19
-13
-3
-30
33
-13
-22
65
-37
-17
25
-14
-36
11
11
-17
65
-70
-56
111
-57
-10
-60
46
129
-76
-34
76
-19
-36
-17
-47
147
-36
-88
129
-12
-58
-1
-90
86
56
-138
109
48
-105
74
-50
4
33
-85
62
-25
-7
-7
-39
56
-38
-59
56
106
-88
-37
21
-48
75
-93
114
10
-97
154
-137
-14
42
-64
98
5
-72
44
34
-60
28
60
-62
3
64
-16
-59
21
22
11
-32
-42
32
-31
77
3
-92
73
-55
47
-8
-109
125
-93
76
-37
-32
83
-119
89
-49
-22
72
-31
25
-44
36
65
-61
70
-109
37
136
-148
62
27
-44
104
-154
55
78
-120
63
-11
65
1
-90
41
10
22
-75
-37
102
-123
85
16
-37
27
-130
132
8
-79
110
-120
47
92
-156
102
-33
-56
66
-52
11
-33
-10
55
-38
32
29
-71
42
104
-96
-30
63
-96
58
45
-58
76
-56
41
24
-153
119
1
-23
62
-111
74
63
-66
-20
16
49
-37
-44
26
-5
-20
-8
45
30
-65
-14
36
29
2
-39
19
30
-65
-5
16
-33
-16
0
63
-13
-64
41
6
61
7
-109
34
76
-47
-42
47
16
22
-49
-15
49
-46
53
20
-88
52
-38
-18
38
-31
46
2
-14
32
-15
-71
80
51
-98
28
18
-37
19
-38
-1
26
-75
0
80
-25
20
12
-25
22
4
12
-11
-29
56
0
-63
62
-31
3
32
-32
36
-11
-22
57
-4
-44
38
-10
-16
10
-6
16
-34
12
44
-20
13
18
-39
-15
40
-34
-19
7
-5
-8
-5
0
-22
-21
11
-44
-26
87
-46
-30
18
14
-14
-39
25
30
-21
-25
14
-11
40
-10
-20
30
11
1
-28
-6
17
9
-43
-45
35
35
23
0
-49
-5
44
-63
-39
62
-7
4
-9
-16
38
-9
-1
-2
-36
64
-17
-26
36
-4
50
8
-11
-31
46
49
-6
34
11
41
30
-14
-7
44
64
-7
-11
22
-7
-42
-39
8
-3
-21
-7
-46
-20
-17
-80
-22
-16
-62
-40
-23
-25
-36
-32
-26
-54
-23
-22
-46
-19
-65
-55
-44
-76
-48
-82
-83
-40
-85
-108
-86
-47
-58
-89
-39
-30
-50
-16
-24
-13
38
49
61
91
105
102
110
149
145
147
183
183
185
172
142
164
190
186
151
139
142
123
158
130
99
55
82
169
56
43
41
6
93
53
40
59
17
61
29
16
21
-7
72
47
12
74
42
52
127
70
68
64
79
72
24
26
-27
17
2
16
10
-114
-94
-142
-226
-244
-427
-580
-672
-734
-683
-716
-829
-860
-804
-823
-882
-798
-721
-748
-808
-767
-477
-264
-217
-100
52
189
275
361
552
671
676
752
909
1032
1065
1073
1010
866
720
632
613
539
370
202
141
89
-39
-110
-190
-358
-485
-507
-429
-315
-338
-357
-237
-143
-73
-34
77
197
205
274
423
606
673
680
752
761
723
729
756
734
624
448
402
406
244
128
32
-112
-164
-174
-172
-154
-194
-263
-266
-207
-180
-151
-128
-91
5
59
55
89
77
-5
25
-12
17
91
-1
14
-15
-213
-275
-418
-645
-1014
-1766
-2116
-2052
-2003
-1966
-2168
-2103
-1814
-1815
-1827
-1722
-1482
-1403
-1447
-1119
-524
137
544
648
965
1173
1299
1522
1664
1858
1904
1970
2224
2422
2419
2220
1842
1408
985
724
586
445
180
-69
-96
-195
-412
-681
-969
-1252
-1594
-1634
-1349
-1068
-922
-965
-704
-356
-267
-62
209
407
526
663
1076
1497
1615
1527
1411
1396
1346
1299
1219
1112
971
728
645
650
540
359
134
2
-56
-171
-186
-234
-285
-265
-298
-230
-124
-155
-106
4
80
166
181
344
354
210
242
166
200
172
-85
-59
-157
-261
-240
-486
-721
-1157
-1493
-1563
-1997
-2635
-3305
-3462
-3083
-3052
-3052
-2895
-2612
-2310
-2377
-2118
-1488
-1058
-739
-549
93
1052
1645
2048
2204
2348
2552
2592
2636
2738
2878
2852
2625
2470
2222
1900
1392
577
-63
-469
-683
-828
-1081
-1219
-1351
-1498
-1593
-1740
-1652
-1521
-1537
-1367
-961
-359
153
446
635
755
978
1197
1488
1855
1982
1952
1929
1980
1968
1757
1465
1096
773
575
361
296
193
-87
-328
-520
-541
-495
-451
-413
-350
-113
76
237
463
528
562
537
590
750
799
931
901
798
719
555
560
350
0
-198
-466
-559
-676
-893
-796
-793
-948
-1261
-1781
-2055
-2245
-2541
-2860
-3322
-3719
-3685
-3453
-3063
-2688
-2583
-2332
-1978
-1571
-1090
-598
-67
329
722
1301
1952
2524
2738
2629
2527
2436
2452
2419
2236
2118
1867
1492
1119
730
377
-200
-923
-1408
-1683
-1612
-1449
-1393
-1204
-1165
-1161
-944
-677
-296
54
293
649
1110
1529
1802
2010
2082
1908
1703
1561
1490
1390
1117
857
649
411
194
-44
-244
-442
-670
-752
-702
-560
-407
-318
-195
-98
37
306
563
805
995
1123
1329
1510
1543
1519
1416
1264
1102
966
840
660
428
-33
-347
-462
-731
-903
-1073
-1179
-1187
-1371
-1308
-1031
-887
-779
-915
-910
-869
-1164
-1225
-1249
-1518
-2041
-2890
-3301
-3059
-2786
-2549
-2508
-2517
-2237
-1923
-1588
-1218
-927
-557
-176
236
943
1723
2308
2383
2115
2086
2262
2422
2416
2276
2171
1926
1511
1153
831
490
-111
-872
-1242
-1236
-1065
-955
-1016
-1031
-1021
-932
-649
-327
2
305
554
918
1416
1869
2070
1976
1698
1472
1410
1453
1400
1040
477
-83
-434
-459
-383
-550
-805
-922
-801
-497
-282
-123
-3
-24
80
401
826
1178
1190
1094
1140
1222
1354
1427
1378
1248
1042
886
841
740
505
106
-302
-489
-642
-741
-738
-934
-1189
-1311
-1184
-742
-494
-427
-481
-474
-290
-365
-479
-540
-732
-905
-1227
-1579
-1945
-2635
-3374
-3934
-3892
-3407
-3109
-2871
-2636
-2280
-1828
-1577
-1143
-500
118
810
1378
2105
2950
3279
3227
3002
2830
2879
2829
2625
2325
1926
1412
755
155
-360
-816
-1266
-1783
-1992
-1859
-1713
-1574
-1477
-1297
-965
-571
-77
449
979
1424
1708
2018
2409
2661
2705
2430
1934
1686
1544
1286
908
291
-318
-1010
-1612
-1602
-1417
-1351
-1435
-1431
-972
-486
-138
95
278
580
815
1186
1751
2092
2072
1738
1559
1671
1617
1463
1301
1115
875
525
327
135
-312
-846
-1175
-1184
-1073
-1132
-1334
-1340
-1218
-1173
-840
-380
-142
-4
-118
22
242
-58
-177
-331
-659
-917
-1568
-2090
-2629
-3657
-4327
-4430
-4055
-3433
-3208
-3060
-2673
-2198
-1755
-1307
-576
389
1244
1911
2634
3441
3909
3776
3355
3018
2974
2980
2679
2284
1792
1068
292
-527
-1104
-1417
-1869
-2266
-2378
-2252
-1892
-1656
-1503
-1131
-734
-171
554
1195
1845
2283
2461
2697
2903
3022
2925
2552
2142
1774
1400
927
378
-206
-817
-1433
-2103
-2537
-2464
-2171
-1857
-1624
-1203
-522
-6
402
811
1198
1565
1829
2168
2585
2711
2486
2057
1687
1459
1200
971
751
429
65
-312
-566
-796
-1059
-1323
-1615
-1612
-1289
-965
-915
-1088
-804
-254
129
400
437
659
943
877
737
365
-95
-380
-904
-1428
-2070
-2961
-3891
-4959
-5580
-5202
-4488
-3971
-3857
-3746
-2873
-1901
-1302
-704
170
1411
2380
2916
3738
4545
4773
4168
3272
3118
3314
3031
2244
1321
731
80
-941
-1705
-2061
-2285
-2680
-3116
-2858
-2117
-1628
-1341
-1114
-545
396
1187
1950
2664
3111
3344
3346
3378
3483
3362
2917
2256
1683
1183
520
-268
-1074
-1741
-2261
-2664
-2843
-2877
-2803
-2652
-2345
-1605
-687
168
855
1377
1960
2438
2681
2884
3039
3056
2834
2489
2200
1787
1213
563
-4
-278
-523
-833
-1048
-1245
-1351
-1517
-1672
-1650
-1535
-1281
-903
-557
-245
85
373
684
1003
1176
1410
1556
1413
1041
262
-188
-461
-1270
-1984
-2714
-3524
-4167
-5406
-6339
-6040
-5265
-4500
-4240
-3916
-2701
-1475
-740
-207
585
2013
3082
3472
4032
4852
5422
4935
3682
3072
2980
2531
1542
477
-50
-500
-1375
-2302
-2808
-2853
-2962
-3215
-2969
-2185
-1282
-671
-400
205
1166
1979
2648
3150
3604
3914
3763
3501
3278
2982
2533
1760
1005
489
-50
-807
-1790
-2596
-2967
-3102
-3080
-2952
-2638
-2122
-1646
-1086
-346
534
1374
1938
2451
2916
3229
3331
3090
2810
2547
2151
1763
1295
750
205
-404
-873
-1159
-1361
-1508
-1582
-1492
-1368
-1319
-1285
-1273
-1095
-605
6
437
702
1010
1379
1625
1564
1473
1490
1465
1071
175
-450
-689
-1295
-2208
-3158
-3827
-4281
-5354
-6552
-6751
-5843
-4509
-3880
-3725
-2862
-1410
-315
223
870
2164
3482
3993
4144
4691
5415
5262
4041
2817
2354
2156
1300
64
-708
-1020
-1539
-2498
-3213
-3230
-2995
-3012
-2951
-2234
-1085
-216
174
554
1407
2423
3081
3477
3842
4107
4008
3548
3078
2689
2214
1459
561
-42
-525
-1133
-1876
-2550
-3017
-3335
-3287
-2883
-2299
-1732
-1365
-834
4
765
1477
2118
2582
2912
3057
3071
2957
2704
2290
1740
1301
907
415
-114
-646
-1037
-1314
-1480
-1492
-1434
-1293
-1205
-1181
-904
-574
-390
-182
59
592
1148
1229
1318
1573
1682
1601
1400
1259
984
273
-626
-1368
-1782
-2053
-2675
-3509
-4128
-4682
-5418
-6259
-6544
-5614
-4068
-3033
-2668
-2041
-565
859
1251
1360
2290
3691
4375
4202
4368
5029
4897
3431
1808
1193
1140
495
-727
-1484
-1490
-1710
-2593
-3312
-3205
-2629
-2336
-2209
-1490
-234
679
1038
1366
2053
2964
3504
3647
3820
3937
3752
3210
2466
1892
1428
731
-122
-806
-1215
-1604
-2228
-2931
-3339
-3179
-2708
-2344
-1893
-1195
-504
2
487
1158
1883
2382
2665
2899
3047
2964
2540
2007
1638
1278
846
451
33
-345
-658
-1047
-1280
-1315
-1322
-1225
-1092
-917
-653
-427
-343
-302
14
590
982
1114
1147
1309
1589
1485
1132
995
846
493
-221
-1229
-1811
-2025
-2473
-3158
-3936
-4382
-4720
-5704
-6484
-5928
-4276
-2827
-2517
-2446
-1178
536
1281
1306
1797
3156
4144
3950
3770
4419
4870
3943
2050
932
879
693
-322
-1356
-1588
-1490
-1989
-2853
-3044
-2526
-2050
-1895
-1505
-521
687
1350
1528
1872
2586
3310
3602
3539
3552
3563
3199
2466
1683
1174
760
10
-842
-1332
-1549
-1931
-2578
-3036
-3047
-2743
-2355
-1850
-1164
-566
-77
507
1146
1777
2277
2596
2818
2883
2781
2542
2177
1748
1284
806
396
63
-320
-675
-928
-1123
-1275
-1348
-1299
-1091
-871
-735
-535
-335
-208
-12
383
761
897
814
1041
1547
1685
1364
855
620
616
262
-467
-1181
-1820
-2232
-2679
-3130
-3426
-3997
-4945
-5994
-6320
-5249
-3651
-2629
-2346
-2020
-828
553
1246
1493
2086
3152
3755
3644
3876
4514
4604
3385
1625
785
766
427
-498
-1323
-1495
-1568
-2127
-2625
-2653
-2208
-1880
-1797
-1275
-178
806
1336
1532
1890
2597
3115
3319
3351
3329
3274
2904
2164
1518
1074
559
-187
-900
-1308
-1531
-1909
-2563
-3036
-2891
-2465
-2052
-1601
-1018
-262
388
910
1507
2089
2510
2674
2633
2670
2642
2357
1870
1330
893
484
37
-367
-642
-812
-944
-1116
-1238
-1175
-1064
-976
-808
-547
-311
-77
90
270
570
828
1051
1220
1336
1414
1312
1127
1084
684
2
-707
-1442
-1805
-2078
-2655
-3151
-3671
-4209
-4816
-5874
-6161
-5076
-3650
-2694
-2409
-1835
-359
811
1261
1454
2027
3182
3683
3534
3876
4425
4432
3231
1543
876
723
168
-778
-1523
-1525
-1508
-2127
-2621
-2685
-2270
-1857
-1707
-1096
-21
1013
1538
1696
2109
2760
3156
3260
3226
3257
3211
2800
2152
1485
943
367
-423
-1120
-1494
-1710
-1973
-2375
-2716
-2729
-2498
-2115
-1566
-925
-254
302
812
1432
2051
2440
2587
2589
2527
2432
2240
1881
1437
990
537
85
-343
-611
-767
-946
-1087
-1132
-1085
-971
-883
-678
-341
-127
86
217
407
776
908
1063
1311
1279
1312
1223
942
1001
710
-12
-647
-1457
-1897
-2163
-2867
-3173
-3561
-4444
-5250
-6190
-6092
-4652
-3467
-2783
-2584
-1970
-147
1068
1211
1530
2279
3265
3647
3484
4106
4829
4322
2791
1340
875
764
51
-1016
-1551
-1501
-1684
-2190
-2637
-2631
-2189
-2026
-1838
-963
185
1229
1722
1778
2345
2991
3282
3346
3114
3140
3217
2712
2033
1477
867
168
-768
-1525
-1761
-1940
-2244
-2619
-2916
-2825
-2508
-2167
-1628
-952
-276
405
1104
1830
2504
2778
2723
2694
2608
2548
2384
1983
1582
1072
511
33
-436
-680
-794
-961
-1043
-1025
-922
-795
-764
-672
-510
-307
-14
306
788
1136
1234
1275
1127
1315
1502
1130
980
832
368
-230
-1281
-2023
-2095
-2568
-3262
-4050
-4887
-5356
-6029
-6302
-5222
-3800
-3066
-2847
-2243
-614
947
1414
1526
2294
3396
3896
3911
4173
4705
4530
3162
1792
1303
955
170
-948
-1731
-1788
-1932
-2391
-2729
-2765
-2529
-2274
-1955
-1182
-123
840
1506
1867
2417
3102
3527
3564
3303
3129
3077
2816
2245
1631
1021
228
-684
-1428
-1868
-2083
-2392
-2752
-2787
-2740
-2591
-2169
-1668
-1068
-514
49
935
1914
2639
2970
2968
2925
2838
2579
2322
2067
1708
1249
692
173
-274
-689
-1014
-1236
-1300
-1236
-1039
-905
-805
-556
-418
-293
-57
230
676
1040
1154
1274
1372
1514
1585
1419
1184
979
698
3
-1028
-1810
-2141
-2400
-3045
-4003
-4619
-5158
-6041
-6492
-5794
-4262
-3193
-3128
-2641
-925
844
1501
1487
2144
3371
3887
3724
3982
4748
4849
3631
2146
1488
1222
382
-931
-1867
-2155
-2198
-2469
-2834
-2844
-2598
-2433
-2181
-1642
-719
481
1367
1858
2405
3139
3833
3955
3486
3168
3064
2812
2339
1790
1320
716
-263
-1287
-1915
-2220
-2539
-2910
-3017
-2904
-2654
-2175
-1595
-1093
-693
-230
579
1655
2552
3092
3269
3216
3001
2644
2306
2017
1715
1305
822
372
-33
-476
-917
-1226
-1371
-1395
-1242
-1001
-742
-449
-312
-191
52
258
573
843
1098
1447
1544
1600
1644
1551
1397
1057
575
-187
-1205
-1855
-2153
-2432
-3074
-4040
-4705
-5360
-6289
-6615
-5720
-4152
-3311
-3261
-2385
-461
1153
1552
1438
2181
3377
3753
3685
4114
4826
4680
3432
2159
1454
1038
178
-1168
-2119
-2395
-2390
-2458
-2734
-2867
-2622
-2342
-2081
-1608
-663
554
1424
1949
2540
3391
4130
4106
3580
3169
2955
2683
2145
1671
1294
585
-378
-1336
-1979
-2357
-2793
-3166
-3400
-3334
-2767
-2010
-1415
-999
-532
267
1063
1775
2516
3068
3393
3379
3133
2852
2517
2110
1613
1068
641
341
9
-452
-902
-1094
-1183
-1238
-1193
-1037
-752
-548
-482
-365
-45
392
842
1094
1260
1513
1598
1655
1708
1668
1426
804
-1
-742
-1257
-1727
-2379
-3097
-3919
-4866
-5880
-6790
-6720
-5768
-4880
-4296
-3792
-2488
-500
753
1198
1586
2319
3278
3673
3928
4719
5320
4990
3798
2677
2078
1434
306
-1139
-2094
-2299
-2368
-2537
-2815
-2950
-2791
-2758
-2657
-2089
-1060
112
901
1596
2596
3607
4220
4197
3838
3495
3123
2745
2391
1990
1476
717
-120
-917
-1623
-2211
-2812
-3323
-3719
-3751
-3187
-2469
-1817
-1272
-699
195
1055
1758
2451
2917
3249
3424
3362
3332
3154
2651
1966
1327
867
512
90
-363
-767
-1106
-1234
-1278
-1301
-1233
-1052
-910
-769
-513
-190
301
641
770
1049
1396
1649
1807
1745
1650
1623
1115
369
-321
-1058
-1605
-2334
-3264
-4061
-5160
-6318
-6891
-6734
-5844
-5035
-4680
-3923
-2446
-721
482
1025
1634
2555
3339
3715
4219
5009
5420
5048
4056
3154
2692
1871
479
-841
-1797
-2186
-2439
-2810
-2951
-2974
-3023
-3047
-2952
-2396
-1448
-521
293
1127
2183
3390
4152
4257
4073
3744
3343
2937
2532
2186
1798
1123
332
-420
-1123
-1764
-2487
-3259
-3871
-3985
-3588
-2974
-2317
-1701
-1006
-168
716
1593
2275
2721
3063
3251
3387
3546
3493
3170
2685
2028
1365
876
420
-110
-654
-1094
-1253
-1224
-1214
-1227
-1208
-1209
-1149
-975
-673
-205
194
515
801
1167
1643
1857
1939
2020
1873
1423
558
-301
-779
-1225
-1958
-3140
-4443
-5621
-6551
-6834
-6513
-5962
-5655
-5331
-4105
-2317
-836
127
739
1584
2439
2865
3531
4534
5279
5378
4855
4380
4194
3669
2522
979
-416
-1336
-1947
-2402
-2775
-2982
-3101
-3205
-3202
-3045
-2575
-1903
-1423
-898
31
1355
2723
3587
3973
4137
4114
3936
3631
3223
2761
2177
1552
1005
538
51
-592
-1458
-2527
-3391
-3732
-3730
-3631
-3520
-3093
-2155
-1033
59
973
1711
2283
2584
2711
2912
3198
3339
3263
3021
2780
2554
2172
1554
747
-40
-661
-1079
-1317
-1433
-1421
-1391
-1403
-1389
-1326
-1134
-862
-659
-534
-371
115
869
1471
1795
1949
2091
2000
1374
552
-110
-626
-1333
-2473
-3873
-5093
-5689
-5777
-5802
-5891
-5991
-5590
-4436
-3174
-2068
-1129
-186
862
1572
2092
2998
4142
4876
4868
4654
4751
4922
4619
3617
2361
1276
376
-505
-1403
-2069
-2419
-2809
-3304
-3590
-3410
-2907
-2556
-2433
-2072
-1200
-18
1056
1899
2599
3204
3637
3877
4017
3983
3716
3159
2511
1967
1524
1133
576
-309
-1350
-2189
-2688
-3082
-3497
-3789
-3716
-3186
-2470
-1555
-452
546
1294
1749
2026
2408
2807
2923
2847
2832
2929
3012
2877
2496
1980
1328
606
-46
-553
-840
-1088
-1416
-1669
-1682
-1493
-1260
-1135
-1148
-1103
-972
-779
-362
179
603
1076
1435
1454
1384
1177
788
345
-569
-1815
-3144
-4518
-5173
-5166
-5187
-5232
-5305
-4913
-3798
-2825
-2213
-1666
-1055
-320
308
960
2023
3237
4019
4209
4355
4640
4890
4795
3975
2885
1909
1145
554
-208
-908
-1367
-1811
-2338
-2760
-2783
-2613
-2638
-2813
-2708
-2012
-987
-103
690
1391
1972
2496
2944
3318
3499
3377
3004
2668
2440
2185
1951
1564
814
-125
-992
-1472
-1823
-2465
-2995
-3193
-3041
-2588
-2047
-1238
-381
164
531
920
1460
1963
2189
2196
2225
2399
2586
2688
2625
2360
1933
1357
801
336
-94
-448
-800
-1093
-1252
-1246
-1079
-1085
-1227
-1239
-1186
-1092
-948
-677
-263
137
497
717
769
780
691
425
-111
-965
-2090
-3361
-4305
-4600
-4535
-4543
-4767
-4620
-3773
-2868
-2163
-1626
-1128
-478
-63
229
965
1946
2834
3313
3481
3859
4361
4579
4310
3594
2668
1921
1319
578
-137
-697
-1177
-1615
-2089
-2283
-2036
-1918
-2138
-2374
-2277
-1660
-919
-391
123
726
1357
1928
2435
2874
3084
2983
2738
2446
2199
1994
1738
1361
660
-162
-606
-819
-1145
-1674
-2197
-2330
-2175
-1889
-1477
-949
-384
-45
185
629
1213
1614
1675
1634
1716
1880
2020
2133
2181
2013
1697
1354
1005
691
305
-138
-570
-939
-1086
-1044
-981
-933
-1024
-1188
-1128
-881
-710
-644
-512
-229
-67
-170
-152
41
102
-273
-1135
-2157
-3132
-3777
-3999
-4099
-4295
-4463
-4020
-3036
-2208
-1616
-1095
-593
-177
-54
219
986
1762
2201
2401
2778
3405
3923
4116
3904
3364
2590
1911
1426
748
65
-498
-950
-1305
-1764
-1849
-1539
-1446
-1720
-2024
-1774
-1134
-747
-569
-220
325
826
1255
1832
2430
2714
2601
2393
2375
2285
1995
1643
1244
701
-17
-460
-526
-767
-1259
-1741
-1837
-1614
-1441
-1186
-786
-422
-212
-6
398
929
1259
1253
1272
1467
1610
1686
1775
1835
1708
1357
1139
1089
861
437
-26
-348
-558
-747
-861
-885
-870
-1006
-1119
-966
-752
-576
-528
-502
-309
-374
-485
-316
-178
-218
-613
-1351
-2209
-3052
-3594
-3717
-3858
-4240
-4303
-3602
-2632
-1899
-1403
-885
-239
29
15
421
1083
1621
1848
1989
2507
3189
3636
3793
3657
3207
2580
2059
1610
956
143
-534
-890
-1245
-1612
-1593
-1321
-1283
-1622
-1856
-1508
-994
-809
-765
-496
33
483
892
1501
2105
2380
2375
2377
2483
2451
2150
1696
1162
525
-32
-278
-415
-723
-1144
-1371
-1306
-1130
-1009
-900
-660
-427
-383
-262
180
710
954
976
1079
1305
1569
1668
1633
1663
1527
1248
1094
985
859
568
170
-163
-389
-582
-703
-749
-935
-1144
-1198
-1038
-789
-694
-660
-428
-300
-409
-501
-410
-268
-481
-1174
-1936
-2605
-3148
-3369
-3513
-3778
-4020
-3797
-3020
-2127
-1485
-1036
-506
-86
6
147
617
1210
1527
1539
1829
2525
3125
3473
3575
3407
3002
2523
2143
1666
934
121
-475
-905
-1319
-1512
-1393
-1212
-1268
-1523
-1487
-1066
-751
-749
-774
-559
-205
158
616
1220
1765
2034
2129
2259
2401
2353
2073
1580
965
304
-76
-209
-465
-798
-1102
-1070
-815
-689
-585
-473
-393
-345
-378
-258
144
511
622
696
940
1269
1556
1610
1555
1503
1329
1192
1102
936
709
414
42
-256
-403
-481
-634
-831
-969
-1078
-1007
-866
-774
-662
-607
-481
-357
-387
-352
-256
-378
-790
-1512
-2323
-2849
-3050
-3190
-3447
-3715
-3624
-3051
-2427
-1866
-1275
-748
-311
-60
68
410
860
1127
1269
1442
1889
2558
3108
3378
3339
3105
2819
2498
2065
1469
739
81
-447
-967
-1366
-1402
-1242
-1251
-1396
-1434
-1155
-833
-769
-835
-823
-642
-363
-14
416
958
1386
1680
2046
2332
2459
2417
2127
1656
1091
461
36
-192
-517
-816
-920
-863
-656
-545
-461
-238
-171
-254
-269
-143
95
256
241
400
752
1049
1310
1448
1463
1413
1228
1035
937
785
495
201
-6
-146
-218
-341
-476
-580
-800
-952
-884
-799
-738
-707
-675
-529
-480
-526
-369
-301
-472
-945
-1822
-2556
-2878
-3063
-3321
-3712
-3890
-3379
-2632
-2044
-1428
-814
-267
59
175
425
840
1097
1152
1201
1428
1956
2501
2927
3223
3139
2879
2744
2497
1921
1173
436
-145
-706
-1267
-1463
-1336
-1287
-1437
-1497
-1198
-738
-555
-645
-691
-638
-529
-350
-57
440
884
1159
1595
2058
2343
2458
2376
2128
1621
906
352
73
-287
-728
-1008
-985
-720
-515
-396
-224
-98
-128
-220
-181
19
120
37
36
311
706
1041
1280
1435
1454
1350
1213
1098
934
664
348
79
-64
-147
-211
-318
-479
-653
-786
-746
-650
-674
-699
-699
-657
-621
-669
-625
-488
-515
-882
-1556
-2269
-2712
-2923
-3169
-3554
-3793
-3552
-2921
-2270
-1718
-1115
-466
20
258
456
831
1167
1272
1282
1364
1706
2193
2607
2874
2956
2869
2774
2682
2321
1619
833
181
-399
-1025
-1441
-1493
-1441
-1449
-1497
-1303
-805
-444
-400
-465
-440
-333
-214
-66
173
506
799
1122
1601
2036
2305
2365
2188
1867
1317
698
231
-203
-683
-1096
-1246
-1060
-807
-606
-387
-178
1
39
-24
48
187
168
96
190
496
874
1098
1232
1422
1459
1367
1275
1109
883
570
245
33
-132
-277
-401
-503
-622
-722
-745
-719
-684
-650
-596
-561
-562
-569
-549
-503
-527
-791
-1344
-2012
-2606
-2929
-3050
-3389
-3830
-3800
-3254
-2583
-1966
-1394
-711
-53
224
426
880
1266
1402
1365
1364
1621
1994
2365
2739
2926
2805
2668
2627
2448
1925
1110
376
-189
-846
-1451
-1698
-1637
-1586
-1651
-1540
-1043
-510
-277
-261
-252
-143
-50
-5
169
488
758
1034
1450
1880
2206
2372
2273
2023
1648
1064
463
-47
-566
-1057
-1400
-1430
-1172
-925
-705
-393
-101
47
117
174
242
297
245
223
438
762
1005
1137
1281
1478
1506
1367
1247
1110
813
410
118
-11
-151
-343
-449
-543
-662
-754
-763
-668
-654
-726
-679
-612
-626
-676
-717
-612
-611
-957
-1512
-2172
-2677
-2970
-3231
-3477
-3735
-3691
-3164
-2464
-1791
-1203
-503
205
549
752
1122
1509
1654
1528
1499
1756
2092
2366
2587
2710
2623
2428
2275
2026
1495
725
-34
-611
-1163
-1642
-1844
-1748
-1605
-1603
-1376
-762
-193
42
88
154
305
429
470
569
770
958
1159
1467
1862
2145
2182
2033
1713
1203
643
141
-393
-915
-1370
-1592
-1470
-1174
-879
-623
-302
42
252
331
392
497
519
436
435
636
966
1168
1212
1273
1387
1434
1334
1140
897
560
231
-29
-259
-411
-521
-642
-741
-780
-737
-656
-583
-647
-708
-535
-363
-389
-495
-530
-435
-479
-908
-1622
-2335
-2841
-3180
-3521
-3816
-3934
-3794
-3246
-2477
-1736
-1043
-300
352
745
1042
1347
1681
1881
1763
1705
1888
2236
2581
2660
2591
2530
2361
2060
1619
994
287
-462
-1131
-1687
-2040
-2098
-1968
-1776
-1578
-1200
-554
47
359
448
535
750
895
894
956
1161
1373
1486
1642
1913
2127
2105
1760
1196
634
88
-450
-989
-1522
-1883
-1888
-1595
-1131
-675
-269
181
512
728
859
932
966
856
684
686
874
1103
1226
1228
1237
1291
1267
1171
965
634
244
-169
-425
-512
-581
-652
-778
-858
-780
-662
-552
-459
-421
-346
-228
-212
-245
-293
-316
-407
-755
-1419
-2301
-3083
-3521
-3798
-4183
-4542
-4456
-3805
-2920
-2078
-1274
-414
413
929
1245
1651
2025
2141
2041
1978
2133
2453
2763
2869
2781
2593
2310
2061
1654
882
-59
-899
-1567
-2158
-2616
-2653
-2333
-1993
-1714
-1235
-431
346
798
903
1006
1281
1404
1411
1513
1599
1659
1728
1805
2032
2157
1940
1520
1030
466
-333
-1125
-1751
-2313
-2702
-2781
-2419
-1713
-1063
-467
258
925
1417
1667
1765
1851
1739
1467
1305
1293
1321
1311
1219
1159
1160
1052
867
647
329
4
-333
-657
-848
-899
-931
-1038
-1063
-968
-788
-535
-327
-137
29
235
512
546
427
306
146
-82
-712
-1805
-2843
-3607
-4158
-4620
-5068
-5229
-4882
-4086
-3104
-2100
-1129
-168
691
1164
1509
1959
2291
2457
2375
2319
2627
3018
3234
3298
3089
2689
2279
1744
1002
69
-955
-1825
-2458
-2933
-3130
-2918
-2429
-1916
-1432
-717
229
990
1342
1428
1569
1825
1928
1860
1900
2065
2145
2110
2131
2152
1999
1525
772
68
-686
-1618
-2347
-2810
-3103
-3170
-2965
-2257
-1258
-435
387
1227
1842
2181
2316
2367
2277
1997
1636
1479
1448
1304
1143
1026
958
820
516
252
103
-208
-618
-929
-1055
-1047
-1090
-1170
-1115
-843
-628
-432
-93
261
551
695
875
1173
1151
863
535
238
-164
-1141
-2488
-3680
-4477
-4981
-5531
-5896
-5789
-5188
-4091
-2883
-1721
-544
469
1275
1813
2181
2523
2807
2948
2773
2708
2997
3350
3536
3239
2695
2167
1497
719
-319
-1481
-2396
-3076
-3541
-3681
-3373
-2719
-1961
-1227
-520
429
1484
2078
2284
2310
2339
2498
2533
2447
2402
2405
2296
2082
1945
1706
1207
380
-659
-1473
-2231
-2975
-3361
-3601
-3595
-3140
-2378
-1245
-117
736
1598
2378
2869
3128
3137
2926
2664
2215
1676
1443
1248
902
583
274
103
-68
-363
-565
-718
-904
-1092
-1183
-1143
-1102
-1045
-925
-749
-466
-153
238
639
953
1307
1579
1788
1868
1613
1210
682
-15
-882
-2167
-3733
-5012
-5780
-6164
-6400
-6428
-5965
-4920
-3522
-2142
-861
308
1285
2011
2429
2760
3139
3357
3355
3250
3285
3526
3617
3329
2749
1986
1030
20
-963
-2029
-3027
-3789
-4141
-4036
-3618
-2862
-1867
-873
-76
663
1628
2464
2800
2821
2788
2925
3077
2972
2802
2700
2508
2110
1618
1169
631
-184
-1204
-2109
-2841
-3378
-3580
-3570
-3366
-2888
-2099
-940
271
1191
1939
2585
3061
3317
3297
3107
2788
2311
1777
1315
968
661
273
-160
-462
-646
-764
-870
-990
-1062
-1122
-1112
-1020
-982
-869
-711
-599
-330
55
525
985
1316
1685
1931
2011
2146
1945
1338
673
-139
-955
-2008
-3418
-4696
-5696
-6276
-6423
-6361
-5966
-5144
-3949
-2434
-996
175
1187
2015
2575
2925
3164
3368
3560
3540
3226
3053
3053
2821
2192
1237
225
-718
-1634
-2497
-3181
-3601
-3763
-3566
-3027
-2260
-1204
-179
671
1404
2024
2658
3100
3195
3071
2897
2838
2797
2582
2229
1805
1333
767
20
-654
-1196
-1793
-2390
-2774
-2905
-2833
-2554
-2127
-1553
-862
-34
951
1791
2343
2762
3016
3138
3038
2695
2255
1735
1202
701
214
-131
-331
-553
-824
-928
-851
-792
-776
-765
-730
-680
-634
-563
-402
-178
67
355
652
945
1324
1641
1775
1801
1767
1606
1263
654
-61
-766
-1539
-2426
-3486
-4627
-5557
-6031
-6068
-5795
-5432
-4854
-3691
-2155
-718
467
1425
2241
2855
3069
3077
3168
3307
3176
2701
2279
2118
1946
1355
410
-512
-1296
-1970
-2568
-3026
-3190
-3090
-2734
-2100
-1256
-327
612
1367
1885
2303
2736
3112
3196
2960
2631
2468
2366
1999
1469
1022
527
-75
-689
-1224
-1587
-1910
-2274
-2417
-2155
-1812
-1549
-1121
-579
-12
533
1046
1641
2171
2403
2534
2618
2517
2294
1913
1378
870
398
-60
-427
-677
-738
-690
-703
-685
-548
-450
-424
-380
-393
-407
-266
-42
163
330
595
888
1112
1263
1439
1568
1453
1220
922
635
147
-505
-1050
-1634
-2181
-2916
-3944
-4887
-5460
-5514
-5252
-4957
-4523
-3568
-2135
-708
484
1386
2140
2714
2846
2703
2625
2694
2610
2224
1693
1421
1385
1019
238
-629
-1286
-1793
-2246
-2580
-2699
-2424
-2012
-1459
-715
125
1027
1625
1937
2149
2426
2728
2741
2494
2210
2036
1882
1587
1148
697
261
-337
-962
-1444
-1648
-1703
-1837
-1905
-1663
-1194
-730
-299
40
392
835
1225
1608
1906
2105
2223
2121
2004
1832
1533
1108
550
80
-295
-537
-674
-763
-703
-546
-419
-340
-239
-136
-134
-198
-227
-194
-93
88
348
688
982
1233
1313
1295
1277
1130
904
495
124
-195
-619
-1044
-1536
-1992
-2576
-3435
-4315
-4959
-5049
-4791
-4519
-4148
-3318
-1937
-510
569
1331
1964
2458
2546
2311
2129
2097
2027
1726
1310
1182
1199
866
214
-605
-1269
-1741
-2138
-2400
-2417
-2045
-1479
-855
-184
533
1259
1707
1866
1921
2023
2182
2248
2166
1999
1898
1771
1489
1043
533
39
-548
-1150
-1529
-1670
-1646
-1578
-1455
-1157
-677
-198
129
336
608
964
1214
1398
1605
1870
2074
2042
1865
1612
1288
829
231
-254
-511
-640
-714
-712
-515
-244
-92
-80
-97
-42
-125
-290
-286
-156
-45
193
527
847
1088
1149
1083
998
946
773
428
117
4
-98
-368
-794
-1183
-1595
-2288
-3228
-4250
-4962
-4983
-4643
-4260
-3798
-2852
-1473
-243
650
1178
1649
2012
1893
1616
1539
1733
1888
1691
1405
1312
1282
876
22
-855
-1441
-1833
-2125
-2226
-1953
-1381
-726
-186
247
806
1268
1384
1343
1358
1605
1879
1982
2080
2146
2110
1863
1375
765
149
-422
-995
-1419
-1518
-1359
-1145
-1009
-795
-489
-208
-90
-58
98
418
772
1032
1360
1830
2191
2233
2013
1722
1315
768
234
-200
-389
-453
-454
-314
-166
-11
17
-98
-179
-278
-362
-359
-277
-146
80
323
561
746
920
965
794
593
419
407
295
203
225
203
141
-224
-669
-1186
-1755
-2375
-3251
-4053
-4649
-4680
-4157
-3556
-2996
-2391
-1398
-342
322
644
896
1276
1403
1240
1294
1714
2069
1876
1439
1190
1023
525
-333
-1077
-1459
-1625
-1739
-1602
-1163
-558
-92
117
347
612
807
841
936
1214
1538
1879
2169
2358
2272
1982
1570
971
367
-185
-630
-930
-1098
-1044
-823
-623
-518
-505
-524
-464
-477
-438
-139
319
886
1305
1633
1984
2123
1997
1600
1152
754
331
43
-137
-89
12
-64
-136
-128
-72
-180
-397
-498
-437
-311
-104
169
380
517
577
615
576
571
505
354
280
256
420
467
431
375
267
159
-290
-807
-1333
-1781
-2134
-2722
-3316
-3867
-4028
-3740
-3353
-2937
-2575
-1858
-978
-334
134
467
921
1235
1250
1291
1530
1837
1755
1309
946
781
493
-90
-708
-985
-1048
-1207
-1254
-1016
-564
-204
-65
57
288
598
782
890
1111
1437
1799
2064
2169
2130
1892
1457
949
430
-8
-310
-498
-627
-639
-561
-583
-733
-865
-845
-777
-654
-379
62
544
955
1287
1590
1782
1801
1626
1320
1081
864
613
394
286
243
138
-53
-162
-213
-280
-379
-448
-380
-233
-50
121
231
323
373
298
257
303
360
390
392
471
599
559
462
341
201
79
-170
-385
-707
-1111
-1436
-1824
-2185
-2840
-3618
-3926
-3788
-3332
-3026
-2705
-1951
-1055
-322
4
207
636
902
824
775
1102
1626
1693
1283
960
916
785
163
-603
-904
-923
-929
-936
-762
-296
41
78
13
92
336
553
680
856
1234
1710
2044
2078
1982
1783
1417
920
356
41
-40
-138
-259
-328
-378
-542
-760
-871
-878
-848
-712
-394
118
645
1025
1280
1439
1522
1452
1254
1093
995
876
729
602
558
486
246
-11
-224
-355
-402
-469
-454
-288
-117
-9
87
179
194
140
114
119
165
327
495
523
528
535
496
350
202
154
66
-78
-268
-423
-636
-1011
-1399
-1814
-2368
-3065
-3663
-3714
-3235
-2786
-2566
-2136
-1376
-612
-244
-246
-12
431
544
525
771
1337
1751
1550
1146
907
671
185
-434
-768
-718
-652
-664
-505
-196
18
0
-105
-142
-63
125
385
783
1204
1577
1897
2059
1975
1643
1256
908
630
381
251
294
270
90
-149
-466
-869
-1113
-1147
-1002
-745
-468
32
585
928
1130
1192
1170
1092
1001
941
960
1059
1023
848
711
532
270
-49
-334
-440
-429
-376
-242
-101
-56
14
45
2
-81
-108
-14
60
146
337
549
638
611
520
460
293
141
127
103
146
164
-22
-373
-846
-1271
-1558
-2114
-2850
-3404
-3420
-2926
-2614
-2435
-2156
-1623
-1010
-821
-667
-268
159
432
447
703
1265
1505
1359
1034
804
655
273
-135
-286
-312
-304
-344
-361
-221
-152
-183
-283
-322
-176
35
363
748
1073
1363
1525
1592
1576
1344
1117
1007
849
715
697
679
570
305
-41
-424
-844
-1101
-1070
-783
-566
-426
-26
360
613
732
680
776
850
857
962
1093
1185
1102
913
726
512
315
71
-122
-120
-154
-177
-84
-7
-48
-142
-179
-223
-248
-191
-120
9
174
277
382
442
443
376
267
188
190
268
323
343
302
109
-246
-682
-1085
-1355
-1810
-2405
-2882
-3035
-2723
-2512
-2383
-2169
-1866
-1392
-1169
-932
-507
-137
177
290
509
949
1198
1161
954
814
715
460
208
80
3
-78
-130
-144
-144
-193
-239
-260
-260
-181
-15
294
624
857
974
1121
1236
1229
1184
1125
1127
1029
910
892
830
677
407
135
-231
-632
-768
-711
-565
-506
-450
-182
98
254
333
415
523
612
688
802
964
1068
982
830
727
608
445
291
235
195
115
89
70
5
-127
-234
-262
-327
-328
-233
-94
11
40
98
179
212
195
194
213
211
244
274
364
384
272
177
-108
-463
-767
-1023
-1371
-2001
-2511
-2697
-2511
-2296
-2312
-2182
-1914
-1559
-1291
-1107
-759
-398
-197
-70
197
584
848
863
803
826
765
530
355
308
257
129
46
78
119
20
-103
-160
-202
-187
-88
174
378
555
756
898
1022
1019
1034
1048
1026
999
971
1000
979
879
621
262
-55
-296
-391
-442
-451
-387
-267
-84
37
68
106
185
269
318
432
620
723
772
740
646
614
551
487
445
342
306
299
213
133
92
7
-131
-211
-253
-231
-141
-105
-67
-37
20
62
76
71
20
60
117
188
231
271
330
268
175
-24
-253
-469
-733
-1053
-1539
-2016
-2334
-2269
-2058
-2111
-2098
-1901
-1567
-1237
-1173
-1064
-771
-523
-376
-223
122
489
685
679
624
634
584
454
353
333
346
382
354
319
268
202
98
-57
-128
-88
80
238
407
569
645
760
795
793
790
757
790
817
923
1011
906
730
498
247
99
-67
-192
-146
-120
-96
-17
36
88
77
37
50
137
271
327
428
531
545
520
480
455
441
432
402
440
434
372
303
185
99
-45
-166
-189
-203
-165
-161
-169
-129
-117
-104
-99
-98
-133
-143
-97
13
115
130
190
198
138
7
-190
-349
-477
-579
-885
-1335
-1663
-1782
-1662
-1608
-1679
-1645
-1481
-1273
-1170
-1055
-895
-803
-717
-623
-374
-47
174
294
330
352
353
350
362
377
394
421
484
519
464
426
390
282
144
93
163
285
358
389
439
546
600
562
549
491
512
596
687
790
773
720
656
527
367
227
134
129
152
111
122
173
187
193
125
66
120
148
147
216
306
378
391
351
319
301
334
352
290
286
291
237
154
53
-18
-79
-173
-243
-236
-223
-232
-239
-233
-221
-204
-224
-289
-314
-315
-281
-203
-128
-51
-41
-47
-50
-112
-146
-202
-245
-290
-421
-534
-640
-722
-676
-663
-735
-764
-761
-676
-581
-608
-643
-641
-642
-619
-566
-440
-349
-361
-370
-320
-255
-182
-120
-124
-89
-42
-25
20
77
139
175
152
155
232
295
346
367
337
342
400
469
475
431
428
476
565
631
586
559
555
496
447
428
418
370
313
315
342
360
338
305
320
318
273
269
318
324
337
361
371
367
327
326
354
321
285
297
215
134
146
118
41
-32
-89
-91
-76
-126
-99
-33
-61
-91
-96
-80
-56
-96
-150
-147
-97
-39
-22
8
-13
-85
-112
-127
-151
-184
-244
-361
-520
-627
-647
-608
-625
-758
-871
-922
-882
-803
-810
-872
-938
-973
-960
-866
-746
-696
-694
-700
-617
-451
-325
-246
-236
-281
-208
-58
47
125
143
133
189
299
378
416
447
500
569
569
545
605
632
622
650
667
713
788
784
704
668
654
630
583
472
403
425
452
460
381
300
321
303
275
280
282
275
251
235
227
191
184
215
235
227
208
187
151
120
89
80
75
45
-6
-59
-83
-68
-63
-83
-100
-132
-152
-157
-114
-53
-72
-117
-126
-114
-84
-68
-77
-93
-121
-158
-190
-187
-218
-388
-558
-636
-623
-565
-610
-726
-822
-847
-812
-752
-770
-825
-847
-874
-821
-748
-686
-633
-637
-611
-501
-362
-272
-221
-183
-125
-31
17
68
130
143
177
204
275
376
402
415
470
505
522
529
523
534
544
573
582
621
675
682
669
599
541
541
525
466
381
301
290
332
321
284
255
225
200
165
181
202
174
134
170
257
254
212
216
265
265
207
190
225
246
213
136
110
122
58
-15
-46
-54
-71
-115
-143
-127
-124
-145
-128
-116
-136
-162
-190
-172
-139
-147
-154
-146
-165
-211
-295
-340
-330
-385
-492
-560
-541
-552
-632
-683
-707
-711
-701
-719
-704
-667
-654
-638
-631
-591
-524
-518
-496
-403
-329
-275
-196
-138
-115
-74
-36
12
102
116
99
154
218
232
265
330
341
353
378
408
442
426
419
462
504
514
524
569
594
584
571
539
503
456
385
335
316
343
376
331
247
190
183
191
204
193
141
137
166
197
212
205
231
220
199
209
200
191
193
181
146
125
95
71
33
-42
-73
-80
-109
-128
-138
-148
-136
-108
-98
-91
-102
-123
-108
-113
-113
-96
-137
-147
-109
-112
-132
-181
-259
-358
-465
-482
-460
-492
-563
-595
-602
-616
-620
-622
-602
-611
-643
-634
-585
-542
-545
-531
-484
-426
-349
-281
-220
-189
-199
-150
-76
-16
38
10
3
62
110
155
203
247
302
344
358
390
405
384
417
477
498
507
526
553
564
537
505
487
460
425
385
356
373
356
292
267
241
224
229
217
202
194
200
204
167
162
219
244
251
263
245
206
179
163
173
203
163
126
134
78
22
-2
-17
-41
-93
-124
-113
-102
-98
-92
-97
-106
-144
-183
-147
-109
-145
-161
-152
-166
-179
-177
-176
-215
-274
-356
-431
-498
-556
-506
-487
-555
-571
-569
-591
-609
-592
-549
-547
-588
-583
-505
-456
-443
-393
-344
-319
-277
-194
-129
-130
-125
-84
-21
33
71
120
127
141
174
198
238
263
308
373
374
358
354
359
394
418
437
487
523
492
455
454
430
385
343
346
382
359
306
252
225
222
194
175
176
185
185
201
236
228
214
221
237
234
211
237
258
223
192
186
185
160
139
117
91
65
14
-47
-77
-99
-141
-138
-106
-124
-132
-122
-156
-181
-157
-152
-169
-196
-230
-214
-207
-228
-229
-209
-221
-274
-334
-395
-421
-459
-475
-467
-496
-510
-505
-527
-496
-431
-425
-460
-473
-461
-423
-365
-348
-331
-290
-243
-209
-163
-88
-67
-89
-78
-31
11
58
80
77
97
134
170
195
208
220
237
274
321
340
350
370
397
411
412
399
420
461
440
389
352
332
339
332
310
282
256
267
247
223
224
178
153
178
195
194
210
249
251
228
201
191
197
204
188
164
159
156
139
110
69
31
7
-37
-64
-70
-100
-128
-115
-130
-141
-121
-157
-171
-162
-173
-159
-176
-192
-176
-197
-203
-208
-228
-227
-243
-260
-268
-292
-317
-363
-425
-426
-411
-407
-392
-427
-452
-428
-416
-391
-374
-379
-346
-325
-300
-255
-259
-247
-196
-153
-115
-85
-43
7
-15
-56
-38
13
59
89
115
159
182
184
195
215
235
248
284
335
355
352
365
366
360
352
343
366
374
343
336
324
292
271
259
249
233
200
194
217
230
223
205
193
178
178
198
208
202
182
173
157
147
168
165
142
129
112
82
43
25
9
-43
-66
-54
-83
-96
-90
-119
-139
-132
-146
-168
-158
-171
-192
-173
-160
-172
-194
-210
-203
-183
-188
-240
-278
-261
-270
-268
-254
-303
-333
-345
-338
-322
-332
-336
-330
-317
-317
-308
-277
-232
-210
-207
-207
-218
-209
-200
-170
-146
-118
-85
-58
-44
-58
-33
9
3
-5
24
41
82
131
140
138
138
147
170
223
262
253
259
285
308
333
322
295
298
286
256
265
279
268
252
232
235
231
201
198
216
217
216
227
241
253
236
212
225
242
223
201
199
211
192
160
176
165
105
57
55
33
5
-9
-34
-59
-94
-107
-104
-113
-121
-128
-137
-127
-132
-139
-129
-141
-183
-200
-198
-232
-232
-224
-258
-259
-280
-332
-304
-261
-291
-330
-316
-303
-304
-298
-313
-324
-286
-269
-279
-244
-201
-164
-150
-169
-175
-155
-123
-113
-95
-57
-49
-56
-53
-59
-44
-20
-66
-89
-47
-16
2
35
60
62
99
135
133
147
165
194
236
244
257
281
279
295
288
264
260
236
218
220
218
222
241
233
207
223
227
203
203
223
217
220
237
239
246
241
200
196
210
196
178
156
164
162
133
96
51
38
33
-14
-47
-44
-49
-57
-69
-92
-113
-127
-152
-153
-124
-126
-132
-141
-164
-169
-175
-197
-230
-238
-215
-239
-246
-236
-250
-240
-266
-284
-249
-236
-228
-215
-225
-201
-213
-256
-227
-206
-178
-126
-144
-155
-125
-127
-108
-100
-90
-57
-67
-79
-75
-90
-62
-63
-78
-55
-63
-51
-20
-19
-13
13
25
52
111
147
140
162
181
171
162
153
191
242
205
185
216
203
185
201
191
170
191
190
188
203
191
194
195
207
222
221
225
215
208
238
235
219
238
219
208
198
144
132
146
130
92
37
0
-14
-13
-13
-40
-55
-36
-30
-45
-65
-80
-87
-108
-131
-134
-117
-119
-123
-149
-172
-185
-217
-240
-242
-205
-202
-234
-251
-234
-215
-235
-254
-237
-201
-187
-186
-188
-202
-186
-159
-159
-141
-135
-143
-130
-111
-119
-102
-90
-105
-76
-87
-110
-79
-56
-74
-72
-54
-54
-29
-10
-12
33
46
20
45
88
118
136
140
145
158
150
170
175
160
199
211
163
178
185
168
201
177
164
188
161
141
157
154
167
170
176
206
194
182
199
210
192
184
193
171
157
140
148
151
65
26
57
52
28
-1
-21
-23
-37
-48
-37
-58
-89
-90
-88
-79
-104
-124
-95
-99
-118
-124
-136
-133
-153
-181
-168
-144
-163
-186
-179
-174
-183
-177
-178
-179
-170
-185
-186
-176
-159
-146
-142
-127
-114
-98
-77
-85
-112
-118
-101
-77
-70
-78
-82
-85
-72
-71
-88
-69
-57
-55
-49
-33
-2
7
28
19
11
52
78
105
120
90
92
120
130
126
128
149
133
124
149
161
150
125
127
149
149
133
113
145
163
133
143
152
145
177
163
141
163
153
163
162
139
147
129
95
127
131
96
87
53
53
43
19
4
-20
4
2
-39
-29
-42
-77
-61
-63
-72
-77
-92
-89
-107
-132
-137
-159
-148
-133
-156
-163
-176
-191
-173
-190
-212
-182
-171
-175
-146
-147
-163
-135
-122
-114
-94
-96
-100
-75
-62
-57
-56
-65
-68
-52
-40
-49
-69
-49
-9
-36
-53
-45
-25
-4
8
-8
0
38
35
29
61
82
83
99
97
101
102
98
97
103
121
96
79
101
102
102
100
84
103
119
100
94
91
101
108
103
122
119
118
121
99
108
129
112
90
101
123
115
78
77
94
66
34
27
17
8
-21
-41
-20
-23
-35
-25
-32
-42
-54
-67
-70
-66
-69
-80
-79
-85
-78
-73
-103
-112
-98
-111
-122
-126
-106
-88
-104
-125
-132
-122
-115
-104
-91
-85
-83
-93
-92
-72
-51
-36
-27
-26
-19
-18
-27
-23
-27
-25
4
4
-21
-30
-29
-24
-34
-40
-19
0
-7
0
5
0
26
34
32
47
42
58
95
79
60
83
97
86
62
56
62
76
71
57
55
49
38
26
45
84
77
66
76
55
64
81
77
89
102
93
93
91
79
81
65
49
45
58
52
4
8
21
-10
-32
-40
-26
-6
-17
-29
-26
-45
-60
-68
-65
-33
-35
-58
-71
-70
-47
-54
-61
-77
-104
-85
-75
-97
-98
-86
-93
-89
-80
-89
-56
-30
-60
-61
-70
-62
-25
-30
-37
-14
12
15
8
3
24
37
12
-14
-15
-8
2
3
-19
-7
8
0
-18
-21
12
3
5
36
39
42
42
33
58
61
33
45
55
66
68
30
30
50
37
48
41
4
13
34
22
9
18
18
17
27
33
27
29
11
-7
-2
-2
43
53
24
23
9
19
51
43
38
53
29
8
19
14
19
11
-21
-21
-9
-7
-9
-30
-37
-32
-36
-34
-30
-23
-14
-28
-22
-6
-7
-21
-48
-61
-52
-43
-44
-25
-28
-44
-45
-48
-43
-33
-57
-56
-28
-22
-11
-13
-5
7
-6
-11
11
19
9
7
11
15
-18
-25
-20
-20
-1
-8
-8
8
-6
-25
-23
-10
12
17
-1
-5
-3
3
18
27
22
26
38
47
62
51
26
20
29
35
30
43
63
48
24
14
8
-2
-20
-18
-4
-4
-8
1
-12
-20
-10
-26
-20
-16
-14
14
21
14
16
15
21
27
27
25
25
21
16
-1
-3
13
21
17
