-1
-2
0
0
-1
-3
-3
-3
-2
-3
-4
-2
-2
-4
-3
-2
-1
-2
-1
0
1
2
0
2
3
1
-1
1
1
4
4
2
3
2
1
0
0
1
0
1
0
0
1
2
1
0
-3
-3
-4
-3
-2
-3
0
-2
-2
-1
-3
-2
1
1
1
-1
1
5
6
9
7
6
9
4
-8
-21
-19
-1
21
30
16
1
-4
-6
0
0
-7
-6
-4
1
7
1
-12
-21
-24
-21
-29
-37
-38
-27
-7
-2
-1
-4
-6
-7
-14
-15
-18
-21
-9
6
21
24
7
-6
-7
-5
-18
-31
-27
5
39
37
26
17
7
12
1
-1
14
23
50
54
53
70
59
61
70
66
70
59
58
80
84
81
72
64
48
30
13
3
-5
-23
-29
-36
-49
-47
-66
-83
-86
-109
-114
-113
-117
-101
-94
-79
-65
-71
-74
-76
-56
-43
-49
-23
4
26
31
24
30
22
25
32
31
46
47
37
51
48
27
-1
-12
-16
-39
-53
-66
-70
-63
-74
-80
-70
-58
-52
-61
-66
-89
-100
-63
-22
17
45
57
91
111
117
120
119
140
157
190
224
229
240
263
270
263
242
219
188
154
145
124
133
154
142
129
118
111
58
-15
-67
-87
-27
24
29
37
32
29
11
-29
-65
-94
-115
-146
-153
-144
-156
-196
-216
-244
-409
-695
-896
-926
-865
-925
-1123
-1174
-1015
-868
-906
-981
-898
-756
-759
-882
-851
-492
-124
76
205
374
659
819
819
847
969
1136
1189
1162
1260
1435
1505
1416
1200
1044
1004
858
580
330
247
222
68
-148
-281
-267
-289
-479
-685
-833
-946
-1059
-1160
-1097
-885
-692
-576
-430
-184
25
127
152
199
335
492
616
742
885
1041
1138
1113
1041
980
969
859
661
560
575
633
637
560
522
516
347
64
-109
-157
-194
-296
-371
-331
-212
-89
-81
-101
-115
-74
-126
-219
-208
-146
-71
-93
-175
-148
-121
-219
-354
-564
-798
-1255
-1768
-2065
-2110
-1990
-2036
-2212
-2220
-2080
-1943
-1902
-1910
-1769
-1555
-1432
-1361
-1098
-528
87
496
740
994
1394
1760
1916
1964
2056
2239
2329
2260
2240
2357
2481
2346
1993
1646
1378
1118
702
241
-7
-91
-253
-548
-761
-824
-896
-1076
-1335
-1469
-1433
-1438
-1433
-1343
-1173
-871
-586
-350
-135
84
288
421
522
666
921
1174
1287
1372
1500
1597
1615
1476
1306
1186
1008
802
618
558
559
547
460
344
273
178
39
-137
-279
-326
-346
-394
-453
-412
-300
-224
-193
-231
-204
-139
-130
-131
-104
-40
59
81
100
150
197
99
-112
-354
-508
-661
-1048
-1594
-2152
-2462
-2556
-2677
-2877
-3040
-3001
-2798
-2724
-2639
-2535
-2303
-1986
-1854
-1712
-1348
-761
-119
338
777
1311
1806
2225
2453
2654
2913
3095
3140
3069
2972
2975
2963
2799
2500
2172
1864
1515
1011
428
41
-227
-577
-932
-1231
-1436
-1568
-1689
-1835
-1900
-1835
-1763
-1697
-1642
-1499
-1183
-784
-432
-101
274
627
940
1194
1456
1721
1890
2014
2009
1984
2072
2036
1891
1689
1432
1268
1017
749
574
435
327
160
-70
-230
-320
-388
-487
-576
-624
-675
-704
-709
-633
-494
-367
-240
-98
22
139
205
198
243
379
466
466
432
477
470
293
-43
-391
-614
-928
-1460
-2133
-2746
-3043
-3203
-3441
-3704
-3878
-3672
-3420
-3362
-3243
-2987
-2519
-2204
-2166
-1923
-1345
-588
21
448
1033
1706
2350
2808
3090
3391
3656
3853
3806
3595
3484
3446
3322
3012
2602
2308
2022
1594
976
391
26
-352
-836
-1346
-1707
-1892
-2040
-2242
-2382
-2350
-2140
-2019
-1992
-1840
-1562
-1142
-777
-507
-139
279
673
1059
1385
1756
2114
2335
2431
2418
2457
2469
2301
2047
1764
1581
1413
1180
962
767
642
496
222
-42
-226
-365
-490
-651
-782
-887
-949
-943
-903
-802
-651
-517
-374
-260
-120
42
105
134
158
237
366
365
399
412
351
291
-49
-301
-557
-1052
-1567
-2352
-2936
-3142
-3467
-3662
-3946
-3994
-3648
-3484
-3295
-3160
-2851
-2359
-2189
-2003
-1706
-1216
-465
35
537
1191
1873
2592
3066
3384
3705
4002
4089
3913
3704
3520
3430
3250
2866
2529
2255
1945
1504
930
485
126
-320
-861
-1473
-1805
-2028
-2317
-2449
-2560
-2490
-2278
-2181
-2016
-1811
-1511
-1104
-821
-497
-183
205
709
1045
1423
1798
2136
2467
2562
2627
2729
2668
2493
2174
1864
1631
1372
1115
864
694
570
392
200
-9
-171
-362
-602
-813
-1016
-1122
-1194
-1244
-1152
-1008
-833
-663
-505
-293
-87
47
144
244
311
360
361
443
500
520
554
422
170
-19
-364
-778
-1339
-2174
-2748
-3130
-3513
-3821
-4130
-4158
-3875
-3595
-3403
-3298
-2906
-2429
-2174
-1974
-1779
-1324
-665
-205
284
943
1716
2477
3003
3377
3773
4163
4342
4208
3964
3767
3625
3378
2943
2493
2187
1985
1635
1162
697
359
43
-451
-1058
-1573
-1935
-2253
-2545
-2706
-2713
-2586
-2437
-2241
-1922
-1543
-1211
-944
-603
-225
112
405
650
1009
1486
1875
2133
2408
2646
2775
2811
2656
2446
2219
1863
1489
1147
872
697
533
407
251
71
-30
-180
-388
-572
-772
-927
-1078
-1249
-1306
-1216
-1074
-953
-818
-556
-224
26
158
271
414
452
447
421
402
475
444
414
373
131
-39
-389
-796
-1264
-2088
-2637
-3089
-3538
-3822
-4261
-4280
-4022
-3854
-3527
-3348
-2928
-2412
-2155
-1782
-1534
-1142
-568
-142
351
873
1505
2242
2805
3288
3763
4191
4457
4433
4250
4028
3857
3575
3046
2548
2145
1801
1460
955
534
230
-104
-455
-922
-1336
-1681
-2096
-2428
-2684
-2815
-2772
-2748
-2559
-2214
-1878
-1425
-1062
-629
-101
270
672
982
1279
1699
2038
2272
2446
2585
2689
2751
2679
2471
2296
2085
1803
1508
1147
878
709
464
179
-73
-236
-337
-491
-705
-887
-972
-1085
-1230
-1294
-1261
-1167
-1051
-902
-727
-440
-214
-87
157
248
357
522
424
482
457
380
447
216
14
-203
-557
-846
-1437
-2134
-2634
-3097
-3456
-3853
-4206
-4172
-3968
-3798
-3616
-3367
-2874
-2367
-2060
-1738
-1348
-885
-342
70
470
1038
1641
2250
2807
3223
3660
4091
4342
4396
4262
4089
3947
3610
3083
2570
2101
1766
1340
786
399
138
-128
-463
-903
-1267
-1505
-1882
-2243
-2465
-2603
-2600
-2603
-2541
-2267
-1902
-1477
-1045
-591
-41
384
735
1094
1366
1705
2017
2176
2338
2432
2493
2584
2487
2338
2218
2009
1773
1473
1148
903
619
299
57
-149
-330
-452
-617
-775
-876
-998
-1084
-1139
-1193
-1178
-1158
-1053
-907
-802
-577
-348
-151
56
180
387
545
567
606
559
565
579
361
104
-187
-546
-922
-1499
-2181
-2687
-3043
-3400
-3771
-4119
-4182
-3974
-3741
-3553
-3372
-2992
-2429
-2036
-1738
-1407
-920
-272
132
466
972
1621
2291
2796
3184
3608
4059
4389
4444
4315
4180
4006
3673
3173
2586
2086
1748
1294
739
326
48
-197
-520
-902
-1189
-1407
-1725
-2096
-2334
-2478
-2526
-2542
-2541
-2313
-2005
-1638
-1118
-667
-190
340
749
1206
1613
1928
2183
2297
2371
2395
2417
2428
2269
2104
1972
1754
1547
1329
1108
916
692
417
172
-90
-288
-443
-662
-842
-1011
-1112
-1143
-1169
-1142
-1088
-1027
-961
-791
-585
-362
-134
-41
111
317
405
483
469
479
566
548
476
189
-71
-377
-886
-1337
-2008
-2556
-2961
-3516
-3811
-4195
-4286
-4025
-4004
-3669
-3414
-3085
-2422
-2121
-1717
-1331
-1002
-414
-54
288
820
1411
2052
2525
2951
3451
3952
4357
4419
4443
4408
4184
3920
3386
2849
2379
1802
1346
805
343
93
-228
-430
-704
-1043
-1204
-1464
-1791
-2087
-2337
-2451
-2557
-2673
-2618
-2376
-2011
-1523
-1019
-535
67
614
1100
1620
1929
2185
2402
2410
2435
2446
2367
2272
2059
1859
1762
1624
1513
1361
1165
994
770
518
284
51
-223
-462
-717
-988
-1135
-1221
-1242
-1186
-1189
-1086
-911
-775
-566
-406
-261
-115
-35
151
240
265
390
327
396
483
186
14
-207
-593
-913
-1642
-2327
-2670
-3190
-3605
-4000
-4319
-4073
-3901
-3853
-3573
-3319
-2765
-2169
-1909
-1569
-1131
-647
-144
188
457
1026
1691
2138
2610
3015
3519
4120
4245
4269
4343
4234
4132
3699
3055
2661
2169
1645
1127
530
229
22
-289
-587
-861
-1090
-1249
-1506
-1835
-2027
-2202
-2416
-2552
-2660
-2547
-2212
-1903
-1444
-915
-389
254
835
1364
1865
2172
2382
2534
2545
2542
2461
2264
2108
1934
1788
1713
1578
1476
1367
1202
1010
823
583
282
36
-269
-560
-847
-1118
-1247
-1318
-1379
-1357
-1297
-1083
-849
-709
-495
-325
-106
79
64
202
276
259
373
293
290
178
-133
-288
-647
-1100
-1630
-2264
-2621
-3113
-3580
-3946
-4229
-4028
-3931
-3830
-3584
-3328
-2691
-2255
-1968
-1516
-1194
-609
-185
73
614
1062
1698
2213
2531
3054
3507
3974
4206
4194
4315
4265
4114
3756
3155
2770
2274
1722
1196
621
353
52
-328
-655
-967
-1062
-1265
-1567
-1854
-2116
-2218
-2445
-2626
-2626
-2507
-2151
-1897
-1542
-957
-395
288
829
1272
1787
2169
2415
2498
2480
2502
2461
2316
2093
1909
1853
1767
1647
1479
1343
1280
1129
894
627
340
97
-209
-579
-890
-1122
-1271
-1380
-1423
-1383
-1253
-1034
-882
-754
-545
-332
-89
-8
19
151
251
364
335
213
225
62
-207
-534
-1017
-1426
-1988
-2502
-2894
-3370
-3733
-4048
-4085
-3877
-3795
-3632
-3385
-2914
-2358
-2079
-1727
-1319
-824
-370
-128
367
911
1444
2022
2346
2789
3299
3753
4117
4173
4237
4249
4115
3857
3301
2848
2504
1986
1469
867
454
256
-99
-459
-807
-1034
-1168
-1436
-1691
-1956
-2150
-2268
-2507
-2595
-2508
-2310
-2022
-1733
-1275
-716
-77
532
945
1400
1851
2140
2337
2390
2427
2462
2352
2173
1969
1865
1801
1691
1579
1433
1379
1307
1087
879
608
309
59
-311
-695
-953
-1134
-1251
-1329
-1355
-1324
-1175
-968
-800
-600
-432
-217
19
91
207
254
266
422
279
144
46
-343
-599
-1050
-1696
-2099
-2545
-2962
-3375
-3877
-4051
-3897
-3777
-3738
-3614
-3268
-2786
-2332
-2062
-1778
-1261
-790
-426
-108
249
922
1551
1920
2369
2853
3426
3939
4121
4218
4297
4315
4148
3717
3250
2846
2460
1916
1299
835
486
247
-105
-539
-734
-956
-1226
-1472
-1838
-2046
-2197
-2415
-2586
-2697
-2566
-2314
-2084
-1774
-1355
-760
-133
383
887
1372
1818
2163
2313
2374
2449
2482
2373
2183
2036
1915
1835
1718
1554
1495
1426
1296
1128
897
690
399
50
-274
-609
-841
-1058
-1271
-1367
-1396
-1380
-1280
-1090
-853
-640
-428
-201
-4
181
261
371
442
399
419
241
-1
-263
-678
-1020
-1542
-2102
-2506
-2994
-3364
-3697
-3941
-3898
-3828
-3710
-3525
-3274
-2803
-2434
-2119
-1774
-1358
-818
-488
-148
316
857
1503
1929
2340
2866
3372
3881
4114
4225
4313
4290
4154
3727
3258
2883
2407
1906
1333
839
532
202
-114
-489
-749
-915
-1212
-1465
-1768
-2026
-2157
-2432
-2641
-2674
-2596
-2340
-2128
-1852
-1347
-768
-173
324
810
1336
1784
2096
2239
2404
2523
2478
2412
2231
2115
2075
1902
1774
1651
1575
1528
1342
1161
971
757
522
142
-217
-542
-828
-1061
-1320
-1450
-1495
-1497
-1361
-1265
-1105
-801
-565
-335
-148
48
237
346
412
388
396
286
36
-218
-623
-998
-1516
-2119
-2455
-2871
-3251
-3575
-3817
-3705
-3625
-3585
-3452
-3214
-2697
-2365
-2125
-1737
-1368
-890
-564
-205
267
745
1362
1800
2208
2701
3196
3778
3995
4048
4237
4242
4174
3791
3255
2944
2541
2022
1421
910
696
368
-73
-443
-672
-774
-1084
-1414
-1667
-1910
-2064
-2363
-2628
-2676
-2636
-2429
-2259
-2019
-1522
-986
-417
134
644
1200
1655
1981
2162
2270
2430
2464
2371
2189
2055
2074
1985
1829
1722
1651
1657
1558
1344
1160
972
749
368
-28
-338
-652
-927
-1238
-1420
-1474
-1494
-1398
-1362
-1178
-908
-713
-445
-304
-95
140
208
311
316
249
138
-125
-413
-802
-1231
-1681
-2142
-2514
-2957
-3288
-3520
-3611
-3472
-3489
-3388
-3124
-2920
-2534
-2271
-2029
-1623
-1269
-870
-593
-254
292
801
1294
1698
2164
2785
3245
3606
3842
3977
4138
4096
3883
3543
3198
2896
2422
1873
1338
909
663
373
43
-302
-542
-657
-950
-1283
-1516
-1725
-1933
-2162
-2344
-2446
-2467
-2343
-2198
-1956
-1529
-1111
-609
-93
387
959
1379
1735
2041
2188
2328
2382
2347
2206
2092
2053
1888
1759
1674
1589
1586
1486
1367
1244
1059
882
566
248
-76
-417
-692
-1013
-1236
-1346
-1443
-1440
-1404
-1279
-1023
-808
-549
-293
-122
140
260
323
404
188
43
-172
-602
-897
-1449
-1998
-2280
-2760
-3130
-3424
-3635
-3510
-3439
-3379
-3265
-3027
-2617
-2386
-2077
-1843
-1607
-1122
-861
-523
-140
218
874
1329
1744
2271
2758
3361
3690
3895
4069
4089
4118
3798
3391
3113
2684
2242
1647
1172
930
589
305
-25
-315
-424
-643
-893
-1210
-1493
-1629
-1909
-2138
-2326
-2466
-2400
-2419
-2285
-1972
-1619
-1102
-697
-223
374
866
1355
1686
1939
2219
2324
2341
2271
2179
2136
1998
1859
1730
1665
1702
1645
1554
1444
1367
1267
974
678
436
146
-196
-561
-831
-1076
-1285
-1418
-1483
-1402
-1254
-1061
-856
-638
-384
-160
-23
89
234
164
12
-105
-462
-778
-1174
-1801
-2136
-2487
-2917
-3201
-3508
-3510
-3364
-3280
-3161
-3017
-2649
-2342
-2083
-1814
-1645
-1217
-907
-713
-337
-60
414
938
1283
1767
2273
2826
3299
3582
3796
3843
3948
3871
3518
3265
2834
2409
2032
1426
1033
787
486
214
-114
-335
-435
-584
-819
-1094
-1288
-1533
-1798
-1975
-2200
-2297
-2333
-2346
-2118
-1905
-1625
-1169
-730
-182
362
841
1335
1713
1998
2197
2295
2307
2270
2207
2074
1919
1815
1718
1670
1648
1604
1554
1480
1420
1257
1028
796
477
174
-170
-531
-809
-1060
-1273
-1470
-1512
-1419
-1354
-1156
-954
-746
-436
-245
-50
117
134
78
-49
-346
-681
-1002
-1546
-2029
-2347
-2785
-3085
-3302
-3490
-3342
-3188
-3116
-2913
-2606
-2243
-1948
-1702
-1494
-1227
-902
-725
-490
-201
123
608
1027
1406
1896
2411
2947
3327
3571
3790
3894
3906
3668
3317
2990
2554
2104
1561
1083
825
500
175
-85
-275
-342
-459
-637
-822
-981
-1152
-1437
-1708
-1900
-2087
-2201
-2293
-2306
-2094
-1841
-1484
-1056
-649
-59
517
987
1400
1740
2045
2197
2233
2189
2117
2070
1899
1760
1666
1558
1601
1598
1555
1525
1464
1441
1293
1086
837
551
256
-169
-563
-858
-1077
-1245
-1453
-1513
-1420
-1315
-1128
-919
-678
-413
-227
-41
51
-14
-54
-224
-574
-934
-1487
-1946
-2209
-2686
-3083
-3344
-3503
-3322
-3191
-3106
-2883
-2580
-2144
-1830
-1552
-1285
-1058
-736
-646
-516
-222
46
464
777
1081
1565
2088
2663
3042
3297
3563
3741
3874
3680
3362
3128
2714
2260
1703
1140
850
547
208
-53
-277
-365
-440
-583
-762
-862
-942
-1195
-1432
-1607
-1774
-1900
-2101
-2207
-2085
-1871
-1576
-1272
-923
-344
238
687
1127
1523
1891
2115
2178
2201
2170
2116
1924
1736
1634
1527
1542
1509
1433
1438
1470
1487
1343
1205
1053
763
518
130
-274
-531
-853
-1142
-1363
-1504
-1466
-1351
-1220
-1057
-848
-597
-372
-167
-55
-96
-144
-341
-691
-1057
-1623
-2072
-2389
-2932
-3322
-3568
-3661
-3487
-3349
-3144
-2907
-2514
-2021
-1701
-1324
-1092
-839
-431
-383
-247
48
262
636
864
1131
1595
2100
2644
2978
3317
3640
3782
3903
3697
3433
3196
2713
2234
1622
1094
772
377
32
-309
-493
-516
-616
-659
-754
-867
-929
-1097
-1241
-1424
-1582
-1704
-1932
-1983
-1937
-1785
-1499
-1289
-882
-369
97
664
1095
1504
1916
2117
2245
2222
2173
2116
1928
1735
1515
1434
1408
1337
1336
1272
1301
1380
1296
1206
1044
836
600
221
-128
-432
-720
-997
-1303
-1418
-1419
-1377
-1234
-1131
-912
-630
-391
-223
-234
-192
-281
-593
-984
-1535
-1963
-2349
-2893
-3388
-3778
-3880
-3756
-3647
-3469
-3189
-2713
-2205
-1829
-1392
-992
-600
-233
-121
1
216
479
798
973
1140
1484
1976
2454
2784
3130
3498
3764
3867
3712
3571
3402
3017
2487
1809
1232
817
357
-96
-473
-703
-823
-913
-905
-923
-932
-907
-980
-1088
-1187
-1306
-1376
-1519
-1781
-1800
-1656
-1502
-1257
-1074
-673
-34
435
872
1332
1773
2112
2246
2290
2262
2257
2111
1763
1553
1403
1294
1231
1094
1055
1098
1149
1155
1095
1067
912
696
457
110
-189
-454
-752
-1054
-1289
-1380
-1326
-1284
-1251
-1073
-825
-600
-455
-382
-273
-316
-622
-1064
-1559
-1922
-2335
-2939
-3431
-3800
-3914
-3810
-3770
-3570
-3234
-2750
-2150
-1713
-1240
-718
-289
21
156
343
596
835
1015
1063
1236
1558
1943
2379
2672
2994
3367
3591
3699
3621
3503
3337
2956
2403
1745
1219
779
267
-201
-612
-876
-997
-1138
-1186
-1175
-1152
-1119
-1196
-1209
-1214
-1291
-1358
-1513
-1554
-1483
-1431
-1288
-1140
-843
-380
69
566
1034
1530
1941
2164
2329
2392
2423
2323
2107
1899
1611
1432
1325
1191
1122
1000
980
1020
957
944
866
742
560
269
18
-256
-513
-803
-1106
-1263
-1360
-1345
-1314
-1217
-963
-816
-698
-568
-484
-467
-698
-1076
-1482
-1825
-2186
-2795
-3313
-3677
-3891
-3799
-3807
-3698
-3330
-2907
-2358
-1898
-1419
-854
-330
100
264
479
800
1007
1202
1243
1378
1706
1986
2287
2538
2864
3237
3460
3582
3531
3489
3392
2982
2500
1905
1372
948
336
-217
-627
-913
-1068
-1224
-1338
-1371
-1325
-1279
-1324
-1326
-1310
-1289
-1318
-1430
-1448
-1450
-1317
-1129
-1010
-694
-314
99
567
929
1351
1785
2059
2216
2285
2349
2323
2191
1989
1768
1637
1481
1313
1226
1119
1019
987
912
872
813
612
452
242
-42
-300
-549
-736
-920
-1110
-1212
-1203
-1164
-1108
-1010
-877
-778
-712
-672
-783
-1014
-1362
-1729
-2013
-2461
-2972
-3360
-3658
-3667
-3694
-3709
-3430
-3092
-2625
-2192
-1762
-1171
-701
-294
-17
234
578
817
1089
1221
1341
1650
1879
2219
2494
2675
3006
3208
3380
3453
3393
3359
3074
2696
2286
1782
1354
833
295
-139
-543
-799
-1026
-1197
-1265
-1353
-1364
-1467
-1483
-1425
-1499
-1417
-1455
-1549
-1449
-1420
-1246
-1045
-901
-553
-207
159
585
1040
1458
1702
1973
2159
2248
2345
2245
2128
2007
1825
1705
1538
1420
1318
1227
1180
1036
976
915
701
536
322
83
-92
-386
-632
-804
-986
-1102
-1169
-1175
-1137
-1008
-952
-961
-824
-842
-919
-1101
-1581
-1805
-1969
-2408
-2857
-3278
-3486
-3493
-3570
-3562
-3376
-3014
-2625
-2282
-1816
-1346
-822
-332
-91
171
480
779
1044
1165
1314
1520
1802
2102
2282
2549
2836
3043
3216
3199
3213
3220
3005
2670
2217
1827
1487
1029
528
51
-284
-521
-822
-1020
-1147
-1223
-1268
-1371
-1392
-1394
-1344
-1375
-1497
-1494
-1469
-1357
-1171
-1089
-923
-622
-266
128
465
848
1222
1485
1712
1858
2013
2134
2115
2022
1901
1797
1698
1601
1477
1371
1309
1201
1106
1050
925
810
682
433
186
26
-140
-405
-666
-799
-887
-974
-1028
-1041
-1001
-996
-1005
-954
-1003
-1093
-1284
-1668
-1928
-2174
-2583
-2964
-3285
-3470
-3514
-3555
-3522
-3312
-2925
-2563
-2236
-1771
-1263
-701
-259
-11
322
624
877
1118
1212
1391
1643
1861
2096
2242
2484
2768
2937
3039
3014
3028
2988
2764
2454
2068
1713
1351
904
489
76
-280
-556
-804
-951
-1079
-1147
-1193
-1297
-1357
-1329
-1245
-1295
-1405
-1400
-1370
-1241
-1089
-1002
-798
-548
-229
126
429
808
1165
1426
1610
1760
1938
2041
2009
1932
1851
1777
1683
1607
1506
1369
1336
1284
1189
1119
1013
919
768
508
283
80
-144
-348
-554
-705
-830
-937
-916
-930
-1007
-985
-979
-1029
-1096
-1318
-1628
-1872
-2131
-2484
-2892
-3194
-3409
-3522
-3519
-3558
-3442
-3151
-2811
-2385
-2014
-1552
-990
-555
-202
50
398
809
995
1137
1324
1544
1777
1962
2159
2357
2576
2761
2841
2887
2928
2950
2815
2500
2172
1878
1549
1128
630
203
-99
-372
-642
-889
-994
-1040
-1102
-1138
-1225
-1236
-1173
-1191
-1219
-1263
-1265
-1198
-1111
-1021
-903
-668
-363
-80
228
574
922
1237
1423
1615
1817
1894
1912
1881
1826
1743
1622
1514
1436
1380
1295
1201
1147
1091
1049
963
800
672
545
328
108
-57
-302
-487
-603
-758
-791
-827
-896
-906
-927
-950
-1131
-1341
-1522
-1769
-1968
-2359
-2800
-3071
-3374
-3498
-3533
-3566
-3439
-3244
-2864
-2527
-2146
-1649
-1231
-688
-291
-17
354
661
942
1111
1230
1476
1655
1851
2053
2215
2453
2578
2715
2836
2824
2823
2686
2488
2249
1904
1600
1179
700
306
-46
-305
-610
-839
-959
-1094
-1140
-1213
-1202
-1165
-1243
-1168
-1112
-1133
-1107
-1160
-1062
-860
-754
-613
-427
-149
154
454
781
1032
1329
1515
1598
1801
1860
1813
1794
1718
1626
1494
1426
1357
1254
1204
1103
1091
1053
879
823
704
545
418
161
-38
-190
-325
-449
-600
-630
-704
-795
-774
-835
-883
-968
-1196
-1444
-1673
-1852
-2212
-2697
-3011
-3257
-3378
-3424
-3544
-3470
-3206
-2914
-2593
-2240
-1776
-1283
-777
-381
-100
307
646
900
1093
1174
1384
1618
1847
2088
2187
2361
2545
2641
2703
2710
2753
2664
2377
2070
1750
1494
1168
698
288
-67
-334
-603
-867
-976
-1065
-1133
-1191
-1219
-1158
-1166
-1157
-1137
-1142
-1080
-1060
-1000
-819
-694
-545
-335
-86
191
441
767
1038
1235
1457
1606
1715
1781
1763
1714
1651
1575
1467
1399
1332
1221
1176
1072
1000
992
882
803
674
496
373
178
-41
-189
-307
-452
-598
-618
-636
-694
-687
-705
-704
-835
-1073
-1293
-1526
-1683
-2078
-2524
-2789
-3087
-3218
-3336
-3442
-3296
-3122
-2843
-2559
-2223
-1693
-1300
-908
-541
-224
158
474
777
970
1111
1330
1513
1759
1955
2073
2286
2438
2566
2627
2670
2757
2626
2382
2058
1779
1558
1122
691
331
-24
-331
-677
-883
-950
-1083
-1181
-1247
-1232
-1133
-1196
-1242
-1160
-1150
-1073
-1038
-1068
-894
-705
-530
-316
-79
238
501
816
1100
1277
1519
1653
1748
1808
1753
1758
1709
1622
1486
1333
1303
1250
1165
1036
969
961
802
678
585
420
268
102
-95
-260
-329
-467
-625
-654
-697
-699
-682
-698
-705
-875
-1060
-1282
-1536
-1655
-2063
-2484
-2689
-2917
-2985
-3087
-3159
-3040
-2851
-2572
-2343
-1971
-1515
-1167
-798
-514
-151
196
386
671
849
996
1189
1375
1645
1771
1967
2197
2285
2447
2542
2586
2622
2445
2175
1916
1696
1424
1018
646
283
-15
-259
-613
-800
-887
-1051
-1137
-1245
-1251
-1206
-1223
-1185
-1230
-1225
-1141
-1071
-890
-761
-643
-428
-195
58
297
606
916
1101
1286
1399
1554
1736
1687
1633
1625
1589
1556
1444
1388
1316
1217
1161
1073
999
890
765
629
463
309
123
-43
-169
-337
-464
-562
-601
-625
-652
-632
-652
-704
-833
-980
-1130
-1376
-1555
-1826
-2197
-2459
-2676
-2736
-2820
-2933
-2862
-2697
-2390
-2151
-1918
-1480
-1126
-759
-482
-266
72
308
522
644
748
986
1150
1342
1460
1560
1840
2002
2140
2230
2231
2305
2233
2041
1809
1592
1407
1030
652
346
51
-136
-377
-638
-721
-741
-862
-971
-944
-922
-942
-943
-980
-1025
-965
-967
-1007
-816
-644
-531
-342
-157
116
406
669
886
1071
1269
1394
1520
1537
1507
1501
1476
1465
1325
1232
1248
1181
1156
1070
988
1003
882
768
627
480
350
116
-70
-210
-328
-450
-614
-681
-668
-666
-724
-734
-759
-927
-1071
-1255
-1385
-1497
-1876
-2233
-2432
-2523
-2559
-2681
-2654
-2527
-2332
-2068
-1879
-1506
-1070
-769
-514
-304
-6
286
465
582
647
806
960
1100
1273
1365
1534
1695
1791
1880
1928
2019
2010
1863
1685
1470
1315
1092
759
447
146
-46
-236
-498
-608
-655
-759
-842
-906
-886
-816
-823
-825
-849
-862
-785
-720
-640
-578
-466
-288
-129
85
257
476
753
901
1018
1171
1328
1403
1348
1321
1338
1316
1249
1153
1125
1105
1061
955
848
868
803
657
553
397
311
231
66
-76
-278
-406
-435
-499
-555
-606
-621
-602
-615
-781
-980
-1085
-1255
-1421
-1601
-1939
-2172
-2262
-2308
-2371
-2445
-2337
-2142
-1876
-1696
-1511
-1068
-729
-535
-357
-141
174
423
556
600
683
880
996
1083
1238
1334
1479
1596
1608
1652
1725
1775
1664
1470
1274
1120
956
650
334
121
-63
-295
-479
-603
-675
-676
-713
-770
-731
-680
-667
-643
-606
-570
-529
-499
-484
-407
-282
-146
-27
78
270
504
698
806
898
1056
1169
1238
1197
1166
1212
1113
1026
964
903
906
820
727
695
653
607
488
419
383
261
172
57
-79
-166
-260
-316
-367
-432
-479
-501
-466
-481
-510
-625
-801
-921
-1097
-1208
-1391
-1742
-1956
-2066
-2115
-2150
-2227
-2156
-1996
-1780
-1607
-1413
-1017
-723
-521
-331
-152
103
304
448
536
623
789
917
1049
1168
1273
1458
1554
1594
1668
1714
1724
1625
1426
1244
1110
944
639
329
108
-59
-208
-426
-595
-639
-719
-787
-799
-797
-722
-655
-694
-691
-645
-609
-528
-447
-362
-274
-146
13
150
335
526
682
837
925
1033
1176
1225
1214
1193
1186
1188
1146
1034
961
906
774
705
642
571
499
359
264
155
54
-27
-147
-205
-272
-379
-432
-465
-527
-560
-538
-509
-501
-490
-550
-693
-816
-953
-1060
-1177
-1440
-1667
-1774
-1835
-1849
-1891
-1849
-1717
-1585
-1439
-1308
-1043
-729
-577
-438
-240
-21
156
265
395
522
628
720
872
1027
1094
1234
1379
1428
1497
1569
1574
1532
1420
1234
1105
991
753
497
275
30
-148
-312
-482
-559
-657
-739
-757
-795
-765
-731
-717
-662
-654
-570
-435
-370
-301
-211
-89
39
159
336
512
661
784
882
1019
1142
1219
1216
1185
1225
1215
1152
1085
1035
960
815
706
627
560
484
335
207
110
0
-90
-204
-320
-396
-451
-527
-599
-643
-606
-564
-618
-656
-597
-581
-712
-835
-920
-977
-1036
-1260
-1528
-1607
-1607
-1651
-1695
-1681
-1561
-1403
-1256
-1174
-968
-654
-514
-375
-222
-69
115
226
356
437
515
669
736
831
946
1029
1175
1259
1287
1345
1410
1414
1291
1131
1039
932
737
469
246
115
-31
-205
-347
-449
-513
-617
-706
-679
-636
-607
-589
-594
-577
-492
-401
-395
-302
-166
-88
74
168
229
445
604
678
788
925
1037
1142
1200
1160
1161
1184
1142
1094
1021
939
867
774
699
580
466
368
223
105
-14
-154
-235
-299
-399
-474
-541
-600
-641
-691
-697
-721
-723
-694
-706
-723
-815
-917
-951
-987
-1092
-1272
-1375
-1388
-1405
-1382
-1394
-1346
-1202
-1107
-983
-849
-618
-401
-330
-220
-104
49
225
314
344
376
469
569
634
745
820
893
1004
1036
1055
1137
1186
1093
985
900
785
680
541
320
165
47
-139
-250
-300
-362
-449
-534
-508
-475
-455
-438
-457
-404
-353
-301
-225
-182
-103
-44
42
152
222
355
489
569
664
756
845
930
1001
1012
994
1058
1060
1012
955
870
826
724
622
582
507
368
206
114
73
-16
-128
-227
-318
-379
-445
-519
-561
-604
-630
-640
-718
-730
-702
-703
-729
-840
-929
-969
-993
-1073
-1246
-1306
-1252
-1263
-1311
-1270
-1112
-1004
-930
-807
-658
-429
-279
-227
-97
41
158
233
267
344
406
450
503
583
659
759
869
872
885
932
959
966
867
772
730
620
490
342
182
66
-52
-150
-225
-309
-339
-363
-406
-384
-317
-308
-325
-273
-204
-172
-144
-98
-45
19
89
162
255
330
387
457
532
607
682
784
850
867
863
836
824
816
780
711
678
646
549
446
441
407
290
214
124
82
30
-105
-184
-219
-275
-373
-451
-482
-519
-557
-575
-586
-604
-606
-617
-660
-733
-812
-846
-879
-989
-1105
-1164
-1186
-1181
-1180
-1151
-1077
-989
-874
-768
-639
-462
-322
-234
-160
-44
79
171
235
266
317
393
447
511
584
651
708
743
791
812
819
838
804
698
626
533
430
334
188
82
-23
-149
-213
-236
-272
-308
-325
-291
-257
-241
-166
-111
-105
-67
-54
15
113
146
175
214
284
365
450
503
538
636
736
772
774
748
752
747
706
660
617
610
549
449
365
324
312
223
132
82
48
21
-57
-148
-200
-226
-279
-350
-382
-414
-461
-469
-476
-499
-489
-498
-514
-549
-601
-662
-713
-736
-813
-889
-962
-1028
-1059
-1089
-1064
-1019
-965
-878
-801
-679
-518
-385
-278
-191
-91
-1
108
188
219
272
330
373
422
483
541
596
647
696
710
727
749
725
676
609
506
428
348
222
102
6
-56
-103
-150
-179
-207
-223
-223
-209
-165
-125
-112
-66
-13
13
65
126
159
218
260
281
404
474
506
565
584
622
649
659
667
642
631
607
546
519
484
442
409
328
249
223
172
101
63
-29
-84
-84
-147
-200
-245
-284
-293
-326
-365
-372
-389
-404
-434
-449
-423
-426
-462
-502
-545
-613
-651
-689
-769
-820
-897
-971
-946
-946
-915
-833
-790
-718
-635
-548
-453
-353
-235
-167
-96
-36
3
83
134
178
260
328
371
448
541
602
620
651
699
705
686
640
584
531
430
318
236
173
98
22
-41
-97
-120
-160
-189
-168
-171
-141
-91
-79
-48
-15
24
78
134
182
242
273
309
380
424
490
534
542
565
638
662
603
595
622
595
539
507
474
425
347
253
196
161
97
31
-7
-56
-125
-184
-221
-231
-247
-296
-329
-331
-352
-374
-366
-354
-366
-374
-363
-375
-386
-399
-450
-468
-492
-552
-594
-636
-689
-734
-769
-783
-784
-765
-741
-706
-638
-568
-507
-418
-319
-258
-199
-151
-97
-18
24
92
143
150
235
305
371
448
465
517
583
585
595
591
601
590
466
398
361
259
203
148
56
0
-20
-52
-63
-67
-75
-41
-39
-43
-10
22
28
63
98
113
162
213
236
293
337
374
431
456
496
524
544
562
540
499
495
489
454
425
404
379
308
241
194
132
71
12
-41
-81
-125
-165
-237
-274
-263
-316
-343
-344
-355
-359
-392
-396
-373
-375
-384
-380
-377
-395
-390
-396
-421
-391
-408
-429
-432
-491
-492
-484
-503
-543
-573
-536
-512
-487
-466
-438
-377
-322
-287
-260
-178
-98
-66
-11
3
53
124
135
166
216
247
300
338
349
350
368
398
394
393
363
333
331
285
228
205
154
100
79
58
47
42
57
63
81
113
105
128
165
204
228
215
260
297
308
330
339
349
356
370
406
417
419
440
443
433
414
371
373
353
308
278
211
179
142
93
39
-53
-91
-102
-125
-148
-191
-225
-241
-242
-291
-301
-291
-319
-321
-347
-345
-356
-407
-407
-397
-415
-422
-412
-377
-343
-337
-341
-358
-368
-360
-361
-377
-402
-409
-404
-421
-463
-447
-423
-431
-396
-357
-290
-228
-212
-171
-112
-59
-19
6
58
93
135
162
149
171
193
192
218
257
290
305
319
314
305
323
304
285
286
276
274
242
218
189
161
150
123
169
204
198
236
249
256
304
294
271
320
344
334
314
307
324
319
330
322
314
346
363
355
323
314
302
276
257
224
197
161
92
50
17
-44
-114
-151
-150
-172
-205
-241
-249
-262
-300
-334
-357
-346
-361
-388
-400
-418
-417
-421
-439
-426
-417
-398
-354
-334
-310
-276
-265
-261
-282
-287
-250
-261
-289
-274
-306
-320
-322
-312
-311
-312
-257
-247
-231
-190
-171
-171
-151
-119
-101
-97
-84
-46
-13
30
50
44
90
154
170
185
241
293
315
319
323
365
387
351
366
392
390
379
357
368
373
351
341
325
332
342
300
294
300
246
237
262
249
226
205
203
192
199
220
197
223
256
200
181
206
231
232
177
143
104
100
87
28
39
19
-47
-64
-89
-116
-142
-169
-179
-202
-246
-264
-287
-333
-350
-365
-361
-374
-394
-394
-394
-387
-373
-378
-397
-366
-351
-356
-341
-314
-296
-278
-257
-270
-279
-261
-246
-237
-239
-218
-207
-196
-154
-114
-99
-114
-85
-70
-54
-35
-68
-62
-17
-4
-33
-27
21
42
34
48
101
146
152
148
178
223
230
232
240
272
333
322
307
323
311
321
321
307
335
348
342
346
321
303
326
312
279
270
256
265
258
225
207
203
201
193
172
170
194
175
146
139
128
136
114
81
66
29
15
13
-3
-45
-97
-103
-101
-115
-143
-202
-226
-214
-244
-281
-307
-317
-310
-345
-364
-335
-334
-330
-325
-331
-340
-308
-275
-302
-282
-227
-213
-221
-229
-220
-201
-178
-152
-147
-134
-125
-130
-122
-133
-120
-94
-112
-123
-133
-127
-92
-81
-94
-85
-52
-45
-38
-27
-29
-23
7
21
34
58
76
108
116
126
173
183
190
231
230
229
257
284
302
292
283
299
291
281
303
293
272
260
265
287
263
248
248
253
260
250
247
231
220
224
202
160
155
169
170
148
110
102
80
42
23
4
-14
-24
-49
-88
-99
-116
-159
-168
-163
-194
-224
-235
-233
-237
-239
-238
-276
-277
-248
-254
-264
-254
-261
-249
-236
-238
-210
-199
-192
-168
-146
-131
-107
-97
-96
-84
-69
-88
-100
-77
-74
-78
-79
-93
-96
-95
-96
-116
-118
-90
-77
-98
-120
-103
-94
-107
-67
-54
-78
-73
-74
-48
-10
3
25
76
110
126
119
110
148
197
212
207
222
226
225
233
225
225
238
230
213
245
268
249
257
263
260
267
240
200
195
204
189
162
158
152
129
112
87
52
64
84
51
33
46
38
12
-21
-17
0
-21
-44
-85
-103
-104
-139
-144
-142
-156
-158
-161
-177
-185
-183
-186
-164
-145
-145
-139
-138
-148
-155
-155
-162
-156
-125
-105
-109
-109
-93
-93
-97
-67
-54
-50
-56
-77
-73
-83
-101
-114
-120
-137
-118
-96
-106
-98
-98
-85
-69
-77
-55
-34
-53
-56
-25
-4
-3
-14
-31
1
43
34
58
83
82
89
86
99
140
152
139
147
161
165
158
148
159
176
176
176
165
165
176
161
150
146
160
148
142
164
144
132
98
68
73
56
61
61
41
38
23
4
-8
-3
-1
-34
-30
-17
-47
-73
-81
-85
-86
-80
-90
-114
-120
-122
-103
-75
-79
-94
-99
-84
-92
-113
-87
-58
-55
-67
-59
-37
-27
-13
-22
-44
-20
-3
-28
-34
-40
-35
-25
-44
-41
-40
-51
-60
-62
-47
-36
-64
-76
-57
-78
-79
-73
-86
-70
-76
-85
-68
-57
-48
-28
-18
-21
15
36
34
65
81
65
57
67
94
109
81
68
96
110
101
97
99
91
91
81
88
89
63
82
83
53
47
52
55
59
66
56
55
62
54
40
29
36
33
29
15
4
9
-10
-16
-21
-42
-47
-55
-66
-67
-61
-70
-87
-80
-68
-45
-59
-69
-50
-57
-51
-67
-95
-75
-38
-27
-34
-26
-5
3
-7
-9
-4
6
24
24
26
39
24
30
47
23
-9
-17
2
11
-7
-10
3
-3
-28
-50
-59
-53
-45
-47
-44
-37
-28
-24
-46
-43
-36
-36
-21
-8
10
9
-1
15
31
48
73
73
79
87
81
77
62
64
68
73
100
92
79
84
87
65
46
41
40
34
10
1
5
25
11
-8
-8
-28
-37
-28
-18
-18
-36
-45
-38
-46
-42
-51
-60
-24
-30
-68
-53
-36
-53
-64
-58
-65
-53
-52
-60
-47
-65
-56
-38
-31
-34
-44
-59
-63
-32
-37
-25
-14
-23
-14
5
29
35
31
25
33
53
54
46
50
44
32
41
41
22
25
49
27
1
31
29
-14
-1
-2
-21
-11
-13
-4
-18
-37
-25
-31
-25
-6
-9
7
8
5
24
33
43
35
44
67
46
45
74
90
95
93
88
88
83
61
66
82
77
65
63
45
37
52
13
-30
-17
-4
-27
-19
-15
-47
-59
-67
-67
-57
-65
-74
-65
-85
-105
-75
-72
-72
-64
-88
-76
-53
-73
-89
-63
-50
-52
-53
-53
-36
-40
-47
-25
-25
-35
-17
-20
-29
-8
-12
-17
11
10
-11
-9
9
22
13
23
37
30
41
32
26
38
43
49
44
37
38
28
18
38
31
3
10
31
8
-6
4
-17
-7
-2
-17
1
0
-11
-4
24
22
19
22
17
39
57
61
55
57
58
49
60
83
75
68
88
75
72
88
63
44
48
49
44
23
20
14
-5
-11
-5
0
-12
-41
-46
-35
-40
-53
-60
-60
-78
-92
-84
-65
-82
-109
-113
-106
-72
-79
-97
-73
-76
-64
-42
-62
-46
-39
-41
-27
-37
-39
-21
-17
3
-2
-23
8
23
8
10
6
20
45
23
24
25
17
34
41
31
32
22
26
43
32
15
11
16
11
4
-1
15
29
7
-9
-6
4
7
7
6
-7
-9
-3
-12
-5
2
-8
3
22
44
40
25
25
42
63
73
59
58
75
78
73
62
65
66
73
78
72
75
59
43
20
22
42
7
-27
-5
-7
-23
-20
-47
-51
-53
-75
-66
-52
-56
-72
-93
-104
-96
-106
-99
-89
-98
-81
-80
-63
-39
-50
-47
-47
-44
-8
0
-10
25
14
-11
10
14
-3
-1
13
20
13
7
15
19
12
3
14
24
15
13
20
23
22
19
6
-6
-16
-14
3
9
10
16
17
6
-8
-12
2
-4
-18
18
32
-3
-4
-2
-15
12
28
26
35
27
34
44
26
29
31
33
36
26
44
52
41
53
49
48
67
58
63
71
50
53
46
3
14
26
14
19
3
-12
-1
-19
-42
-26
-27
-44
-49
-50
-59
-62
-51
-52
-52
-56
-76
-79
-73
-67
