73
74
68
58
64
60
51
46
37
47
37
26
50
36
25
33
21
29
15
11
33
12
8
11
-7
4
5
0
6
-19
-23
-3
-29
-36
-16
-22
-33
-34
-33
-43
-31
-39
-58
-42
-54
-48
-31
-64
-60
-30
-38
-45
-58
-61
-37
-52
-65
-48
-66
-59
-56
-73
-51
-49
-63
-59
-57
-42
-39
-40
-32
-44
-34
-21
-20
-6
-9
-18
-4
2
1
5
12
23
14
19
23
14
10
-5
-2
-11
-30
-20
-22
-31
-30
-38
-38
-33
-42
-45
-35
-24
-19
-8
-2
4
16
24
32
40
51
62
75
82
91
106
110
102
98
99
99
100
98
99
93
91
92
85
78
62
67
69
52
46
40
34
40
33
26
36
42
37
20
23
31
14
16
20
14
17
15
4
-2
-5
-16
-14
-14
-18
-12
-34
-35
-27
-34
-29
-40
-32
-24
-46
-60
-63
-43
-55
-74
-47
-61
-64
-56
-64
-66
-88
-67
-53
-73
-88
-82
-54
-69
-83
-67
-71
-73
-71
-71
-70
-65
-55
-52
-51
-56
-48
-38
-42
-28
-13
-14
-3
-14
-18
8
20
27
13
0
26
26
27
35
35
20
-27
-28
-17
-23
-23
-48
-50
-30
-38
-49
-45
-35
-50
-63
-47
-32
-7
-2
-2
27
41
47
72
91
89
91
116
146
164
163
145
143
149
141
128
121
119
112
106
102
110
117
99
67
57
62
54
47
39
39
25
26
36
31
42
22
13
29
32
36
22
11
9
23
20
-4
7
-6
-17
-32
-53
7
-37
-70
-13
-44
-54
-40
-51
-53
-68
-63
-61
-74
-44
-66
-96
-55
-79
-87
-77
-103
-57
-96
-123
-84
-111
-88
-99
-134
-70
-75
-130
-84
-68
-106
-84
-92
-59
-41
-97
-38
-44
-46
-8
-38
-12
8
-24
-17
6
15
30
16
3
24
29
29
19
16
49
41
14
26
30
9
-9
-25
-35
-27
-46
-64
-42
-40
-48
-59
-48
-46
-67
-54
-18
8
4
10
19
48
75
79
96
112
124
129
140
177
190
165
160
162
156
150
139
152
157
131
129
142
131
114
86
75
77
59
59
58
47
46
33
41
41
30
30
15
30
31
28
31
-3
27
1
-42
17
-4
-11
-7
-68
-18
-11
-61
-27
-50
-67
-51
-83
-60
-60
-81
-69
-100
-67
-58
-90
-90
-103
-70
-92
-137
-86
-85
-129
-135
-99
-111
-140
-131
-125
-115
-125
-113
-101
-122
-115
-107
-112
-86
-90
-92
-77
-64
-49
-33
-13
-19
-32
1
4
-3
32
21
19
33
35
34
31
44
38
58
72
40
45
35
24
24
-8
-8
-23
-48
-34
-45
-53
-50
-55
-56
-74
-60
-40
-35
-28
-25
5
23
26
54
93
107
103
122
138
148
161
155
162
175
174
164
158
173
183
153
139
135
137
160
119
126
136
80
66
65
80
69
36
54
77
60
36
64
93
29
40
67
24
28
16
8
4
-26
-5
-38
-22
-3
-74
-28
-88
-57
-29
-162
-42
-56
-124
-52
-130
-45
-63
-158
-37
-93
-136
-96
-122
-101
-97
-132
-115
-120
-123
-105
-158
-145
-90
-158
-140
-94
-132
-123
-92
-128
-109
-66
-96
-84
-108
-46
-22
-91
-51
3
0
-29
-14
13
7
26
3
22
54
15
65
64
26
40
40
44
22
12
22
5
14
-3
-43
-40
-19
-41
-59
-49
-42
-39
-56
-38
-34
-34
-23
-34
0
34
40
68
88
116
109
111
155
157
153
163
178
178
193
191
163
185
174
131
157
157
135
138
123
142
136
115
103
76
115
123
64
87
101
70
92
58
44
100
53
27
61
16
26
48
-23
-1
14
-62
-45
4
-23
-93
-80
-47
-67
-109
-109
-59
-106
-126
-89
-112
-130
-108
-125
-122
-122
-120
-84
-150
-159
-95
-127
-183
-153
-87
-155
-210
-121
-120
-127
-146
-168
-96
-127
-129
-88
-113
-89
-102
-82
-38
-78
-67
-17
-31
-21
9
-1
5
10
11
20
19
4
23
27
14
47
34
11
25
2
9
14
-4
11
-29
-40
-23
-28
-31
-35
-13
-11
-40
-31
-2
19
-3
-16
10
24
80
92
72
111
119
101
123
145
134
132
159
181
189
182
166
158
173
144
143
144
127
162
140
114
149
154
95
87
106
89
96
106
85
92
80
82
82
46
88
71
43
61
9
55
11
-65
27
-45
-22
13
-101
12
-83
-134
-12
-133
-70
-79
-157
-16
-121
-181
-49
-114
-135
-130
-163
-70
-99
-210
-127
-74
-153
-145
-130
-136
-76
-196
-156
-39
-196
-104
-90
-187
-63
-134
-108
-32
-166
-62
-37
-104
-65
-49
-28
-41
-48
-15
18
-20
-18
48
8
-24
41
20
13
3
5
54
14
7
42
-17
14
15
-37
-8
-48
-40
-24
-51
-43
-16
-24
-41
-18
2
-24
-20
-2
25
45
53
81
66
88
114
104
140
152
151
170
141
173
200
172
191
173
142
181
164
123
153
134
122
151
113
119
130
63
134
109
30
121
78
85
116
43
113
91
10
89
55
7
85
46
-32
4
-3
13
-30
-81
7
-51
-102
-7
-64
-99
-29
-98
-103
-90
-111
-69
-97
-150
-87
-72
-168
-122
-107
-152
-104
-131
-118
-117
-197
-97
-108
-207
-114
-117
-160
-145
-149
-99
-123
-144
-117
-85
-101
-114
-69
-88
-63
-70
-93
-19
-23
-78
-12
5
-12
-10
-25
16
6
17
19
27
54
5
41
45
30
42
14
42
15
-7
26
-41
-40
0
-39
-36
-21
-25
-35
-14
-11
-12
19
8
6
29
44
68
71
80
114
116
107
115
130
137
144
147
149
173
169
152
146
126
144
143
112
152
144
128
140
79
145
118
45
170
114
56
125
95
92
82
40
88
89
21
68
62
-2
74
-18
-43
75
-68
-36
40
-91
-11
-18
-105
-4
-61
-92
-37
-92
-81
-79
-105
-81
-88
-135
-137
-90
-122
-130
-109
-166
-118
-143
-178
-105
-169
-160
-105
-139
-119
-144
-161
-119
-138
-156
-99
-87
-143
-90
-57
-112
-69
-60
-76
-41
-62
-20
-26
-64
1
-17
0
-2
-29
45
4
-3
15
21
41
3
25
26
7
31
22
5
17
-12
-23
-21
-27
-26
-18
-8
-22
-10
-10
-12
4
2
24
26
25
84
82
76
104
99
127
109
118
181
137
156
177
130
166
169
136
153
146
136
153
115
147
138
115
133
86
143
140
63
100
123
55
36
109
105
53
41
67
74
12
48
75
32
23
28
18
0
9
-4
-16
-22
-35
-17
-32
-75
-55
-56
-77
-49
-58
-90
-78
-99
-111
-100
-121
-121
-133
-142
-154
-152
-175
-134
-159
-225
-114
-171
-180
-146
-138
-73
-185
-156
-83
-119
-93
-126
-90
-69
-119
-71
-34
-49
-79
-50
-37
-20
-35
-42
10
-30
-13
28
-4
-9
4
5
15
15
-1
46
28
4
33
12
27
5
3
4
-37
-36
-26
-21
-49
-24
-10
-44
-12
-9
-2
12
7
31
23
48
99
82
105
113
107
128
141
155
165
158
143
157
146
169
187
131
129
145
132
134
122
131
120
89
112
119
98
89
96
116
54
61
159
87
13
124
107
16
75
69
58
21
-1
95
1
-47
13
26
-29
-130
11
-5
-117
-4
-35
-65
-90
-118
0
-143
-132
-53
-147
-75
-114
-113
-103
-193
-97
-72
-195
-113
-128
-167
-131
-161
-128
-161
-131
-119
-195
-123
-115
-105
-122
-132
-72
-95
-79
-84
-73
-9
-94
-76
22
-45
-17
-29
-1
17
24
4
24
47
-14
31
4
38
30
-9
24
8
-39
1
10
-30
-1
-60
-54
-4
-42
-30
-39
-51
-11
-36
-46
-19
-10
4
-11
-4
32
64
87
62
101
131
109
112
137
161
160
143
150
181
158
175
181
152
166
139
145
155
94
144
170
82
115
152
99
83
129
107
55
82
94
73
58
48
118
44
-7
109
17
-3
58
0
44
-3
-43
33
-48
-81
-1
-33
-117
-9
-53
-135
-20
-51
-115
-45
-114
-71
-63
-152
-62
-99
-157
-71
-132
-166
-46
-168
-107
-117
-184
-81
-164
-126
-81
-196
-67
-107
-174
-67
-124
-108
-71
-111
-119
-43
-81
-28
-26
-76
-10
-21
-44
-14
-2
34
8
-14
34
-11
-14
14
-8
-13
-19
-23
18
-48
-32
2
-78
-44
-57
-83
-51
-52
-51
-86
-57
-50
-52
-19
-61
12
12
-16
48
21
59
91
82
127
103
128
156
134
157
171
166
160
171
152
167
197
162
195
176
118
184
158
118
156
100
122
162
98
115
135
71
81
114
37
144
91
-14
139
58
6
105
-18
24
90
-45
22
-15
5
41
-143
-6
52
-108
-21
-70
-64
-14
-105
-114
-38
-65
-130
-56
-56
-128
-82
-126
-142
-77
-147
-100
-132
-128
-111
-161
-156
-136
-130
-145
-150
-116
-116
-126
-117
-129
-92
-129
-150
-46
-62
-138
-28
-22
-103
-51
-7
-58
1
-21
-17
47
-26
19
26
-36
17
28
24
10
-77
0
-4
-95
-27
-51
-91
-78
-112
-83
-75
-106
-79
-73
-111
-89
-56
-44
-7
-9
-13
57
46
71
125
97
133
168
161
179
204
219
222
201
206
210
179
202
248
203
173
192
180
142
150
160
157
97
34
155
115
50
131
91
72
70
77
80
84
101
100
19
22
108
42
-36
50
64
-24
-45
-28
57
-40
-85
15
-38
-54
-15
-96
-31
-34
-98
-89
-99
-53
-105
-149
-95
-63
-85
-155
-134
-38
-194
-208
-67
-125
-188
-97
-164
-216
-162
-124
-126
-260
-145
-49
-173
-259
-72
-41
-155
-74
-82
-60
-21
-125
13
26
-117
25
4
-16
43
-7
37
31
-68
34
-13
-65
-7
-56
-62
-75
-123
-119
-107
-135
-123
-140
-157
-112
-124
-148
-79
-90
-71
-12
-45
11
83
76
112
130
182
193
206
267
245
271
302
302
309
335
332
271
289
304
232
262
267
198
219
172
176
165
131
169
104
85
105
127
73
72
123
60
27
116
90
21
72
49
38
11
-14
98
-10
-98
100
-39
-4
42
-70
3
-84
-66
8
-117
-108
-47
-143
-108
-68
-104
-147
-136
-129
-82
-169
-212
-109
-192
-227
-137
-183
-260
-239
-188
-206
-296
-244
-150
-230
-235
-116
-248
-241
-138
-144
-135
-137
-124
-75
-89
-55
23
-39
-33
10
38
-7
-46
11
35
-69
-59
-2
-78
-108
-114
-142
-170
-178
-154
-186
-184
-177
-200
-213
-208
-174
-217
-166
-129
-71
-30
-39
75
121
136
159
221
288
316
343
375
402
424
429
428
432
423
398
394
434
394
308
317
336
285
197
202
271
164
123
142
101
117
105
110
141
80
133
166
70
180
139
42
88
86
160
63
-15
178
45
-33
72
4
-36
-95
-69
38
-78
-131
-42
-215
-249
-88
-44
-119
-175
-165
-123
-234
-196
-40
-204
-342
-266
-160
-181
-325
-285
-287
-409
-271
-259
-297
-253
-279
-273
-291
-253
-164
-304
-259
-101
-145
-125
-90
-92
-111
-70
5
24
-21
-48
-29
-32
-89
-99
-109
-205
-246
-189
-188
-297
-348
-249
-326
-387
-333
-312
-258
-273
-279
-243
-169
-133
-70
13
43
128
190
234
364
403
428
514
544
582
585
619
672
644
591
571
588
641
585
497
472
429
398
347
323
333
256
185
161
116
166
152
74
86
55
93
159
71
131
79
21
147
39
117
224
13
30
118
51
113
25
-47
63
18
-91
47
48
-141
-61
-102
-172
-48
-245
-185
-62
-392
-162
-144
-439
-179
-239
-388
-260
-444
-335
-227
-432
-326
-362
-474
-297
-312
-376
-277
-406
-404
-273
-258
-192
-200
-286
-142
-125
-239
-49
-38
-171
-176
-268
-183
-120
-219
-194
-313
-439
-378
-345
-370
-362
-377
-411
-464
-474
-414
-308
-284
-306
-295
-222
-123
-52
54
141
195
289
347
426
627
713
708
685
700
800
853
857
876
869
854
819
727
695
695
644
561
471
435
407
332
302
266
153
127
109
58
75
121
88
32
-2
11
123
55
56
150
39
1
52
68
96
62
64
102
47
15
112
30
-56
53
-34
-114
-48
-57
-67
-158
-199
-175
-253
-210
-235
-298
-329
-340
-382
-484
-410
-337
-402
-415
-406
-451
-445
-483
-394
-316
-473
-398
-366
-411
-275
-314
-292
-335
-400
-282
-428
-540
-421
-406
-451
-559
-604
-567
-581
-600
-623
-622
-625
-653
-685
-657
-515
-412
-467
-459
-381
-251
-105
-77
29
206
280
340
487
661
768
857
883
841
920
1034
1096
1115
1126
1170
1111
1044
1055
1034
1005
915
776
699
683
632
510
417
385
296
187
142
174
161
53
13
-5
-21
8
-3
-34
-43
19
8
-60
28
71
31
63
78
95
128
2
99
225
32
89
108
-4
83
-67
-121
-49
-153
-110
-158
-298
-223
-205
-354
-384
-309
-307
-383
-451
-443
-346
-425
-491
-430
-562
-531
-447
-498
-414
-485
-497
-421
-533
-539
-600
-724
-743
-734
-707
-770
-898
-920
-867
-930
-1017
-915
-891
-873
-829
-892
-764
-621
-601
-559
-496
-301
-110
-109
43
228
390
522
544
765
957
1001
1008
1026
1138
1235
1265
1287
1331
1364
1258
1134
1118
1149
1131
994
887
850
798
684
573
509
453
368
221
117
178
191
75
34
-6
-49
-24
-64
-10
50
-32
-43
-29
38
114
87
62
54
131
186
202
215
214
283
206
136
257
249
172
110
42
16
-97
-119
-51
-101
-137
-225
-361
-370
-428
-409
-366
-486
-461
-461
-539
-539
-547
-530
-571
-672
-666
-598
-578
-741
-933
-1065
-1066
-948
-1043
-1155
-1167
-1172
-1286
-1412
-1312
-1165
-1116
-1161
-1243
-1111
-894
-849
-821
-672
-415
-194
-143
-50
235
488
566
621
817
1052
1208
1291
1367
1454
1432
1382
1441
1542
1657
1625
1431
1288
1227
1196
1096
996
938
785
613
485
374
333
247
89
12
-35
-64
-90
-166
-206
-225
-255
-259
-208
-98
-21
-71
-93
20
103
135
188
222
293
379
410
449
499
485
481
453
416
505
453
302
376
303
173
144
37
32
-80
-159
-111
-254
-403
-377
-406
-479
-561
-675
-689
-673
-673
-605
-612
-780
-941
-1110
-1071
-904
-940
-1132
-1396
-1470
-1317
-1308
-1344
-1352
-1392
-1454
-1478
-1416
-1252
-1074
-1076
-1122
-1071
-800
-489
-303
-243
-115
33
177
390
653
959
1104
1119
1157
1232
1349
1532
1647
1697
1685
1658
1558
1482
1482
1438
1350
1224
1077
935
827
739
559
387
312
248
176
35
-55
-118
-246
-382
-426
-386
-346
-371
-408
-431
-408
-362
-272
-146
-59
-24
23
113
216
345
433
476
513
572
613
672
752
759
763
709
593
576
533
526
461
243
200
184
36
-84
-199
-260
-335
-451
-467
-485
-628
-735
-768
-762
-681
-700
-684
-855
-1157
-1278
-1307
-1176
-1132
-1366
-1533
-1579
-1563
-1531
-1595
-1581
-1490
-1461
-1554
-1533
-1301
-1039
-982
-1018
-897
-642
-339
-137
-5
207
407
552
724
960
1222
1430
1494
1506
1528
1576
1725
1790
1797
1749
1694
1683
1624
1499
1372
1226
1129
965
789
696
598
431
161
35
32
-20
-161
-302
-364
-433
-538
-586
-562
-510
-558
-613
-562
-457
-384
-307
-191
-114
-36
52
167
320
406
498
610
663
708
762
798
812
812
777
758
719
657
615
524
388
320
242
151
-27
-211
-212
-329
-457
-498
-603
-605
-713
-864
-814
-813
-809
-837
-788
-788
-1183
-1532
-1552
-1275
-1084
-1295
-1500
-1499
-1410
-1579
-1873
-1715
-1352
-1197
-1385
-1593
-1401
-1073
-942
-999
-890
-470
-170
-154
-137
120
513
722
722
858
1248
1613
1657
1470
1488
1675
1871
1851
1751
1842
1959
1909
1589
1390
1474
1491
1295
985
884
921
698
392
226
247
241
1
-237
-276
-226
-340
-542
-582
-496
-489
-602
-657
-532
-394
-411
-437
-320
-169
-107
-143
-56
161
330
376
372
453
566
585
569
628
779
855
744
618
581
602
550
454
374
372
315
94
-130
-182
-216
-299
-443
-563
-512
-596
-738
-851
-931
-797
-795
-879
-986
-1186
-1321
-1563
-1570
-1341
-1275
-1469
-1725
-1763
-1606
-1622
-1834
-1846
-1540
-1322
-1426
-1555
-1395
-993
-833
-922
-853
-365
75
66
-19
259
747
1002
995
1101
1497
1810
1753
1566
1624
1954
2087
1947
1870
1934
2015
1804
1529
1511
1626
1545
1178
895
809
777
660
387
262
247
127
-106
-300
-241
-186
-330
-551
-658
-544
-468
-549
-585
-484
-353
-336
-342
-286
-155
-15
6
26
199
411
480
422
442
562
590
590
658
770
779
604
468
440
480
486
358
213
166
102
-69
-231
-328
-341
-415
-518
-578
-597
-591
-729
-862
-889
-762
-674
-913
-1317
-1523
-1376
-1225
-1409
-1696
-1765
-1612
-1570
-1831
-1984
-1822
-1555
-1597
-1833
-1811
-1470
-1161
-1182
-1285
-1016
-516
-292
-314
-220
144
605
762
786
1049
1491
1732
1601
1540
1725
2065
2157
2017
2001
2121
2162
1917
1643
1694
1824
1695
1314
1081
1122
1064
804
527
449
448
255
-60
-217
-157
-146
-342
-552
-619
-505
-532
-693
-691
-529
-420
-447
-486
-367
-192
-133
-141
-49
201
348
334
354
473
638
699
633
688
849
867
752
650
631
691
631
451
337
324
287
97
-139
-256
-281
-319
-482
-605
-598
-645
-798
-952
-913
-781
-807
-1034
-1302
-1503
-1605
-1530
-1423
-1507
-1669
-1894
-2015
-1928
-1828
-1739
-1755
-1853
-1902
-1857
-1654
-1409
-1237
-1098
-1030
-920
-661
-373
-85
123
276
493
710
960
1241
1474
1629
1664
1685
1807
1990
2125
2144
2101
2027
1961
1912
1861
1841
1749
1534
1285
1121
1082
1000
806
613
461
284
116
-3
-77
-110
-217
-382
-505
-544
-514
-544
-607
-596
-509
-483
-481
-421
-328
-196
-180
-125
46
187
294
348
404
511
638
720
730
741
775
775
726
662
664
622
551
454
330
322
257
137
-27
-154
-210
-336
-433
-507
-564
-640
-759
-811
-794
-791
-939
-1217
-1477
-1651
-1557
-1407
-1470
-1694
-2001
-2104
-2058
-1968
-1828
-1830
-1894
-1950
-1974
-1821
-1543
-1294
-1157
-1112
-1046
-793
-428
-133
86
246
456
694
951
1271
1494
1583
1667
1729
1863
2077
2162
2156
2080
1996
1972
1985
1995
1937
1757
1514
1281
1135
1087
1026
871
667
439
259
136
67
67
-42
-282
-475
-554
-549
-528
-576
-598
-603
-626
-638
-580
-460
-338
-300
-268
-161
-29
105
198
267
350
452
536
560
599
685
719
752
759
717
679
676
593
546
488
391
318
163
105
-25
-139
-249
-357
-351
-449
-532
-632
-730
-725
-878
-1091
-1343
-1523
-1502
-1460
-1484
-1699
-1918
-2069
-2054
-1954
-1933
-1956
-1976
-1992
-2016
-1980
-1734
-1428
-1235
-1197
-1158
-875
-541
-306
-95
171
420
711
913
1129
1396
1583
1699
1740
1882
2129
2208
2183
2088
2022
2080
2098
2057
1953
1795
1587
1389
1202
1135
1109
935
696
443
251
161
78
-1
-118
-281
-453
-620
-683
-616
-583
-593
-694
-762
-700
-649
-590
-454
-308
-228
-180
-151
-70
90
233
355
472
558
612
635
618
679
796
814
765
708
709
641
563
463
440
446
266
110
-28
-76
-159
-300
-385
-502
-557
-646
-689
-775
-985
-1263
-1525
-1566
-1489
-1445
-1566
-1829
-2133
-2275
-2150
-1917
-1788
-1869
-2105
-2198
-2079
-1821
-1527
-1352
-1218
-1161
-1084
-896
-534
-103
166
348
461
749
1061
1334
1511
1575
1782
1912
2038
2146
2240
2288
2191
2093
2031
2120
2159
1973
1707
1464
1349
1285
1215
1078
886
642
355
150
61
93
77
-122
-382
-585
-670
-629
-586
-577
-619
-678
-779
-769
-618
-516
-394
-367
-337
-230
-119
-8
99
219
320
410
462
514
583
652
691
662
682
718
655
597
502
500
511
404
249
127
73
-16
-125
-239
-304
-358
-448
-519
-530
-644
-890
-1270
-1496
-1494
-1443
-1453
-1648
-1900
-2066
-2200
-2237
-2151
-2062
-1908
-1944
-2147
-2236
-2058
-1691
-1409
-1349
-1217
-1000
-781
-588
-376
-8
410
641
778
998
1275
1574
1667
1738
1921
2158
2311
2316
2215
2233
2278
2273
2235
2167
2111
1952
1612
1336
1294
1295
1208
914
625
424
281
131
21
-61
-132
-292
-575
-739
-740
-695
-711
-761
-746
-759
-789
-779
-688
-497
-368
-322
-296
-195
-38
93
148
277
480
596
614
600
632
741
800
784
813
823
742
610
533
526
506
377
216
141
73
-51
-207
-290
-309
-386
-489
-642
-848
-1103
-1383
-1492
-1488
-1515
-1702
-1992
-2219
-2232
-2240
-2345
-2315
-2218
-2141
-2251
-2495
-2397
-1991
-1619
-1463
-1516
-1345
-965
-638
-529
-274
241
651
764
835
1174
1644
1900
1859
1913
2221
2527
2517
2377
2378
2470
2491
2379
2204
2225
2125
1864
1556
1341
1361
1267
994
669
470
348
167
-44
-201
-239
-302
-557
-815
-916
-819
-793
-847
-880
-886
-841
-867
-871
-729
-519
-399
-320
-229
-91
35
119
224
423
618
737
752
761
822
896
893
877
940
994
915
703
633
689
630
466
345
217
130
-73
-211
-238
-297
-359
-530
-741
-952
-1259
-1474
-1587
-1624
-1701
-1997
-2220
-2378
-2463
-2611
-2648
-2467
-2288
-2367
-2696
-2743
-2330
-1916
-1717
-1727
-1471
-1068
-891
-761
-489
115
654
801
805
1185
1673
1985
2004
2027
2361
2644
2685
2620
2622
2711
2654
2517
2399
2388
2386
2086
1668
1341
1300
1208
943
676
454
298
58
-275
-420
-425
-444
-671
-945
-1028
-1021
-987
-1038
-1024
-923
-860
-913
-927
-795
-543
-390
-331
-194
21
210
266
313
513
743
861
836
861
994
1018
1015
1009
1058
1132
1010
834
777
737
658
502
416
312
202
-41
-227
-281
-369
-381
-534
-681
-858
-1245
-1602
-1702
-1694
-1740
-2054
-2324
-2350
-2392
-2681
-2936
-2782
-2329
-2181
-2648
-2931
-2572
-2029
-1788
-1840
-1647
-1043
-773
-835
-706
-71
684
949
857
1097
1700
2133
2206
2183
2396
2724
2814
2673
2687
2828
2957
2730
2343
2261
2328
2197
1852
1429
1247
1139
797
496
332
253
76
-378
-738
-739
-704
-780
-1019
-1171
-1113
-1131
-1258
-1198
-1019
-914
-884
-924
-783
-503
-338
-219
-62
178
398
443
528
731
951
1061
1033
1069
1221
1276
1155
1085
1112
1148
1059
865
767
813
687
444
218
88
104
-116
-313
-347
-404
-519
-756
-896
-838
-987
-1318
-1682
-1832
-1808
-2027
-2293
-2348
-2154
-2309
-2802
-3023
-2708
-2149
-2238
-2695
-2651
-2225
-1792
-1828
-1838
-1227
-613
-550
-724
-431
360
951
989
1040
1474
1994
2142
2171
2344
2693
2846
2706
2626
2702
2826
2823
2554
2274
2152
2028
1889
1502
1208
1088
891
546
175
36
15
-229
-589
-827
-844
-861
-1021
-1168
-1174
-1074
-1153
-1256
-1160
-923
-767
-751
-731
-536
-279
-140
-29
226
494
583
582
725
999
1211
1208
1172
1269
1297
1237
1199
1203
1215
1139
925
785
714
579
440
289
169
67
-125
-338
-474
-541
-538
-643
-829
-861
-971
-1194
-1567
-1890
-1965
-2026
-2136
-2266
-2250
-2303
-2642
-2904
-2856
-2517
-2289
-2400
-2476
-2316
-2019
-1895
-1826
-1478
-982
-624
-469
-309
78
545
869
1086
1388
1745
2112
2346
2397
2504
2606
2697
2751
2717
2662
2682
2631
2471
2245
1971
1786
1607
1384
1138
879
621
341
56
-176
-341
-466
-629
-779
-884
-977
-1055
-1115
-1188
-1206
-1161
-1064
-976
-867
-699
-557
-435
-326
-194
19
255
453
638
752
891
1015
1085
1187
1297
1383
1373
1277
1230
1206
1168
1117
917
754
667
502
369
240
89
-76
-288
-439
-561
-677
-767
-845
-925
-956
-980
-1080
-1262
-1561
-1871
-2066
-2154
-2154
-2036
-1885
-1924
-2299
-2675
-2736
-2443
-2089
-1941
-1930
-1950
-1869
-1705
-1528
-1274
-897
-463
-215
-171
-3
413
843
1090
1264
1444
1743
2057
2198
2255
2357
2434
2371
2236
2204
2365
2478
2390
2114
1830
1671
1459
1155
967
905
836
598
248
16
-111
-301
-477
-588
-613
-567
-647
-786
-876
-885
-850
-868
-824
-608
-378
-218
-182
-181
-159
-70
118
381
617
763
828
802
793
736
677
740
863
870
773
691
530
395
353
156
47
94
61
-10
-194
-336
-465
-655
-727
-725
-686
-638
-718
-754
-782
-933
-925
-836
-825
-851
-971
-1102
-1262
-1386
-1227
-1018
-969
-1065
-1207
-1243
-1191
-1192
-1240
-1192
-1086
-989
-895
-831
-693
-532
-470
-464
-461
-297
-50
198
391
527
660
675
623
679
831
1009
1178
1245
1198
1159
1198
1249
1282
1318
1272
1188
1138
1058
986
958
867
794
789
720
573
410
431
510
422
274
212
231
184
64
9
61
98
32
-55
-74
-27
1
-69
-91
-56
-109
-131
-90
-24
33
20
52
90
-7
-111
-69
20
71
84
37
61
99
4
-53
-44
-44
-1
-48
-167
-187
-260
-305
-260
-266
-291
-359
-376
-385
-468
-471
-459
-436
-387
-425
-441
-480
-615
-632
-581
-555
-541
-603
-709
-730
-718
-759
-779
-804
-804
-752
-799
-874
-795
-647
-543
-503
-531
-504
-407
-356
-299
-185
-33
89
129
140
199
327
415
477
534
584
648
684
764
854
893
921
903
867
842
786
733
691
684
680
667
642
602
563
492
435
391
358
388
372
327
314
248
217
230
198
203
239
216
220
216
197
234
246
231
252
285
306
265
219
192
211
235
216
210
167
122
98
91
90
36
-25
-39
-115
-182
-178
-188
-243
-346
-368
-370
-420
-430
-437
-455
-442
-431
-449
-478
-569
-682
-746
-757
-692
-674
-727
-802
-881
-874
-852
-915
-1016
-1079
-1110
-1063
-1015
-966
-843
-739
-702
-718
-732
-655
-523
-396
-258
-159
-75
12
99
227
358
441
511
570
603
682
836
959
1033
1048
978
919
892
875
847
818
811
828
820
780
714
610
514
490
504
488
469
396
325
340
365
296
156
134
209
268
237
159
155
130
96
116
126
118
70
48
133
174
93
45
72
103
107
41
-6
50
91
32
-26
-42
-83
-82
-72
-82
-108
-185
-249
-284
-283
-276
-303
-321
-372
-413
-410
-439
-449
-435
-381
-331
-384
-407
-328
-288
-313
-424
-610
-597
-426
-359
-374
-474
-545
-514
-470
-510
-630
-683
-722
-724
-707
-669
-571
-506
-501
-554
-579
-553
-516
-410
-249
-103
-3
60
151
268
358
419
524
626
719
814
904
1024
1068
1008
955
906
809
773
796
812
794
677
482
332
349
403
398
335
188
104
66
72
133
109
39
-19
-11
38
57
27
-22
4
72
54
5
17
41
59
71
124
164
90
-10
-84
-114
-22
23
52
85
-33
13
163
143
65
-81
-27
203
164
57
-40
-149
-67
-16
-132
-266
-313
-162
-107
-314
-369
-307
-269
-243
-384
-445
-325
-324
-246
-162
-225
-236
-329
-509
-628
-631
-502
-358
-344
-443
-549
-568
-535
-564
-643
-662
-669
-704
-672
-539
-356
-201
-268
-421
-458
-400
-220
-38
112
297
430
493
590
683
747
763
716
710
763
852
978
999
971
916
734
530
350
322
439
476
470
335
139
66
34
46
21
-88
-160
-170
-155
-78
-21
-41
-48
-50
-88
-66
-27
28
133
207
219
106
-19
87
286
254
38
7
203
230
148
161
250
226
-47
-115
131
246
209
-85
-193
96
20
-24
-9
-199
-136
-183
-201
-97
-238
-288
-193
-196
-324
-369
-347
-216
-107
-287
-256
-170
-220
-69
-36
10
59
-171
-349
-486
-579
-448
-342
-366
-419
-581
-692
-655
-656
-666
-746
-846
-888
-844
-715
-554
-357
-371
-455
-467
-410
-195
-29
187
395
468
554
622
759
908
964
978
893
848
900
945
1017
1053
995
853
656
496
408
358
398
432
309
202
99
-10
-50
-150
-268
-295
-306
-351
-308
-197
-170
-208
-273
-316
-212
-43
28
103
136
49
75
184
220
244
160
113
205
262
280
272
333
302
233
194
127
209
149
115
229
34
-94
-146
-150
50
-17
-265
-493
-453
-150
92
62
-203
-222
-71
23
144
35
-25
107
174
352
376
203
179
0
-387
-749
-1004
-904
-703
-738
-907
-1102
-1205
-1289
-1468
-1583
-1539
-1492
-1508
-1382
-1133
-868
-621
-555
-550
-518
-389
-73
286
662
979
1150
1280
1428
1524
1609
1654
1601
1553
1495
1478
1538
1557
1452
1197
922
658
410
238
124
61
6
-153
-370
-520
-649
-744
-869
-1013
-1054
-1044
-960
-751
-579
-521
-534
-507
-363
-167
89
331
457
554
549
502
568
661
812
843
752
685
704
887
948
854
694
499
436
436
479
428
271
183
96
43
-65
-134
-172
-331
-370
-341
-308
-252
-267
-252
-235
-206
-179
-170
-145
-82
4
61
44
-165
-530
-969
-1287
-1429
-1470
-1473
-1491
-1513
-1590
-1711
-1843
-1903
-1877
-1909
-1875
-1733
-1494
-1073
-688
-353
-138
-64
36
244
568
967
1391
1716
1943
2120
2244
2316
2300
2179
1986
1809
1707
1648
1576
1458
1257
990
673
266
-93
-375
-626
-794
-951
-1059
-1112
-1198
-1275
-1398
-1559
-1661
-1643
-1394
-1062
-792
-506
-238
15
240
467
689
826
995
1247
1483
1665
1743
1686
1555
1415
1286
1168
1134
1091
991
849
600
426
285
68
-65
-221
-383
-455
-547
-533
-462
-437
-451
-503
-472
-369
-249
-141
-43
47
108
228
386
427
372
275
140
-66
-477
-1102
-1673
-1986
-2100
-2131
-2209
-2374
-2491
-2539
-2573
-2574
-2609
-2624
-2585
-2388
-1903
-1279
-707
-240
123
479
832
1112
1365
1649
2002
2344
2682
2993
3185
3214
3061
2761
2393
1981
1608
1296
1123
1050
820
494
118
-297
-734
-1194
-1581
-1836
-1975
-1966
-1845
-1638
-1485
-1565
-1707
-1781
-1598
-1097
-603
-149
225
544
1013
1433
1718
1816
1733
1743
1852
2047
2250
2231
2043
1817
1588
1365
1130
884
671
498
343
211
113
-21
-195
-384
-574
-709
-814
-844
-755
-609
-418
-234
-103
-16
62
142
181
197
260
369
566
682
640
521
280
-66
-772
-1761
-2568
-2955
-2941
-2893
-3019
-3151
-3225
-3193
-3129
-3124
-3134
-3143
-3025
-2669
-2018
-1139
-342
275
825
1341
1785
2030
2227
2461
2734
3087
3353
3587
3747
3718
3544
3093
2439
1736
1085
615
264
-2
-208
-468
-740
-1034
-1430
-1883
-2346
-2680
-2800
-2665
-2319
-1957
-1700
-1490
-1198
-771
-325
65
384
685
1102
1602
2104
2464
2638
2685
2668
2591
2390
2111
1831
1563
1354
1193
1003
816
592
371
162
-56
-240
-382
-479
-537
-518
-472
-469
-424
-339
-242
-110
11
148
316
482
635
747
782
766
807
821
806
692
430
168
-96
-536
-1321
-2383
-3371
-3928
-4094
-4088
-4196
-4338
-4289
-4005
-3616
-3318
-3213
-3127
-2907
-2501
-1772
-867
123
1037
1760
2444
3016
3314
3421
3464
3533
3677
3746
3698
3625
3506
3290
2872
2190
1329
458
-279
-822
-1272
-1687
-1964
-2065
-2086
-2179
-2408
-2625
-2721
-2693
-2536
-2290
-1941
-1509
-1004
-350
437
1142
1575
1828
2058
2315
2543
2610
2561
2515
2507
2491
2381
2189
1864
1407
967
578
216
-115
-312
-328
-281
-242
-252
-248
-238
-284
-307
-294
-264
-195
-70
162
487
808
1041
1168
1257
1298
1266
1145
960
768
581
486
434
299
92
-229
-691
-1419
-2662
-4005
-4854
-5146
-5022
-4998
-5208
-5091
-4578
-3817
-3030
-2715
-2550
-2292
-1988
-1342
-556
317
1376
2358
3251
4035
4446
4529
4432
4236
3982
3633
3182
2813
2633
2508
2278
1727
906
35
-836
-1636
-2368
-3003
-3331
-3341
-3152
-2885
-2691
-2503
-2174
-1819
-1568
-1391
-1219
-921
-401
320
1169
1950
2558
2980
3227
3353
3216
2906
2531
2089
1722
1419
1226
1151
1030
854
551
160
-250
-668
-973
-1051
-972
-850
-589
-231
140
462
673
810
861
838
799
845
979
1135
1335
1524
1664
1699
1586
1350
992
574
204
-130
-383
-610
-879
-1045
-1372
-1984
-2904
-4081
-4936
-5370
-5528
-5571
-5701
-5434
-4644
-3638
-2625
-2016
-1542
-1043
-685
-253
258
885
1703
2577
3399
4123
4604
4788
4817
4625
4177
3538
2686
1980
1544
1146
829
411
-163
-670
-1278
-1923
-2483
-3069
-3439
-3559
-3523
-3303
-2957
-2382
-1635
-957
-536
-286
-17
346
831
1308
1760
2200
2584
3025
3307
3277
3134
2788
2305
1803
1163
604
265
58
-45
-154
-274
-355
-403
-483
-550
-568
-561
-474
-302
-19
350
724
1069
1375
1565
1641
1660
1612
1530
1462
1373
1266
1197
1091
983
832
538
229
-90
-400
-688
-1006
-1261
-1593
-2156
-2887
-3878
-4734
-5095
-5334
-5403
-5444
-5393
-4743
-3884
-2942
-2039
-1416
-765
-219
139
570
1057
1679
2453
3070
3540
4003
4356
4596
4647
4307
3669
2878
2063
1338
736
223
-253
-725
-1143
-1540
-1975
-2304
-2618
-2845
-2942
-3070
-3071
-2855
-2377
-1653
-973
-412
68
522
1002
1451
1788
1994
2228
2456
2625
2703
2636
2538
2383
2080
1608
1028
544
195
-89
-327
-593
-781
-794
-759
-641
-465
-339
-167
27
227
487
751
1018
1272
1439
1554
1637
1683
1713
1691
1619
1464
1268
1103
939
713
419
125
-154
-395
-661
-902
-1073
-1220
-1418
-1943
-2724
-3643
-4535
-4910
-5128
-5379
-5441
-5316
-4632
-3623
-2727
-1879
-1130
-365
287
607
903
1237
1657
2202
2701
3085
3420
3837
4221
4405
4231
3637
2922
2170
1346
589
-128
-724
-1190
-1642
-1979
-2179
-2276
-2278
-2287
-2315
-2378
-2415
-2231
-1882
-1422
-897
-421
79
622
1132
1663
2138
2410
2528
2513
2459
2360
2188
1950
1644
1335
968
584
260
18
-167
-359
-559
-719
-791
-775
-708
-548
-343
-112
226
567
891
1203
1445
1608
1695
1702
1636
1577
1544
1456
1317
1150
1037
964
776
485
193
-96
-335
-521
-784
-1055
-1208
-1342
-1609
-2080
-2814
-3593
-4148
-4495
-4789
-5111
-5243
-4955
-4247
-3388
-2520
-1631
-758
13
527
923
1313
1664
2056
2332
2502
2719
3019
3425
3750
3808
3597
3198
2715
2086
1306
529
-219
-871
-1498
-2097
-2460
-2579
-2493
-2327
-2186
-2034
-1852
-1604
-1332
-1033
-751
-473
-166
160
584
1018
1478
1960
2250
2455
2545
2538
2470
2177
1785
1290
804
412
54
-195
-327
-449
-531
-527
-533
-493
-404
-345
-262
-136
71
361
678
1005
1272
1499
1659
1721
1799
1849
1737
1542
1298
1039
847
681
488
279
103
-62
-264
-409
-512
-677
-865
-1054
-1275
-1677
-2293
-2982
-3620
-4040
-4377
-4750
-4948
-4857
-4416
-3682
-2898
-2038
-1198
-496
130
598
1009
1424
1740
1962
2114
2302
2579
2968
3332
3433
3340
3130
2795
2315
1684
988
315
-349
-1031
-1701
-2170
-2350
-2414
-2383
-2274
-2121
-1853
-1530
-1194
-841
-562
-311
-51
170
446
820
1164
1500
1794
1953
2176
2378
2392
2247
1896
1472
1069
636
230
-119
-355
-501
-585
-583
-540
-400
-303
-266
-192
-65
158
380
609
849
1069
1297
1449
1588
1726
1771
1707
1558
1352
1111
914
750
523
308
73
-146
-226
-359
-496
-538
-684
-768
-889
-1251
-1743
-2391
-3103
-3673
-4038
-4474
-4815
-4875
-4655
-3967
-3202
-2502
-1588
-780
-101
519
923
1281
1616
1790
1813
1843
2060
2429
2804
3023
3079
3055
2879
2552
2057
1417
757
25
-751
-1474
-2074
-2362
-2447
-2423
-2314
-2147
-1785
-1294
-879
-569
-315
-106
54
150
248
441
751
1060
1352
1608
1831
2108
2292
2273
2089
1746
1355
915
434
-3
-358
-586
-735
-783
-701
-497
-219
1
129
218
322
476
641
797
976
1129
1245
1341
1452
1579
1651
1624
1457
1200
964
773
575
338
58
-246
-469
-572
-650
-639
-581
-621
-671
-741
-1058
-1645
-2323
-3007
-3530
-3993
-4538
-4859
-4846
-4435
-3688
-2949
-2073
-1135
-337
369
863
1214
1488
1655
1661
1524
1535
1803
2201
2535
2693
2820
2868
2760
2495
2047
1493
845
21
-885
-1650
-2166
-2478
-2609
-2568
-2445
-2095
-1545
-1014
-553
-224
29
176
223
277
322
538
677
652
874
1170
1608
1996
2023
1985
1876
1691
1404
951
473
-12
-374
-647
-851
-783
-633
-413
-183
-49
174
443
655
780
817
889
1019
1112
1187
1313
1455
1497
1487
1416
1262
1157
1004
769
519
211
-56
-251
-409
-565
-656
-661
-713
-671
-566
-704
-1162
-1819
-2479
-3005
-3456
-4039
-4528
-4679
-4579
-4066
-3374
-2643
-1687
-785
-20
604
1077
1511
1782
1795
1664
1534
1540
1748
2039
2233
2363
2509
2581
2546
2333
1894
1347
661
-165
-1041
-1765
-2189
-2529
-2759
-2774
-2546
-2021
-1446
-887
-360
20
252
339
401
449
459
421
442
616
821
1132
1490
1740
1893
1935
1841
1601
1277
869
430
-25
-457
-741
-908
-897
-689
-472
-224
100
431
721
921
1067
1140
1154
1110
1078
1158
1243
1261
1264
1271
1318
1286
1112
963
822
624
359
19
-259
-485
-638
-773
-935
-925
-843
-832
-1152
-1770
-2263
-2674
-3087
-3624
-4246
-4503
-4457
-4170
-3612
-2882
-1937
-1017
-315
363
1074
1684
2006
2009
1875
1788
1768
1692
1724
1892
2043
2189
2213
2205
2214
2007
1582
945
165
-604
-1302
-1893
-2394
-2745
-2859
-2737
-2387
-1887
-1257
-585
-41
358
570
684
794
836
693
497
469
565
778
1007
1205
1419
1584
1639
1627
1476
1122
707
242
-209
-574
-822
-924
-907
-791
-571
-250
89
506
885
1086
1261
1382
1385
1348
1343
1349
1332
1246
1171
1157
1167
1102
925
797
691
519
260
-3
-260
-508
-718
-887
-973
-962
-1004
-1328
-1828
-2256
-2583
-2840
-3311
-3871
-4092
-4100
-3881
-3451
-2908
-2092
-1250
-599
51
756
1443
1860
1964
1941
1915
1937
1876
1849
1858
1844
1888
1890
1908
1919
1795
1499
1031
422
-274
-902
-1429
-1967
-2390
-2617
-2640
-2361
-1994
-1556
-996
-489
-57
258
557
775
858
847
666
634
685
665
804
971
1103
1209
1253
1313
1311
1210
957
568
203
-137
-395
-568
-662
-605
-531
-371
-86
244
597
861
1072
1239
1339
1391
1412
1400
1315
1208
1080
956
926
898
799
687
562
462
380
220
14
-211
-383
-545
-759
-811
-1043
-1586
-2066
-2528
-2842
-3142
-3661
-4031
-4084
-3882
-3531
-3114
-2492
-1717
-985
-407
174
935
1543
1820
1831
1762
1892
1963
1918
1962
2004
2052
2018
1979
2027
1950
1713
1259
666
74
-575
-1129
-1623
-2101
-2428
-2588
-2486
-2171
-1772
-1316
-839
-371
-17
259
567
713
734
665
491
491
569
646
833
995
1121
1229
1289
1303
1249
1086
758
365
33
-254
-465
-605
-666
-617
-517
-324
10
384
681
928
1094
1204
1335
1379
1361
1343
1233
1078
1026
998
943
875
775
676
638
540
394
251
27
-228
-451
-646
-796
-900
-1331
-1975
-2398
-2728
-2899
-3241
-3781
-3895
-3758
-3473
-3123
-2644
-1840
-1093
-573
-121
515
1253
1644
1776
1843
1935
2083
2001
1896
1934
1918
1858
1734
1739
1810
1653
1331
847
359
-187
-831
-1289
-1754
-2136
-2381
-2559
-2329
-1977
-1592
-1106
-654
-226
80
419
673
703
649
509
506
585
594
690
870
1048
1205
1315
1355
1333
1195
880
506
190
-127
-411
-606
-746
-791
-742
-608
-260
135
440
753
1012
1218
1369
1401
1375
1340
1240
1075
947
898
865
832
771
697
711
656
469
345
175
-54
-273
-575
-732
-860
-1350
-1956
-2375
-2663
-2776
-3085
-3589
-3709
-3520
-3175
-2859
-2485
-1804
-1083
-563
-166
448
1175
1571
1646
1623
1785
2038
2039
1928
1913
1917
1804
1662
1661
1636
1505
1208
756
345
-136
-629
-1052
-1511
-1908
-2227
-2346
-2147
-1880
-1627
-1334
-923
-457
-75
302
553
649
634
533
541
612
646
710
809
974
1156
1227
1286
1322
1214
959
646
368
59
-272
-510
-653
-722
-735
-647
-358
-26
259
545
818
1088
1251
1283
1266
1203
1095
975
876
812
753
649
606
639
669
634
531
413
268
59
-133
-372
-603
-823
-1398
-2007
-2387
-2646
-2761
-3129
-3568
-3596
-3394
-3031
-2685
-2266
-1578
-908
-444
-36
620
1315
1585
1577
1581
1759
1960
1919
1887
1939
1898
1754
1602
1636
1668
1419
1024
591
200
-212
-667
-1062
-1450
-1836
-2145
-2190
-1963
-1714
-1479
-1211
-813
-406
-109
171
344
459
503
465
505
623
736
827
936
1059
1183
1289
1350
1332
1160
885
625
364
24
-258
-453
-610
-701
-711
-596
-351
-68
171
425
720
964
1095
1138
1124
1077
965
782
680
687
652
601
595
648
689
667
601
466
326
100
-132
-320
-524
-726
-1294
-1983
-2298
-2477
-2633
-3030
-3506
-3521
-3277
-2930
-2608
-2178
-1515
-940
-494
-62
613
1274
1473
1459
1517
1764
1944
1824
1754
1802
1779
1638
1483
1536
1584
1389
981
541
271
-85
-536
-909
-1339
-1700
-1911
-2012
-1851
-1628
-1438
-1155
-793
-443
-173
146
362
429
450
419
543
690
740
826
943
1049
1138
1255
1311
1272
1131
862
548
280
15
-249
-417
-560
-698
-717
-554
-303
-57
163
390
629
847
962
1024
1061
1006
876
734
669
628
578
525
487
515
573
595
549
491
407
213
-18
-224
-365
-636
-1233
-1897
-2384
-2555
-2598
-2893
-3292
-3409
-3076
-2600
-2258
-1855
-1302
-712
-296
65
619
1205
1511
1438
1299
1472
1736
1766
1684
1637
1595
1502
1373
1372
1429
1214
757
300
-19
-269
-579
-942
-1319
-1670
-1851
-1830
-1659
-1361
-1129
-975
-721
-404
-130
122
273
324
375
362
420
639
812
925
1042
1065
1118
1272
1329
1223
1020
740
485
238
-44
-225
-352
-502
-609
-590
-429
-162
62
220
396
579
748
862
933
877
758
690
593
502
481
475
468
461
461
507
531
509
430
300
138
-17
-177
-358
-634
-1123
-1640
-1964
-2126
-2319
-2664
-2962
-2928
-2710
-2473
-2186
-1767
-1183
-739
-415
31
614
1101
1200
1195
1338
1502
1564
1501
1522
1570
1489
1371
1303
1362
1333
1070
747
430
160
-136
-512
-846
-1150
-1440
-1639
-1638
-1530
-1393
-1237
-1116
-914
-615
-348
-153
11
157
292
390
502
631
811
1006
1061
1092
1173
1270
1246
1058
904
769
543
266
23
-130
-194
-317
-440
-382
-248
-116
14
155
340
486
557
578
633
702
657
586
546
509
477
432
453
513
510
482
444
418
346
206
99
-36
-194
-358
-649
-1113
-1541
-1777
-1962
-2213
-2596
-2842
-2757
-2569
-2372
-2077
-1612
-1119
-735
-386
74
668
1079
1149
1215
1360
1467
1504
1448
1463
1510
1409
1299
1321
1365
1287
1063
818
564
269
-62
-410
-725
-1067
-1376
-1533
-1598
-1573
-1480
-1359
-1159
-941
-775
-556
-234
25
154
306
482
633
820
960
1064
1185
1220
1204
1205
1142
980
786
584
385
235
70
-77
-160
-284
-354
-322
-233
-139
-76
38
177
297
333
359
431
447
452
457
473
516
549
516
516
567
502
463
454
352
239
111
-50
-126
-207
-358
-567
-983
-1358
-1568
-1788
-2034
-2317
-2547
-2548
-2408
-2205
-1875
-1467
-1009
-597
-227
220
739
1121
1230
1252
1291
1326
1363
1335
1283
1239
1159
1122
1151
1129
1034
914
734
479
247
-5
-323
-652
-971
-1272
-1451
-1483
-1482
-1432
-1326
-1152
-942
-701
-421
-137
99
252
390
528
708
870
941
1024
1072
1067
1071
1024
958
832
638
461
324
208
92
16
-70
-178
-218
-187
-122
-71
-32
22
94
183
234
287
392
418
395
432
487
515
530
522
489
478
468
406
312
254
150
25
-73
-226
-304
-379
-615
-936
-1243
-1458
-1625
-1867
-2186
-2444
-2467
-2316
-2077
-1780
-1425
-953
-468
5
453
859
1186
1313
1344
1321
1316
1362
1281
1097
960
955
975
978
993
938
845
711
489
250
-2
-278
-605
-962
-1252
-1440
-1513
-1490
-1385
-1263
-1095
-855
-592
-261
37
264
432
499
607
755
845
908
894
824
801
821
832
792
717
595
429
228
94
26
-56
-138
-215
-239
-228
-141
-10
73
127
163
240
333
353
385
429
429
435
430
452
527
517
442
428
427
360
272
168
61
-20
-152
-289
-402
-520
-706
-973
-1230
-1385
-1503
-1662
-1859
-1963
-1904
-1784
-1597
-1382
-1102
-761
-443
-133
225
608
858
957
989
1008
1057
1050
1013
1001
949
889
825
812
800
755
695
571
383
179
-31
-268
-478
-713
-926
-1074
-1148
-1118
-1060
-943
-767
-591
-362
-109
81
264
413
480
564
644
710
764
743
692
665
641
587
540
444
342
287
185
66
22
13
-21
-99
-176
-177
-101
-12
57
130
194
219
263
343
385
416
442
439
424
422
442
436
402
336
260
214
168
81
-40
-121
-199
-321
-393
-505
-746
-975
-1164
-1314
-1423
-1614
-1771
-1718
-1621
-1528
-1331
-1050
-738
-451
-212
58
380
641
724
778
876
873
832
793
790
830
792
744
764
784
749
653
542
433
288
109
-62
-267
-472
-651
-806
-871
-896
-865
-750
-639
-513
-345
-149
19
150
280
358
413
482
537
617
663
638
621
589
571
524
435
381
296
164
63
-3
-53
-68
-127
-208
-180
-110
-65
13
99
121
152
209
257
302
305
289
338
369
337
322
301
311
310
237
182
148
106
11
-122
-235
-326
-408
-582
-861
-1074
-1175
-1257
-1401
-1513
-1530
-1479
-1397
-1288
-1019
-720
-514
-295
-68
160
414
589
644
722
813
854
844
803
810
817
786
749
747
730
695
604
477
336
183
36
-147
-360
-540
-625
-676
-681
-663
-611
-524
-410
-271
-126
35
162
281
359
424
504
537
560
569
527
485
473
437
402
356
274
223
175
64
-11
-28
-80
-114
-147
-160
-166
-175
-163
-134
-95
-40
31
72
120
192
251
275
260
244
272
257
196
148
119
136
88
-17
-95
-135
-181
-332
-522
-697
-877
-999
-1124
-1276
-1355
-1371
-1328
-1242
-1136
-966
-729
-472
-267
-55
175
354
514
590
636
723
771
778
796
814
816
783
765
794
788
704
591
472
336
212
67
-125
-259
-360
-496
-551
-536
-498
-461
-404
-275
-149
-25
101
201
287
337
374
426
482
531
563
555
496
439
421
376
279
231
213
155
84
26
-5
-57
-136
-217
-249
-228
-225
-263
-263
-219
-180
-126
-92
-32
60
91
126
165
183
203
159
75
10
-21
-71
-139
-184
-230
-261
-299
-385
-517
-624
-711
-827
-944
-1044
-1084
-1082
-1051
-963
-828
-672
-516
-331
-154
47
235
355
457
521
573
597
631
675
641
618
644
653
649
630
594
558
474
376
282
156
28
-100
-205
-291
-361
-402
-377
-320
-274
-177
-57
45
154
234
307
395
449
469
492
506
480
454
455
453
423
426
426
394
355
270
206
153
87
5
-78
-125
-158
-175
-199
-248
-264
-247
-233
-239
-211
-156
-123
-87
-68
-34
10
-11
-49
-75
-106
-107
-166
-214
-207
-275
-358
-371
-390
-457
-547
-627
-699
-804
-887
-926
-931
-889
-847
-782
-639
-489
-351
-212
-52
109
243
322
359
422
473
516
529
523
569
592
579
584
571
560
571
517
406
310
215
106
-22
-135
-216
-260
-286
-320
-278
-173
-92
12
127
207
286
347
360
380
402
422
424
386
408
430
411
441
468
462
447
413
384
341
278
224
128
52
-7
-90
-126
-142
-196
-216
-184
-196
-187
-176
-199
-169
-137
-167
-164
-165
-199
-223
-238
-218
-203
-248
-276
-247
-250
-282
-323
-350
-388
-485
-552
-593
-649
-691
-737
-743
-730
-723
-632
-517
-428
-321
-211
-96
28
111
182
243
264
308
335
340
365
380
385
390
381
406
441
438
422
382
337
270
171
67
-28
-117
-205
-269
-279
-221
-185
-141
-49
51
173
276
328
382
440
457
441
427
429
437
436
415
413
462
492
453
422
425
398
360
289
212
147
71
10
-73
-133
-146
-159
-183
-205
-190
-146
-130
-141
-160
-186
-174
-157
-184
-227
-261
-278
-267
-278
-284
-277
-290
-276
-293
-319
-301
-313
-344
-426
-522
-564
-600
-635
-643
-640
-625
-574
-510
-421
-308
-192
-99
-20
71
159
211
218
222
236
248
253
275
301
307
334
369
356
349
361
371
352
268
188
151
97
-4
-81
-112
-178
-208
-195
-185
-114
-38
18
98
182
284
357
367
394
395
401
417
382
369
391
376
375
423
446
429
411
413
396
322
260
206
122
44
-31
-87
-141
-166
-192
-209
-202
-200
-153
-113
-128
-131
-158
-189
-190
-249
-283
-294
-305
-293
-302
-294
-264
-234
-211
-215
-240
-277
-318
-345
-365
-427
-488
-525
-536
-511
-509
-501
-456
-402
-338
-251
-173
-63
5
21
66
112
143
148
160
162
185
234
251
235
246
264
271
291
312
315
294
261
182
111
70
-8
-57
-79
-98
-72
-72
-37
28
59
132
203
243
288
302
336
400
408
398
378
334
325
362
368
356
366
367
366
357
318
254
218
198
141
68
6
-43
-90
-142
-195
-199
-181
-215
-201
-158
-158
-162
-174
-165
-179
-252
-274
-246
-254
-275
-267
-256
-234
-196
-180
-176
-166
-180
-202
-207
-238
-300
-316
-355
-436
-464
-436
-398
-384
-349
-302
-254
-215
-198
-157
-95
-87
-83
-41
-3
23
34
35
62
115
107
144
217
230
236
243
252
255
247
215
183
173
162
131
115
108
106
131
135
152
161
143
175
209
216
241
244
238
252
252
268
290
296
295
305
351
378
370
349
325
310
282
226
216
204
134
85
51
24
-21
-114
-141
-125
-153
-163
-197
-205
-171
-215
-258
-279
-308
-292
-309
-359
-346
-309
-283
-259
-269
-280
-248
-235
-236
-231
-236
-251
-253
-287
-323
-325
-344
-385
-367
-319
-291
-245
-231
-182
-122
-97
-68
-64
-60
-28
-32
-50
-5
6
21
75
85
107
147
173
212
257
262
247
242
253
253
240
226
199
172
177
189
198
224
220
220
211
197
194
184
193
190
191
191
188
230
275
277
259
232
250
282
258
274
279
215
191
164
152
170
129
79
69
66
29
-7
-13
-52
-100
-134
-190
-211
-229
-266
-253
-246
-286
-281
-264
-261
-247
-272
-273
-259
-281
-287
-259
-213
-207
-244
-239
-217
-221
-230
-218
-225
-238
-251
-267
-251
-258
-260
-223
-200
-188
-188
-171
-128
-112
-62
-45
-73
-63
-36
-29
7
55
39
63
115
146
174
196
212
257
252
239
255
247
262
252
247
225
185
202
192
176
198
186
170
170
161
171
207
197
184
177
167
170
179
194
194
199
201
186
204
205
156
177
196
177
173
149
129
130
115
65
14
-12
-27
-71
-117
-130
-144
-167
-218
-268
-264
-256
-266
-261
-266
-289
-284
-260
-259
-256
-267
-241
-202
-220
-215
-185
-170
-140
-150
-186
-148
-121
-149
-165
-165
-162
-135
-124
-142
-141
-137
-143
-121
-94
-104
-86
-35
-48
-91
-78
-40
10
27
23
50
81
101
112
130
168
195
188
206
204
198
187
173
172
170
181
163
173
162
130
145
163
166
123
96
117
116
119
126
128
149
139
130
144
156
181
205
216
225
214
201
194
181
160
139
114
89
66
47
29
10
-23
-63
-81
-122
-167
-164
-184
-190
-205
-246
-238
-234
-247
-261
-265
-246
-208
-204
-193
-171
-190
-145
-124
-145
-110
-121
-118
-75
-102
-122
-91
-83
-87
-76
-93
-134
-139
-138
-144
-113
-88
-96
-113
-119
-95
-82
-99
-71
-40
-19
9
-8
17
62
52
67
121
130
133
188
209
181
184
183
148
142
150
154
181
196
139
128
145
131
120
130
120
75
57
67
89
92
69
60
71
62
65
119
161
145
146
160
139
167
194
152
129
132
122
98
64
29
24
19
-29
-34
-32
-53
-82
-107
-120
-151
-159
-173
-182
-184
-211
-218
-202
-209
-211
-190
-176
-172
-148
-116
-97
-76
-95
-108
-89
-107
-118
-64
-61
-87
-91
-127
-117
-95
-113
-70
-41
-93
-110
-107
-107
-93
-85
-91
-102
-84
-76
-72
-48
-23
-5
3
30
54
75
94
117
149
180
200
182
177
183
164
155
169
171
147
119
101
98
129
146
106
77
85
91
69
63
63
58
53
63
92
94
95
100
95
102
140
157
127
115
128
143
117
80
86
77
36
-11
-29
-17
-14
-62
-101
-120
-139
-153
-173
-147
-148
-158
-142
-174
-177
-155
-168
-189
-176
-130
-85
-61
-70
-67
-33
-15
-20
-27
-27
-4
-23
-62
-56
-57
-53
-65
-96
-94
-97
-96
-84
-95
-92
-92
-125
-135
-117
-93
-74
-61
-48
-30
-19
-21
-2
20
47
92
102
101
105
111
142
134
118
135
134
140
116
92
97
77
69
99
116
100
97
77
47
50
40
36
67
73
67
80
83
67
62
85
90
96
113
108
119
126
118
130
100
39
13
9
32
33
0
-16
-48
-75
-69
-86
-122
-105
-100
-120
-112
-138
-153
-155
-184
-145
-112
-134
-118
-113
-107
-74
-61
-32
-19
-24
-24
-30
-28
-10
-26
-51
-44
-34
-24
-30
-47
-50
-49
-62
-79
-63
-34
-62
-83
-73
-62
-39
-35
-26
-8
-23
-25
12
18
22
56
80
71
85
113
119
135
119
80
114
127
106
128
97
60
67
51
42
26
-6
20
61
12
-21
7
25
27
23
45
44
15
9
31
22
30
74
86
99
101
90
76
64
45
23
42
43
12
14
3
-40
-51
-57
-57
-53
-74
-81
-69
-76
-84
-78
-92
-82
-61
-77
-68
-52
-56
-58
-68
-41
-2
-4
2
-11
-21
-11
-35
-58
-58
-38
-38
-43
-44
-69
-65
-71
-91
-69
-65
-59
-44
-61
-64
-65
-90
-77
-51
-38
-24
-5
12
19
51
53
39
80
84
69
69
74
104
96
94
140
118
90
89
81
105
107
90
69
49
43
46
44
30
20
-10
14
47
9
-14
-8
-1
27
39
23
40
33
12
19
40
52
36
29
24
-6
-20
12
26
-3
-18
-49
-62
-34
-30
-26
-50
-79
-59
-88
-104
-58
-65
-72
-42
-45
-61
-30
-18
-51
-36
-14
-1
8
13
16
-6
-11
-19
-29
0
-29
-65
-17
-19
-44
-52
-41
-21
-52
-69
-57
-59
-59
-69
-94
-83
-61
-47
-47
-53
-23
2
4
21
40
60
49
22
56
77
82
73
67
88
68
82
95
93
92
78
69
56
67
87
87
48
33
18
11
46
61
41
33
58
43
16
25
30
45
30
11
35
-5
-25
34
16
3
17
5
2
-6
-24
-41
-27
-25
-45
-54
-48
-40
-21
-28
-65
-63
-60
-71
-50
-29
-52
-64
-48
-41
-34
-31
-35
3
-10
-68
-32
-15
-26
-18
-18
-27
-42
-23
-25
-36
-40
-36
-4
1
-19
-26
-48
-68
-53
-62
-58
-33
-48
-21
-8
-27
-11
-1
-2
4
9
30
55
59
43
38
55
68
66
57
64
74
84
72
77
76
42
53
77
56
49
60
38
40
40
8
22
34
13
5
5
14
-9
0
33
8
-3
12
-14
-3
21
-1
23
29
1
15
12
-21
-22
-2
7
-21
-19
-19
-22
-15
-28
-17
-23
-45
-19
-22
-50
-15
-15
-48
-30
-35
-34
-29
-34
-26
-18
-11
-39
-59
-50
-31
-31
-40
-19
-2
-6
-46
-73
-27
-7
-38
-52
-34
-34
-56
-56
-33
-24
-21
-15
-4
-1
-1
-5
1
46
60
29
26
43
45
44
37
52
59
55
50
53
79
66
53
57
40
53
64
42
37
47
28
19
28
22
25
11
-5
0
4
22
18
-10
-15
-4
-20
-54
-51
-35
-12
-12
-38
-30
-21
-15
8
12
-9
-23
-16
-20
-11
-17
-29
-12
3
10
-11
-17
-3
3
17
7
-7
-1
0
-4
0
19
14
8
12
7
8
4
5
-3
-25
-33
-43
-34
-25
-41
-30
-7
-42
-66
-49
-52
-61
-55
-61
-49
-38
-63
-61
-31
-36
-57
-43
4
29
28
21
24
44
30
32
56
49
46
66
64
62
67
58
67
75
57
52
43
50
74
60
38
35
24
21
41
43
28
34
35
43
26
-16
-12
-5
-6
-12
-16
-13
-16
-6
-4
-37
-35
-32
-39
-27
-38
-35
-33
-27
-15
-33
-56
-58
-36
-12
4
-4
-33
-23
-22
-26
-1
-2
-8
-3
-9
3
5
-23
-36
-4
11
-10
-27
-25
-12
-18
-32
-39
-31
-13
-26
-51
-46
-45
-25
-5
-26
-18
-20
-44
-16
-5
-31
-41
-30
-12
7
10
11
27
50
38
29
57
43
48
90
70
46
40
44
93
95
63
57
51
55
73
74
59
36
29
39
34
30
25
15
2
-20
-7
-21
-29
-1
-20
-27
-31
-25
3
-21
-52
-36
-25
-14
-10
-22
9
6
-33
-36
-20
-25
-34
-18
-1
11
5
-5
-14
-17
-18
-18
-20
-33
-17
-9
-16
-28
-27
-24
-8
19
-3
-15
6
5
-10
-13
-21
-18
-17
-34
-32
-24
-24
-14
-14
-36
-40
-40
-43
-34
-33
-45
-55
-49
-39
-29
-32
-48
-31
-1
-1
-1
15
27
41
47
45
56
57
65
80
81
71
55
78
101
90
62
36
44
67
61
46
56
53
20
0
6
16
7
-13
-10
-11
-26
-25
-20
-20
-19
-35
-37
-17
-13
-13
-12
0
4
-7
14
24
2
-17
