-40
-37
-34
-33
-30
-31
-26
-29
-28
-28
-26
-24
-23
-19
-13
-9
-12
-10
-11
-5
-1
2
7
8
14
17
24
31
32
36
43
44
46
47
54
58
58
70
74
75
75
78
85
90
91
90
90
86
81
73
70
67
58
52
39
28
16
3
-9
-17
-28
-36
-46
-59
-72
-82
-81
-89
-97
-101
-104
-105
-110
-112
-111
-113
-112
-109
-111
-107
-106
-105
-105
-100
-94
-88
-84
-80
-73
-71
-66
-59
-50
-41
-38
-33
-23
-19
-11
0
9
19
25
30
38
47
57
67
72
81
85
98
109
118
132
141
150
161
172
188
200
209
219
221
224
225
232
229
216
209
202
192
176
158
138
111
86
63
43
27
3
-17
-48
-70
-94
-119
-138
-156
-170
-187
-202
-214
-222
-235
-237
-251
-261
-263
-270
-271
-274
-272
-268
-271
-266
-264
-257
-248
-244
-235
-231
-221
-202
-188
-178
-167
-152
-138
-122
-101
-80
-56
-40
-24
0
20
44
63
85
111
131
151
174
201
223
242
265
285
304
320
335
351
368
385
395
402
409
420
427
425
415
401
385
372
353
335
311
288
271
248
228
194
164
134
95
63
32
4
-23
-55
-86
-120
-149
-176
-204
-232
-258
-273
-295
-316
-332
-345
-360
-381
-393
-409
-430
-449
-463
-470
-487
-509
-522
-530
-539
-555
-557
-548
-534
-525
-514
-488
-459
-434
-406
-367
-318
-272
-229
-176
-116
-63
-10
46
110
167
213
264
315
365
410
455
496
530
567
594
622
643
649
655
658
662
654
642
636
626
608
585
572
554
521
482
448
418
380
352
329
308
279
242
219
197
173
145
109
77
35
0
-44
-82
-114
-157
-187
-226
-255
-285
-318
-334
-366
-393
-418
-438
-450
-472
-484
-503
-518
-530
-545
-552
-575
-597
-627
-660
-681
-697
-701
-710
-711
-691
-671
-649
-628
-601
-573
-551
-513
-466
-411
-360
-317
-248
-173
-107
-49
22
95
158
214
272
351
417
464
521
585
639
675
708
747
780
796
809
822
828
818
803
791
777
739
694
665
630
582
532
489
461
431
395
365
345
313
286
277
249
234
197
132
114
83
15
-16
-34
-83
-112
-151
-182
-185
-219
-254
-268
-289
-322
-349
-368
-388
-407
-428
-444
-446
-450
-463
-476
-479
-485
-487
-494
-494
-496
-512
-520
-539
-576
-613
-636
-642
-649
-652
-636
-617
-597
-580
-553
-521
-498
-473
-436
-373
-311
-255
-186
-115
-67
-19
36
82
125
187
266
335
400
463
532
580
604
635
663
684
702
722
757
782
783
780
760
738
708
665
615
569
522
463
418
394
360
341
325
306
293
292
286
266
249
213
204
152
91
105
51
-1
18
-43
-87
-71
-115
-146
-129
-152
-180
-181
-210
-248
-274
-290
-316
-331
-326
-341
-358
-360
-376
-395
-382
-395
-400
-387
-405
-395
-366
-370
-375
-350
-338
-347
-351
-364
-376
-417
-509
-553
-525
-512
-544
-539
-491
-452
-457
-472
-424
-370
-380
-374
-283
-185
-136
-94
-23
62
112
110
127
184
228
239
277
394
484
497
529
604
642
608
595
635
672
672
663
706
731
691
648
619
577
515
424
363
355
337
299
279
299
294
269
262
267
277
195
170
218
175
162
139
90
66
40
-16
-94
-48
-87
-155
-88
-124
-97
-136
-245
-138
-224
-341
-236
-290
-353
-261
-302
-358
-291
-333
-399
-361
-369
-390
-363
-353
-346
-323
-319
-310
-306
-311
-296
-287
-283
-277
-248
-230
-224
-237
-246
-301
-425
-503
-486
-444
-496
-506
-434
-375
-370
-424
-384
-324
-371
-385
-309
-172
-102
-86
4
133
165
125
161
243
245
202
247
372
478
476
499
599
632
587
560
610
656
617
624
697
745
712
642
633
596
489
370
327
353
345
302
309
364
382
332
310
278
296
247
144
278
293
146
154
159
97
37
-49
-30
-27
-121
-123
-92
-96
-107
-211
-219
-195
-296
-296
-305
-318
-343
-329
-316
-376
-319
-324
-438
-429
-389
-426
-427
-373
-345
-364
-375
-363
-323
-332
-368
-319
-285
-272
-248
-234
-181
-161
-189
-166
-130
-127
-131
-191
-357
-450
-417
-372
-418
-488
-429
-352
-381
-443
-415
-356
-419
-505
-436
-272
-207
-225
-147
-3
83
76
89
194
279
267
277
421
542
497
478
589
698
699
631
685
790
779
746
796
850
803
716
690
686
591
438
393
414
411
360
349
409
452
347
261
409
235
120
341
175
170
331
194
101
152
163
-27
-56
11
-78
-84
-107
-140
-13
-171
-387
-92
-183
-438
-266
-317
-350
-334
-416
-377
-363
-464
-443
-429
-530
-402
-436
-544
-349
-413
-434
-309
-441
-394
-316
-420
-332
-285
-361
-294
-296
-293
-209
-262
-276
-180
-201
-236
-181
-154
-146
-120
-92
-121
-258
-410
-432
-328
-363
-472
-408
-320
-305
-346
-361
-307
-324
-419
-412
-260
-155
-140
-94
29
158
158
157
253
293
324
391
449
571
627
604
660
770
845
809
796
866
912
897
850
860
819
676
601
606
574
468
399
428
453
496
372
351
436
176
213
389
121
122
318
112
98
218
184
66
22
136
94
-85
-131
-22
-137
-248
-201
-198
-300
-268
-233
-379
-366
-293
-284
-456
-466
-280
-427
-506
-391
-451
-514
-479
-471
-474
-441
-476
-426
-366
-453
-425
-348
-414
-388
-287
-327
-317
-274
-283
-266
-247
-237
-202
-170
-173
-143
-103
-104
-103
-82
-82
-67
-23
-52
-2
-58
-280
-338
-300
-234
-320
-390
-317
-253
-214
-310
-283
-184
-278
-363
-302
-107
-54
-99
-20
83
197
183
176
291
343
376
409
499
624
608
588
673
838
891
786
810
874
844
709
640
712
659
560
554
620
641
462
430
381
368
382
172
238
365
268
134
309
267
120
150
87
124
181
73
-112
186
124
-398
-44
18
-467
-139
-132
-344
-129
-219
-344
-326
-313
-364
-375
-397
-384
-365
-485
-435
-326
-456
-521
-425
-497
-481
-445
-489
-478
-390
-370
-466
-334
-292
-408
-376
-285
-312
-329
-246
-278
-243
-124
-227
-225
-100
-131
-134
-77
-59
-41
-28
-39
-24
14
13
25
28
38
-19
-204
-256
-229
-192
-229
-299
-241
-186
-180
-241
-262
-186
-238
-295
-252
-118
-26
-66
11
96
172
225
210
290
353
414
435
510
639
586
618
740
847
853
733
716
725
726
674
657
728
651
685
610
561
707
302
284
556
179
279
486
196
231
240
248
179
-30
372
38
-280
422
-15
-172
193
-209
-72
-39
-308
-134
-200
-261
-356
-335
-37
-525
-425
-136
-609
-367
-277
-617
-362
-314
-562
-410
-407
-534
-417
-468
-534
-381
-379
-481
-410
-352
-441
-383
-356
-380
-307
-345
-327
-213
-216
-301
-223
-174
-239
-152
-160
-220
-97
-90
-134
-19
-19
-71
-15
-8
-31
-9
30
50
24
62
68
-82
-136
-171
-206
-124
-179
-225
-111
-97
-164
-155
-128
-166
-173
-184
-136
-1
42
75
131
231
301
289
346
407
448
496
518
543
570
636
674
670
688
721
711
712
710
719
752
583
601
656
403
582
481
151
471
373
108
334
408
71
233
455
64
162
352
-14
-100
224
-4
-196
25
-18
-161
-189
-46
-283
-297
-171
-487
-210
-254
-524
-245
-358
-442
-353
-442
-412
-456
-480
-449
-453
-449
-526
-437
-446
-511
-411
-514
-430
-351
-474
-349
-296
-361
-296
-217
-293
-267
-185
-190
-245
-171
-47
-204
-147
-11
-105
-151
-44
-2
-140
-36
57
-60
34
51
0
73
42
44
104
72
34
73
7
-102
-123
-148
-162
-151
-145
-171
-129
-103
-161
-172
-135
-157
-167
-121
-71
5
68
123
168
259
314
334
364
385
392
346
295
342
513
589
617
631
705
714
548
651
558
541
654
325
523
766
370
173
554
395
11
428
230
240
480
66
400
433
9
260
191
-92
189
130
-117
100
-39
-58
-11
-279
-62
-162
-427
-189
-218
-301
-240
-272
-389
-324
-241
-470
-473
-256
-457
-507
-258
-533
-515
-242
-631
-543
-211
-583
-480
-264
-484
-313
-315
-433
-165
-347
-412
-120
-350
-306
-110
-297
-174
-56
-195
-129
-65
-82
-125
-92
-74
-135
-5
-58
-70
104
-2
-3
79
-15
22
42
-20
62
58
-1
-8
-59
-109
-108
-111
-174
-127
-111
-110
-56
-125
-101
-68
-134
-79
-63
-12
89
72
151
263
294
310
348
348
316
314
277
317
448
553
631
590
653
662
502
593
554
396
498
502
416
600
617
379
358
438
295
281
321
243
401
292
242
397
197
148
286
-92
47
249
-192
109
183
-238
7
20
-339
-179
-188
-313
-307
-246
-311
-354
-249
-371
-344
-374
-325
-410
-503
-252
-460
-565
-278
-454
-574
-279
-473
-533
-288
-549
-396
-202
-493
-292
-291
-388
-154
-369
-421
-59
-200
-389
11
-193
-264
12
-256
-182
6
-182
-176
-19
-106
-83
-12
-69
-72
85
21
-88
81
1
-33
95
23
56
143
38
58
68
-58
-40
-39
-45
-25
-44
-39
-26
-24
-31
-27
-14
-38
-14
59
112
155
197
240
213
288
320
259
245
240
230
225
377
478
480
456
534
529
378
519
414
414
498
410
582
404
593
473
179
615
231
196
605
170
209
602
138
187
607
-65
24
314
-161
65
187
-5
-69
33
-108
-213
-3
-457
-180
115
-504
-196
-18
-460
-176
-296
-474
-102
-471
-395
-339
-541
-258
-483
-499
-216
-534
-591
-205
-572
-604
-189
-565
-470
-183
-536
-314
-151
-543
-244
-127
-423
-241
-143
-265
-258
-146
-96
-131
-137
-42
-90
-127
-52
-89
-60
-27
-47
-11
12
54
-36
12
127
-48
54
173
54
116
139
50
112
97
11
9
-61
-52
-9
-54
2
66
35
59
50
40
104
22
25
162
160
171
261
254
209
266
256
192
278
298
129
180
456
427
311
510
409
325
463
263
429
490
263
419
534
432
315
512
323
117
391
204
257
454
84
366
401
-133
397
159
-280
261
-36
11
230
-53
139
-92
-198
65
-328
-269
23
-244
-344
-163
-108
-448
-422
-215
-408
-408
-366
-438
-459
-378
-426
-509
-353
-303
-475
-494
-237
-434
-559
-234
-418
-352
-171
-543
-196
-62
-509
-183
-150
-327
-84
-151
-193
-32
-26
-181
-239
69
61
-178
-5
32
30
126
16
-16
99
49
-95
22
109
-26
62
126
-42
70
152
-3
72
131
77
71
56
23
7
3
-46
1
20
-17
36
29
79
116
37
111
56
-19
164
178
186
247
204
222
203
188
201
190
155
75
225
327
333
377
313
360
294
280
336
336
318
240
384
405
318
266
412
155
27
543
121
162
436
101
229
201
202
253
-115
85
163
-93
226
86
-53
45
-76
-21
-239
-165
89
-353
-159
-77
-432
-80
-164
-424
-349
-207
-327
-497
-223
-345
-507
-282
-383
-523
-301
-423
-469
-365
-420
-340
-343
-380
-334
-143
-370
-265
-46
-424
-208
-156
-276
-122
-127
-88
-125
-171
-79
99
-154
-83
141
-91
26
85
19
83
-53
24
139
-12
61
128
5
71
155
23
71
174
24
72
185
30
91
92
-25
36
-13
-54
41
11
-19
77
7
38
124
-16
63
91
-7
155
168
76
226
171
138
257
123
165
189
130
122
186
207
198
413
334
260
263
289
336
178
264
386
198
231
452
203
263
412
29
224
280
-43
417
252
-68
444
188
0
375
302
-156
68
373
-171
14
244
-205
-111
137
-211
-168
-25
-336
-189
-184
-321
-173
-438
-427
-186
-428
-229
-294
-488
-112
-435
-454
-23
-530
-512
-163
-524
-320
-223
-469
-162
-405
-375
-99
-408
-167
-169
-412
-65
-93
-315
-21
-29
-329
11
71
-336
61
77
-182
43
-1
21
-36
-35
139
-81
12
135
-136
151
176
-44
182
144
34
97
138
82
51
121
63
79
149
30
9
38
-63
-59
30
-1
-2
74
37
30
103
75
32
56
117
115
87
232
230
105
326
259
36
237
201
95
222
199
108
213
405
239
210
436
228
191
411
237
222
333
209
249
383
117
159
401
-63
146
503
-86
65
466
122
58
153
244
21
-71
238
-11
-120
131
38
-212
-91
22
-229
-230
-152
-15
-222
-464
-66
-284
-367
-142
-467
-140
-50
-641
-158
32
-658
-287
-86
-578
-366
-318
-306
-336
-389
-355
-341
-245
-462
-218
-158
-464
-169
-99
-191
-188
-236
92
-304
-285
133
-317
-32
9
-197
199
-190
-86
197
-265
83
169
-114
148
73
-6
163
-36
72
165
-67
173
208
62
198
119
2
169
140
71
172
124
36
42
82
59
54
47
67
108
84
126
170
123
78
148
139
113
206
180
170
211
156
223
216
45
177
173
23
272
155
1
357
117
117
318
107
339
332
41
356
291
9
266
155
161
181
101
73
291
326
-162
261
342
-196
343
165
-205
365
-19
-58
338
-323
-17
358
-543
86
362
-673
17
91
-596
-14
-160
-382
17
-254
-438
-101
-306
-336
-51
-506
-436
-105
-409
-355
-216
-302
-359
-381
-261
-423
-263
-141
-537
-234
-26
-383
-194
-146
-314
-105
-210
-172
-6
-224
-153
-79
-27
150
-122
-43
221
-206
54
152
-280
194
69
-112
231
-41
9
181
-133
107
195
-92
223
117
-17
271
64
32
207
97
36
94
69
21
36
-34
-34
30
21
28
92
80
-3
54
114
-4
102
150
50
116
154
213
85
192
217
17
213
170
53
303
205
92
299
141
202
311
145
140
404
171
139
477
133
328
265
171
355
124
171
289
181
184
303
76
56
223
164
-199
98
314
-138
200
126
-122
139
-53
-325
183
100
-518
154
-49
-597
245
-29
-639
32
-100
-460
-149
-286
-287
-228
-540
-305
-176
-501
-259
-261
-466
-316
-428
-384
-264
-419
-169
-194
-410
-143
-231
-307
-140
-322
-168
58
-315
-132
-84
-434
-51
-75
-52
94
-309
-9
152
-217
38
82
-129
97
20
-36
125
-10
110
81
-59
202
171
44
114
99
104
101
109
118
56
187
81
20
178
-67
-25
123
-93
61
155
-14
173
176
45
157
74
24
205
98
75
264
162
167
249
195
215
286
196
186
262
174
159
232
181
143
246
178
217
266
152
332
306
140
452
198
59
352
113
207
249
74
225
79
24
93
-12
160
38
-29
50
58
135
-335
-10
332
-437
-79
444
-444
-189
299
-675
46
112
-713
167
-139
-534
9
-514
-303
64
-734
-168
139
-679
-298
-105
-440
-400
-425
2
-437
-514
123
-510
-335
28
-606
-243
88
-329
-206
-94
-167
-203
-150
-69
-97
-104
47
-70
-234
171
56
-252
90
6
-81
52
-67
142
135
-26
34
30
215
58
-43
305
5
-49
373
0
5
263
-40
52
141
13
124
56
-40
11
-42
67
-15
-118
127
-35
-50
188
-31
14
178
-20
44
188
86
174
210
170
199
208
291
188
155
264
161
199
314
226
193
325
232
138
378
211
109
364
132
200
391
164
123
254
141
157
303
4
241
330
-59
219
298
-127
139
212
-245
69
167
-27
21
-144
138
118
-438
26
113
-424
-18
28
-475
-19
-118
-545
9
-299
-370
-31
-462
-285
-107
-310
-360
-252
-183
-429
-256
-179
-468
-242
-345
-507
-89
-336
-573
-144
-219
-467
-54
-147
-391
-111
-212
-177
0
-87
-177
-9
-182
-184
163
-179
-160
96
-79
44
65
-32
27
-27
138
165
79
273
52
-36
284
101
95
296
37
72
265
42
56
128
-11
-33
-30
-61
-83
-25
8
-32
-18
-29
14
35
3
77
55
71
82
22
113
189
143
184
238
168
237
314
248
246
325
331
274
284
351
357
199
150
355
282
128
404
270
45
204
259
147
15
312
222
57
276
110
237
210
-132
209
181
8
237
19
-18
251
-108
-169
322
-10
-183
289
-201
-324
349
-143
-396
50
-121
-423
-182
-84
-404
-279
-282
-399
-85
-207
-469
-116
-206
-633
-27
-202
-609
9
-272
-471
-197
-413
-340
-409
-457
-65
-392
-299
-41
-507
-189
-115
-470
-51
-150
-318
131
-65
-255
31
-39
-138
-63
-108
-113
-29
-26
8
38
23
-10
22
47
47
128
147
80
157
177
167
210
-32
-26
18
0
89
-62
-124
-54
-131
-103
-39
-101
-40
-23
-106
-1
102
43
68
95
37
159
260
230
310
346
382
381
323
481
535
371
369
520
393
414
382
226
439
325
233
417
365
344
403
116
257
424
-8
173
311
19
286
96
-83
354
77
-73
189
150
105
73
-11
89
164
8
93
-34
-111
165
-72
-212
-15
-77
-104
-236
-447
27
-41
-788
-144
-147
-550
-16
-724
-600
188
-618
-650
-32
-421
-406
-283
-515
-339
-118
-388
-534
-230
-289
-480
-429
-421
-317
-85
-330
-524
-164
-155
-76
-234
-393
130
-194
-307
127
-8
-77
98
-112
-233
203
117
-153
149
97
46
152
-35
144
190
21
124
130
126
53
-126
-28
-80
-183
-99
-200
-206
-43
-156
-275
-119
-147
-234
-139
-105
-44
36
18
43
169
261
254
284
459
531
554
613
630
635
626
735
664
633
761
621
550
489
339
360
507
389
285
543
355
37
327
302
-227
106
468
-55
-22
299
-30
-77
103
-22
-240
123
176
-89
437
62
-366
233
-18
-201
448
67
-270
204
183
-176
-125
-131
-265
91
-57
-437
35
70
-499
-304
-364
-436
-188
-643
-134
-12
-852
-282
-258
-764
-288
-393
-806
-377
-130
-518
-480
-344
-672
-464
-415
-467
-73
-393
-389
-100
-385
-190
-174
-324
-198
-221
-36
-129
-210
41
-18
-176
-177
35
88
-32
54
67
-58
-17
45
-93
-81
-73
-217
-202
-112
-202
-319
-289
-225
-286
-321
-211
-191
-270
-231
-205
-196
-70
-5
29
116
228
318
323
402
611
646
625
713
830
909
907
950
989
992
1004
981
946
917
902
749
677
682
598
606
592
434
315
258
155
57
33
172
124
-123
-86
10
-22
-97
-158
-167
-149
23
143
-109
-118
104
-189
-26
69
14
86
-23
262
-2
-244
34
-111
-275
-66
-81
-185
2
-75
-608
-376
-20
-490
-328
-139
-472
-483
-485
-636
-628
-457
-488
-604
-454
-476
-741
-601
-491
-622
-458
-368
-353
-497
-591
-370
-467
-392
-119
-242
-283
-205
-218
-251
-161
-94
-163
6
-45
-238
29
-3
-343
-128
-1
-173
-49
-83
-399
-317
-143
-465
-577
-414
-442
-516
-512
-442
-420
-434
-512
-585
-436
-199
-159
-207
-57
155
140
129
317
501
667
779
798
958
1182
1220
1205
1307
1421
1436
1469
1459
1397
1334
1150
995
1133
1151
822
690
776
725
502
369
350
186
126
154
2
51
124
-134
-300
-209
-85
-158
-232
-77
-81
-255
-152
23
-124
73
242
-202
100
504
12
291
340
-178
266
146
-182
185
-32
-285
-114
-282
-166
-269
-751
-395
-387
-677
-478
-595
-776
-545
-581
-992
-819
-541
-791
-738
-370
-558
-800
-533
-571
-792
-418
-347
-537
-433
-476
-509
-471
-557
-352
-164
-410
-347
-273
-362
-421
-427
-331
-301
-309
-263
-393
-598
-618
-566
-532
-592
-725
-806
-733
-634
-714
-754
-624
-584
-678
-640
-439
-310
-185
-179
-147
64
219
297
399
575
769
861
938
1117
1331
1467
1480
1509
1675
1796
1807
1878
1860
1777
1737
1564
1420
1548
1629
1385
1027
893
917
824
647
524
485
330
114
31
81
127
-71
-289
-267
-200
-151
-142
-251
-278
-177
-259
-265
15
135
87
-54
-110
53
171
29
119
235
-37
18
66
-197
-197
-1
-175
-479
-247
-157
-665
-717
-490
-817
-906
-675
-752
-829
-837
-906
-949
-958
-790
-833
-1149
-839
-594
-923
-797
-688
-886
-697
-600
-689
-439
-316
-394
-394
-539
-487
-271
-414
-509
-316
-259
-327
-336
-332
-418
-624
-711
-562
-452
-471
-616
-796
-760
-654
-705
-738
-537
-407
-561
-656
-498
-277
-170
-151
-65
96
249
361
462
671
889
927
945
1165
1412
1524
1560
1619
1691
1710
1755
1847
1869
1819
1713
1539
1436
1469
1469
1316
1040
837
847
870
737
561
450
306
115
49
134
182
64
-127
-255
-263
-203
-195
-201
-145
-112
-170
-211
-124
22
26
-70
-67
37
193
183
81
129
117
-12
-84
-70
70
63
-159
-265
-275
-316
-435
-450
-489
-602
-531
-549
-720
-714
-669
-785
-932
-983
-857
-763
-837
-948
-867
-829
-902
-771
-687
-690
-607
-651
-621
-482
-613
-609
-469
-419
-311
-394
-507
-487
-431
-288
-297
-460
-545
-528
-541
-579
-621
-769
-877
-821
-779
-769
-718
-683
-714
-834
-830
-661
-434
-270
-202
-170
-95
36
160
343
615
803
882
977
1110
1273
1403
1455
1523
1649
1729
1773
1858
1909
1835
1668
1550
1582
1638
1619
1443
1106
859
786
759
734
685
550
325
81
-30
9
57
2
-128
-218
-263
-273
-267
-239
-205
-180
-141
-100
-6
98
105
95
138
234
347
435
430
379
328
200
171
246
241
171
76
-71
-167
-121
-262
-411
-220
-302
-520
-456
-608
-813
-741
-716
-870
-951
-874
-860
-1012
-949
-747
-929
-1036
-874
-893
-916
-776
-725
-739
-724
-682
-720
-764
-661
-647
-675
-602
-555
-576
-620
-741
-856
-841
-710
-707
-900
-1056
-1017
-913
-901
-908
-854
-776
-769
-795
-736
-564
-350
-237
-228
-106
126
275
353
538
767
884
974
1138
1329
1466
1531
1598
1700
1800
1860
1911
1951
1951
1917
1761
1544
1457
1543
1634
1502
1153
840
730
709
658
641
598
398
107
-81
-89
-7
33
-60
-207
-264
-275
-286
-280
-210
-141
-165
-181
-85
42
85
49
49
139
268
383
412
388
361
293
216
190
269
336
212
40
-110
-252
-303
-335
-376
-373
-405
-538
-714
-803
-758
-781
-887
-885
-829
-791
-779
-934
-1010
-867
-820
-844
-708
-625
-768
-816
-731
-758
-770
-668
-666
-756
-746
-670
-703
-732
-694
-778
-984
-959
-698
-671
-921
-1152
-1202
-1090
-945
-838
-787
-774
-834
-969
-978
-730
-355
-143
-113
-140
-105
58
297
533
755
926
1027
1105
1225
1397
1565
1666
1728
1810
1900
1984
2047
2037
1945
1824
1711
1670
1673
1684
1566
1286
1021
899
860
802
729
615
415
182
1
-46
2
20
-60
-217
-334
-357
-334
-306
-273
-213
-212
-267
-254
-175
-81
-37
-17
26
94
185
220
227
246
267
280
258
256
263
207
106
26
-5
-20
-97
-185
-261
-350
-450
-482
-512
-611
-663
-688
-744
-807
-823
-853
-877
-925
-902
-859
-1006
-989
-875
-925
-861
-803
-850
-806
-800
-810
-792
-854
-874
-754
-644
-674
-781
-958
-1125
-1014
-798
-817
-1044
-1196
-1140
-1035
-949
-879
-839
-816
-837
-867
-792
-550
-261
-151
-184
-181
-4
258
466
634
792
944
1036
1133
1323
1529
1669
1756
1816
1858
1941
2057
2112
2084
2018
2001
1927
1751
1629
1686
1760
1590
1223
853
680
718
797
781
585
288
17
-174
-202
-98
10
-59
-275
-489
-592
-528
-393
-279
-278
-344
-358
-328
-272
-192
-113
-44
-3
40
101
141
164
166
175
214
269
308
259
159
59
14
39
42
2
-78
-201
-346
-456
-442
-356
-390
-546
-727
-820
-846
-850
-805
-775
-847
-908
-935
-998
-1062
-959
-786
-767
-839
-915
-909
-926
-931
-865
-881
-900
-791
-723
-870
-1065
-1070
-934
-826
-891
-1084
-1207
-1189
-1078
-944
-855
-849
-880
-907
-904
-781
-528
-278
-180
-213
-191
-26
214
437
637
796
927
1037
1155
1307
1459
1641
1778
1822
1863
1962
2064
2091
2049
2029
2028
2025
1979
1858
1701
1511
1395
1364
1322
1122
797
577
513
505
430
275
120
-95
-281
-336
-310
-280
-304
-398
-543
-613
-568
-493
-437
-384
-342
-341
-344
-290
-197
-109
-29
59
111
119
139
177
194
233
289
282
207
144
116
68
35
47
18
-86
-174
-250
-338
-353
-318
-353
-484
-594
-673
-712
-707
-708
-718
-764
-835
-889
-953
-978
-903
-804
-775
-829
-869
-922
-957
-914
-776
-683
-796
-932
-947
-822
-750
-898
-1046
-1014
-867
-900
-1158
-1274
-1099
-850
-826
-964
-982
-862
-766
-772
-709
-450
-197
-118
-147
-116
69
364
599
711
805
969
1139
1224
1282
1426
1675
1857
1866
1842
1888
1989
2042
2006
1983
2022
2046
1936
1758
1606
1463
1312
1192
1209
1217
966
508
205
223
307
272
137
-46
-265
-491
-590
-523
-379
-324
-439
-655
-780
-684
-536
-459
-406
-350
-345
-375
-343
-235
-102
15
72
89
110
152
198
210
233
299
326
281
208
152
100
66
84
88
68
-25
-216
-357
-352
-285
-315
-389
-493
-601
-663
-726
-761
-748
-671
-658
-775
-893
-928
-920
-914
-862
-766
-739
-829
-933
-946
-889
-810
-794
-830
-821
-756
-785
-948
-1070
-1029
-884
-909
-1122
-1196
-994
-766
-786
-989
-1082
-919
-690
-604
-538
-367
-211
-215
-266
-149
205
587
725
691
727
900
1111
1280
1423
1590
1757
1809
1764
1775
1891
2053
2113
2036
1975
1998
1990
1857
1702
1621
1536
1385
1185
1011
935
890
735
443
187
105
95
14
-150
-281
-377
-500
-605
-636
-603
-578
-611
-704
-764
-698
-579
-516
-494
-460
-401
-352
-295
-194
-87
-13
26
53
102
166
236
276
268
296
337
316
230
161
154
169
149
93
27
-65
-173
-263
-294
-279
-288
-377
-512
-639
-707
-661
-642
-679
-718
-748
-835
-943
-906
-763
-675
-758
-860
-859
-824
-800
-798
-777
-750
-794
-844
-833
-729
-712
-841
-974
-976
-879
-954
-1142
-1170
-936
-712
-789
-1015
-1055
-865
-680
-613
-512
-316
-174
-176
-229
-128
212
575
731
731
775
934
1114
1258
1393
1586
1790
1875
1821
1782
1876
2045
2118
2043
1982
2021
2004
1836
1663
1622
1609
1432
1152
1029
1022
826
484
287
298
266
51
-204
-370
-439
-485
-557
-650
-686
-675
-759
-937
-951
-746
-602
-631
-681
-667
-600
-509
-400
-279
-141
-42
-39
-70
-6
180
311
318
326
382
419
376
325
324
331
319
268
181
125
95
6
-109
-167
-198
-263
-365
-466
-482
-488
-578
-715
-766
-720
-696
-759
-814
-792
-784
-881
-965
-871
-714
-647
-718
-827
-873
-853
-768
-690
-669
-646
-667
-769
-914
-945
-812
-727
-895
-1166
-1170
-883
-654
-730
-984
-1073
-905
-727
-648
-494
-250
-161
-314
-423
-208
255
621
683
638
684
816
980
1181
1416
1630
1756
1740
1653
1686
1883
2087
2119
2013
1946
1966
1949
1839
1725
1667
1604
1479
1324
1071
804
678
660
579
373
186
23
-172
-358
-457
-441
-446
-528
-685
-881
-973
-904
-798
-780
-791
-759
-725
-726
-703
-601
-437
-298
-232
-205
-173
-76
38
88
134
243
346
344
302
309
362
392
370
342
313
259
171
100
70
48
3
-85
-186
-288
-343
-364
-401
-441
-525
-571
-654
-710
-700
-651
-655
-755
-778
-778
-765
-761
-751
-728
-733
-741
-777
-787
-725
-687
-692
-706
-655
-667
-794
-917
-886
-854
-1069
-1264
-1121
-718
-588
-918
-1251
-1216
-906
-699
-617
-439
-242
-262
-496
-537
-152
398
697
678
593
657
829
1016
1242
1505
1746
1833
1738
1636
1718
1978
2173
2157
2042
2014
2050
1944
1753
1674
1724
1684
1468
1265
1163
1079
793
431
275
315
281
8
-269
-428
-513
-652
-814
-833
-780
-775
-897
-1069
-1113
-1028
-903
-845
-757
-628
-597
-655
-662
-497
-230
-20
53
30
33
93
170
281
430
566
595
471
375
406
472
498
456
388
283
177
77
18
8
-26
-116
-250
-351
-384
-442
-525
-633
-624
-612
-658
-725
-767
-762
-821
-809
-766
-728
-723
-751
-749
-742
-714
-677
-678
-659
-620
-613
-697
-737
-667
-668
-777
-861
-902
-1067
-1270
-1208
-847
-623
-822
-1177
-1313
-1148
-896
-675
-479
-320
-323
-522
-622
-346
196
611
715
662
670
769
936
1187
1509
1791
1909
1864
1780
1786
1948
2165
2258
2195
2122
2112
2048
1870
1738
1721
1696
1522
1299
1159
1067
845
416
59
21
187
196
-95
-496
-786
-926
-990
-939
-760
-649
-797
-1177
-1418
-1269
-877
-595
-551
-604
-670
-694
-628
-429
-99
188
238
86
-7
109
331
485
553
593
602
536
444
431
481
529
478
334
202
143
102
-2
-109
-169
-222
-310
-378
-416
-477
-572
-657
-693
-694
-671
-669
-647
-678
-736
-771
-774
-738
-641
-543
-550
-645
-743
-770
-682
-545
-504
-593
-721
-751
-720
-756
-859
-831
-853
-1143
-1482
-1425
-1000
-724
-889
-1266
-1423
-1291
-1087
-882
-602
-332
-285
-511
-690
-443
155
642
780
752
792
887
1021
1258
1608
1942
2081
2008
1902
1917
2117
2333
2371
2253
2185
2196
2114
1923
1788
1742
1601
1334
1106
1017
876
582
287
105
15
-90
-227
-415
-610
-761
-878
-975
-1018
-958
-878
-939
-1074
-1085
-955
-800
-680
-564
-472
-408
-349
-264
-127
62
227
300
302
319
412
495
528
570
621
621
565
525
503
459
407
315
197
83
9
-52
-138
-236
-326
-430
-545
-573
-540
-556
-665
-745
-738
-718
-711
-693
-682
-674
-693
-693
-690
-704
-658
-550
-517
-595
-614
-607
-618
-629
-582
-578
-657
-711
-757
-821
-908
-996
-1093
-1335
-1503
-1363
-1062
-940
-1132
-1359
-1472
-1390
-1151
-874
-565
-346
-359
-522
-580
-258
297
719
877
947
1052
1118
1196
1466
1867
2172
2258
2199
2148
2165
2263
2377
2407
2347
2302
2239
2084
1862
1732
1624
1390
1129
930
840
707
287
-162
-336
-262
-237
-444
-689
-899
-1033
-1183
-1259
-1044
-797
-751
-939
-1151
-1065
-781
-513
-370
-240
-94
-102
-131
-38
217
518
632
579
533
580
657
678
672
699
743
683
531
455
451
376
186
0
-87
-88
-97
-212
-368
-528
-673
-749
-716
-600
-568
-655
-791
-854
-827
-809
-731
-626
-545
-556
-664
-724
-716
-594
-489
-474
-477
-554
-620
-711
-736
-697
-703
-698
-755
-873
-1067
-1229
-1296
-1447
-1652
-1657
-1405
-1152
-1224
-1491
-1633
-1570
-1400
-1182
-814
-425
-271
-395
-543
-376
106
616
962
1168
1310
1372
1384
1492
1825
2235
2490
2527
2448
2395
2401
2427
2440
2418
2410
2352
2195
1976
1746
1579
1368
1050
760
632
607
402
-72
-505
-665
-615
-633
-764
-871
-975
-1147
-1375
-1385
-1078
-754
-669
-812
-890
-744
-517
-333
-164
72
256
273
234
314
550
735
750
709
745
824
819
735
663
655
639
530
412
370
345
180
-102
-306
-344
-299
-323
-410
-514
-664
-831
-941
-858
-681
-599
-671
-772
-829
-846
-781
-632
-479
-398
-410
-556
-633
-559
-437
-395
-417
-415
-454
-566
-667
-715
-689
-724
-800
-872
-1026
-1157
-1309
-1539
-1835
-1954
-1730
-1454
-1364
-1503
-1703
-1773
-1752
-1583
-1224
-730
-332
-284
-420
-422
-123
378
813
1178
1510
1718
1753
1754
1951
2309
2614
2755
2806
2838
2851
2809
2710
2597
2521
2457
2366
2215
2032
1817
1515
1107
667
416
328
245
16
-434
-860
-1061
-1066
-1079
-1159
-1194
-1273
-1385
-1463
-1399
-1112
-873
-775
-758
-687
-445
-185
24
187
341
513
583
659
838
1007
1095
1027
937
945
987
1011
932
807
688
536
376
262
228
181
-21
-337
-568
-663
-673
-664
-693
-779
-915
-1082
-1174
-1102
-934
-769
-748
-793
-789
-785
-752
-733
-638
-468
-416
-423
-480
-491
-477
-525
-541
-604
-645
-636
-713
-782
-912
-1009
-1114
-1378
-1567
-1718
-1881
-2122
-2312
-2148
-1907
-1866
-2028
-2187
-2105
-1988
-1812
-1495
-1062
-623
-461
-468
-341
40
563
952
1273
1648
1992
2172
2249
2450
2763
3017
3129
3201
3306
3376
3370
3269
3097
2914
2781
2687
2526
2331
2126
1856
1463
973
590
387
233
49
-267
-686
-1056
-1221
-1182
-1183
-1292
-1406
-1478
-1515
-1538
-1438
-1171
-935
-836
-798
-668
-401
-148
35
165
295
471
621
753
883
995
1049
992
920
931
991
1021
937
793
650
493
353
263
194
93
-107
-362
-587
-752
-789
-771
-805
-894
-970
-1011
-1057
-1087
-984
-873
-883
-880
-783
-703
-691
-642
-565
-562
-620
-650
-600
-500
-513
-591
-618
-658
-695
-722
-772
-787
-783
-762
-854
-1063
-1200
-1286
-1461
-1721
-1808
-1573
-1305
-1263
-1396
-1481
-1419
-1409
-1370
-1185
-860
-484
-278
-202
-96
65
319
542
715
940
1208
1496
1698
1849
2017
2134
2201
2222
2272
2417
2543
2640
2637
2527
2411
2269
2119
1973
1838
1750
1589
1379
1180
988
819
584
343
171
39
-49
-160
-307
-428
-537
-661
-782
-829
-792
-718
-666
-650
-629
-562
-451
-309
-198
-171
-161
-156
-131
-22
79
59
30
-9
-135
-226
-168
-143
-266
-284
-185
-158
-287
-434
-390
-234
-266
-474
-596
-545
-403
-313
-440
-627
-655
-611
-568
-528
-535
-630
-629
-502
-471
-568
-638
-596
-527
-537
-586
-577
-510
-457
-456
-478
-479
-425
-352
-341
-347
-317
-248
-167
-116
-113
-109
-59
4
55
92
116
134
138
100
27
-67
-156
-158
-111
-73
-86
-143
-174
-141
-33
-14
-66
-68
-64
42
106
126
237
234
228
302
323
342
320
319
395
470
540
602
638
666
714
785
830
795
733
705
709
728
740
727
701
666
626
607
595
571
525
478
468
459
428
393
360
320
275
236
199
156
118
100
79
52
11
-38
-58
-84
-118
-159
-202
-228
-256
-266
-263
-279
-293
-307
-326
-352
-381
-386
-375
-381
-397
-405
-409
-413
-414
-423
-435
-441
-439
-435
-432
-429
-430
-429
-423
-419
-394
-364
-356
-351
-338
-337
-321
-292
-271
-257
-236
-217
-211
-213
-218
-194
-156
-132
-112
-107
-96
-73
-50
-33
-18
0
3
11
27
44
65
71
86
98
92
85
61
17
-24
-44
-48
-35
-36
-50
-60
-77
-88
-102
-109
-112
-120
-126
-127
-104
-68
-34
-3
11
22
40
63
104
164
215
263
304
318
320
335
359
385
398
391
397
399
413
451
471
474
474
467
463
467
469
467
451
431
426
424
422
411
386
367
351
329
300
288
274
242
211
184
157
131
101
76
46
16
-15
-42
-70
-104
-141
-168
-196
-227
-253
-279
-294
-313
-335
-354
-375
-385
-378
-371
-384
-400
-416
-423
-403
-390
-384
-384
-389
-380
-363
-345
-328
-317
-302
-281
-265
-265
-252
-221
-196
-187
-179
-168
-151
-130
-121
-109
-103
-87
-73
-64
-60
-55
-34
-14
5
13
4
8
11
12
23
32
39
36
36
28
13
-10
-39
-66
-77
-69
-51
-42
-49
-56
-63
-65
-58
-45
-40
-39
-37
-29
-5
33
59
60
52
45
50
66
87
120
145
155
163
179
196
227
261
274
265
260
269
297
328
339
354
355
339
339
350
368
373
364
351
337
344
351
349
342
319
296
278
259
245
230
211
184
156
137
122
107
77
43
9
-29
-52
-67
-85
-111
-141
-169
-185
-192
-207
-219
-236
-264
-282
-288
-290
-290
-299
-309
-311
-304
-298
-302
-299
-295
-293
-285
-274
-268
-262
-237
-220
-215
-202
-193
-190
-189
-177
-157
-143
-124
-117
-103
-85
-84
-72
-62
-61
-53
-38
-35
-39
-29
-29
-25
-22
-25
-23
-13
7
6
-11
-26
-30
-13
-1
4
-4
-29
-28
-16
-6
-12
-40
-67
-72
-48
-20
6
10
-9
-21
-24
-13
8
19
25
20
11
28
55
80
92
89
85
85
103
131
159
181
179
183
202
223
244
251
246
240
237
239
253
265
264
267
265
256
244
250
265
256
228
208
206
213
207
163
136
172
192
145
85
51
61
99
115
54
-42
-73
-31
11
36
-8
-80
-95
-121
-160
-156
-114
-77
-139
-225
-207
-178
-168
-149
-190
-250
-222
-199
-205
-154
-153
-204
-206
-201
-162
-113
-171
-247
-205
-128
-101
-91
-110
-166
-155
-118
-118
-105
-121
-117
-67
-94
-116
-90
-96
-82
-62
-60
-46
-80
-108
-67
-35
-35
-39
-63
-79
-53
-22
0
-11
-60
-74
-32
22
54
14
-62
-75
-18
39
35
-13
-76
-116
-72
6
45
43
12
-29
-36
8
64
107
91
37
26
61
146
196
169
120
87
97
126
165
170
144
169
218
227
189
157
166
183
203
226
233
208
175
176
225
268
240
173
150
169
183
185
162
109
123
123
59
4
-277
-780
-1174
-1003
-265
517
915
720
220
-207
-249
141
532
589
418
233
164
174
139
-2
-325
-580
-565
-550
-699
-848
-723
-235
322
504
188
-298
-550
-430
-46
408
646
589
497
520
519
188
-488
-1036
-820
-74
445
477
114
-283
-285
99
385
320
-162
-626
-473
86
524
536
98
-308
-335
-235
-167
-188
-375
-599
-566
-188
137
120
-172
-469
-497
-408
-378
-444
-633
-726
-558
-219
-4
-100
-356
-561
-582
-435
-229
-83
-81
-107
2
195
355
349
198
82
112
307
492
593
623
600
594
593
617
614
535
512
524
600
548
276
80
113
320
411
259
-36
-227
-208
-34
151
228
119
-22
33
119
108
13
-105
-140
-34
106
209
176
60
49
117
190
188
169
151
148
215
318
397
334
263
306
370
313
123
71
102
90
212
307
273
268
268
112
-78
-133
-129
-56
44
115
173
119
-54
-152
-139
-171
-272
-373
-415
-381
-308
-271
-263
-341
-579
-761
-818
-897
-942
-856
-707
-606
-666
-841
-1003
-1082
-1084
-1208
-1528
-1882
-1991
-1723
-1271
-920
-872
-1034
-1151
-1141
-990
-751
-488
-280
-134
112
451
788
1026
1069
1074
1123
1197
1302
1438
1693
1938
2019
1939
1766
1625
1510
1397
1316
1202
1057
906
814
814
785
643
349
30
-163
-251
-247
-243
-316
-434
-556
-583
-547
-552
-602
-629
-509
-279
-76
80
186
288
390
449
469
472
501
528
576
669
703
634
502
402
369
325
205
51
-45
-47
-30
-29
-47
-91
-146
-191
-180
-130
-65
-15
9
43
55
5
-48
-30
35
81
81
44
3
3
31
43
9
-98
-244
-345
-354
-330
-375
-543
-764
-911
-982
-1049
-1107
-1188
-1245
-1258
-1289
-1472
-1640
-1714
-1971
-2347
-2706
-2819
-2594
-2124
-1718
-1571
-1510
-1378
-1208
-984
-730
-461
-234
-8
407
936
1479
1864
2016
2082
2151
2191
2179
2171
2306
2436
2465
2424
2306
2167
1950
1675
1383
1059
744
453
287
274
264
161
-60
-300
-454
-557
-625
-664
-676
-621
-498
-299
-62
127
220
179
112
84
55
18
10
228
686
1129
1311
1173
945
785
678
576
408
238
104
45
140
253
227
5
-310
-483
-537
-573
-635
-657
-508
-296
-105
66
185
266
261
214
172
94
13
-5
150
389
518
495
375
313
316
258
89
-186
-422
-537
-519
-461
-502
-661
-900
-1092
-1214
-1343
-1521
-1747
-1879
-1914
-1873
-1850
-1889
-1995
-2272
-2660
-3024
-3134
-2928
-2601
-2251
-1924
-1558
-1141
-804
-482
-196
34
200
325
623
1076
1571
2003
2311
2589
2755
2749
2632
2460
2331
2169
1993
1886
1839
1831
1726
1544
1303
983
613
226
-77
-275
-419
-507
-501
-383
-239
-164
-139
-158
-193
-190
-128
10
222
440
661
860
972
1033
1032
962
782
490
299
350
581
806
839
741
625
489
347
125
-158
-415
-628
-694
-621
-513
-428
-400
-371
-313
-314
-361
-404
-364
-206
-36
153
410
675
895
980
907
719
455
256
196
204
199
144
77
118
193
156
5
-299
-594
-827
-1027
-1140
-1259
-1342
-1390
-1426
-1433
-1505
-1635
-1738
-1850
-1912
-2005
-2119
-2187
-2350
-2593
-2878
-2976
-2742
-2402
-2078
-1862
-1606
-1217
-841
-472
-170
101
357
537
794
1135
1497
1827
2087
2358
2564
2615
2528
2402
2310
2194
1993
1771
1623
1521
1390
1243
1070
904
699
422
174
-58
-240
-348
-391
-309
-189
-92
6
103
213
306
359
421
502
597
701
793
925
1043
1089
1064
943
792
561
267
81
75
184
206
105
28
17
23
-76
-259
-430
-574
-662
-696
-659
-558
-448
-319
-174
-36
33
35
47
112
195
223
286
435
629
790
842
842
759
557
312
91
-52
-154
-265
-356
-378
-347
-313
-353
-456
-559
-711
-861
-1027
-1214
-1342
-1448
-1441
-1369
-1346
-1357
-1402
-1386
-1329
-1378
-1521
-1700
-1916
-2201
-2554
-2784
-2677
-2354
-2040
-1814
-1575
-1171
-739
-444
-217
-31
175
350
479
728
1054
1419
1793
2110
2403
2560
2537
2457
2361
2225
2017
1748
1531
1422
1314
1205
1118
1027
941
751
476
217
-30
-204
-308
-368
-356
-301
-172
15
193
344
456
532
592
615
620
631
661
725
770
783
804
852
841
617
242
-77
-138
-39
-74
-229
-362
-322
-163
-130
-207
-298
-357
-386
-456
-544
-572
-524
-390
-206
-52
59
153
258
392
451
418
402
436
514
541
498
495
491
424
273
95
-13
-93
-212
-353
-479
-551
-583
-609
-628
-666
-719
-770
-847
-932
-1035
-1160
-1228
-1279
-1314
-1361
-1411
-1349
-1281
-1260
-1302
-1396
-1520
-1789
-2160
-2450
-2487
-2333
-2183
-2044
-1789
-1322
-824
-446
-123
157
442
604
656
777
954
1219
1493
1740
2022
2245
2392
2487
2514
2435
2209
1895
1592
1348
1104
877
745
688
674
591
469
393
311
199
25
-157
-274
-318
-299
-209
-49
148
381
587
750
876
938
949
877
783
679
576
527
502
522
428
160
-94
-189
-63
-5
-184
-390
-466
-371
-321
-413
-457
-385
-300
-299
-370
-397
-281
-160
-103
-60
-56
18
140
251
380
424
451
520
561
571
521
469
434
319
85
-126
-196
-202
-235
-381
-506
-494
-466
-470
-542
-589
-599
-658
-742
-859
-928
-973
-1017
-1023
-1072
-1128
-1191
-1180
-1085
-1093
-1192
-1344
-1418
-1521
-1811
-2161
-2386
-2309
-2159
-2113
-2033
-1761
-1238
-770
-470
-170
193
546
711
780
923
1143
1373
1554
1740
1943
2129
2276
2368
2422
2330
2122
1890
1653
1419
1101
813
652
551
434
279
208
229
241
154
15
-58
-87
-124
-171
-161
-60
69
226
414
614
805
938
1038
1063
996
867
685
556
422
215
-17
-233
-287
-219
-172
-155
-171
-180
-161
-191
-274
-346
-416
-470
-510
-551
-504
-386
-236
-70
28
113
207
271
329
331
304
294
284
295
319
357
421
460
403
274
143
22
-82
-227
-386
-521
-622
-643
-628
-590
-554
-533
-494
-501
-547
-607
-692
-764
-877
-1008
-1107
-1165
-1141
-1079
-1042
-1027
-1026
-1054
-1084
-1204
-1485
-1810
-2084
-2188
-2191
-2239
-2179
-1915
-1485
-1010
-655
-281
185
585
810
885
966
1135
1293
1361
1459
1625
1820
2016
2145
2261
2324
2260
2131
1917
1626
1290
940
665
449
226
52
-2
41
87
79
68
111
126
60
-25
-62
-36
5
41
145
317
525
730
899
1028
1103
1098
972
756
490
245
55
-165
-372
-469
-422
-290
-208
-179
-110
-13
11
-95
-252
-355
-410
-504
-600
-599
-491
-310
-139
16
181
313
420
463
437
373
306
263
209
148
126
177
242
238
174
104
52
-17
-159
-354
-519
-630
-698
-726
-716
-666
-586
-523
-488
-459
-470
-498
-566
-689
-824
-968
-1066
-1094
-1091
-1075
-1065
-1047
-1023
-995
-1028
-1207
-1471
-1724
-1851
-1910
-2010
-2048
-1905
-1573
-1191
-854
-458
41
525
829
981
1128
1308
1427
1418
1412
1481
1579
1679
1768
1895
2012
2041
2009
1898
1721
1471
1185
906
607
289
18
-116
-143
-147
-149
-99
21
119
161
188
216
233
193
138
152
225
319
419
544
698
812
815
781
774
764
645
322
-30
-231
-299
-331
-428
-506
-433
-296
-208
-156
-100
-22
-14
-137
-289
-356
-356
-341
-360
-374
-276
-100
91
252
355
438
495
483
406
309
242
213
143
8
-98
-119
-94
-98
-156
-207
-242
-308
-404
-481
-506
-516
-580
-665
-677
-626
-559
-531
-545
-553
-567
-582
-637
-715
-780
-834
-886
-962
-1031
-1045
-1035
-1034
-1109
-1297
-1507
-1634
-1651
-1658
-1743
-1780
-1636
-1356
-1063
-767
-404
45
438
664
857
1105
1359
1498
1491
1489
1551
1605
1644
1682
1745
1794
1772
1714
1652
1547
1375
1163
921
648
371
157
45
-36
-139
-204
-164
-67
2
47
123
211
248
237
247
314
394
438
460
506
586
664
733
724
586
402
258
157
6
-216
-363
-383
-379
-394
-366
-248
-106
-53
-93
-107
-78
-98
-192
-312
-363
-353
-353
-323
-221
-97
29
146
251
327
371
408
407
330
215
144
104
40
-52
-125
-162
-191
-229
-269
-303
-335
-385
-451
-495
-506
-486
-489
-502
-486
-460
-455
-485
-509
-542
-591
-647
-709
-770
-810
-827
-825
-827
-859
-871
-865
-869
-942
-1130
-1329
-1451
-1507
-1541
-1601
-1593
-1429
-1186
-923
-625
-258
147
494
724
916
1120
1284
1374
1382
1373
1396
1434
1463
1499
1566
1607
1609
1593
1538
1451
1315
1142
936
673
415
226
93
-25
-117
-142
-110
-53
17
99
182
239
264
270
287
310
330
342
327
338
399
434
406
328
281
264
184
70
-6
-49
-100
-146
-158
-138
-123
-114
-89
-89
-123
-136
-144
-190
-262
-299
-293
-303
-301
-240
-149
-77
-5
94
174
215
254
280
264
212
171
149
87
-13
-91
-143
-211
-280
-321
-354
-392
-425
-432
-415
-402
-378
-349
-342
-357
-365
-370
-411
-487
-545
-580
-642
-726
-759
-724
-708
-723
-715
-666
-639
-658
-684
-708
-761
-919
-1150
-1317
-1370
-1388
-1457
-1493
-1360
-1113
-882
-645
-318
62
381
585
764
966
1114
1190
1208
1193
1215
1263
1325
1377
1427
1493
1549
1555
1504
1455
1366
1209
1011
779
565
375
222
98
-19
-86
-77
-27
2
46
139
209
221
217
250
288
264
238
240
263
266
237
231
223
189
132
78
46
23
0
-19
-25
-31
-34
-8
0
-20
-52
-85
-126
-193
-250
-271
-296
-330
-329
-285
-229
-161
-88
0
71
113
168
208
209
196
182
145
90
32
-26
-82
-154
-219
-258
-301
-335
-358
-377
-373
-363
-350
-347
-334
-327
-347
-382
-419
-451
-521
-597
-646
-674
-705
-745
-734
-689
-655
-631
-594
-546
-523
-532
-559
-602
-709
-880
-1035
-1129
-1163
-1205
-1261
-1203
-1005
-780
-578
-329
-8
287
483
634
820
967
1019
1045
1060
1068
1073
1100
1166
1215
1250
1303
1351
1347
1311
1266
1178
1039
862
687
530
385
244
123
28
-4
8
18
41
90
141
168
178
205
241
233
198
175
128
73
57
53
1
-71
-48
48
77
45
101
221
254
202
190
220
178
71
-22
-92
-175
-256
-288
-316
-337
-292
-210
-168
-145
-71
28
60
43
57
96
91
43
19
27
16
-27
-56
-70
-90
-122
-152
-187
-230
-260
-281
-305
-332
-346
-336
-345
-365
-366
-367
-400
-470
-525
-552
-602
-676
-728
-746
-752
-746
-720
-665
-607
-568
-515
-467
-450
-458
-465
-483
-596
-770
-877
-881
-890
-963
-983
-854
-677
-530
-354
-98
170
350
481
638
783
872
913
924
910
899
931
987
1012
1033
1092
1144
1161
1172
1193
1174
1075
946
820
681
534
413
299
184
99
78
98
105
121
168
195
175
172
188
151
64
-25
-109
-188
-231
-183
-116
-90
-31
115
279
370
428
504
536
465
350
260
164
20
-126
-231
-297
-320
-304
-253
-193
-132
-58
4
36
46
41
18
-31
-91
-125
-131
-151
-178
-174
-145
-112
-93
-75
-64
-84
-125
-166
-202
-243
-286
-330
-371
-405
-420
-422
-441
-474
-489
-502
-533
-584
-635
-669
-699
-734
-750
-752
-738
-700
-664
-623
-551
-483
-437
-405
-380
-348
-339
-377
-450
-532
-596
-623
-646
-679
-661
-574
-447
-316
-159
43
248
401
525
654
762
819
834
828
818
817
819
834
848
873
926
972
988
1013
1037
1020
956
870
779
683
563
433
317
216
141
87
41
18
33
37
0
-47
-51
-15
7
-13
-22
19
87
150
214
299
379
430
449
458
470
455
394
304
203
123
71
12
-65
-118
-127
-124
-126
-129
-116
-96
-110
-140
-155
-151
-153
-171
-201
-218
-217
-218
-216
-206
-192
-178
-173
-175
-174
-163
-162
-189
-235
-267
-283
-313
-367
-417
-448
-479
-521
-570
-600
-617
-634
-650
-676
-675
-652
-640
-632
-612
-583
-554
-526
-506
-479
-440
-405
-380
-355
-327
-294
-270
-268
-286
-320
-349
-372
-383
-388
-378
-342
-283
-190
-78
45
169
290
407
503
584
664
717
735
744
761
774
783
794
812
827
839
862
878
877
867
844
795
725
641
551
455
349
253
169
82
8
-29
-42
-54
-49
-11
44
98
138
197
271
321
343
361
376
372
357
321
291
261
226
203
172
143
133
121
92
53
22
1
-29
-81
-125
-150
-174
-195
-212
-221
-224
-231
-243
-255
-255
-251
-245
-255
-268
-271
-263
-263
-270
-269
-266
-262
-273
-289
-304
-330
-364
-416
-456
-490
-529
-560
-590
-609
-611
-601
-585
-570
-557
-523
-479
-466
-462
-446
-429
-426
-433
-419
-385
-354
-336
-302
-250
-205
-160
-131
-131
-142
-150
-152
-168
-200
-216
-196
-167
-134
-76
4
107
202
285
373
467
545
593
618
642
665
668
657
647
642
644
637
639
645
656
661
649
632
610
585
537
481
421
352
298
261
231
204
181
179
194
212
231
260
290
297
295
300
301
287
263
245
224
207
199
199
199
181
169
163
144
115
85
46
-1
-44
-81
-114
-136
-166
-191
-209
-225
-241
-261
-280
-309
-338
-362
-379
-392
-408
-420
-430
-429
-422
-415
-410
-417
-417
-414
-425
-439
-451
-465
-490
-509
-512
-514
-514
-509
-488
-460
-438
-415
-399
-381
-363
-354
-354
-353
-340
-323
-314
-315
-301
-257
-210
-178
-151
-117
-84
-64
-68
-78
-77
-68
-76
-96
-99
-71
-24
17
66
136
217
298
363
422
479
523
553
562
561
561
568
565
545
532
546
566
559
547
545
553
544
512
480
443
399
354
312
286
261
238
229
234
237
248
268
282
290
285
276
271
248
215
199
191
172
155
151
158
165
162
162
162
150
124
89
54
11
-32
-68
-111
-151
-192
-224
-250
-270
-287
-303
-311
-318
-330
-341
-344
-351
-360
-370
-381
-388
-403
-420
-424
-432
-436
-440
-440
-435
-430
-429
-418
-398
-389
-382
-375
-377
-367
-356
-354
-346
-342
-339
-333
-319
-302
-284
-267
-257
-237
-211
-191
-170
-149
-121
-101
-92
-74
-54
-37
-27
-20
-1
21
27
25
43
65
87
106
122
155
186
209
241
269
295
322
356
391
409
424
445
463
463
465
467
464
449
439
440
432
408
394
391
386
377
368
364
352
332
321
309
292
271
253
240
227
212
200
191
188
183
177
175
172
174
162
143
131
117
104
89
73
57
39
23
9
-11
-33
-64
-94
-126
-165
-205
-245
-280
-305
-327
-342
-350
-351
-350
-345
-337
-334
-338
-343
-348
-363
-376
-388
-399
-405
-412
-410
-407
-392
-366
-349
-331
-307
-288
-270
-259
-256
-256
-255
-255
-266
-276
-272
-262
-252
-239
-219
-193
-167
-142
-120
-107
-94
-69
-51
-41
-32
-23
-12
3
13
24
43
64
86
108
124
150
178
195
204
218
239
259
260
265
278
294
303
313
327
343
354
348
343
339
332
325
311
297
289
280
283
284
279
281
287
285
283
285
280
266
247
229
210
192
175
154
136
130
129
131
131
140
140
132
124
124
122
102
88
74
54
28
9
-5
-24
-45
-67
-84
-101
-124
-138
-153
-169
-188
-209
-224
-239
-256
-264
-267
-275
-281
-289
-291
-295
-304
-310
-316
-319
-325
-325
-327
-324
-314
-302
-297
-294
-283
-270
-258
-250
-240
-224
-216
-216
-207
-202
-195
-190
-191
-184
-173
-155
-139
-124
-109
-92
-70
-43
-29
-17
-3
13
25
29
37
48
61
63
75
88
97
114
117
130
144
151
162
168
178
194
204
217
233
233
234
241
253
258
260
263
259
254
243
238
237
230
223
222
220
217
215
215
207
201
192
186
180
171
158
140
132
121
110
103
97
92
87
87
92
88
86
83
76
68
55
50
38
17
9
4
-8
-18
-28
-34
-35
-45
-58
-73
-85
-98
-114
-130
-147
-160
-169
-176
-183
-190
-194
-198
-205
-207
-211
-214
-218
-228
-234
-237
-241
-241
-241
-240
-240
-229
-213
-200
-190
-183
-174
-169
-163
-155
-149
-147
-153
-154
-151
-147
-130
-118
-108
-98
-77
-59
-52
-36
-27
-23
-14
-12
-9
-6
-4
6
15
27
44
59
74
85
99
114
117
120
123
128
132
135
139
143
154
157
161
168
171
178
184
184
179
177
175
165
158
152
147
147
142
135
140
143
143
147
149
149
140
135
129
121
112
105
95
84
76
70
71
68
63
66
66
61
58
58
53
41
32
26
18
6
-3
-10
-17
-19
-26
-27
-31
-39
-46
-56
-70
-81
-91
-105
-117
-123
-127
-130
-131
-134
-135
-130
-133
-137
-137
-138
-141
-150
-161
-170
-175
-173
-172
-172
-162
-152
-141
-132
-124
-108
-102
-105
-106
-108
-103
-99
-97
-94
-90
-81
-71
-64
-55
-49
-43
-31
-32
-28
-18
-13
-9
-10
-1
12
18
25
32
36
40
45
50
57
63
64
70
73
75
80
89
93
94
100
104
110
112
111
114
111
108
108
114
109
102
105
105
103
106
108
108
105
106
104
106
99
87
84
73
62
57
51
47
41
41
44
43
46
47
44
37
33
34
29
22
15
9
2
-1
-4
-11
-17
-23
-25
-29
-32
-34
-34
-37
-44
-48
-55
-58
-61
-66
-68
-70
-73
-76
-78
-81
-80
-78
-78
-80
-79
-75
-77
-74
-67
-66
-69
-70
-68
-70
-69
-70
-72
-67
-64
-60
-54
-54
-49
-44
-45
-43
-43
-39
-34
-33
-30
-26
-22
-22
-19
-14
-5
2
2
5
9
14
15
12
6
6
8
4
4
4
6
11
11
12
16
25
30
32
34
36
41
38
41
43
45
52
49
51
55
57
61
61
63
67
70
67
66
67
64
62
56
52
53
50
47
42
39
36
35
37
33
29
26
21
11
6
2
-2
-3
-9
-13
-10
-6
-2
1
3
3
4
3
3
1
2
-3
-9
-11
-12
-17
-18
-21
-26
-27
-24
-28
-29
-32
-40
-40
-37
-39
-38
-40
-44
-42
-38
-36
-37
-35
-32
-33
-29
-25
-23
-21
-21
-16
-11
-10
-12
-11
-10
-12
-9
-12
-12
-11
-12
-13
-13
-15
-18
-22
-19
-18
-19
-19
-19
-17
-18
-13
-14
-11
-10
-9
-1
2
3
7
5
7
11
13
22
23
23
26
25
27
22
20
19
17
15
11
12
10
11
14
14
16
11
9
16
12
9
9
8
11
13
13
14
18
16
18
21
18
17
15
12
9
9
11
12
10
8
11
16
15
14
13
10
12
12
5
2
-1
-10
-10
-6
-9
-8
-8
-3
-4
0
5
4
6
2
0
4
7
3
-1
-2
-6
-8
-9
-14
-12
-9
-8
-5
-3
-2
1
0
-1
-1
-2
-1
-3
-7
-10
-10
-5
-7
-12
-7
-6
-8
-5
-3
-6
-4
-2
-4
-6
-9
-13
-12
-12
-16
-17
-11
-7
