-19
-21
-16
-17
-18
-20
-21
-18
-20
-22
-20
-19
-19
-19
-18
-19
-27
-34
-43
-44
-47
-56
-62
-64
-63
-58
-52
-43
-34
-26
-22
-18
-15
-5
1
2
7
11
19
24
33
42
48
49
53
57
60
61
55
51
49
39
30
29
27
24
21
22
23
25
20
20
19
13
4
-3
-5
-6
-8
-8
-6
3
5
6
11
15
22
24
21
28
27
21
25
17
15
15
8
7
9
9
7
6
6
4
5
1
-4
-4
-5
-10
-9
-9
-6
-4
-7
-6
-3
0
2
-2
-5
-7
-10
-14
-13
-15
-16
-14
-11
-11
-18
-19
-19
-21
-19
-17
-17
-16
-16
-18
-18
-18
-20
-20
-21
-20
-14
-12
-11
-11
-11
-11
-19
-31
-39
-43
-45
-51
-60
-65
-64
-60
-53
-45
-36
-31
-28
-21
-16
-6
-2
1
3
8
16
25
34
42
46
50
58
65
65
68
65
60
54
45
42
40
32
25
22
22
20
17
16
14
12
6
-1
-1
-1
-3
0
1
-1
5
10
17
21
22
26
28
33
31
19
18
16
11
13
10
10
12
9
5
6
5
2
1
-3
-8
-4
-5
-6
-6
-8
-6
-3
-1
0
0
-1
-3
-4
-7
-7
-9
-16
-18
-17
-19
-20
-17
-19
-20
-21
-23
-21
-18
-21
-22
-26
-26
-26
-28
-27
-25
-22
-18
-14
-12
-5
-7
-9
-7
-9
-9
-12
-23
-32
-36
-40
-45
-57
-69
-69
-66
-61
-54
-51
-46
-37
-30
-23
-16
-12
-5
2
5
6
19
34
42
50
57
67
76
78
82
80
75
70
63
58
56
48
39
31
28
24
22
19
18
13
7
4
2
-3
-9
-7
-9
-9
-1
7
16
20
18
21
20
15
22
23
21
20
12
9
12
14
13
8
1
-3
-1
-2
-7
-12
-16
-15
-16
-14
-9
-6
-1
2
2
5
5
2
3
6
0
-6
-8
-11
-10
-11
-15
-16
-15
-17
-17
-16
-20
-18
-21
-28
-26
-26
-28
-29
-24
-23
-26
-19
-15
-14
-12
-10
-10
-7
-7
-10
-5
-6
-8
-4
-6
-18
-34
-38
-43
-48
-61
-75
-78
-73
-67
-67
-62
-53
-41
-33
-32
-24
-12
-4
2
5
13
24
42
56
57
65
77
78
82
89
90
85
79
72
60
49
45
42
33
27
28
27
24
18
14
11
8
4
1
0
-3
-7
-13
-12
-5
-4
6
17
21
22
22
21
24
19
11
11
10
5
2
-1
3
4
-3
-3
-1
-1
-2
-9
-12
-9
-9
-6
-3
-1
1
4
8
7
8
6
2
-1
-5
-4
-5
-9
-14
-24
-21
-21
-34
-32
-29
-30
-29
-33
-35
-31
-28
-29
-27
-23
-25
-26
-24
-20
-13
-12
-15
-9
-4
-4
-1
-3
-3
3
2
-1
-1
-3
-8
-23
-45
-58
-64
-75
-91
-108
-118
-112
-104
-94
-84
-74
-61
-49
-41
-25
-7
1
8
10
18
40
61
75
87
100
115
123
126
125
125
122
114
99
86
79
71
57
46
35
37
45
39
33
29
26
25
12
4
0
-5
-3
-10
-9
4
15
25
30
35
46
47
35
28
25
22
14
4
-4
-8
-10
-8
-1
-5
-12
-9
-11
-17
-17
-20
-24
-24
-17
-12
-7
-3
-5
-4
-1
2
8
3
-9
-13
-11
-12
-18
-28
-34
-33
-34
-42
-44
-36
-40
-49
-48
-54
-44
-37
-44
-47
-43
-37
-37
-36
-34
-27
-20
-19
-20
-9
-2
2
13
9
-8
-4
0
2
5
8
12
-8
-44
-75
-85
-87
-104
-131
-153
-153
-138
-126
-122
-105
-84
-75
-69
-53
-27
-8
6
16
19
35
68
95
109
117
132
159
177
175
170
169
162
148
126
113
107
98
87
72
58
58
64
57
38
36
49
37
19
9
9
8
-1
-5
-3
7
23
28
31
31
36
45
41
36
23
14
7
-3
-5
-6
-10
-19
-27
-28
-26
-23
-23
-28
-39
-35
-23
-19
-15
-14
-11
-8
-6
4
9
5
-3
-16
-19
-17
-19
-20
-20
-26
-35
-44
-54
-61
-72
-71
-69
-65
-67
-79
-66
-67
-63
-47
-47
-49
-56
-51
-42
-46
-44
-25
-7
3
6
7
18
19
16
26
26
27
34
25
27
21
-14
-54
-94
-128
-136
-170
-225
-240
-241
-228
-211
-209
-183
-144
-122
-109
-83
-52
-31
-16
0
27
64
99
134
167
193
219
252
280
283
268
260
248
226
192
173
168
156
133
104
96
101
86
77
76
64
71
67
50
35
20
6
-5
-3
-1
8
27
30
37
48
52
62
61
41
29
15
-2
-18
-30
-24
-22
-27
-45
-55
-47
-43
-45
-50
-47
-41
-34
-33
-39
-27
-18
-13
-8
-18
-12
-2
-7
-9
-12
-17
-16
-23
-34
-47
-54
-47
-55
-79
-101
-101
-102
-104
-98
-95
-101
-100
-101
-101
-91
-87
-71
-67
-66
-55
-46
-32
-25
-1
17
14
28
40
45
51
49
54
64
53
56
61
28
-34
-97
-147
-155
-177
-248
-318
-349
-330
-309
-315
-302
-241
-184
-166
-162
-124
-66
-26
-14
-11
24
81
150
215
246
277
324
371
392
381
376
377
345
290
245
217
205
184
149
120
120
131
131
126
100
80
85
77
69
52
33
30
13
1
2
24
43
35
25
31
32
23
25
24
5
-15
-47
-60
-49
-57
-77
-82
-83
-78
-78
-89
-69
-68
-72
-53
-43
-23
-13
-9
10
16
16
27
39
41
20
16
23
6
-10
-7
-17
-47
-73
-86
-88
-92
-103
-125
-127
-125
-143
-135
-109
-120
-135
-130
-113
-103
-111
-109
-96
-79
-61
-52
-20
2
12
34
42
48
45
48
56
63
68
69
68
77
52
-30
-86
-146
-189
-214
-314
-420
-458
-456
-424
-408
-404
-351
-274
-230
-222
-178
-104
-55
-19
-6
38
130
208
279
329
368
430
483
520
539
539
515
476
439
360
312
303
251
197
146
122
152
159
134
117
107
98
79
60
52
46
37
15
-11
-19
11
35
37
39
43
56
41
7
-12
-31
-57
-77
-83
-68
-85
-95
-87
-115
-119
-116
-120
-98
-99
-107
-93
-75
-40
-16
-12
22
48
51
59
59
46
32
-3
-8
21
-7
-50
-71
-89
-95
-102
-114
-124
-166
-189
-183
-180
-154
-158
-153
-138
-162
-156
-130
-126
-102
-75
-67
-47
-28
-22
6
41
26
28
59
70
88
95
97
101
79
56
85
107
62
-36
-168
-244
-249
-333
-492
-589
-619
-580
-540
-545
-499
-422
-372
-312
-251
-171
-79
-13
10
28
118
226
332
429
470
536
631
701
746
737
707
665
601
520
440
386
323
247
174
106
105
132
132
91
34
25
60
66
11
-26
-27
-51
-52
-22
5
58
83
58
58
82
87
65
11
-32
-44
-64
-97
-113
-110
-110
-93
-107
-130
-102
-102
-124
-138
-151
-120
-82
-64
-56
-41
9
39
52
64
54
76
92
57
43
29
4
3
-29
-78
-108
-115
-103
-127
-177
-203
-201
-208
-228
-226
-196
-167
-151
-145
-158
-171
-142
-106
-106
-106
-70
-20
25
33
33
83
116
119
126
126
136
139
127
123
145
155
65
-122
-304
-378
-374
-470
-713
-887
-900
-814
-751
-743
-684
-566
-453
-389
-315
-190
-57
22
44
93
220
379
549
671
701
776
913
1023
1036
965
917
879
772
621
486
414
341
192
69
28
44
36
-10
-57
-72
-50
-41
-21
-45
-101
-97
-93
-64
-15
35
125
149
164
218
250
280
237
127
54
4
-44
-67
-97
-120
-136
-172
-189
-200
-191
-165
-190
-231
-230
-193
-153
-121
-100
-66
-9
41
90
138
152
157
151
136
121
77
39
14
-21
-78
-104
-83
-106
-162
-182
-185
-202
-212
-244
-265
-275
-253
-214
-206
-219
-204
-162
-151
-124
-103
-83
-15
17
27
72
100
159
183
154
141
135
167
177
186
138
-60
-310
-546
-649
-667
-872
-1179
-1364
-1364
-1211
-1116
-1031
-897
-757
-584
-460
-264
-43
74
168
211
314
504
728
973
1070
1123
1269
1403
1513
1523
1426
1294
1146
982
756
576
416
188
7
-167
-262
-210
-217
-240
-236
-242
-216
-179
-156
-186
-199
-162
-114
8
124
208
331
430
520
567
578
600
528
375
206
85
43
-12
-120
-218
-281
-265
-244
-292
-326
-347
-375
-393
-425
-384
-262
-205
-195
-125
-15
125
214
249
285
276
281
279
252
184
98
65
8
-77
-130
-203
-233
-260
-340
-350
-346
-368
-397
-431
-397
-361
-346
-299
-260
-217
-151
-68
4
51
75
129
213
225
244
268
239
222
176
132
155
104
-157
-515
-867
-1074
-1148
-1406
-1830
-2084
-2039
-1809
-1622
-1496
-1263
-941
-604
-343
-115
129
339
482
554
663
900
1157
1397
1542
1583
1703
1881
2025
2003
1863
1660
1415
1155
797
478
235
-49
-355
-583
-649
-597
-561
-544
-527
-500
-430
-340
-206
-131
-162
-132
-29
106
277
466
664
807
889
980
1066
1074
936
702
482
275
95
-62
-215
-350
-474
-543
-548
-542
-538
-561
-576
-577
-523
-449
-404
-292
-216
-127
60
215
333
432
465
504
555
530
495
427
270
137
15
-126
-171
-224
-321
-390
-481
-519
-511
-533
-532
-560
-593
-538
-440
-343
-293
-275
-217
-94
48
142
211
329
405
384
405
401
344
277
185
30
-290
-734
-1177
-1494
-1710
-2055
-2516
-2832
-2799
-2472
-2181
-1983
-1684
-1231
-754
-340
51
413
739
958
1070
1244
1528
1789
2034
2176
2222
2356
2501
2604
2513
2195
1878
1539
1153
693
191
-234
-629
-958
-1213
-1304
-1210
-1105
-1040
-965
-777
-529
-289
-155
-121
-11
186
417
625
809
1025
1250
1392
1478
1555
1576
1500
1263
948
657
358
60
-242
-539
-780
-911
-983
-990
-968
-960
-934
-899
-806
-677
-517
-315
-188
-71
124
374
620
796
898
944
973
963
897
786
651
423
158
-28
-182
-316
-487
-653
-765
-852
-897
-896
-867
-891
-903
-867
-737
-560
-500
-402
-205
-32
138
296
417
585
658
640
691
670
572
442
78
-480
-1121
-1736
-2099
-2421
-2945
-3468
-3712
-3575
-3169
-2779
-2400
-1891
-1338
-752
-172
339
786
1166
1421
1563
1802
2174
2511
2732
2828
2858
2981
3127
3101
2846
2472
1958
1352
815
189
-439
-966
-1467
-1824
-1985
-1955
-1761
-1519
-1298
-1040
-693
-300
75
321
452
585
779
1049
1308
1512
1680
1817
1872
1930
1978
1883
1633
1195
714
296
-137
-560
-917
-1238
-1428
-1541
-1570
-1432
-1321
-1200
-1038
-879
-637
-366
-105
126
329
513
743
1001
1197
1335
1378
1378
1342
1209
1050
833
526
170
-148
-356
-591
-823
-993
-1129
-1203
-1287
-1299
-1212
-1146
-1050
-956
-799
-566
-437
-241
12
206
448
606
724
885
1007
996
882
727
421
-66
-859
-1825
-2436
-2823
-3389
-3987
-4503
-4487
-3924
-3469
-3031
-2444
-1715
-888
-188
391
910
1398
1738
1915
2167
2472
2822
3098
3134
3164
3234
3302
3323
2994
2466
1924
1323
669
-145
-922
-1539
-2044
-2432
-2646
-2477
-2120
-1761
-1354
-929
-363
172
623
1022
1201
1331
1483
1657
1894
2049
2135
2210
2236
2261
2186
1962
1539
940
352
-195
-691
-1202
-1689
-1985
-2161
-2223
-2098
-1908
-1607
-1265
-967
-614
-219
190
509
772
1023
1240
1473
1669
1766
1788
1739
1625
1478
1301
989
620
265
-144
-496
-774
-1051
-1301
-1498
-1579
-1576
-1570
-1524
-1440
-1206
-922
-807
-632
-321
-20
319
516
692
918
1132
1321
1284
1203
1028
666
184
-578
-1554
-2454
-3214
-3820
-4428
-5022
-5276
-5035
-4370
-3630
-2976
-2216
-1332
-377
431
1022
1588
2020
2332
2579
2773
3051
3326
3479
3479
3425
3397
3306
3083
2574
1834
1056
273
-460
-1249
-2090
-2672
-2985
-3081
-2922
-2531
-1960
-1366
-690
2
640
1314
1774
2023
2182
2242
2310
2395
2429
2449
2397
2287
2251
2092
1724
1303
770
22
-699
-1303
-1847
-2263
-2672
-2889
-2748
-2386
-1985
-1574
-1055
-500
9
471
895
1288
1605
1741
1811
1898
1979
2023
1931
1742
1537
1308
1022
696
279
-197
-581
-924
-1223
-1503
-1699
-1764
-1798
-1740
-1603
-1429
-1150
-919
-721
-379
-91
261
546
693
978
1175
1274
1376
1391
1362
1152
746
178
-637
-1599
-2629
-3554
-4341
-5134
-5681
-5944
-5813
-5128
-4351
-3450
-2436
-1371
-175
860
1668
2266
2711
3059
3216
3307
3410
3446
3467
3371
3228
3118
2913
2581
2016
1238
441
-352
-1141
-1926
-2609
-3095
-3387
-3322
-2960
-2422
-1654
-824
51
938
1725
2425
2890
3148
3180
3038
2866
2641
2422
2119
1793
1576
1334
1019
660
219
-306
-893
-1465
-1977
-2403
-2668
-2849
-2818
-2494
-2050
-1476
-852
-206
460
1054
1561
1927
2150
2288
2356
2269
2105
1961
1749
1497
1226
896
575
291
-35
-419
-791
-1057
-1307
-1524
-1608
-1667
-1674
-1520
-1332
-1086
-770
-484
-160
162
389
596
858
1043
1143
1260
1230
1161
1122
942
721
386
-170
-927
-1839
-2881
-3925
-4775
-5485
-6078
-6424
-6390
-5798
-4717
-3494
-2247
-983
326
1627
2607
3268
3697
3904
3929
3754
3515
3294
3085
2826
2426
2048
1739
1400
926
264
-449
-1168
-1802
-2388
-2970
-3302
-3338
-3068
-2501
-1763
-782
338
1378
2371
3222
3846
4222
4269
3996
3550
3048
2465
1879
1318
763
298
-85
-410
-648
-959
-1365
-1745
-2131
-2455
-2638
-2695
-2622
-2335
-1819
-1187
-433
357
1004
1627
2165
2455
2638
2629
2457
2264
1950
1592
1289
980
643
369
108
-184
-416
-643
-910
-1120
-1278
-1343
-1308
-1256
-1170
-927
-638
-416
-152
163
491
752
878
1001
1129
1200
1148
991
905
805
659
443
262
27
-453
-1207
-2216
-3237
-4119
-4916
-5682
-6410
-6756
-6466
-5727
-4662
-3452
-2091
-548
932
2210
3199
3862
4260
4267
3947
3574
3213
2816
2304
1766
1295
964
775
475
-19
-577
-1101
-1533
-2011
-2446
-2720
-2850
-2695
-2309
-1670
-726
347
1414
2453
3373
4108
4618
4749
4496
3977
3294
2488
1639
830
99
-511
-977
-1221
-1346
-1419
-1441
-1474
-1449
-1415
-1435
-1431
-1395
-1337
-1116
-705
-244
224
675
1103
1480
1780
1964
1969
1893
1756
1506
1239
977
681
398
162
-67
-268
-413
-554
-669
-820
-941
-949
-940
-886
-792
-615
-338
-58
190
432
644
888
1117
1166
1138
1075
921
801
701
491
303
101
-106
-174
-256
-456
-836
-1658
-2680
-3566
-4347
-4978
-5651
-6387
-6620
-6081
-5082
-3844
-2509
-1104
444
1928
3116
3970
4423
4446
4121
3577
2973
2382
1792
1137
533
125
-103
-191
-308
-593
-944
-1233
-1477
-1691
-1916
-2081
-2051
-1768
-1265
-539
404
1384
2321
3154
3876
4475
4715
4499
3967
3212
2301
1379
545
-281
-984
-1400
-1599
-1614
-1491
-1318
-1169
-1009
-914
-858
-777
-745
-707
-590
-387
-45
392
701
960
1274
1486
1610
1660
1541
1302
1051
788
558
372
209
93
-12
-112
-199
-280
-366
-442
-534
-645
-640
-618
-578
-446
-321
-193
47
373
583
804
929
910
983
934
768
790
665
398
267
61
-27
43
-200
-752
-1574
-2610
-3458
-4186
-5027
-5907
-6576
-6763
-6177
-5113
-3894
-2470
-941
581
2071
3270
4022
4362
4277
3908
3320
2649
1957
1339
779
179
-209
-258
-239
-363
-556
-790
-947
-1089
-1366
-1587
-1712
-1656
-1354
-807
-77
796
1769
2630
3352
3979
4369
4381
4027
3357
2477
1522
607
-218
-945
-1498
-1750
-1735
-1583
-1331
-1031
-759
-542
-403
-352
-281
-226
-207
-112
57
289
577
832
1016
1154
1257
1251
1162
1010
805
620
440
272
164
156
90
38
-17
-73
-71
-137
-257
-391
-441
-425
-383
-285
-209
-97
102
310
547
752
811
899
952
867
841
778
595
426
290
70
-24
-66
-445
-1035
-1933
-3168
-4173
-4828
-5476
-6105
-6662
-6836
-5987
-4477
-2998
-1592
-153
1405
2954
3961
4392
4531
4279
3657
2882
2040
1345
765
162
-279
-579
-723
-713
-686
-797
-1077
-1291
-1375
-1449
-1558
-1597
-1353
-753
-17
756
1729
2740
3536
4086
4378
4438
4237
3668
2722
1684
702
-214
-891
-1387
-1727
-1853
-1765
-1468
-1121
-834
-641
-558
-458
-374
-315
-228
-196
-80
202
523
848
1090
1218
1295
1276
1156
1003
815
602
381
209
158
155
120
64
74
62
0
-40
-134
-247
-338
-423
-420
-345
-205
-89
65
397
652
868
1075
1108
1092
1097
1096
1006
691
360
207
172
61
-258
-761
-1502
-2450
-3510
-4539
-5548
-6392
-6831
-7002
-6747
-5942
-4593
-2706
-833
742
2223
3585
4631
5134
4963
4363
3640
2796
1916
1045
300
-208
-517
-701
-852
-902
-852
-839
-1015
-1314
-1592
-1671
-1584
-1508
-1284
-696
201
1214
2178
3039
3851
4417
4562
4366
3909
3202
2221
1114
34
-791
-1324
-1695
-1777
-1613
-1363
-1017
-590
-251
-88
-59
-80
-111
-164
-190
-156
-51
151
380
640
894
993
1000
987
866
673
479
323
242
181
147
176
259
312
261
198
160
27
-172
-345
-492
-549
-523
-483
-307
-44
147
425
695
933
1142
1201
1195
1063
1059
1049
831
633
378
183
-1
-498
-1364
-2486
-3722
-4872
-5720
-6572
-7367
-7546
-7092
-5891
-4338
-2850
-1033
1005
2719
3896
4660
5011
4988
4440
3397
2469
1628
781
139
-309
-524
-625
-640
-584
-518
-541
-708
-912
-1163
-1404
-1524
-1372
-955
-405
310
1264
2422
3400
3952
4240
4332
4130
3463
2471
1451
385
-626
-1375
-1774
-1847
-1760
-1511
-1048
-465
6
302
459
423
286
147
29
-10
-98
-138
81
380
587
691
792
890
833
602
389
273
158
36
-8
79
198
287
351
392
413
317
141
-79
-311
-411
-446
-465
-419
-338
-163
118
478
716
915
1110
1208
1246
1105
979
813
606
510
120
-325
-705
-1584
-2538
-3609
-4784
-5685
-6424
-6919
-7086
-6671
-5760
-4418
-2689
-943
852
2402
3526
4494
4834
4636
4146
3262
2408
1495
550
-50
-440
-628
-772
-839
-623
-487
-474
-521
-673
-732
-846
-972
-781
-398
137
835
1620
2563
3322
3866
4164
4062
3718
2955
2004
1015
-68
-953
-1629
-1967
-1976
-1837
-1442
-938
-401
74
393
616
554
378
280
150
57
27
76
300
576
725
796
853
887
775
584
390
175
84
6
-16
111
195
294
364
375
418
336
175
16
-148
-227
-306
-365
-372
-272
-6
152
422
735
898
1097
1149
1167
1213
1056
839
720
459
-10
-606
-1397
-2427
-3695
-4968
-5863
-6417
-6930
-7242
-6972
-5927
-4475
-3050
-1543
256
2019
3303
4093
4430
4558
4283
3510
2599
1657
813
126
-346
-625
-835
-984
-925
-723
-654
-714
-815
-827
-777
-747
-601
-157
524
1163
1896
2796
3600
4131
4239
4075
3792
3122
2117
1047
42
-862
-1656
-2093
-2100
-1951
-1667
-1217
-673
-129
230
416
517
565
455
259
235
302
350
482
686
881
999
953
839
755
600
305
27
-101
-106
-118
-110
-17
164
296
304
316
318
245
102
-57
-132
-180
-229
-213
-107
83
258
495
763
1018
1094
1175
1357
1239
1099
894
598
266
-291
-1004
-2021
-3282
-4595
-5632
-6292
-6997
-7386
-7251
-6612
-5214
-3665
-2067
-324
1315
2837
3930
4513
4621
4378
3856
2997
2058
1138
364
-136
-554
-848
-986
-1078
-1064
-979
-1022
-1131
-1228
-1222
-1110
-929
-465
119
819
1671
2543
3477
4171
4492
4533
4211
3630
2792
1729
621
-412
-1209
-1771
-2037
-2014
-1839
-1485
-999
-540
-148
116
257
345
381
379
387
440
551
738
931
1100
1174
1149
1069
923
804
570
288
121
32
85
111
116
175
192
222
209
80
-74
-212
-340
-424
-419
-324
-237
-99
135
398
619
800
1045
1148
1253
1336
1281
1243
1088
774
328
-311
-1264
-2352
-3679
-5004
-6049
-6855
-7304
-7448
-7169
-6387
-4948
-3076
-1333
258
1690
2917
3995
4367
4243
3915
3312
2684
1754
920
416
28
-160
-412
-634
-751
-867
-890
-1018
-1304
-1550
-1581
-1404
-1034
-575
27
891
1876
2783
3462
4080
4368
4181
3704
2992
2212
1272
251
-564
-1105
-1420
-1518
-1438
-1168
-801
-549
-324
-77
38
31
-24
-50
24
188
389
557
879
1175
1295
1405
1306
1136
952
676
484
272
150
169
231
369
414
434
524
550
455
248
40
-122
-292
-407
-407
-357
-225
-138
9
366
627
840
980
1032
1147
1157
1004
770
501
102
-536
-1413
-2545
-3735
-4892
-5870
-6426
-6750
-6945
-6662
-5683
-4240
-2638
-1234
139
1638
2790
3492
3650
3471
3287
2728
2025
1379
758
443
201
9
-135
-355
-437
-497
-591
-815
-1194
-1404
-1413
-1310
-982
-457
200
1023
1803
2614
3361
3799
3942
3666
3209
2617
1810
961
140
-485
-837
-1060
-1189
-1074
-859
-598
-307
-137
-76
-83
-30
-41
-51
58
123
341
567
749
1052
1137
1160
1124
918
801
619
419
318
279
409
490
528
604
605
666
564
330
183
-22
-96
-154
-222
-116
0
192
369
554
714
840
972
1004
1092
1054
917
686
350
11
-610
-1376
-2414
-3871
-5085
-5962
-6502
-6817
-7128
-6863
-5923
-4376
-2680
-1258
226
1672
2852
3489
3524
3383
3119
2589
1897
1114
523
332
216
140
47
-150
-222
-322
-419
-654
-1074
-1327
-1459
-1297
-911
-450
269
1105
1957
2767
3383
3821
3864
3544
3038
2326
1557
712
-132
-696
-970
-1030
-953
-883
-690
-456
-247
-129
-242
-341
-395
-321
-210
-121
121
354
711
1089
1297
1477
1414
1254
1135
874
633
381
220
220
251
359
409
482
603
632
582
415
180
10
-92
-197
-224
-197
-68
149
406
723
897
1094
1283
1379
1457
1380
1187
875
523
62
-526
-1363
-2492
-3732
-4995
-6034
-6806
-7213
-7332
-7185
-6400
-5073
-3370
-1652
-274
1156
2446
3288
3619
3400
3154
2804
2252
1616
953
700
600
457
332
83
-104
-260
-532
-750
-1050
-1430
-1519
-1418
-1053
-475
151
997
1854
2638
3274
3627
3713
3449
2992
2426
1717
1001
333
-227
-569
-708
-729
-762
-756
-612
-557
-547
-589
-733
-736
-621
-407
-170
116
480
771
1123
1360
1414
1433
1265
1120
1000
784
591
469
487
571
620
628
601
613
565
390
235
58
-144
-271
-266
-222
-202
-104
31
228
486
679
874
1165
1318
1417
1480
1385
1347
931
389
-134
-1069
-2166
-3714
-5245
-6192
-6905
-7247
-7540
-7368
-6246
-4803
-3024
-1559
-294
1273
2286
2861
2943
2657
2572
2203
1725
1333
935
936
1005
938
850
526
163
-200
-646
-976
-1410
-1748
-1714
-1518
-889
-140
605
1527
2266
2894
3370
3487
3374
2972
2448
1939
1385
944
459
84
-34
-87
-88
-192
-413
-563
-705
-782
-926
-1120
-1045
-827
-468
-109
167
512
835
1111
1264
1204
1136
1004
812
732
667
607
624
770
916
949
931
848
722
693
601
417
220
-9
-124
-151
-191
-196
-236
-152
70
282
538
570
860
1214
1319
1519
1321
1196
993
382
-197
-1306
-2527
-4020
-5625
-6360
-7038
-7290
-7266
-7023
-5631
-4155
-2521
-953
119
1425
2156
2341
2372
2097
2030
1852
1456
1278
1221
1343
1504
1369
1167
685
32
-477
-1074
-1409
-1751
-1979
-1664
-1161
-366
488
1198
1957
2464
2781
2950
2813
2610
2243
1828
1559
1321
1119
891
716
651
548
320
-86
-517
-803
-1000
-1132
-1246
-1236
-976
-549
-113
221
530
708
867
1025
972
885
748
712
762
707
724
746
807
924
934
946
927
854
818
747
662
552
343
130
-20
-98
-135
-283
-259
-107
104
395
451
692
1005
1263
1448
1201
1105
941
568
129
-1007
-2152
-3458
-5021
-6000
-6777
-7046
-7049
-6934
-5907
-4523
-2898
-1410
-450
697
1483
1732
1770
1585
1670
1654
1375
1339
1436
1694
1857
1661
1423
909
215
-453
-1082
-1289
-1486
-1651
-1388
-844
-27
657
1126
1688
2103
2260
2224
2150
2136
1997
1774
1709
1766
1734
1496
1174
911
665
282
-273
-748
-978
-1043
-1019
-986
-836
-576
-312
-12
165
305
385
403
561
666
705
737
741
799
837
817
722
637
671
705
738
783
800
899
1004
982
870
647
370
124
-120
-234
-336
-329
-176
100
478
594
819
1085
1233
1353
1147
1022
786
416
68
-677
-1429
-2772
-4403
-5497
-6287
-6544
-6855
-6940
-6199
-4988
-3382
-2087
-978
214
973
1326
1259
1289
1452
1416
1449
1517
1667
1933
2028
1948
1715
1082
228
-591
-1133
-1317
-1506
-1521
-1222
-677
4
547
1133
1607
1702
1691
1687
1799
1913
1872
1904
2046
2207
2171
1891
1552
1148
697
128
-629
-1063
-1172
-1249
-1103
-967
-756
-428
-287
-119
78
239
280
252
470
698
888
1037
1031
1108
1078
832
616
457
449
522
582
755
943
1072
1130
1073
943
678
204
-194
-471
-540
-405
-357
-126
322
796
1088
1138
1154
1317
1273
1098
939
536
494
364
-199
-923
-2496
-4086
-5365
-6378
-6632
-7108
-7117
-6479
-5437
-3568
-2247
-1076
110
680
1219
1052
806
1130
1253
1532
1678
1822
2319
2485
2379
2005
1217
350
-669
-1375
-1464
-1472
-1283
-1061
-595
168
665
1065
1192
1185
1221
1177
1345
1633
1934
2240
2439
2688
2756
2396
1740
1005
397
-131
-666
-1155
-1238
-1103
-993
-699
-572
-543
-532
-651
-558
-463
-350
-76
259
804
1240
1459
1518
1294
1184
928
613
495
367
588
937
1246
1575
1660
1539
1269
888
449
-71
-497
-718
-729
-494
-197
29
465
675
948
1088
776
863
675
720
839
607
863
686
381
-384
-2267
-3651
-5181
-6336
-6806
-7454
-7031
-6411
-5257
-3480
-2316
-939
-239
-51
364
207
344
597
921
1717
2076
2443
2921
3022
2851
2072
984
71
-886
-1351
-1386
-1141
-571
-273
117
519
707
785
545
331
326
479
943
1519
2194
2792
3108
3222
3017
2478
1628
675
-1
-459
-682
-710
-617
-369
-256
-130
-164
-536
-866
-1211
-1232
-1023
-813
-272
232
880
1367
1363
1263
889
550
270
48
114
348
849
1403
1855
2108
1970
1687
1230
674
153
-348
-595
-559
-271
54
374
554
619
592
365
176
64
77
288
493
768
1084
1264
1383
1016
-40
-1827
-3928
-5572
-6395
-6693
-6789
-6610
-5989
-4722
-3312
-2276
-1495
-1061
-820
-823
-965
-503
324
1310
2153
2675
3244
3445
3245
2744
1827
847
-175
-916
-994
-669
-120
326
489
602
483
134
-153
-400
-519
-392
114
1054
2067
2866
3272
3316
3116
2581
1736
882
214
-55
-4
115
357
441
388
228
-99
-580
-1255
-1700
-1742
-1473
-897
-312
267
833
1118
1180
974
568
100
-280
-354
-89
368
900
1461
1903
2139
2009
1553
1026
555
185
-101
-185
-52
183
495
623
629
513
253
20
-320
-421
-212
137
643
945
1295
1467
1425
1226
475
-445
-2054
-3893
-5234
-5997
-5753
-5620
-5648
-5267
-4786
-3789
-3131
-2821
-2241
-1987
-1619
-1259
-648
572
1582
2395
2821
2945
2990
2661
2249
1746
1074
449
52
171
652
882
855
666
248
-205
-722
-902
-786
-541
-49
507
1414
2251
2642
2793
2618
2355
1928
1347
1018
891
868
799
842
905
711
416
-47
-486
-908
-1390
-1562
-1383
-901
-444
-158
215
454
492
388
214
133
-46
-76
198
553
1004
1325
1525
1684
1673
1460
1126
933
829
643
503
466
455
463
431
337
165
-128
-310
-414
-398
-214
-73
269
682
797
1000
836
721
887
327
-371
-1871
-3677
-4524
-5148
-5045
-5028
-5412
-5089
-4836
-4115
-3412
-3239
-2541
-2287
-2075
-1600
-1081
209
1195
1760
2270
2346
2533
2528
2279
2071
1556
1052
824
923
1290
1335
1080
825
334
-142
-533
-689
-514
-343
31
612
1339
1915
2083
2079
1947
1812
1546
1222
1194
1214
1187
1142
1118
1155
945
436
16
-313
-645
-987
-1135
-849
-520
-307
-158
-81
25
27
-41
-24
-41
-99
-36
258
653
947
1086
1216
1374
1393
1342
1190
1046
983
806
711
706
662
554
396
223
120
-54
-248
-286
-327
-246
-85
204
445
485
622
561
571
590
176
-244
-1334
-2700
-3734
-4430
-4304
-4540
-4927
-4838
-4731
-4116
-3802
-3643
-3046
-2834
-2513
-2142
-1576
-404
470
1080
1591
1805
2038
2153
2171
2139
1812
1534
1447
1591
1870
1826
1572
1172
617
106
-350
-474
-361
-271
-11
432
1027
1403
1460
1401
1300
1287
1132
1030
1178
1200
1185
1161
1127
1187
936
573
423
219
23
-217
-367
-178
-111
-66
-54
-206
-157
-204
-227
-112
-157
-169
-96
62
304
496
624
842
1054
1161
1244
1239
1226
1173
1072
1038
918
835
686
519
480
307
119
-37
-140
-202
-239
-259
-98
117
141
205
290
281
290
106
-337
-1310
-2758
-3671
-4021
-3829
-3720
-4174
-4213
-4034
-3862
-3559
-3482
-3162
-2909
-2963
-2573
-1836
-738
242
678
1029
1148
1281
1576
1748
1859
1604
1376
1563
1957
2294
2171
1820
1420
894
397
106
99
187
174
297
627
978
1078
867
763
760
734
710
791
940
964
972
1072
1165
1048
789
637
552
358
167
135
220
229
123
40
7
-37
-180
-255
-157
-154
-212
-134
70
282
354
459
711
875
908
993
1128
1200
1141
1069
1057
1019
928
844
818
766
613
420
270
91
-35
-144
-274
-161
-123
-116
-19
-91
-13
-26
-207
-530
-1459
-2377
-2923
-3165
-3025
-3213
-3438
-3504
-3763
-3666
-3490
-3194
-2957
-3261
-3235
-2790
-2024
-1141
-675
-334
-133
35
399
846
1258
1291
1132
1244
1615
2039
2173
2136
2095
1838
1522
1255
1115
1087
915
881
1077
1165
1149
987
888
873
698
552
462
556
591
485
539
551
563
479
453
534
453
372
289
330
408
332
344
322
252
252
94
87
114
3
28
13
70
190
216
345
487
549
623
661
734
759
709
689
682
679
618
586
556
443
350
193
-9
-119
-227
-293
-323
-323
-310
-326
-320
-341
-326
-300
-387
-517
-773
-1161
-1500
-1592
-1493
-1396
-1486
-1787
-2049
-2197
-2114
-1837
-1740
-1928
-2215
-2317
-2016
-1608
-1351
-1273
-1410
-1410
-1088
-651
-281
-229
-484
-535
-198
243
576
690
749
818
890
1047
1135
1149
1137
1108
1206
1363
1408
1413
1394
1353
1318
1218
1087
936
795
750
828
917
922
838
760
794
825
755
648
544
478
528
605
671
691
564
407
362
378
361
317
297
324
378
405
418
423
340
240
226
268
269
232
293
356
413
454
401
364
303
234
224
165
92
53
-15
-26
-36
-109
-153
-156
-166
-161
-105
-64
-213
-696
-1145
-1344
-1298
-1128
-1382
-1936
-2339
-2518
-2319
-2061
-2182
-2569
-3032
-3125
-2688
-2202
-1979
-2136
-2401
-2214
-1632
-1045
-725
-837
-1011
-798
-299
263
615
629
666
850
1063
1326
1432
1450
1544
1583
1696
1833
1815
1793
1783
1793
1870
1741
1477
1360
1322
1377
1414
1218
1020
928
924
1042
1051
890
715
587
569
645
676
633
498
386
356
356
352
273
180
97
57
90
119
128
36
-88
-87
-68
-59
-18
-3
43
131
150
185
276
334
351
348
346
331
340
335
340
353
279
206
128
17
-33
-128
-231
-262
-519
-998
-1385
-1570
-1444
-1331
-1676
-2177
-2511
-2508
-2130
-1982
-2276
-2664
-3042
-2966
-2380
-1919
-1833
-2107
-2330
-2062
-1503
-1001
-789
-926
-1030
-772
-245
261
514
555
607
810
1094
1300
1401
1485
1530
1620
1780
1809
1783
1797
1829
1889
1887
1753
1561
1468
1519
1586
1512
1299
1063
928
943
1021
958
770
606
483
489
547
525
417
212
86
152
234
248
201
142
127
158
193
243
295
270
191
158
187
199
201
197
183
217
238
219
243
270
302
303
257
247
257
287
305
265
210
111
27
-10
-89
-181
-271
-424
-773
-1241
-1453
-1422
-1285
-1353
-1926
-2433
-2516
-2280
-1910
-1939
-2366
-2683
-2831
-2547
-1959
-1787
-1928
-2179
-2224
-1712
-1121
-875
-891
-1067
-1038
-583
-122
183
326
304
424
696
936
1078
1118
1189
1362
1499
1558
1547
1491
1540
1636
1742
1776
1623
1458
1441
1565
1650
1547
1322
1138
1095
1174
1209
1057
836
686
635
697
771
701
540
408
341
330
360
349
276
223
221
217
226
268
295
281
212
167
187
223
204
184
169
100
104
103
95
144
128
100
94
70
86
126
123
81
46
-11
-66
-59
-96
-150
-240
-429
-560
-744
-1015
-1190
-1334
-1458
-1629
-1912
-2063
-2088
-2083
-2019
-2121
-2238
-2248
-2275
-2137
-1962
-1940
-1933
-1887
-1760
-1457
-1204
-1048
-888
-801
-612
-285
-27
159
249
296
503
733
892
968
978
1061
1176
1232
1269
1319
1359
1405
1452
1471
1503
1483
1394
1394
1415
1428
1441
1335
1210
1183
1154
1103
1056
953
850
755
667
638
578
534
483
403
390
329
252
261
278
272
261
234
254
283
257
239
211
205
211
219
226
188
214
230
156
144
130
89
80
26
3
30
36
49
50
13
-21
-43
-99
-171
-225
-283
-319
-337
-530
-1010
-1357
-1289
-1036
-1034
-1608
-2205
-2290
-1976
-1492
-1410
-1912
-2355
-2496
-2204
-1521
-1325
-1743
-2162
-2293
-1813
-1097
-844
-941
-1178
-1202
-697
-118
163
182
40
159
599
915
1005
934
915
1119
1292
1349
1322
1233
1257
1398
1531
1560
1426
1256
1290
1444
1474
1356
1149
1054
1152
1201
1148
1003
816
799
809
771
766
608
456
475
481
460
416
287
265
326
297
298
251
189
280
343
315
252
185
220
249
251
292
237
127
79
98
189
193
40
-70
-68
-14
63
50
19
9
-50
-36
-77
-186
-228
-236
-250
-293
-430
-747
-1024
-1125
-1110
-1091
-1339
-1730
-1926
-1958
-1807
-1666
-1792
-1946
-2092
-2112
-1847
-1657
-1665
-1744
-1808
-1669
-1388
-1147
-959
-952
-962
-756
-463
-172
14
82
220
428
574
727
845
870
950
1046
1126
1204
1209
1222
1273
1334
1348
1339
1325
1263
1260
1250
1211
1204
1164
1152
1133
1073
1050
1013
941
894
800
713
687
617
561
520
471
439
424
401
393
397
360
292
274
307
297
275
225
160
147
142
156
212
236
177
109
60
63
102
72
-10
-56
-40
2
33
39
16
-32
-67
-96
-148
-214
-233
-222
-250
-425
-733
-928
-1014
-1019
-1054
-1318
-1607
-1745
-1789
-1680
-1601
-1730
-1864
-1994
-1959
-1701
-1586
-1628
-1683
-1707
-1522
-1244
-1062
-959
-943
-902
-732
-472
-245
-89
15
165
344
481
628
741
797
864
945
1026
1080
1122
1148
1191
1272
1299
1266
1232
1234
1249
1248
1183
1100
1095
1145
1170
1125
978
862
819
797
826
788
650
531
502
531
552
492
345
239
237
313
388
365
332
292
229
273
304
264
228
156
168
229
199
150
115
80
86
84
-16
-110
-96
-57
-56
-65
-134
-180
-161
-155
-128
-143
-221
-227
-223
-320
-467
-648
-773
-814
-863
-956
-1168
-1405
-1519
-1527
-1473
-1476
-1655
-1811
-1794
-1683
-1561
-1544
-1588
-1631
-1561
-1331
-1109
-975
-943
-944
-820
-562
-322
-171
-52
51
144
341
514
569
661
712
756
884
969
999
1010
1024
1088
1148
1155
1095
1080
1159
1166
1080
1023
1012
1009
1034
1025
946
878
784
763
833
808
708
612
531
505
553
543
464
379
313
333
371
347
331
336
302
272
297
311
286
242
200
189
167
128
98
87
104
84
7
-78
-106
-89
-83
-122
-173
-200
-186
-188
-219
-240
-294
-328
-331
-349
-431
-589
-719
-781
-822
-857
-939
-1117
-1236
-1275
-1298
-1301
-1368
-1484
-1538
-1507
-1432
-1379
-1367
-1365
-1363
-1300
-1157
-1015
-879
-821
-765
-636
-501
-347
-185
-34
79
175
273
386
480
550
638
740
796
822
839
853
910
987
1001
1011
1041
1008
995
997
979
996
1031
1022
987
936
898
899
905
870
775
690
623
587
608
557
472
437
396
381
362
360
374
345
322
322
313
307
305
286
267
238
192
169
150
119
125
133
80
22
17
-11
-70
-126
-198
-223
-219
-253
-247
-245
-321
-359
-381
-379
-347
-425
-543
-613
-687
-729
-762
-866
-998
-1093
-1138
-1128
-1129
-1165
-1242
-1374
-1372
-1300
-1297
-1251
-1264
-1305
-1211
-1125
-1051
-917
-871
-830
-668
-516
-380
-251
-199
-104
77
206
285
390
453
513
636
704
718
718
735
793
847
907
927
893
882
902
918
920
907
907
927
953
950
913
876
845
870
903
842
759
714
683
673
652
613
551
477
445
407
369
364
348
325
315
289
264
274
270
216
194
182
149
125
95
53
56
26
-50
-53
-91
-143
-163
-213
-257
-326
-371
-370
-396
-417
-453
-478
-481
-528
-608
-665
-708
-750
-799
-865
-925
-984
-1018
-1035
-1044
-1037
-1073
-1137
-1160
-1142
-1108
-1095
-1112
-1114
-1054
-955
-889
-834
-766
-715
-650
-523
-376
-256
-176
-104
-9
83
174
255
324
403
468
533
586
616
643
668
702
710
715
717
717
759
772
794
855
855
846
899
939
952
938
885
888
918
893
877
867
811
761
754
719
676
656
570
519
516
442
397
371
318
279
258
231
165
137
146
104
69
57
12
-16
-44
-82
-79
-127
-181
-154
-162
-210
-246
-320
-382
-417
-442
-455
-468
-507
-576
-601
-629
-691
-724
-747
-782
-840
-886
-877
-867
-874
-893
-931
-945
-951
-974
-924
-860
-882
-909
-895
-838
-807
-802
-755
-704
-667
-590
-500
-419
-336
-265
-194
-87
31
113
156
183
251
332
395
443
480
523
571
595
603
624
622
637
692
698
711
735
731
802
856
812
808
810
809
889
943
921
873
823
820
844
788
734
695
622
600
570
515
485
414
344
379
384
309
253
206
163
109
64
60
51
-16
-96
-70
-44
-104
-161
-199
-219
-223
-231
-262
-302
-348
-389
-410
-424
-420
-431
-486
-540
-567
-585
-595
-621
-667
-686
-734
-784
-758
-732
-746
-797
-865
-870
-822
-818
-827
-836
-852
-832
-777
-717
-691
-693
-691
-664
-608
-540
-449
-382
-353
-271
-162
-99
-41
30
125
193
219
281
350
405
446
463
483
524
570
590
598
624
627
621
623
637
678
715
721
696
736
807
795
788
828
845
837
841
832
830
832
769
749
754
656
563
513
471
484
451
363
321
241
142
108
89
46
8
-37
-80
-104
-133
-180
-188
-190
-222
-249
-262
-247
-257
-310
-368
-390
-382
-396
-429
-454
-463
-506
-551
-559
-534
-541
-586
-623
-683
-695
-679
-640
-608
-653
-695
-707
-709
-686
-666
-651
-630
-644
-641
-588
-553
-530
-515
-537
-511
-426
-353
-312
-311
-280
-229
-170
-107
-48
29
38
46
113
194
271
326
342
370
428
458
471
504
533
546
576
586
615
662
639
617
644
655
657
697
719
702
689
705
753
762
749
756
741
715
685
663
638
602
569
514
444
389
360
285
183
135
102
62
33
-14
-69
-102
-134
-193
-231
-250
-274
-281
-267
-271
-294
-314
-345
-357
-360
-384
-408
-440
-456
-436
-458
-503
-502
-533
-558
-555
-580
-596
-594
-595
-614
-625
-617
-632
-640
-614
-614
-599
-556
-545
-530
-494
-473
-468
-459
-417
-380
-362
-353
-346
-302
-250
-240
-224
-176
-128
-68
-37
15
93
110
148
215
274
363
391
412
472
516
561
576
595
620
641
652
677
710
723
720
676
679
710
724
735
727
717
699
689
690
681
647
604
585
597
567
501
464
399
347
303
242
195
142
58
-28
-40
-76
-168
-169
-174
-266
-334
-349
-355
-345
-379
-408
-401
-433
-446
-427
-415
-422
-451
-467
-448
-432
-433
-437
-451
-454
-468
-485
-476
-486
-475
-480
-489
-467
-452
-447
-468
-492
-454
-448
-475
-440
-431
-391
-338
-350
-325
-294
-299
-271
-269
-280
-250
-247
-243
-195
-166
-154
-89
-24
17
51
80
128
172
217
274
309
363
407
421
466
532
591
587
580
604
607
645
681
696
691
658
642
651
621
597
632
630
604
598
585
555
534
492
449
463
429
372
360
324
245
190
163
95
33
24
-26
-71
-91
-156
-186
-204
-241
-271
-291
-288
-319
-376
-388
-377
-391
-384
-368
-382
-408
-402
-415
-417
-395
-399
-380
-391
-420
-422
-445
-488
-484
-490
-505
-471
-448
-450
-439
-437
-442
-451
-443
-418
-417
-402
-367
-337
-306
-272
-239
-216
-204
-200
-200
-168
-147
-156
-135
-72
-29
-6
24
63
114
110
130
224
267
288
320
350
397
435
493
549
553
569
605
609
625
636
625
636
619
607
619
616
579
551
561
554
508
477
465
433
426
401
355
348
344
312
255
218
182
123
108
61
-16
-33
-70
-127
-163
-206
-210
-215
-269
-310
-325
-336
-334
-346
-366
-351
-340
-375
-427
-421
-401
-402
-400
-397
-384
-375
-364
-388
-405
-382
-380
-390
-420
-460
-441
-365
-332
-351
-372
-350
-321
-325
-318
-318
-317
-304
-293
-247
-208
-182
-143
-137
-129
-113
-117
-100
-95
-80
-30
-7
7
71
89
60
91
106
120
187
228
240
256
269
308
379
424
419
449
499
494
495
522
548
557
545
550
552
532
520
493
461
466
462
419
418
416
363
311
289
279
270
259
213
195
185
150
128
97
64
54
21
-23
-67
-123
-166
-174
-185
-230
-268
-295
-321
-322
-316
-345
-345
-334
-354
-330
-333
-375
-368
-368
-352
-318
-323
-323
-312
-313
-331
-339
-328
-335
-344
-344
-334
-294
-278
-282
-294
-307
-300
-302
-300
-273
-243
-237
-233
-195
-176
-181
-152
-155
-128
-90
-108
-101
-68
-44
-23
1
6
43
67
62
91
134
177
201
215
241
253
256
280
321
350
374
397
424
436
447
459
462
503
507
492
525
499
452
471
487
469
435
407
403
387
333
294
275
250
212
188
197
158
139
126
69
35
19
-21
-67
-65
-83
-116
-158
-207
-235
-240
-259
-295
-321
-308
-283
-298
-310
-324
-328
-335
-334
-350
-354
-307
-304
-326
-318
-308
-294
-297
-306
-277
-267
-280
-281
-268
-225
-220
-215
-199
-203
-197
-213
-228
-220
-214
-202
-194
-183
-178
-174
-140
-141
-136
-83
-83
-96
-70
-46
-32
-16
10
35
34
62
94
105
127
149
180
180
192
203
198
232
264
291
318
337
333
343
367
380
372
381
382
391
406
398
409
393
392
421
380
359
365
328
314
303
275
253
240
228
183
138
148
119
79
69
48
19
-41
-71
-91
-128
-138
-168
-214
-229
-252
-250
-241
-253
-263
-285
-286
-259
-270
-292
-287
-281
-289
-300
-298
-282
-260
-256
-264
-275
-259
-241
-255
-247
-224
-223
-223
-192
-185
-209
-216
-210
-198
-198
-168
-152
-143
-123
-149
-152
-122
-121
-121
-88
-80
-83
-78
-62
-36
-36
-26
-4
12
21
19
33
68
97
120
145
151
158
174
189
204
235
248
246
280
302
326
337
314
346
343
313
349
335
328
346
311
297
308
277
239
256
250
218
225
225
221
215
198
185
173
134
85
88
112
85
29
13
2
-37
-57
-59
-77
-129
-157
-151
-168
-197
-199
-210
-213
-219
-261
-258
-252
-249
-225
-235
-252
-230
-235
-269
-259
-221
-231
-247
-229
-220
-205
-191
-207
-202
-171
-178
-183
-156
-159
-162
-164
-184
-149
-118
-124
-111
-94
-104
-121
-115
-102
-76
-60
-42
-9
-5
-12
-15
-7
16
16
24
57
90
109
107
100
90
94
131
143
149
169
166
194
203
187
200
205
211
215
231
251
244
256
254
223
235
237
212
219
219
190
184
183
156
131
134
143
134
127
98
87
101
103
86
62
64
77
57
25
19
5
-2
-4
-30
-45
-64
-92
-87
-80
-121
-164
-172
-166
-166
-169
-163
-171
-198
-219
-210
-185
-189
-211
-213
-183
-157
-162
-150
-132
-141
-145
-142
-143
-140
-117
-93
-109
-135
-139
-116
-118
-113
-80
-89
-101
-105
-129
-124
-100
-85
-70
-64
-48
-43
-41
-31
-23
23
32
25
74
78
44
55
68
86
95
85
104
110
111
122
135
130
123
134
124
140
160
154
156
167
170
168
166
145
155
155
138
170
167
124
119
130
134
135
113
80
70
77
80
84
80
66
51
40
30
30
32
8
5
11
-19
-25
-28
-36
-13
-31
-67
-54
-41
-51
-72
-78
-72
-79
-108
-118
-115
-152
-158
-145
-166
-156
-123
-130
-131
-119
-135
-141
-138
-124
-111
-106
-94
-91
-94
-96
-92
-81
-65
-77
-82
-76
-74
-57
-50
-64
-56
-53
-69
-58
-64
-62
-39
-36
-16
12
10
14
10
34
69
78
109
101
89
109
108
137
141
118
134
125
118
130
113
108
126
117
111
106
77
65
71
84
83
72
81
74
44
22
19
47
47
40
47
23
39
42
10
15
16
1
-7
-19
-11
-4
9
21
0
-25
-44
-34
-50
-64
-41
-46
-55
-33
-31
-58
-50
-42
-63
-56
-66
-65
-44
-49
-34
-36
-61
-54
-52
-55
-36
-34
-23
-27
-36
-25
-43
-47
-36
-32
-30
-40
-52
-40
-44
-48
-21
-14
-6
-7
-21
-25
-39
-34
-17
-19
-23
-11
8
1
-14
-25
-29
-5
25
21
15
36
30
25
48
36
55
75
49
67
71
69
77
79
91
91
88
79
58
66
59
36
55
48
36
36
21
19
3
-11
3
0
-4
2
-9
-9
7
-3
-24
-12
-21
-36
-29
-44
-39
-5
-22
-18
-7
-31
-12
-21
-30
-17
-50
-51
-42
-60
-37
-34
-33
-19
-32
-38
-56
-57
-31
-10
1
-16
-34
-11
-1
-14
15
23
19
21
-19
-8
16
18
48
37
13
-3
1
12
11
1
-2
6
-2
5
-2
-1
-5
-48
-45
-23
-22
-16
-19
-16
0
-3
-2
7
5
24
33
15
45
39
13
21
36
55
54
49
51
53
47
39
50
69
53
29
40
53
45
33
11
4
11
11
8
-1
-11
-16
-25
-43
-29
-15
-12
7
-15
-38
-20
-36
-40
-23
-18
-23
-30
-36
-38
-35
-57
-54
-48
-60
-53
-58
-49
-20
-27
-39
-40
-56
-33
-29
-48
-38
-35
-39
-36
-19
-3
5
8
0
4
22
17
16
27
21
31
27
26
46
50
35
34
21
29
41
13
33
37
20
14
9
28
26
6
6
4
2
19
29
26
17
0
5
13
3
15
29
17
27
18
15
29
15
14
34
30
7
22
24
34
59
48
41
54
40
35
39
12
6
6
5
0
-29
-33
-22
-35
-35
-40
-56
-48
-44
-46
-47
-51
-38
-50
-83
-63
-70
-66
-26
-32
-14
-17
-28
-20
-35
-43
-28
-31
-31
-14
-23
-14
-10
-28
-35
-30
-10
-11
-11
-7
3
15
-8
-20
7
20
14
8
13
22
19
16
20
37
22
10
20
24
23
29
27
11
17
21
12
15
18
22
21
16
23
19
12
17
16
9
14
40
29
36
63
55
43
24
17
20
35
47
55
45
17
15
11
6
16
20
16
26
22
13
26
22
12
3
-17
-13
-3
-30
-30
-19
-40
-41
-32
-49
-51
-51
-63
-60
-52
-46
-58
-56
-37
-45
-52
-47
-41
-43
-24
-3
-19
-36
-30
-26
-23
-23
-14
-8
-4
-19
-21
-4
-17
-4
-9
-30
-26
-4
23
14
-5
-11
-9
3
13
23
30
31
34
43
39
18
26
46
33
29
44
36
37
52
39
49
36
9
18
-5
-15
-4
0
-4
-15
-15
0
5
6
13
10
8
9
20
39
50
35
22
30
35
26
41
62
54
44
19
5
-8
5
31
0
-15
-7
-6
3
-5
-12
-13
-16
-10
-23
-30
-15
-10
-18
-31
-47
-59
-62
-38
-23
-33
-35
-49
-65
-58
-56
-67
-72
-64
-45
-37
-27
-33
-39
-22
-22
-9
7
-12
-14
2
12
28
27
26
23
21
44
19
-3
5
-15
-9
2
-16
-26
-15
-8
-3
6
2
16
17
18
15
23
34
36
34
29
46
59
63
47
25
28
