-15
-15
-13
-12
-11
-9
-8
-6
-2
0
0
3
7
9
12
14
17
17
20
22
25
29
31
31
33
36
38
39
41
43
44
43
44
47
48
48
46
45
46
46
45
44
41
37
36
33
30
27
24
23
17
12
10
9
3
-5
-5
-10
-14
-16
-22
-28
-31
-35
-37
-43
-50
-54
-55
-56
-59
-60
-60
-61
-69
-72
-70
-71
-73
-75
-74
-71
-73
-75
-72
-75
-82
-80
-72
-70
-70
-70
-79
-93
-106
-107
-102
-104
-122
-138
-146
-147
-141
-136
-134
-134
-140
-139
-124
-104
-92
-85
-79
-70
-51
-20
1
19
30
36
65
91
108
130
137
141
160
175
186
192
187
186
189
193
199
199
188
175
169
175
178
170
159
151
146
148
147
151
139
118
112
112
114
112
105
94
96
93
86
86
81
68
67
64
63
64
54
43
39
33
25
27
23
17
8
-5
-12
-19
-31
-36
-44
-50
-56
-68
-74
-82
-103
-113
-111
-121
-130
-132
-136
-142
-151
-154
-150
-150
-151
-145
-135
-129
-136
-133
-119
-111
-103
-99
-99
-89
-78
-80
-78
-79
-103
-129
-135
-125
-123
-142
-172
-190
-191
-187
-192
-195
-207
-221
-218
-196
-164
-150
-167
-169
-145
-109
-63
-32
-21
-17
-4
32
84
114
126
134
146
172
200
228
241
237
226
225
246
272
270
254
238
238
248
253
247
238
227
214
212
215
214
202
184
174
170
166
159
149
136
124
115
107
102
94
74
61
64
60
39
25
18
14
1
-12
-8
-6
-20
-32
-40
-45
-45
-50
-62
-69
-68
-66
-66
-73
-88
-89
-89
-103
-110
-111
-109
-108
-114
-126
-128
-122
-121
-122
-122
-129
-137
-134
-124
-119
-119
-130
-139
-131
-124
-124
-124
-137
-175
-205
-200
-172
-166
-205
-250
-267
-246
-222
-227
-243
-265
-285
-270
-223
-183
-171
-193
-205
-175
-112
-48
-22
-29
-31
-5
54
109
148
157
142
159
201
236
265
269
252
253
267
293
312
302
282
264
263
282
293
285
262
242
233
227
227
223
215
207
193
178
170
160
150
140
127
124
114
98
90
80
69
55
39
25
25
24
16
-3
-12
-11
-24
-26
-23
-30
-34
-41
-46
-44
-45
-49
-48
-49
-53
-53
-58
-67
-71
-82
-84
-86
-95
-99
-99
-103
-103
-95
-100
-113
-112
-112
-100
-81
-78
-91
-108
-110
-97
-87
-82
-91
-131
-189
-215
-203
-180
-191
-261
-334
-355
-329
-294
-297
-344
-390
-409
-386
-323
-265
-261
-297
-314
-257
-154
-82
-62
-69
-66
-25
53
136
180
179
161
180
232
288
322
311
287
289
310
334
351
338
314
296
300
324
337
319
294
269
262
273
280
270
245
221
205
202
201
183
157
136
121
107
95
88
72
48
28
18
16
4
-9
-15
-20
-27
-30
-29
-24
-29
-44
-39
-29
-32
-37
-37
-35
-38
-49
-45
-26
-25
-49
-65
-67
-67
-70
-68
-62
-65
-76
-80
-72
-64
-62
-71
-78
-76
-69
-57
-52
-69
-97
-106
-84
-75
-95
-144
-211
-246
-235
-213
-233
-307
-378
-399
-370
-342
-353
-393
-438
-461
-427
-350
-299
-297
-328
-335
-271
-173
-93
-63
-68
-70
-23
68
154
191
178
170
199
262
320
336
314
296
300
329
364
367
344
312
294
310
336
348
331
291
268
273
284
282
263
233
204
202
210
200
179
150
127
115
104
93
82
59
39
29
18
12
-2
-14
-18
-19
-28
-32
-28
-30
-35
-41
-33
-32
-34
-25
-20
-22
-28
-26
-19
-11
-14
-27
-37
-37
-30
-22
-30
-40
-36
-28
-30
-31
-28
-35
-49
-54
-41
-32
-47
-74
-91
-91
-93
-109
-135
-204
-276
-288
-264
-270
-326
-406
-452
-441
-419
-417
-442
-486
-516
-502
-434
-358
-336
-363
-376
-322
-231
-146
-90
-81
-75
-30
51
144
203
207
195
218
274
327
363
362
337
333
355
389
405
383
355
338
336
354
362
351
332
309
298
303
299
272
242
224
216
206
189
163
141
130
119
102
79
56
40
31
21
10
-2
-16
-18
-14
-20
-28
-36
-35
-29
-34
-35
-29
-23
-20
-17
-9
2
2
-3
-1
9
12
6
-3
-6
-8
-19
-21
-11
-8
-30
-55
-63
-66
-65
-73
-89
-103
-115
-121
-124
-137
-158
-178
-201
-242
-297
-322
-304
-295
-331
-399
-454
-466
-436
-418
-436
-473
-505
-501
-442
-369
-330
-332
-352
-338
-265
-170
-97
-73
-84
-71
-6
93
169
180
157
150
181
240
281
289
276
260
263
292
319
316
288
258
247
260
281
278
253
234
223
229
233
220
195
168
151
148
146
133
114
99
90
85
75
63
46
31
24
22
21
16
9
5
7
5
0
-6
-8
-8
-9
-10
-8
-8
-7
-7
-6
-5
-6
-10
-8
-4
-2
-2
-4
-4
-1
1
6
8
8
8
9
11
13
16
14
10
6
7
10
14
10
-5
-21
-30
-29
-25
-26
-32
-35
-31
-23
-20
-20
-20
-20
-15
-6
7
15
19
23
29
30
23
14
8
3
0
1
4
-1
-10
-14
-12
-13
-20
-25
-24
-19
-10
3
10
8
0
-3
-2
-2
-5
-9
-10
-11
-19
-28
-35
-47
-57
-59
-56
-54
-51
-44
-39
-41
-44
-44
-38
-31
-27
-20
-12
-8
-8
-7
-8
-10
-12
-11
-7
-3
1
5
6
5
3
0
-2
-4
-4
1
4
3
3
2
-1
-6
-8
-4
0
6
12
22
38
41
36
22
14
20
23
18
8
-3
-4
-11
-42
-105
-210
-302
-333
-296
-248
-276
-340
-346
-273
-199
-198
-233
-237
-182
-45
137
289
339
295
278
320
343
301
238
215
215
217
222
197
116
-3
-92
-112
-130
-145
-99
0
100
169
239
303
311
292
304
359
373
350
372
427
424
322
188
63
-60
-143
-172
-173
-210
-257
-232
-186
-181
-227
-248
-175
-60
69
209
304
313
280
283
292
244
187
188
249
288
246
185
127
34
-53
-80
-53
-30
-25
15
61
71
44
-2
-35
-71
-82
-40
13
86
171
255
291
252
236
223
168
96
30
23
-12
-121
-178
-235
-379
-751
-1385
-1830
-1823
-1419
-1071
-1177
-1262
-1030
-605
-333
-431
-412
-215
-48
163
424
833
1028
752
452
276
183
22
-234
-259
-195
-198
-176
-161
-102
-111
-191
-187
-144
0
205
397
619
782
892
907
799
694
620
565
445
320
314
359
344
177
-12
-130
-228
-262
-247
-154
-53
-38
2
66
145
131
-25
-118
-92
71
246
239
172
113
97
131
82
58
97
150
232
257
253
185
52
-33
-56
-7
33
30
61
104
127
110
59
6
-36
-28
28
131
217
295
388
394
348
292
209
184
95
-16
-34
-136
-240
-410
-601
-924
-1802
-2496
-2452
-1818
-1241
-1433
-1435
-825
-219
-9
-274
-107
368
398
386
652
1302
1574
909
285
101
21
-320
-865
-855
-443
-289
-312
-300
-43
170
28
-54
57
317
567
690
931
1161
1217
1089
828
614
451
296
101
-36
-24
84
150
13
-141
-200
-234
-192
-155
-15
194
265
310
322
320
221
-36
-139
-115
-29
100
77
75
77
35
67
23
65
201
299
427
435
402
341
175
70
-7
1
66
35
49
119
171
130
-34
-142
-97
13
68
112
195
333
430
403
389
372
355
232
16
-14
-6
-136
-405
-785
-1104
-1932
-3064
-3432
-2929
-1992
-1754
-1917
-1258
-259
372
171
-74
528
897
765
749
1287
2123
1796
597
-79
-271
-494
-1199
-1687
-1180
-579
-382
-321
-18
530
558
180
120
381
770
964
1085
1422
1622
1500
1147
757
437
120
-216
-404
-363
-208
46
133
59
17
-28
44
69
147
407
567
669
589
464
439
157
-155
-388
-418
-139
-41
-21
26
73
195
141
116
304
477
671
732
649
592
333
72
-88
-186
-60
10
14
53
100
192
113
-47
-67
8
77
160
237
392
524
557
591
476
441
354
89
14
-94
-217
-563
-1156
-1488
-2615
-4108
-4561
-3904
-2486
-2136
-2263
-1204
80
955
704
262
952
1242
855
546
1007
2126
1740
196
-581
-714
-922
-1843
-2450
-1599
-568
-193
-48
449
1288
1414
786
502
763
1081
1025
976
1403
1765
1544
1019
587
232
-193
-692
-809
-515
-273
44
313
460
520
377
423
521
397
437
570
747
798
492
396
132
-378
-742
-1021
-701
-390
-391
-169
8
343
505
407
682
921
1075
1043
795
784
542
108
-164
-378
-329
-269
-268
-85
45
192
263
156
197
182
204
377
471
682
708
670
727
619
572
329
8
-42
-50
-128
-638
-1401
-1679
-2540
-4446
-5640
-5279
-3466
-2242
-2415
-1665
-5
1440
1645
700
865
1554
1262
483
259
1556
2291
760
-858
-1188
-1030
-1678
-2871
-2613
-1029
-42
171
506
1454
2269
1794
858
648
966
1040
719
875
1582
1780
1228
614
183
-166
-729
-1184
-877
-383
59
495
727
972
934
703
655
467
380
448
546
759
623
369
97
-353
-672
-1001
-969
-514
-232
9
170
458
827
777
761
928
1099
1226
1041
833
642
250
-123
-448
-533
-351
-257
-143
88
314
469
353
192
264
270
349
484
610
793
748
762
731
617
497
109
-153
-194
-363
-985
-1721
-2093
-3499
-5786
-6763
-5842
-3759
-2702
-2573
-1236
707
2081
2038
1201
1350
1631
1028
151
295
1801
2117
360
-1072
-1309
-1423
-2370
-3263
-2502
-894
31
425
1159
2314
2878
2154
1047
705
818
642
472
947
1775
1812
1078
574
256
-266
-1037
-1396
-901
-273
286
850
1302
1592
1310
779
584
476
350
224
109
209
300
189
-31
-276
-498
-671
-570
-182
180
436
576
692
829
729
678
876
1038
1043
917
735
431
-16
-351
-461
-415
-255
-78
103
374
666
747
551
351
348
253
123
245
604
864
939
927
750
716
409
-57
-148
-504
-1081
-1927
-2694
-3844
-6009
-7021
-6257
-4453
-2953
-2618
-1385
707
2165
2589
1785
1430
1705
1226
361
106
1115
1765
472
-1169
-1687
-1704
-2266
-3095
-2714
-1106
276
878
1420
2380
2983
2533
1314
518
624
571
339
675
1470
1916
1320
523
158
-277
-914
-1404
-1124
-275
446
1060
1501
1764
1647
959
337
146
124
62
-89
4
432
442
83
-218
-489
-633
-767
-659
-205
241
662
885
955
972
880
894
942
942
928
804
545
201
-194
-479
-583
-530
-287
-37
288
666
845
770
549
406
254
223
403
594
740
880
1048
961
812
633
417
283
-351
-1092
-1869
-2571
-3500
-5969
-7666
-7056
-5192
-3195
-2708
-1755
544
2180
2825
2181
1669
2027
1552
485
-43
678
1660
740
-1132
-1936
-1888
-2167
-2948
-2948
-1546
111
949
1433
2325
3145
2986
1764
556
320
312
150
392
1055
1767
1581
785
273
-238
-774
-1305
-1361
-518
453
1177
1742
1991
1947
1425
547
-50
-216
-142
-120
-133
105
333
180
-107
-386
-591
-602
-470
-160
263
780
1064
1018
950
878
897
915
803
798
768
585
352
-62
-402
-504
-494
-355
-153
218
677
864
816
622
363
283
223
220
439
571
774
1133
1164
1261
1127
643
234
-736
-1565
-2141
-2823
-3951
-6276
-7663
-6887
-5088
-3312
-2565
-1537
442
1960
2602
2328
2054
2183
1672
637
107
658
1178
306
-1214
-2043
-2058
-2279
-2807
-2505
-1146
329
1115
1534
2286
2925
2789
1796
658
395
335
175
400
923
1542
1434
686
150
-217
-646
-1058
-1083
-537
381
1233
1715
1975
1945
1449
625
1
-230
-266
-159
-181
-12
342
239
6
-248
-456
-355
-242
-116
186
658
1014
1009
897
849
900
894
694
623
638
481
159
-173
-372
-401
-374
-323
-106
226
538
648
668
643
514
414
193
55
265
581
925
1074
1061
1148
981
717
613
5
-870
-1779
-2455
-3020
-5255
-7520
-7548
-6116
-4026
-2992
-2345
-342
1611
2717
2626
1875
1925
1937
966
-25
195
1183
1088
-544
-1931
-1999
-1979
-2551
-2834
-2039
-305
956
1342
1919
2722
3098
2399
895
241
396
262
184
488
1245
1689
1102
438
97
-351
-845
-1102
-816
15
879
1487
1892
1996
1723
965
177
-172
-357
-293
-142
-37
443
568
118
-237
-526
-509
-373
-339
-44
414
850
975
838
812
833
966
967
759
813
783
512
86
-425
-543
-502
-461
-267
24
417
605
612
567
410
358
270
101
374
800
970
1064
1068
1241
1219
762
526
314
-278
-1065
-2008
-2631
-3563
-5972
-7820
-7551
-5816
-3653
-2710
-1872
242
2119
2874
2411
1754
1969
1745
519
-213
348
1277
858
-883
-1983
-1972
-2133
-2688
-2740
-1591
201
1198
1525
2146
2898
2976
1966
629
260
445
293
331
869
1597
1741
954
183
-184
-574
-944
-992
-471
472
1202
1573
1762
1754
1412
606
-117
-276
-261
-117
123
292
528
279
-314
-724
-961
-725
-408
-170
293
751
1036
967
748
711
699
741
874
1005
1026
844
506
-59
-614
-754
-646
-481
-176
267
783
926
766
537
251
208
159
159
327
683
1140
1175
1097
1188
1133
831
503
447
13
-844
-1708
-2548
-3578
-5994
-8034
-7795
-6129
-3795
-2590
-1860
146
2066
2941
2427
1570
1767
1708
661
-61
520
1606
1265
-638
-2064
-2249
-2327
-2864
-2948
-1788
143
1375
1635
2122
2775
2789
1803
404
101
486
561
734
1126
1805
1884
902
10
-474
-785
-1022
-1022
-406
576
1302
1534
1531
1485
1172
468
-117
-221
-43
282
425
441
559
257
-353
-870
-1059
-812
-480
-117
272
716
975
886
752
609
619
857
1032
1153
1196
1052
574
-149
-688
-863
-737
-509
-182
296
738
944
881
625
334
194
142
242
605
1015
1244
1339
1255
1091
982
495
138
216
30
-453
-1385
-2266
-3241
-5800
-8174
-8315
-6565
-4075
-2823
-1923
55
2008
3027
2458
1370
1417
1539
709
-45
550
1878
1770
-244
-2009
-2370
-2514
-3059
-3215
-2166
-123
1288
1614
2033
2646
2795
1875
412
56
585
835
1006
1442
2010
1942
958
-75
-679
-904
-980
-895
-293
653
1330
1553
1459
1241
969
444
9
35
256
517
655
630
481
8
-544
-925
-1022
-776
-493
-96
318
552
676
572
444
432
549
951
1344
1489
1456
1103
496
-177
-709
-872
-796
-508
-93
281
657
802
643
417
221
143
92
207
591
1127
1540
1351
1176
1010
724
613
189
192
377
-11
-522
-1494
-2285
-3771
-6907
-8691
-8032
-5547
-2992
-2293
-1245
807
2247
2530
1453
862
1456
1413
591
346
1490
2602
1453
-1121
-2581
-2645
-2740
-3186
-2875
-1105
890
1448
1309
1622
2189
2230
1088
137
572
1271
1599
1584
1668
2015
1404
156
-639
-892
-698
-590
-385
241
843
1162
1079
840
706
609
541
540
646
755
766
668
458
139
-398
-820
-854
-708
-362
13
208
252
137
37
41
86
252
700
1255
1544
1546
1222
701
172
-419
-789
-801
-613
-264
49
309
587
583
372
136
-41
-37
31
325
792
1150
1335
1376
1251
768
378
242
162
284
389
270
-105
-846
-1703
-2988
-5578
-7992
-8247
-6484
-3863
-2305
-1662
-355
1093
1908
1528
649
1041
1657
1384
1082
1515
2641
2410
41
-2138
-2797
-2681
-2690
-2775
-1871
33
1136
1090
952
1360
2030
1671
723
758
1579
2133
1918
1484
1593
1529
709
-206
-619
-310
-32
-172
-101
189
546
632
305
318
726
1013
1036
825
653
745
805
512
158
-162
-467
-549
-546
-397
-123
-82
-223
-369
-437
-297
-16
298
771
1370
1702
1594
1272
890
402
-133
-534
-681
-594
-340
-125
7
201
341
331
74
-127
41
200
399
762
1070
1369
1314
1033
867
533
491
537
487
600
526
341
-156
-1206
-2133
-3211
-5690
-8072
-8255
-6163
-3119
-1935
-2128
-1174
338
1408
1026
151
1070
2159
1989
1386
1625
3006
2621
-303
-2619
-2907
-2219
-2177
-2693
-1793
180
994
524
73
792
1925
1649
784
977
1973
2476
1874
1359
1676
1740
997
91
-175
269
357
-113
-347
-268
85
239
156
532
1029
1292
1192
881
730
550
428
275
108
106
14
51
8
-124
-32
-257
-685
-841
-669
-272
57
389
743
992
1191
1132
781
580
430
118
-196
-365
-155
66
16
39
80
101
56
-104
-175
-52
209
309
380
603
911
1124
1084
862
642
687
700
688
816
703
552
-27
-1029
-1805
-2515
-3491
-5641
-7507
-7095
-4913
-2541
-2162
-2571
-1625
-181
701
327
262
1696
2667
2264
1549
1992
2813
1565
-1135
-2595
-2142
-1323
-1580
-1914
-977
280
367
-435
-514
634
1640
1425
986
1549
2432
2495
1864
1460
1777
1797
1082
534
551
817
502
-263
-630
-452
-14
109
104
461
884
1121
928
573
490
336
132
107
265
549
554
243
-88
-198
-216
-500
-796
-707
-369
-57
52
89
345
578
597
569
536
566
587
370
98
79
159
81
-59
-48
120
133
-11
-102
-72
60
133
162
326
625
866
968
823
798
905
715
549
548
522
336
-59
-259
-280
-609
-1341
-2114
-3403
-5579
-6942
-6270
-3936
-2192
-2621
-3038
-1906
-100
640
-124
202
1823
2438
1769
1127
2011
2827
1136
-1307
-1860
-807
-301
-1237
-1668
-651
133
-453
-1288
-642
933
1514
1039
968
1715
2220
1793
1274
1590
2151
1951
1367
1157
1327
1164
295
-421
-503
-186
89
55
237
597
637
348
-43
-59
96
114
219
360
698
802
423
191
68
220
352
8
-192
-173
-220
-415
-688
-548
-157
146
373
458
658
736
385
57
-13
207
442
401
368
424
382
69
-296
-385
-250
19
100
138
479
761
940
692
444
588
552
731
638
417
477
188
152
76
-346
-513
-1127
-1773
-2668
-4656
-6004
-5778
-4048
-2396
-2833
-3254
-2237
-917
-116
-526
-337
1077
1712
1504
1227
1872
2691
1525
-365
-910
-271
163
-579
-1201
-648
-178
-608
-1095
-787
303
934
667
585
1018
1495
1473
1211
1601
2170
2212
1961
1588
1563
1453
770
276
54
216
537
333
124
-14
-263
-396
-507
-245
163
144
133
217
422
677
505
371
541
702
835
542
79
-158
-531
-731
-795
-632
-120
161
310
288
196
227
30
-187
-70
285
601
660
558
427
212
-115
-353
-300
122
429
317
196
157
225
318
409
513
597
726
577
418
428
455
411
85
-23
196
229
-225
-1057
-1586
-2070
-3626
-5403
-5594
-3821
-1901
-2254
-3614
-3222
-1631
-814
-1413
-1403
563
1962
1455
619
1238
2584
1946
-8
-475
670
1395
411
-709
-372
143
-478
-1355
-1062
178
729
148
-117
523
1110
936
671
1239
2122
2430
2166
1920
1948
1787
1240
733
621
791
809
365
-106
-231
-359
-498
-544
-390
-91
-147
-364
-313
-33
230
228
292
561
750
777
483
106
-17
-89
-142
-94
-21
168
223
58
-101
-290
-315
-249
-154
129
390
569
458
158
17
-52
-9
49
129
444
658
478
200
-107
-128
142
377
703
756
746
622
305
290
183
66
-36
-71
284
462
291
-395
-1282
-1601
-1902
-2976
-4398
-4627
-3202
-1777
-2171
-3539
-3568
-2274
-1288
-1455
-1456
14
1296
995
262
734
2043
2109
877
327
993
1557
985
-114
-314
40
-192
-692
-813
-156
439
88
-325
-204
279
602
628
1022
1684
2142
2112
1737
1618
1631
1510
1232
1046
1167
1269
1002
478
71
-152
-281
-298
-272
-309
-502
-755
-711
-389
-150
-141
-206
-155
94
467
651
532
356
343
407
403
312
274
321
235
124
68
28
-66
-283
-420
-367
-233
-245
-320
-202
-13
141
174
130
174
206
222
230
240
406
652
749
662
618
531
343
235
211
457
518
327
209
42
39
-133
-383
-531
-874
-1131
-1277
-1610
-2641
-3988
-4064
-2706
-1777
-2588
-3702
-3168
-1666
-1123
-1629
-1235
260
842
192
-143
965
2182
1577
426
616
1584
1736
660
-93
257
496
-36
-589
-344
356
325
-252
-394
-71
272
265
394
1015
1583
1740
1575
1472
1619
1743
1675
1537
1535
1563
1357
890
416
209
113
11
-115
-228
-298
-556
-928
-1081
-808
-351
-201
-312
-287
28
410
408
171
127
317
524
471
426
527
470
158
-195
-305
-140
-89
-251
-300
-230
-191
-351
-550
-466
-240
-24
136
221
363
518
467
358
340
347
451
491
534
646
610
482
237
144
324
297
116
45
216
533
403
4
-170
-251
-525
-1101
-1324
-1089
-1585
-3047
-3981
-3117
-1491
-1595
-3295
-3912
-2706
-1418
-1552
-1897
-776
532
408
-425
-91
1388
1853
805
183
932
1828
1519
544
314
653
524
-19
-169
182
440
210
-113
-75
87
196
359
612
877
1093
1267
1347
1266
1253
1441
1582
1540
1310
1223
1265
1041
696
487
459
375
144
-52
-82
-221
-574
-667
-352
8
-171
-632
-710
-373
-46
-138
-296
-115
62
48
-13
80
382
439
158
-32
37
191
160
-23
-38
74
59
-97
-217
-106
23
-26
-128
-204
-76
35
-32
-37
53
224
329
340
348
387
447
434
492
553
546
471
285
296
344
298
310
216
170
72
-376
-772
-1093
-1120
-1194
-2312
-3467
-3302
-1926
-1025
-2197
-3728
-3403
-2036
-1399
-1815
-1662
-361
181
-525
-798
238
1440
1153
186
418
1444
1829
1203
532
723
986
637
255
279
599
575
139
-64
104
316
379
309
348
611
804
874
937
1055
1276
1391
1332
1286
1279
1281
1353
1334
1164
1027
864
726
575
308
60
-154
-407
-561
-595
-498
-357
-562
-893
-939
-713
-404
-295
-286
-141
-52
-16
81
251
422
435
325
297
334
299
185
-12
-165
-206
-262
-336
-358
-295
-195
-213
-280
-270
-200
-157
-84
57
230
322
261
226
254
275
291
276
328
384
335
125
54
195
258
285
191
130
142
86
51
-183
-581
-800
-685
-540
-1305
-2650
-3048
-1869
-668
-1368
-3052
-3381
-2101
-1252
-1686
-1783
-721
-46
-800
-1448
-429
1124
1209
132
-4
986
1575
1170
674
885
1163
885
529
633
874
762
468
368
502
574
509
431
331
465
699
905
1005
885
860
941
1000
1025
1128
1295
1268
1027
798
803
860
728
558
427
284
45
-186
-294
-361
-406
-432
-501
-703
-898
-875
-601
-258
-234
-385
-440
-369
-127
66
222
354
291
170
115
146
232
207
84
12
23
25
-20
-49
-31
-108
-233
-242
-292
-333
-382
-362
-157
-50
-98
-191
-252
-192
-84
39
196
267
192
214
281
315
328
281
391
512
568
559
387
131
-221
-479
-441
-314
-332
-1002
-2066
-2535
-1879
-849
-1092
-2442
-3180
-2510
-1440
-1289
-1587
-1253
-770
-962
-1333
-693
667
1126
399
-86
504
1291
1328
991
1019
1292
1236
907
753
834
867
735
669
658
639
530
343
246
339
590
839
851
619
467
533
791
1004
1058
1101
1044
870
734
736
828
853
742
549
376
243
108
-6
-78
-216
-370
-506
-519
-532
-711
-742
-642
-517
-530
-624
-563
-388
-127
23
38
40
1
-12
15
142
334
391
291
120
-32
-58
-40
-98
-179
-240
-262
-300
-452
-561
-532
-455
-306
-267
-294
-235
-164
-52
119
273
347
349
339
419
495
497
584
643
619
516
378
410
366
115
-220
-477
-452
-416
-521
-806
-1509
-2057
-1896
-1165
-765
-1622
-2697
-2591
-1550
-839
-1092
-1300
-906
-739
-1047
-1003
-31
849
528
-192
-61
707
1077
803
623
903
1096
918
790
863
909
845
749
768
756
590
473
363
315
473
664
738
498
287
499
738
871
859
827
944
925
828
862
941
931
752
614
606
487
283
141
72
87
-93
-482
-696
-673
-428
-440
-738
-778
-649
-504
-484
-476
-258
-110
-114
-158
-101
77
102
34
5
34
76
-17
-181
-244
-193
-69
-23
-160
-308
-375
-405
-350
-274
-204
-189
-233
-197
-127
-28
-3
-74
-69
60
177
178
165
268
390
410
402
449
456
372
318
329
362
294
89
-40
-76
-97
-97
-242
-529
-925
-1329
-1392
-1078
-845
-1173
-1905
-2194
-1671
-1066
-1019
-1204
-1144
-963
-949
-920
-453
152
297
7
-98
276
618
602
503
634
850
802
604
592
762
871
850
776
689
594
529
586
686
808
849
737
562
456
552
782
891
801
696
701
723
693
714
781
778
613
412
396
461
413
265
115
62
-39
-220
-322
-363
-385
-419
-422
-457
-681
-861
-787
-559
-362
-336
-311
-269
-345
-364
-255
-70
107
90
1
-9
-34
-58
-64
-118
-174
-182
-192
-246
-276
-234
-177
-158
-210
-286
-252
-177
-139
-62
24
39
-1
10
119
247
292
280
287
339
363
342
353
367
353
308
286
290
224
123
28
-86
-102
-107
-179
-320
-615
-901
-1063
-988
-738
-754
-1189
-1656
-1637
-1129
-821
-937
-991
-851
-764
-855
-754
-252
110
-9
-296
-203
223
502
518
489
550
516
408
403
561
767
783
632
528
513
560
613
626
662
711
778
795
713
672
701
776
806
713
712
811
813
769
711
696
613
439
343
327
329
248
151
124
60
-103
-252
-332
-334
-350
-465
-569
-591
-542
-565
-627
-620
-538
-437
-393
-352
-304
-264
-250
-220
-163
-104
-49
-54
-103
-119
-54
6
-18
-66
-112
-185
-229
-252
-201
-99
-54
-60
-72
-62
-53
-31
47
105
112
149
174
178
215
249
264
258
246
244
272
298
216
160
233
253
192
98
13
40
30
-12
3
-60
-191
-392
-620
-759
-694
-484
-484
-802
-1221
-1332
-1037
-839
-879
-888
-862
-927
-1102
-1045
-593
-258
-327
-514
-473
-156
97
180
315
451
432
320
347
589
772
782
753
746
765
733
701
727
755
754
716
694
662
620
632
648
602
508
435
463
533
482
420
477
513
455
356
284
252
267
317
347
307
178
38
-12
37
101
100
-14
-198
-311
-326
-329
-388
-468
-468
-466
-512
-547
-524
-413
-333
-329
-327
-319
-269
-214
-179
-131
-68
-30
-28
-38
-70
-78
-78
-96
-97
-72
-63
-87
-100
-87
-74
-71
-74
-45
-9
18
72
101
89
90
84
74
113
138
174
220
213
185
156
158
178
123
100
108
79
32
-65
-111
-108
-144
-190
-278
-448
-600
-651
-562
-531
-677
-880
-987
-880
-731
-712
-717
-733
-798
-822
-713
-455
-263
-261
-316
-291
-178
-21
119
202
256
241
208
258
393
554
618
541
449
407
462
588
645
614
559
555
562
599
705
804
816
751
716
784
869
861
782
716
664
636
612
582
577
496
369
284
248
232
154
25
-88
-122
-97
-89
-125
-210
-311
-446
-571
-572
-415
-312
-397
-489
-548
-539
-436
-359
-320
-321
-350
-329
-253
-122
-27
-76
-199
-249
-196
-157
-164
-167
-142
-147
-186
-211
-216
-210
-232
-238
-209
-171
-117
-87
-85
-86
-82
-29
39
73
75
81
84
113
178
222
202
142
136
173
203
215
248
249
180
121
81
43
18
-13
-30
-67
-142
-242
-392
-446
-455
-518
-570
-657
-715
-694
-698
-664
-579
-580
-662
-755
-762
-617
-453
-390
-369
-320
-264
-212
-134
-14
110
164
168
223
343
452
502
552
614
628
657
721
783
851
841
800
816
854
897
903
849
775
732
733
723
717
724
665
576
515
470
499
493
387
289
208
176
171
130
99
37
-80
-174
-251
-275
-279
-318
-320
-334
-385
-449
-508
-470
-409
-424
-482
-509
-509
-504
-502
-494
-457
-472
-513
-498
-420
-344
-339
-333
-302
-325
-339
-294
-256
-229
-196
-185
-167
-128
-94
-91
-127
-123
-80
-84
-70
-24
-13
10
15
-17
-18
-7
-12
11
63
106
141
183
220
241
212
189
226
261
260
247
268
286
274
269
256
205
157
119
53
14
-27
-95
-109
-103
-163
-284
-384
-418
-396
-363
-376
-396
-393
-432
-466
-472
-462
-422
-402
-384
-352
-299
-232
-159
-92
-46
-13
-5
71
210
308
397
428
416
451
502
525
521
517
527
548
557
522
517
528
519
523
507
502
528
521
461
458
477
450
453
424
366
339
284
237
198
167
153
96
47
15
-10
-25
-95
-118
-110
-171
-211
-255
-304
-323
-346
-379
-399
-423
-439
-464
-494
-482
-485
-486
-480
-527
-561
-521
-468
-440
-430
-415
-378
-343
-318
-277
-233
-244
-292
-284
-207
-144
-131
-132
-115
-92
-88
-78
-45
-19
-5
8
64
158
199
205
225
229
236
292
330
375
416
378
375
395
369
351
345
331
321
340
319
256
238
214
186
159
79
26
-3
-41
-44
-58
-135
-236
-309
-352
-368
-363
-382
-436
-449
-467
-507
-467
-433
-434
-417
-425
-363
-259
-217
-182
-173
-173
-122
-63
-3
65
108
133
162
186
203
236
286
324
360
378
408
462
476
475
509
525
512
532
531
519
548
534
495
465
421
405
380
305
271
236
154
105
91
98
113
57
-7
-40
-72
-84
-116
-146
-186
-224
-228
-237
-254
-308
-390
-430
-410
-407
-415
-413
-417
-393
-378
-398
-400
-368
-348
-331
-306
-281
-245
-265
-288
-256
-241
-228
-209
-206
-188
-160
-154
-109
-48
-27
-26
-38
-4
59
110
142
150
165
174
175
196
210
203
229
264
276
308
293
276
302
289
290
312
282
270
308
335
348
335
288
240
201
181
196
177
111
49
-11
-85
-151
-219
-302
-367
-410
-435
-462
-493
-517
-532
-580
-628
-608
-572
-548
-534
-505
-429
-367
-339
-297
-263
-235
-170
-87
-7
83
147
164
181
238
311
351
371
391
414
455
487
484
480
464
439
431
421
435
459
464
446
414
383
357
367
387
380
337
302
296
278
259
220
173
149
108
82
50
10
22
-22
-102
-134
-175
-192
-185
-208
-228
-248
-276
-308
-330
-334
-352
-360
-387
-425
-410
-379
-377
-356
-324
-347
-371
-355
-356
-333
-298
-299
-296
-279
-258
-217
-181
-170
-140
-112
-85
-45
-23
10
49
84
133
145
171
230
234
244
273
293
323
332
315
332
367
340
305
307
283
262
262
274
288
262
210
172
142
114
97
70
33
-10
-22
-48
-122
-182
-217
-257
-308
-333
-351
-375
-377
-382
-402
-424
-446
-455
-475
-471
-417
-383
-366
-345
-313
-260
-211
-190
-169
-138
-113
-77
-3
75
133
176
182
194
258
306
324
347
340
376
422
440
467
463
451
434
440
480
494
475
471
449
397
357
347
360
354
311
266
224
201
181
151
132
96
66
37
14
20
10
-38
-72
-95
-136
-181
-217
-233
-229
-245
-274
-289
-300
-308
-325
-328
-341
-378
-391
-372
-347
-346
-349
-354
-370
-365
-354
-342
-323
-311
-309
-275
-223
-176
-129
-115
-121
-91
-47
-28
4
6
-1
30
68
94
105
114
128
134
139
164
193
211
208
217
238
268
283
261
243
243
259
269
262
257
247
251
220
172
159
140
115
96
80
72
66
18
-60
-126
-161
-165
-166
-193
-241
-278
-305
-323
-342
-355
-367
-388
-391
-375
-339
-305
-299
-301
-283
-232
-158
-95
-77
-75
-54
-7
55
101
130
152
155
169
211
249
265
264
250
266
298
307
330
354
345
323
308
323
364
379
380
355
326
325
327
340
341
296
253
215
190
190
162
123
95
64
15
-22
-38
-63
-105
-147
-178
-222
-245
-235
-236
-247
-283
-331
-333
-351
-381
-368
-353
-350
-361
-379
-347
-318
-322
-321
-310
-271
-234
-239
-243
-220
-199
-180
-160
-142
-113
-99
-108
-91
-65
-44
-29
-2
41
81
108
118
142
169
199
233
251
283
303
292
293
299
302
301
272
256
265
265
250
225
213
183
145
124
104
114
109
82
69
47
15
-9
-25
-38
-60
-86
-106
-120
-156
-188
-205
-230
-240
-249
-266
-259
-255
-283
-306
-325
-310
-286
-285
-259
-238
-234
-227
-197
-150
-104
-82
-87
-61
-10
54
103
109
119
145
171
199
229
238
251
280
317
332
328
318
284
267
281
291
285
264
242
241
237
209
182
149
108
107
128
122
105
87
44
12
2
-19
-8
10
-22
-73
-98
-100
-105
-129
-164
-169
-138
-139
-155
-162
-187
-185
-181
-173
-149
-147
-154
-136
-132
-136
-118
-120
-123
-128
-140
-121
-100
-92
-85
-69
-68
-93
-126
-137
-87
-40
-32
-18
3
21
31
4
-10
19
45
75
92
99
113
112
108
111
128
150
167
165
152
150
142
117
99
108
123
133
135
114
87
72
46
1
0
17
1
1
-16
-63
-98
-140
-171
-174
-182
-215
-238
-237
-232
-237
-271
-292
-273
-260
-256
-248
-236
-215
-194
-176
-164
-152
-129
-92
-54
-25
-24
-20
30
78
86
95
128
168
186
173
177
209
251
277
264
257
277
289
284
270
267
281
287
283
274
256
232
217
203
202
207
177
154
128
90
100
106
63
45
25
-1
-9
-36
-51
-57
-86
-101
-99
-82
-69
-65
-80
-96
-101
-111
-120
-122
-108
-104
-86
-84
-113
-113
-117
-126
-121
-122
-124
-113
-117
-135
-134
-131
-128
-114
-101
-100
-88
-81
-79
-76
-71
-56
-57
-41
-29
-35
-23
-26
-36
-23
-6
3
7
1
-8
8
11
-12
2
-5
-23
-18
-32
-10
9
-15
-25
-31
-40
-36
-38
-19
2
2
5
5
-15
-27
-42
-64
-63
-63
-73
-60
-51
-67
-90
-98
-91
-94
-76
-83
-103
-86
-72
-55
-45
-30
-13
-3
14
15
50
92
108
135
143
153
182
176
179
203
213
218
231
241
211
195
193
167
164
170
165
164
159
155
144
137
107
80
98
108
124
124
104
93
65
44
38
42
51
56
66
48
4
-26
-32
-24
-23
-34
-25
1
2
-21
-43
-51
-45
-59
-64
-33
-19
-35
-73
-107
-99
-107
-124
-132
-119
-88
-112
-146
-157
-166
-161
-173
-176
-148
-139
-143
-165
-192
-189
-168
-161
-170
-166
-139
-121
-139
-148
-138
-129
-113
-113
-115
-78
-39
-33
-50
-63
-48
-30
-29
-25
7
56
65
52
43
47
42
32
47
50
58
80
88
84
58
32
16
15
40
50
24
9
15
4
13
15
-22
-24
-4
4
27
36
22
16
17
21
44
72
74
78
96
110
123
140
141
130
145
136
126
149
137
133
150
141
156
151
134
149
150
167
176
164
171
155
132
132
146
152
149
132
100
78
62
43
22
2
-9
-15
-11
-12
-29
-46
-73
-82
-69
-80
-76
-60
-65
-59
-62
-65
-60
-67
-70
-78
-77
-72
-81
-81
-101
-113
-114
-146
-149
-155
-172
-158
-163
-188
-206
-233
-243
-236
-214
-186
-193
-201
-203
-190
-183
-181
-163
-163
-150
-118
-109
-91
-69
-62
-60
-48
-37
-23
-6
0
6
17
20
23
35
34
58
85
86
95
109
100
80
85
96
102
94
69
60
69
65
55
57
71
82
75
59
59
74
67
60
69
70
64
63
62
72
81
72
69
87
82
68
76
81
93
116
141
157
154
135
118
114
112
110
113
121
131
130
105
79
65
53
49
42
41
54
48
34
25
2
-18
-11
-6
-13
-5
0
-18
-16
-15
-17
-2
-2
-17
-25
-25
-21
-29
-41
-53
-52
-38
-56
-75
-62
-55
-69
-90
-94
-75
-65
-55
-62
-74
-72
-84
-102
-118
-100
-88
-104
-118
-138
-125
-110
-157
-190
-175
-141
-123
-139
-137
-121
-115
-112
-140
-133
-102
-95
-94
-95
-70
-38
-43
-59
-57
-31
-19
-14
13
31
26
13
12
24
36
51
54
75
95
78
70
64
64
76
72
69
77
70
63
55
48
46
33
28
34
51
70
74
75
79
75
86
97
93
87
78
84
103
116
119
102
78
78
78
68
66
79
83
77
66
58
72
63
34
36
45
52
58
41
37
44
53
61
44
42
35
23
30
29
35
45
36
27
30
5
-12
-1
1
1
-1
-13
-21
-31
-39
-29
-33
-56
-56
-53
-56
-54
-63
-71
-68
-67
-57
-57
-63
-54
-59
-79
-87
-64
-48
-72
-85
-74
-89
-100
-113
-115
-94
-111
-134
-130
-130
-123
-116
-129
-115
-102
-104
-118
-122
-88
-72
-89
-81
-60
-59
-63
-58
-57
-67
-66
-56
-47
-31
-22
-19
3
24
11
15
27
27
33
32
48
77
79
65
69
75
66
59
78
105
108
92
84
99
115
123
112
109
107
99
110
122
131
121
113
98
70
73
71
45
33
51
52
53
75
67
61
61
44
47
68
77
79
84
85
88
96
84
64
83
72
41
45
42
26
9
-8
-10
-3
-6
-3
4
3
-4
-14
-24
-47
-51
-48
-56
-53
-44
-27
-46
-74
-83
-95
-104
-93
-65
-61
-65
-77
-80
-74
-83
-90
-79
-63
-63
-64
-75
-72
-65
-76
-84
-88
-92
-113
-126
-115
-103
-100
-96
-100
-115
-105
-108
-106
-91
-83
-76
-71
-56
-37
-35
-45
-47
-49
-55
-68
-56
-23
7
28
7
-7
11
17
2
12
45
74
82
74
70
72
74
74
77
77
101
114
97
103
100
86
89
110
109
100
98
94
95
87
89
96
85
63
65
75
74
72
60
57
74
80
63
60
84
82
65
53
59
81
75
52
50
64
47
19
21
20
23
9
-23
-15
11
-11
-43
-49
-43
-38
-48
-60
-58
-47
-69
-72
-52
-58
-62
-63
-56
-41
-39
-46
-45
-45
-54
-63
-61
-61
-60
-55
-67
-63
-57
-60
-56
-74
-72
-58
-57
-40
-29
-35
-33
-20
-19
-39
-48
-42
-35
-15
-27
-47
-34
-21
-37
-52
-47
-48
-47
-57
-69
-46
-21
-16
-2
11
0
-27
-34
-12
-6
0
-9
-5
16
17
18
10
0
-13
-28
-24
-2
17
26
15
18
38
28
30
28
31
61
66
47
38
61
65
47
58
82
84
67
50
45
62
78
75
84
99
97
90
98
84
63
76
76
73
83
84
83
83
69
58
59
36
30
49
52
48
42
20
16
14
2
-21
-39
-30
-36
-47
-39
-47
-53
-61
-72
-74
-80
-78
-84
-76
-82
-97
-93
-94
-84
-73
-73
-67
-68
-62
-51
-68
-74
-53
-41
-28
-33
-38
-26
-26
-37
-39
-23
-17
-19
-19
-28
-14
-3
-2
3
-9
-13
-11
-14
-4
8
7
1
-14
-22
-16
-15
-12
-9
3
2
-3
-10
-17
-16
-8
-9
-16
-12
-5
-3
-13
0
9
-5
2
23
19
14
23
29
29
15
16
45
57
43
33
30
43
47
28
37
57
53
54
48
44
68
61
43
48
44
28
21
38
62
67
29
20
34
18
24
46
42
45
45
36
37
32
22
18
22
19
5
2
5
23
31
11
-7
-9
-7
-3
-7
-10
-10
-18
-21
-24
-28
-35
-35
-22
-37
-54
-52
-59
-58
-56
-73
-67
-60
-61
-49
-67
-90
-72
-80
-102
-85
-64
-53
-55
-59
-53
-47
-54
-55
-37
-27
-31
-34
-31
-15
3
-10
-19
8
3
-4
11
20
26
26
31
35
27
33
36
41
53
46
27
27
30
23
31
33
34
43
44
29
14
21
23
27
34
32
48
62
52
48
54
53
48
33
28
46
45
28
22
12
0
-17
-6
10
6
4
-1
-1
1
-2
1
7
1
-7
-15
-17
-7
-16
-20
-11
-11
-5
-12
-15
-3
1
4
-3
-14
-5
8
14
8
-7
-17
-7
4
-10
-11
1
-6
-5
0
4
