3
4
0
-2
0
1
-1
-2
-1
0
-3
-4
-2
-4
-5
-6
-5
-6
-6
-5
-8
-9
-11
-12
-10
-13
-13
-14
-17
-17
-18
-18
-19
-19
-20
-20
-18
-17
-17
-16
-16
-11
-9
-9
-6
-4
-1
4
7
9
12
17
20
21
25
30
33
37
38
41
45
45
45
47
47
47
47
47
47
43
41
39
37
37
35
33
26
22
20
17
16
8
5
2
-2
-3
-10
-17
-13
-15
-20
-20
-23
-26
-26
-31
-35
-36
-35
-36
-39
-39
-35
-33
-34
-32
-28
-24
-28
-29
-20
-17
-19
-14
-12
-12
-15
-22
-30
-41
-51
-53
-60
-71
-80
-96
-97
-97
-102
-104
-112
-127
-133
-130
-117
-102
-99
-99
-92
-77
-63
-48
-26
-11
-5
7
20
45
71
84
92
99
112
125
134
145
150
149
154
162
167
169
173
173
165
159
163
169
166
151
144
150
143
140
140
135
128
121
114
111
109
104
93
81
69
67
65
53
38
29
20
10
-1
-11
-20
-32
-37
-41
-54
-60
-70
-87
-95
-100
-102
-102
-105
-111
-120
-131
-131
-127
-130
-130
-131
-133
-133
-130
-119
-125
-126
-122
-121
-108
-101
-100
-94
-93
-99
-91
-92
-105
-120
-163
-185
-180
-187
-212
-238
-260
-281
-289
-283
-277
-285
-299
-312
-299
-258
-232
-228
-231
-205
-161
-116
-69
-34
-4
19
51
112
169
217
238
242
266
302
339
369
382
384
378
371
380
398
394
383
370
358
356
356
366
356
342
327
314
316
317
306
293
282
263
243
248
252
243
226
195
188
197
175
154
142
118
88
63
51
40
27
-10
-41
-51
-73
-105
-141
-147
-143
-165
-191
-201
-208
-221
-227
-235
-242
-242
-251
-253
-246
-242
-261
-267
-242
-233
-237
-239
-226
-205
-207
-219
-212
-206
-206
-194
-186
-230
-324
-386
-392
-361
-360
-440
-541
-597
-586
-545
-536
-568
-612
-671
-692
-618
-517
-461
-490
-539
-499
-390
-255
-148
-114
-101
-75
3
155
290
356
366
360
407
504
591
647
667
643
623
645
691
730
721
678
651
665
685
676
661
637
593
563
553
569
574
536
492
461
448
439
423
400
376
347
309
293
286
262
222
178
149
118
93
74
39
0
-30
-64
-94
-110
-122
-140
-179
-217
-215
-206
-218
-242
-252
-253
-250
-254
-263
-267
-261
-254
-269
-270
-260
-262
-264
-270
-266
-265
-276
-290
-304
-314
-323
-310
-326
-446
-572
-616
-605
-559
-604
-761
-858
-875
-845
-807
-809
-826
-896
-958
-898
-755
-631
-608
-682
-696
-576
-395
-208
-116
-112
-83
-35
112
327
446
498
494
485
579
705
790
831
799
728
723
794
881
880
812
748
719
753
786
795
768
695
627
610
638
662
634
588
549
515
503
495
497
498
436
365
363
386
375
331
283
236
192
153
123
112
82
25
-33
-79
-82
-77
-113
-152
-176
-198
-219
-215
-200
-224
-247
-254
-272
-275
-283
-302
-299
-316
-326
-295
-295
-305
-307
-332
-336
-352
-372
-351
-355
-392
-484
-636
-743
-753
-708
-725
-854
-1006
-1083
-1053
-970
-944
-966
-1031
-1137
-1136
-976
-776
-676
-734
-810
-746
-539
-297
-165
-120
-88
-49
81
305
504
584
556
545
623
754
890
935
888
831
783
823
940
981
936
876
816
797
836
880
875
805
715
648
658
706
709
666
604
575
554
533
538
527
482
438
404
392
395
388
355
299
242
189
158
146
118
73
32
-4
-37
-51
-59
-85
-141
-204
-221
-189
-178
-209
-245
-289
-319
-288
-250
-265
-302
-344
-349
-304
-268
-272
-310
-351
-383
-394
-347
-316
-418
-631
-828
-875
-784
-749
-906
-1150
-1284
-1258
-1189
-1150
-1159
-1244
-1383
-1452
-1317
-1085
-932
-945
-1044
-1034
-842
-560
-338
-259
-255
-219
-101
136
391
555
618
583
582
710
894
1027
1046
977
920
932
1002
1097
1117
1062
996
938
948
1003
1010
954
861
774
756
801
825
800
747
690
660
643
638
626
586
534
480
452
464
447
394
361
301
246
211
163
156
140
75
43
46
36
18
-17
-68
-115
-134
-125
-129
-175
-205
-207
-223
-226
-212
-205
-223
-279
-315
-297
-285
-302
-342
-396
-425
-447
-475
-556
-729
-882
-959
-994
-1042
-1144
-1295
-1416
-1452
-1403
-1380
-1447
-1537
-1611
-1613
-1505
-1341
-1204
-1181
-1223
-1155
-957
-694
-478
-379
-339
-267
-102
151
394
552
616
621
676
819
989
1108
1117
1072
1034
1052
1128
1198
1213
1164
1100
1068
1084
1122
1136
1072
967
906
902
913
927
929
869
776
732
730
739
723
649
583
522
478
487
493
456
380
298
260
250
248
231
173
112
64
56
83
66
5
-40
-74
-98
-93
-108
-140
-162
-185
-206
-221
-221
-203
-223
-293
-331
-328
-339
-370
-423
-473
-497
-565
-697
-842
-958
-1024
-1046
-1113
-1268
-1420
-1492
-1515
-1527
-1537
-1571
-1640
-1688
-1676
-1569
-1409
-1322
-1307
-1301
-1222
-1013
-762
-573
-481
-416
-301
-115
109
316
484
572
606
687
826
969
1075
1117
1108
1098
1113
1169
1238
1244
1194
1147
1127
1131
1156
1176
1137
1054
977
944
967
985
954
903
830
754
726
743
749
702
614
544
510
494
489
472
397
320
271
262
278
255
212
168
110
67
85
93
59
4
-43
-49
-48
-52
-50
-84
-139
-147
-150
-166
-177
-198
-246
-316
-387
-430
-462
-494
-536
-658
-820
-974
-1086
-1100
-1127
-1264
-1420
-1521
-1583
-1582
-1568
-1580
-1634
-1748
-1790
-1675
-1509
-1384
-1343
-1356
-1309
-1151
-917
-682
-548
-496
-446
-326
-93
145
322
432
477
520
634
797
931
992
996
986
1014
1102
1192
1240
1237
1186
1122
1124
1170
1210
1213
1143
1066
1031
1031
1058
1058
995
915
849
820
823
814
784
717
645
595
559
535
505
453
401
352
303
307
305
266
210
156
136
131
118
104
76
38
30
21
6
4
-32
-71
-85
-96
-104
-115
-144
-200
-276
-333
-366
-387
-416
-538
-738
-924
-1065
-1133
-1131
-1193
-1368
-1578
-1718
-1718
-1656
-1648
-1718
-1852
-1942
-1886
-1716
-1498
-1378
-1401
-1423
-1364
-1177
-891
-672
-570
-529
-457
-244
51
302
429
432
437
500
613
787
953
1012
983
958
1000
1101
1152
1147
1110
1020
959
997
1094
1182
1202
1177
1100
829
586
743
1113
1193
921
769
951
1214
1292
1187
1028
863
749
750
824
817
674
547
512
462
396
426
452
309
82
3
83
130
83
44
80
123
137
128
137
125
34
-35
-50
-72
-148
-222
-256
-361
-592
-920
-1322
-1757
-2107
-2287
-2317
-2301
-2322
-2321
-2204
-2005
-1855
-1836
-1867
-1886
-1861
-1678
-1314
-856
-465
-271
-212
-144
-51
28
52
21
19
106
309
567
733
762
652
424
207
113
181
312
415
474
547
668
773
818
753
629
535
517
587
691
829
973
1046
1050
1015
981
1000
1005
970
936
887
846
836
842
847
782
662
579
564
583
558
502
463
446
443
491
593
665
708
700
626
563
515
470
431
389
347
372
401
463
518
359
114
-187
-410
-455
-502
-569
-727
-944
-1205
-1639
-2162
-2729
-3131
-3190
-3103
-2986
-2873
-2612
-2215
-1949
-1794
-1710
-1546
-1216
-859
-403
111
568
869
872
757
637
542
510
398
295
348
442
501
438
282
136
-111
-308
-303
-126
158
360
549
753
894
976
889
792
768
754
823
904
948
883
724
581
464
397
354
343
389
456
526
567
559
527
475
441
481
575
653
678
678
634
576
572
594
638
701
765
903
1046
1093
1068
907
759
638
550
587
665
749
736
666
537
441
278
-26
-414
-806
-1008
-1084
-1022
-1012
-1389
-2275
-3548
-4510
-4583
-3992
-3278
-2947
-2680
-2152
-1631
-1097
-844
-860
-874
-898
-457
447
1400
2031
1810
1130
438
-73
-148
-108
-140
-178
-266
-99
241
344
210
-238
-594
-597
-338
302
980
1403
1543
1430
1405
1424
1315
1151
814
547
476
482
568
501
217
-146
-465
-480
-239
25
267
358
434
550
610
679
647
560
556
648
887
1120
1137
962
763
681
694
729
807
1002
1248
1314
1270
1219
1081
844
509
391
470
631
859
919
870
697
504
133
-300
-511
-673
-731
-894
-1328
-2025
-3227
-4438
-5049
-5061
-4406
-3761
-3263
-2559
-1920
-1190
-696
-563
-359
-261
-3
534
1204
2044
2276
1704
928
144
-302
-579
-919
-911
-842
-657
-315
-70
228
173
-230
-511
-432
98
805
1379
1905
2184
2143
1966
1667
1376
1001
551
160
-100
-159
-101
-56
-234
-569
-742
-699
-328
213
605
817
850
981
1076
1064
1052
927
825
763
784
940
938
764
562
276
294
504
855
1341
1615
1733
1701
1553
1419
1288
969
923
879
956
1328
1326
1468
1219
663
182
-692
-1018
-1235
-1600
-1798
-2842
-5088
-7946
-9173
-7783
-5895
-5402
-5698
-4629
-2196
-246
71
-372
200
848
640
685
1932
4106
4340
2168
93
-670
-508
-1274
-2601
-2760
-1976
-1218
-790
-113
891
1087
-39
-836
-404
830
1882
2103
2744
3546
3638
3203
2481
2129
1460
146
-669
-662
-53
304
-8
-440
-882
-1180
-1162
-753
-35
552
820
1072
1426
1682
1651
1249
946
927
991
1336
1647
1549
1164
560
218
247
333
589
990
1571
2125
2312
2276
1936
1481
1010
946
1232
1303
1489
1574
1789
1767
1195
634
-119
-564
-959
-1550
-1779
-1967
-2623
-5304
-8669
-9784
-8811
-6792
-5832
-5396
-3800
-1889
-31
686
720
1304
1114
603
659
1878
3864
4075
2574
696
-712
-1309
-2108
-2895
-2726
-2249
-1642
-834
143
1322
1442
468
-318
-362
552
1512
2131
3038
3595
3567
3043
2382
1963
1120
5
-596
-573
-145
-90
-673
-972
-1046
-1106
-980
-581
275
888
1136
1557
1807
1851
1648
1124
829
776
936
1194
1192
1133
779
209
-25
88
343
511
797
1480
2258
2638
2652
2322
1736
992
451
515
935
1274
1589
1728
1576
1367
772
50
-802
-1657
-2167
-2691
-2740
-3542
-6464
-8987
-9634
-8162
-6214
-5730
-4645
-2823
-859
849
1088
1474
1915
1419
969
790
2150
3889
3494
1829
55
-985
-1511
-2581
-3227
-2875
-2253
-1355
-547
551
1788
1776
946
219
158
960
1532
2112
3045
3482
3396
2747
2073
1513
472
-666
-1277
-1193
-672
-357
-421
-487
-611
-697
-498
-58
646
1107
1283
1578
1734
1800
1544
950
640
513
557
808
1003
1063
805
375
295
427
591
1001
1413
1927
2462
2628
2552
2216
1695
1260
928
682
881
1303
1697
1782
1379
900
-12
-670
-1277
-2260
-2950
-3474
-4076
-6559
-9620
-10003
-8398
-6329
-5642
-5406
-3368
-1047
699
1221
1100
1964
2017
1209
1095
2136
3828
3621
1762
278
-656
-1417
-2575
-3435
-2991
-2126
-1564
-668
670
2092
2426
1385
724
771
1164
1467
1711
2758
3661
3514
2906
2254
1652
627
-766
-1408
-1180
-611
-318
-778
-1006
-737
-640
-454
25
862
1479
1473
1737
2015
1886
1520
929
558
427
517
732
760
667
437
56
-77
151
591
1042
1476
1982
2675
3023
2975
2551
1922
1457
1147
1009
1136
1466
1421
1560
1492
1175
563
-401
-1380
-2553
-3461
-3928
-4890
-7971
-10854
-11000
-8997
-6345
-5492
-5013
-2958
-676
1210
1471
1242
2243
2237
1242
801
1919
4046
3686
1437
-271
-1178
-1534
-2906
-3991
-3314
-2060
-1007
-281
835
2465
2936
1718
745
624
1196
1621
1679
2698
3760
3727
2987
2049
1433
589
-850
-1661
-1387
-560
-351
-794
-647
-182
-126
-304
0
882
1373
1401
1655
1807
1769
1500
808
365
433
533
517
420
379
550
333
33
273
727
1087
1409
1971
2604
2781
2443
2066
1803
1625
1339
1137
1135
1227
1428
1648
1641
972
198
-624
-1804
-2731
-3299
-3719
-4631
-7505
-10141
-10249
-8628
-6249
-5420
-4885
-2868
-762
1152
1714
1573
2224
1999
1135
777
1532
3243
3230
1541
34
-1088
-1674
-2670
-3727
-3212
-2062
-1055
-128
950
2625
3400
2510
1466
1047
1267
1470
1522
2362
3306
3487
2912
1983
1418
657
-745
-1720
-1674
-999
-319
-39
218
559
529
331
387
813
1240
1239
1306
1435
1461
1450
896
271
156
81
133
252
372
650
566
355
508
820
1159
1448
1739
2211
2591
2526
2133
1755
1370
1073
842
587
827
1136
1368
1461
1059
529
-335
-1350
-2394
-3169
-3555
-3946
-5604
-8906
-10527
-9575
-7598
-5831
-5385
-4151
-1888
-98
1545
2004
2326
2734
1699
850
912
2058
3168
2230
713
-535
-1569
-2287
-3216
-3425
-2626
-1785
-981
117
1536
3027
3113
2165
1532
1134
1254
1308
1651
2822
3388
3072
2469
1811
1318
213
-1210
-1836
-1757
-1065
-259
232
703
1071
1103
1072
1138
1451
1556
1316
1371
1502
1427
1111
574
241
85
-9
232
385
480
717
725
766
913
1123
1297
1421
1822
2309
2462
2253
1931
1349
870
522
484
754
952
1252
1359
1216
776
74
-774
-2006
-3106
-3591
-3892
-4532
-7186
-9831
-9827
-8311
-6133
-5265
-4654
-2569
-728
898
1729
1927
2606
2159
1105
661
1199
2567
2521
1057
-294
-1445
-2116
-2767
-3363
-2878
-2098
-1303
-283
868
2466
3392
2771
1902
1270
1110
1327
1384
2089
2865
2940
2524
1841
1341
663
-600
-1509
-1734
-1520
-779
-86
555
1187
1331
1310
1272
1443
1827
1742
1561
1488
1363
1317
822
345
284
117
179
303
387
672
728
745
880
978
1256
1494
1783
2149
2272
2315
2074
1601
1265
863
599
563
659
944
1222
1299
837
-35
-451
-1096
-2404
-3093
-3555
-3907
-5437
-8644
-9903
-9214
-7468
-5338
-4986
-3805
-1547
-30
1554
1715
1748
2371
1572
902
870
1730
2912
2007
436
-860
-2017
-2400
-3066
-3403
-2521
-1676
-743
288
1292
2735
2945
2039
1333
811
1020
1263
1535
2501
2928
2759
2282
1418
909
239
-923
-1562
-1527
-955
-102
425
812
1152
1152
1061
1126
1438
1670
1585
1638
1516
1379
1343
819
451
358
184
354
436
548
815
708
782
889
978
1348
1499
1829
2307
2302
2150
1724
1271
1019
587
573
643
692
1211
1328
1303
805
-111
-355
-1192
-2222
-2678
-3221
-3331
-4752
-7965
-9793
-9663
-7796
-5698
-5166
-3969
-1863
57
1709
1987
2022
2272
1575
832
562
1366
2757
2343
788
-764
-2056
-2518
-3228
-3702
-3017
-2125
-995
193
1354
2745
2987
2110
1274
666
833
1241
1575
2450
3074
3024
2448
1526
899
165
-892
-1578
-1635
-963
-110
378
716
943
986
992
1080
1395
1758
1884
1927
1775
1568
1425
891
349
168
100
303
525
581
742
701
628
722
783
1047
1354
1837
2403
2600
2504
2059
1401
814
426
302
467
880
1136
1221
1305
989
287
-225
-888
-1846
-2413
-3015
-3369
-5018
-8408
-9877
-9505
-7779
-5619
-5034
-3663
-1682
-69
1647
1765
1840
2139
1308
823
648
1582
2885
2183
657
-1095
-2432
-2773
-3408
-3645
-2889
-2013
-764
351
1353
2744
2813
1895
1027
471
928
1370
1810
2781
3231
3083
2344
1259
697
-53
-1112
-1572
-1419
-785
50
546
928
1204
1187
1178
1239
1634
1920
1815
1769
1517
1274
1012
402
151
35
-75
258
417
554
783
679
655
729
779
1069
1423
1937
2572
2649
2305
1827
1103
650
374
379
758
868
1217
1269
1048
1258
595
4
-533
-1600
-1812
-2347
-2755
-3122
-5827
-8719
-9974
-9473
-6891
-5305
-4595
-3049
-1536
561
1857
1583
1748
1640
1019
639
739
2345
3207
1916
-46
-2081
-2738
-2871
-3618
-3376
-2534
-1359
-96
590
1693
2519
2087
1218
486
596
1423
1897
2607
3381
3317
2830
1869
1009
670
-77
-818
-1060
-781
32
346
365
609
765
796
733
1017
1581
1720
1835
1914
1613
1405
962
308
26
-56
170
521
479
448
464
335
391
536
781
1155
1575
2166
2479
2438
2069
1488
860
338
61
310
837
1096
1358
1320
1140
906
399
-80
-485
-1082
-1703
-2011
-2229
-2695
-4291
-7486
-9825
-9713
-7938
-5708
-4710
-3652
-1586
171
1371
1428
1139
1474
1159
585
711
1856
3218
2548
421
-1495
-2547
-2900
-3386
-3582
-2640
-1383
-301
454
927
1863
1995
1088
521
616
1536
2385
2686
3217
3333
2819
2025
1128
713
250
-484
-761
-472
116
310
122
267
534
824
907
984
1460
1707
1846
1854
1524
1310
874
219
-51
136
568
806
630
481
411
287
244
342
683
1131
1535
2019
2352
2372
2192
1481
697
310
218
429
710
974
1313
1212
1005
994
574
221
-196
-768
-1221
-1624
-1893
-2288
-3628
-6613
-9396
-9832
-8209
-5929
-4908
-4180
-2459
-830
616
1046
839
1322
1324
922
889
1644
3012
2800
929
-1255
-2698
-2815
-2935
-3168
-2554
-1563
-566
57
317
1033
1425
914
482
522
1491
2585
2878
3221
3233
2786
2189
1324
936
728
157
-285
-358
-62
332
204
-201
-120
163
537
957
1386
1870
1866
1760
1603
1229
1033
563
303
491
579
910
822
345
185
-34
29
334
676
1254
1645
1882
2184
2261
2036
1590
997
619
497
644
963
1088
1173
1224
1085
984
784
342
106
-229
-729
-1370
-1822
-2051
-2839
-4546
-7566
-9561
-8928
-6978
-5011
-4366
-3829
-2263
-891
147
425
544
1309
1305
912
1134
2167
3162
2116
-257
-1973
-2575
-2409
-2520
-2522
-1684
-930
-588
-422
-203
537
863
441
527
1241
2404
3078
2958
2994
2879
2375
1726
1259
1261
1101
462
20
28
259
285
-151
-501
-235
199
473
752
1194
1575
1357
1101
1049
934
906
685
567
792
997
1033
641
189
199
189
169
392
795
1253
1510
1708
1926
1978
1717
1283
801
691
729
785
921
1002
1293
1409
1025
692
687
708
666
233
-272
-783
-1283
-1420
-1991
-3216
-5680
-8682
-9539
-8297
-6014
-4634
-4490
-3366
-1907
-715
86
77
757
1358
991
1023
1629
2972
3206
1251
-798
-1963
-2122
-2055
-2444
-2203
-1361
-953
-810
-740
-198
700
683
518
982
1845
2792
2883
2822
2954
2685
2259
1692
1561
1677
1125
435
36
-96
-80
-251
-485
-606
-355
23
299
648
872
978
1044
967
1059
1185
1024
898
902
995
1034
937
681
328
125
107
241
456
805
1202
1448
1668
1801
1693
1326
835
513
546
701
1015
1183
1149
1245
1208
1132
1043
731
622
613
244
22
-389
-735
-922
-1875
-2973
-4885
-7883
-9293
-8751
-6681
-4469
-4153
-3692
-2492
-1374
-375
-547
-340
848
1271
1424
1762
2813
3620
2055
-280
-1782
-2199
-1808
-2044
-2069
-1054
-508
-495
-802
-822
113
462
311
783
1685
2719
2991
2607
2660
2611
2293
1985
1793
1948
1726
949
310
-4
-26
-48
-368
-410
-308
-478
-472
-263
127
382
357
594
759
842
1091
1029
1076
1243
1131
1065
872
754
705
424
309
333
445
774
1020
1295
1444
1242
1019
694
526
642
727
975
1307
1425
1389
1114
937
785
676
734
710
972
923
651
234
-616
-1184
-1830
-2719
-3310
-4781
-7009
-8099
-7606
-5466
-3850
-4034
-3941
-3187
-1781
-618
-762
-93
1155
1596
1538
1194
1965
2607
1189
-658
-1798
-1476
-575
-873
-1056
-715
-549
-784
-1409
-1167
64
786
948
1192
1818
2656
2530
2050
2078
2205
2304
2110
2018
2302
2017
1194
429
-1
-52
-281
-624
-825
-758
-567
-525
-375
-67
167
324
492
711
1029
1133
1026
1112
1189
1263
1374
1272
985
631
285
139
201
325
575
911
1202
1220
1044
892
712
588
594
787
1033
1230
1219
1007
823
692
766
761
785
829
729
684
466
293
29
-509
-1134
-1773
-2460
-3127
-4618
-6726
-7514
-6760
-4897
-3748
-3998
-3702
-2914
-1899
-1167
-1288
-424
822
1136
1088
1034
1963
2512
1228
-195
-864
-511
-64
-584
-836
-623
-602
-891
-1202
-718
328
657
507
659
1252
1897
1782
1662
2030
2375
2500
2398
2432
2449
1886
1007
417
295
311
82
-244
-385
-426
-537
-626
-696
-436
-197
-114
270
504
814
1091
1025
1183
1226
1231
1451
1297
1075
783
482
467
328
350
508
732
1012
921
698
542
422
350
333
477
798
977
895
741
580
588
471
420
590
665
1118
869
577
629
68
98
-444
-1145
-1249
-2072
-2299
-3297
-5633
-6575
-6627
-5129
-3662
-4106
-3826
-3362
-2502
-1309
-1534
-901
395
897
1143
763
1437
2534
1600
272
-415
-136
813
183
-589
-469
-466
-515
-1170
-1036
169
618
327
69
533
1531
1629
1284
1570
2097
2497
2359
2092
2217
2005
1290
786
624
850
851
121
-372
-401
-329
-267
-535
-479
-199
-278
-10
168
346
598
325
564
1043
1354
1740
1459
1137
1008
598
531
505
499
714
646
687
648
381
237
-51
-181
58
309
669
873
772
657
458
351
327
428
795
945
868
826
721
547
202
3
125
-102
-635
-1139
-1817
-2202
-3004
-5003
-6115
-5640
-4081
-2929
-3731
-4174
-3582
-2789
-1951
-2061
-1325
317
714
609
512
1310
2281
1287
40
-16
731
1381
627
-177
-131
-302
-757
-1210
-801
336
430
-156
-216
309
1089
1119
875
1366
2004
2307
2250
2253
2476
2336
1766
1336
1360
1471
1260
801
433
316
-3
-492
-634
-516
-394
-637
-922
-735
-385
16
145
242
755
997
1142
1154
810
809
709
580
639
629
751
531
172
153
57
85
169
69
247
316
348
413
318
354
352
342
485
467
523
723
679
694
568
454
617
804
1090
1022
608
156
-726
-1337
-1557
-1891
-2400
-3909
-5211
-5095
-4330
-3420
-3699
-4510
-4151
-3387
-2427
-1798
-1430
-397
165
67
173
775
1724
1608
588
298
720
1243
1006
188
-13
14
-267
-569
-492
248
633
149
-185
123
830
1132
924
1182
1910
2390
2447
2358
2445
2435
1996
1431
1281
1488
1549
1212
716
463
309
-92
-513
-607
-430
-274
-403
-707
-902
-733
-383
-193
-35
187
484
661
612
656
742
735
630
471
480
559
523
390
236
167
97
-97
-241
-142
39
163
218
253
370
386
457
560
730
934
831
871
882
784
852
684
705
810
460
293
-12
-470
-790
-1431
-1780
-2058
-2949
-4028
-4822
-4537
-3571
-3348
-3776
-4072
-3727
-2933
-2528
-2175
-1320
-590
-240
-222
88
978
1371
1016
544
677
1281
1449
1098
790
725
624
247
61
409
748
672
402
404
673
904
896
871
1106
1427
1697
1887
2054
2162
2032
1685
1416
1422
1521
1444
1172
747
440
289
93
-102
-428
-823
-1025
-981
-767
-672
-695
-653
-500
-187
157
481
582
506
526
454
421
483
488
440
321
330
411
370
290
164
51
135
268
382
402
354
369
336
287
322
405
514
445
309
409
480
688
578
388
584
518
439
211
-17
-111
-616
-1159
-1447
-1562
-1755
-2676
-3806
-4198
-3732
-3105
-3207
-3603
-3650
-3231
-2708
-2319
-1726
-1071
-607
-487
-437
226
1117
1387
1050
767
1025
1499
1506
1143
894
807
680
426
427
708
807
556
148
165
552
750
773
771
901
1127
1224
1351
1566
1647
1484
1248
1256
1457
1595
1390
991
730
605
509
398
292
48
-366
-594
-558
-538
-684
-863
-754
-520
-251
-27
69
170
194
253
316
429
633
690
649
618
550
503
373
223
217
163
186
283
215
98
66
28
-10
-4
-12
-20
75
199
89
28
99
167
368
344
293
421
505
511
292
132
156
-132
-522
-850
-1074
-1127
-1637
-2543
-3231
-3176
-2538
-2359
-2880
-3270
-3191
-2831
-2435
-2125
-1638
-1055
-869
-947
-764
-55
666
713
416
499
994
1353
1279
1019
974
938
788
686
750
994
968
576
345
414
701
847
709
707
878
1034
1116
1208
1330
1382
1314
1202
1187
1312
1340
1124
832
676
704
700
546
457
287
-87
-313
-347
-252
-289
-507
-473
-329
-224
-122
-182
-201
-143
-69
33
103
300
367
235
136
77
98
116
109
148
117
109
92
-13
-61
-101
-64
68
87
88
91
80
197
259
360
410
395
504
561
640
650
597
617
496
399
229
24
-32
-322
-705
-952
-1073
-1172
-1771
-2555
-2852
-2654
-2288
-2465
-3005
-3075
-2752
-2408
-2220
-2042
-1552
-1275
-1300
-1228
-807
-10
366
162
139
547
1053
1165
998
1143
1317
1247
1049
1034
1298
1325
963
636
707
926
928
750
661
760
832
798
819
946
1057
989
861
897
1077
1193
1130
982
902
895
812
679
601
529
438
214
-150
-273
-103
-29
-226
-492
-493
-367
-372
-357
-333
-275
-224
-312
-287
-133
33
83
-104
-113
123
239
251
234
371
521
463
459
430
376
424
311
244
267
224
208
10
-116
-70
-87
-45
-40
26
92
-5
6
41
69
28
-46
49
22
-121
-330
-554
-565
-719
-1167
-1751
-2235
-2088
-1754
-1845
-2199
-2635
-2680
-2362
-2095
-1865
-1725
-1536
-1396
-1458
-1216
-631
-151
-16
-156
13
533
870
942
909
1061
1247
1213
1154
1241
1357
1287
1085
1036
1165
1235
1094
805
703
757
727
695
803
933
861
720
676
794
973
981
901
841
832
860
824
762
725
663
562
408
143
-35
7
62
-12
-221
-342
-299
-291
-297
-270
-229
-180
-297
-383
-318
-227
-48
-57
-115
15
36
8
-9
-19
27
-34
-82
-70
-87
-82
-148
-210
-178
-167
-154
-180
-211
-163
-169
-96
13
8
12
12
46
170
270
299
285
262
238
169
53
-26
-113
-239
-313
-467
-843
-1307
-1585
-1499
-1284
-1420
-1910
-2303
-2222
-1873
-1783
-1838
-1722
-1497
-1427
-1449
-1122
-524
-199
-260
-310
12
495
672
637
744
1000
1189
1135
1062
1187
1268
1172
1008
1077
1311
1332
1080
783
750
888
949
950
932
922
880
797
841
1013
1173
1159
954
798
845
884
831
737
610
563
472
284
166
-3
-223
-287
-267
-302
-456
-701
-810
-738
-601
-508
-552
-661
-693
-629
-541
-397
-291
-290
-353
-412
-325
-185
-93
-96
-155
-181
-174
-111
-45
-67
-60
5
20
42
76
69
63
119
210
262
212
224
288
290
349
392
480
512
361
289
272
275
229
84
4
-30
-152
-435
-893
-1258
-1263
-1134
-1175
-1548
-1954
-2017
-1849
-1703
-1670
-1656
-1503
-1422
-1482
-1353
-930
-499
-403
-485
-320
68
359
465
516
766
998
1016
1021
1163
1319
1277
1144
1204
1401
1436
1252
990
918
1031
1063
1033
1023
918
744
612
610
708
799
769
592
450
457
503
492
427
348
311
238
152
66
8
-28
-184
-393
-417
-279
-300
-534
-792
-810
-608
-510
-585
-712
-765
-727
-641
-472
-283
-185
-291
-477
-488
-254
-29
-15
-92
-138
-93
-62
-18
80
140
182
203
187
226
277
294
324
366
411
420
386
336
315
332
348
347
338
315
306
307
257
172
135
98
52
-62
-190
-219
-325
-653
-920
-904
-751
-802
-1174
-1494
-1488
-1325
-1275
-1330
-1311
-1174
-1179
-1263
-1149
-799
-518
-528
-586
-398
-47
154
200
279
434
540
574
655
797
944
991
907
908
998
974
872
785
795
878
926
899
794
666
573
556
596
618
600
551
444
362
311
324
364
304
243
244
243
214
134
33
9
-20
-135
-270
-315
-261
-267
-392
-530
-575
-523
-514
-553
-530
-468
-454
-441
-380
-329
-249
-213
-235
-202
-115
-24
23
14
14
59
96
134
172
223
268
257
254
286
324
372
385
349
355
399
393
376
386
377
347
366
391
397
388
337
268
238
239
211
94
-43
-95
-171
-308
-505
-721
-790
-764
-838
-1006
-1223
-1345
-1305
-1264
-1255
-1225
-1193
-1222
-1318
-1311
-1107
-871
-753
-775
-720
-508
-336
-207
-84
49
181
233
265
422
612
685
700
717
789
822
791
784
772
778
818
839
825
799
744
686
668
711
777
750
682
617
581
616
607
574
553
466
393
321
221
192
182
160
98
-19
-105
-208
-295
-266
-248
-314
-384
-431
-404
-373
-354
-296
-259
-245
-282
-301
-228
-123
-80
-90
-110
-85
-35
14
75
126
119
93
106
127
155
143
127
145
132
130
162
148
121
116
95
140
197
195
223
212
205
232
221
185
154
121
93
50
-6
-43
-83
-139
-209
-328
-486
-643
-748
-731
-752
-909
-1113
-1236
-1243
-1206
-1183
-1168
-1144
-1155
-1229
-1267
-1130
-857
-704
-688
-652
-578
-433
-305
-179
4
163
267
335
436
581
666
688
699
771
891
982
1000
977
969
966
961
926
892
869
813
778
779
780
807
801
707
624
581
582
608
608
553
490
427
371
355
333
333
275
138
67
49
0
-67
-161
-187
-152
-219
-365
-444
-436
-415
-382
-350
-369
-421
-455
-446
-367
-226
-151
-193
-244
-267
-256
-221
-203
-195
-190
-198
-225
-245
-216
-155
-147
-185
-173
-161
-136
-74
-65
3
99
106
101
93
93
137
154
199
249
273
266
204
188
189
171
143
74
18
-28
-167
-318
-418
-486
-526
-626
-777
-894
-972
-1037
-1049
-1003
-964
-966
-1004
-1015
-945
-833
-688
-567
-505
-469
-415
-289
-116
50
203
292
345
407
456
568
680
764
855
886
862
875
900
905
923
927
931
901
853
810
762
744
735
703
693
663
608
563
532
560
586
555
484
410
346
289
249
205
153
84
6
-91
-181
-238
-290
-328
-378
-450
-513
-551
-547
-515
-530
-577
-576
-545
-511
-474
-414
-371
-363
-393
-407
-359
-293
-273
-306
-301
-262
-226
-202
-169
-149
-170
-204
-181
-92
-8
22
21
9
25
90
125
144
189
215
240
268
289
340
341
311
306
272
278
284
256
259
225
146
69
7
-7
-35
-121
-214
-299
-330
-350
-439
-545
-607
-634
-640
-639
-600
-559
-565
-610
-644
-578
-472
-407
-379
-334
-301
-265
-204
-115
24
123
157
177
215
280
349
394
470
517
498
482
468
463
490
489
470
461
439
414
403
430
457
448
447
447
411
422
433
415
414
395
398
395
353
301
255
230
191
144
130
106
68
20
-66
-111
-141
-201
-247
-293
-320
-328
-357
-382
-414
-456
-483
-508
-498
-451
-406
-377
-360
-350
-356
-364
-339
-290
-244
-188
-157
-157
-129
-79
-13
11
-13
8
21
19
64
111
161
197
198
203
230
272
302
311
352
410
423
416
419
432
453
460
452
437
391
327
270
254
239
193
108
-26
-172
-285
-344
-404
-483
-576
-670
-770
-852
-884
-856
-814
-812
-839
-874
-844
-761
-675
-588
-499
-450
-445
-413
-306
-160
-44
9
45
58
73
131
197
292
368
376
373
399
439
477
507
520
530
552
566
577
603
617
605
581
565
569
557
528
507
498
474
433
392
350
313
236
162
131
95
72
53
5
-23
-48
-96
-134
-141
-154
-196
-240
-249
-266
-285
-273
-262
-265
-291
-297
-276
-239
-197
-183
-170
-179
-201
-174
-115
-105
-97
-65
-72
-78
-89
-70
-32
-14
6
11
7
-1
-13
-17
8
46
66
62
63
61
64
62
75
130
152
128
116
131
120
111
118
134
165
145
96
89
79
42
29
2
-61
-129
-197
-256
-269
-285
-322
-351
-410
-458
-490
-508
-493
-480
-506
-540
-551
-528
-506
-508
-459
-412
-392
-371
-328
-236
-167
-143
-91
-39
-2
62
112
169
272
326
340
332
333
383
401
434
492
518
514
465
446
457
471
499
487
476
470
427
429
436
431
447
402
362
360
341
336
316
286
260
232
213
219
209
170
135
104
73
29
-2
-28
-49
-47
-79
-126
-169
-224
-248
-248
-249
-247
-258
-281
-308
-324
-340
-365
-377
-378
-367
-365
-346
-320
-322
-335
-322
-302
-269
-238
-218
-186
-161
-143
-103
-70
-75
-64
-38
-21
-5
5
24
52
66
63
80
117
129
123
144
183
204
220
224
222
244
232
195
184
168
168
152
100
43
-16
-61
-104
-163
-197
-232
-281
-306
-335
-366
-391
-435
-467
-464
-461
-428
-380
-370
-354
-345
-333
-294
-278
-265
-221
-152
-102
-79
-21
30
46
74
102
128
177
226
262
302
333
356
383
407
438
481
524
542
581
611
597
595
616
600
573
568
570
556
507
466
435
399
334
271
242
212
178
115
66
68
49
-3
-39
-83
-126
-150
-190
-197
-195
-234
-269
-295
-341
-379
-402
-450
-469
-446
-446
-446
-429
-414
-387
-384
-414
-391
-342
-317
-289
-256
-224
-200
-194
-187
-156
-142
-110
-88
-102
-75
-39
-32
-34
-28
-12
30
67
61
70
93
102
124
149
149
172
194
198
212
230
253
271
268
255
239
237
253
250
233
205
158
97
58
25
-14
-31
-72
-140
-164
-196
-241
-256
-294
-314
-348
-400
-406
-408
-428
-451
-446
-440
-428
-372
-317
-296
-289
-288
-240
-174
-119
-47
30
95
141
158
189
252
285
323
369
387
414
431
434
467
481
465
466
465
458
464
476
449
418
408
379
342
311
297
288
277
265
248
227
213
181
117
93
98
59
26
3
-21
-29
-62
-109
-123
-136
-201
-230
-227
-257
-270
-296
-333
-347
-377
-392
-390
-405
-382
-364
-383
-377
-367
-366
-360
-352
-344
-313
-287
-249
-189
-171
-165
-162
-161
-114
-64
-23
38
73
76
94
107
115
128
130
132
154
181
201
211
226
243
245
242
238
246
267
269
267
281
268
249
233
203
200
193
176
158
97
13
-27
-63
-119
-158
-209
-261
-294
-326
-345
-345
-370
-414
-452
-486
-499
-480
-437
-416
-415
-406
-375
-331
-293
-254
-205
-151
-97
-58
-14
49
97
126
184
229
260
304
314
313
342
372
391
401
409
428
452
441
420
425
403
388
379
368
378
368
335
312
280
257
264
242
180
131
113
126
119
75
78
93
54
16
-2
-18
-29
-61
-88
-86
-109
-144
-152
-162
-177
-188
-200
-220
-238
-250
-258
-251
-255
-281
-291
-298
-303
-308
-316
-305
-285
-281
-307
-311
-299
-279
-254
-238
-233
-234
-211
-180
-153
-112
-102
-110
-77
-53
-28
22
41
46
50
61
83
110
142
181
221
224
227
250
264
284
304
275
250
242
235
264
249
215
233
215
161
112
44
24
21
-18
-26
-54
-112
-155
-194
-209
-217
-234
-264
-297
-311
-306
-282
-279
-298
-323
-338
-315
-283
-250
-191
-135
-123
-130
-99
-52
-16
13
52
104
141
166
175
211
253
268
290
328
353
375
402
423
443
452
433
408
375
370
395
412
417
382
336
300
258
232
207
173
148
126
91
55
37
-1
-46
-78
-132
-161
-187
-219
-223
-238
-254
-261
-303
-346
-357
-360
-349
-348
-357
-337
-337
-336
-300
-285
-277
-266
-260
-262
-255
-227
-214
-214
-232
-237
-203
-178
-177
-170
-138
-100
-74
-43
-26
-30
-15
0
30
75
105
136
162
175
189
178
170
190
206
239
296
312
293
295
305
316
308
289
302
313
289
274
265
253
257
238
183
126
72
51
27
-41
-84
-125
-168
-201
-238
-252
-278
-317
-349
-377
-382
-373
-361
-371
-381
-351
-318
-309
-286
-242
-213
-192
-151
-127
-93
-53
-32
-8
40
81
114
142
148
172
201
236
253
235
229
240
273
296
291
295
298
308
300
278
294
296
252
218
199
195
181
145
121
99
76
75
48
17
13
-5
-20
-40
-51
-39
-43
-56
-72
-71
-73
-112
-132
-139
-148
-158
-184
-208
-196
-172
-180
-205
-212
-208
-204
-206
-208
-208
-200
-197
-200
-190
-171
-162
-148
-119
-96
-82
-51
-39
-43
-26
8
51
81
92
105
106
123
158
185
197
204
221
237
263
268
255
254
236
218
213
207
202
189
153
128
141
127
100
77
53
16
-32
-49
-52
-80
-137
-191
-216
-242
-284
-320
-321
-302
-331
-360
-354
-361
-384
-395
-387
-354
-328
-336
-320
-290
-266
-244
-225
-194
-178
-151
-109
-61
-3
39
56
71
111
146
160
183
217
263
289
298
317
337
362
363
365
383
412
429
407
398
396
395
377
343
336
330
311
285
266
242
207
172
151
140
111
105
100
66
53
40
12
3
-21
-40
-43
-76
-112
-124
-129
-142
-164
-187
-197
-214
-249
-252
-240
-259
-290
-300
-290
-276
-267
-286
-280
-251
-265
-272
-246
-218
-202
-223
-223
-184
-156
-153
-152
-136
-120
-109
-94
-74
-60
-51
-41
-28
-1
18
15
33
50
70
99
105
112
128
139
142
157
173
181
187
180
174
175
182
185
178
148
111
83
78
66
16
-3
-12
-31
-44
-55
-71
-98
-101
-120
-131
-137
-169
-175
-174
-174
-175
-171
-162
-149
-147
-159
-136
-82
-52
-48
-35
-4
35
50
48
83
131
167
184
193
208
230
243
235
247
255
254
265
262
267
272
251
227
207
191
190
207
186
157
128
102
106
86
66
55
45
34
0
-17
-3
0
-33
-87
-98
-94
-102
-123
-128
-118
-122
-151
-188
-190
-191
-207
-224
-227
-222
-214
-240
-259
-259
-258
-226
-202
-201
-182
-169
-158
-127
-124
-117
-102
-107
-93
-62
-36
-11
-4
-14
2
20
27
35
46
76
92
85
95
103
106
134
133
132
160
149
139
156
167
168
155
138
153
168
156
151
152
141
128
104
85
86
69
42
16
-23
-55
-70
-95
-121
-137
-156
-173
-181
-184
-179
-182
-190
-171
-157
-180
-181
-192
-192
-162
-166
-151
-118
-109
-99
-88
-74
-46
-17
3
32
55
59
77
91
96
120
137
147
153
146
149
164
158
161
184
178
165
158
160
176
185
181
172
162
130
111
116
112
110
109
87
79
70
50
40
39
30
0
-25
-37
-23
-28
-64
-85
-94
-89
-84
-81
-84
-87
-99
-91
-66
-59
-59
-74
-87
-78
-85
-95
-71
-65
-76
-76
-64
-56
-58
-65
-74
-51
-33
-21
-24
-34
-18
-23
-33
-24
-17
-12
-18
-16
-5
19
27
9
11
10
22
19
6
7
8
8
2
-3
-7
-16
-18
-28
-31
-30
-48
-70
-72
-65
-72
-88
-90
-88
-98
-120
-136
-122
-121
-138
-133
-121
-110
-117
-123
-96
-74
-67
-74
-65
-40
-13
-1
13
38
54
69
78
72
70
92
110
116
131
149
148
142
137
149
168
174
196
197
190
187
178
199
203
185
176
176
196
203
164
136
140
140
136
107
83
101
99
72
55
46
51
39
7
1
9
5
-15
-29
-41
-39
-50
-74
-80
-77
-79
-95
-104
-106
-87
-79
-99
-117
-117
-96
-88
-93
-113
-151
-163
-142
-133
-147
-181
-180
-151
-145
-150
-150
-135
-137
-148
-145
-115
-81
-88
-96
-94
-78
-54
-56
-64
-50
-25
-15
-11
-10
-10
15
36
36
52
65
64
61
58
55
56
67
54
31
31
37
22
-17
-41
-33
-12
-8
-20
-27
-21
-14
-25
-33
-20
-20
-15
-10
-17
4
-8
-30
-16
-3
25
43
20
23
41
43
81
76
59
87
90
92
116
116
136
162
151
154
166
177
169
137
160
179
159
147
111
104
137
126
115
121
113
112
108
84
74
53
24
17
-2
-9
-9
-25
-24
-23
-40
-58
-59
-80
-101
-101
-112
-109
-99
-112
-105
-96
-126
-140
-147
-141
-118
-111
-96
-99
-102
-81
-93
-111
-98
-82
-82
-89
-70
-58
-66
-59
-51
-42
-44
-61
-53
-57
-67
-52
-35
-28
-19
-19
-35
-28
-21
-16
-1
-17
-29
0
10
0
0
-12
-29
-5
4
-7
-5
-23
-36
-18
-17
-12
5
-8
-11
8
4
8
17
-3
0
21
20
5
-8
-13
8
27
23
33
28
6
16
49
54
52
44
38
48
61
72
55
45
66
61
55
79
84
81
93
84
87
125
122
101
112
134
146
141
119
92
100
109
112
128
106
71
74
64
53
59
57
51
35
21
28
33
15
3
-17
-28
-24
-25
-24
-47
-73
-65
-62
-64
-54
-68
-74
-79
-88
-79
-86
-97
-89
-102
-113
-111
-113
-101
-124
-142
-130
-126
-119
-127
-142
-128
-118
-115
-103
-117
-117
-86
-80
-70
-37
-33
-27
-17
-49
-51
-21
-32
-41
-25
-3
10
3
6
19
19
9
2
8
32
39
28
32
30
10
19
16
-2
3
14
23
2
-17
-5
-6
-15
3
10
22
36
25
35
48
20
27
54
73
91
89
81
73
81
100
92
100
121
109
108
104
107
132
119
111
115
87
55
50
60
57
59
58
45
41
30
30
44
52
55
46
46
39
16
17
41
41
13
4
-3
-6
-2
-23
-32
-13
-14
-37
-39
-24
-25
-38
-34
-40
-52
-44
-54
-65
-64
-66
-69
-73
-79
-81
-90
-79
-83
-107
-102
-100
-97
-89
-100
-107
-99
-117
-130
-105
-94
-106
-103
-102
-102
-86
-83
-68
-52
-60
-57
-52
-33
-18
-35
-39
-6
10
-4
-11
16
47
54
38
20
45
67
57
67
83
82
75
56
65
80
80
96
101
81
57
63
79
70
50
34
44
40
34
47
41
34
32
20
26
31
13
27
44
26
28
20
0
5
3
3
13
7
-1
1
5
9
4
0
8
9
4
18
29
21
17
17
15
11
19
27
20
14
17
23
30
27
24
19
13
11
5
3
17
19
24
13
2
7
13
12
-9
-27
-34
-30
-37
-38
-28
-31
-50
-58
-48
-52
-59
-60
-57
-39
-48
-63
-66
-65
-52
