3
4
4
6
4
4
5
3
5
6
7
8
7
6
7
12
11
10
14
15
14
14
13
13
15
16
18
15
12
11
11
12
9
6
4
1
-4
-5
-5
-9
-14
-15
-16
-20
-19
-17
-24
-26
-26
-29
-29
-30
-30
-32
-30
-28
-28
-29
-28
-28
-26
-24
-23
-20
-20
-17
-14
-9
-6
-6
-6
-2
4
8
13
15
18
22
24
28
36
35
38
47
48
49
48
49
55
56
54
48
44
51
51
47
46
46
43
37
29
23
18
16
18
14
8
0
-9
-5
-6
-18
-21
-28
-26
-24
-41
-49
-46
-38
-30
-36
-41
-40
-38
-40
-38
-37
-37
-42
-48
-52
-54
-47
-46
-56
-71
-82
-88
-103
-128
-147
-155
-170
-189
-215
-250
-273
-274
-278
-287
-295
-307
-318
-323
-308
-272
-258
-258
-250
-221
-172
-128
-91
-59
-27
3
40
89
146
194
223
246
275
322
364
391
407
417
438
464
479
487
480
472
480
489
494
483
463
456
461
462
437
404
391
383
364
345
339
317
272
226
200
186
171
138
88
53
41
27
-5
-45
-90
-113
-128
-146
-163
-182
-205
-239
-274
-290
-281
-292
-307
-322
-343
-326
-308
-308
-318
-324
-308
-290
-269
-251
-249
-254
-258
-253
-214
-180
-191
-179
-165
-172
-156
-150
-162
-165
-179
-183
-167
-209
-304
-391
-411
-359
-351
-445
-559
-614
-598
-530
-525
-568
-609
-672
-670
-582
-478
-404
-451
-505
-425
-285
-124
-24
3
30
66
172
350
487
529
520
516
578
702
814
836
790
738
725
796
867
854
792
730
678
676
724
737
686
604
515
502
556
554
516
462
383
355
371
384
376
321
261
245
264
274
235
169
122
93
73
84
76
7
-58
-100
-119
-96
-101
-163
-224
-272
-293
-290
-285
-316
-368
-389
-384
-381
-386
-402
-424
-433
-431
-416
-396
-386
-393
-389
-352
-335
-319
-287
-271
-261
-251
-248
-234
-219
-219
-217
-215
-224
-221
-200
-245
-363
-450
-466
-433
-402
-505
-688
-769
-767
-692
-642
-735
-828
-909
-950
-822
-674
-604
-627
-737
-706
-507
-284
-128
-95
-108
-69
80
291
479
587
587
552
618
779
943
1019
973
915
907
960
1059
1095
1040
957
885
889
940
938
907
824
728
704
725
773
760
659
576
546
541
566
565
510
434
373
368
399
393
309
221
147
126
145
126
71
3
-83
-136
-137
-142
-175
-229
-291
-352
-356
-334
-353
-395
-443
-478
-455
-400
-401
-414
-440
-455
-425
-409
-366
-325
-347
-367
-354
-317
-273
-269
-287
-311
-343
-372
-378
-348
-348
-394
-497
-671
-765
-720
-643
-656
-851
-1075
-1114
-1034
-923
-914
-1037
-1130
-1202
-1168
-935
-749
-725
-830
-937
-806
-492
-204
-70
-117
-150
-54
159
447
628
666
631
617
739
932
1096
1130
1046
979
1003
1131
1248
1215
1086
992
990
1045
1087
1074
997
885
790
772
853
898
815
681
585
570
616
655
632
531
401
368
416
427
379
308
237
186
165
165
176
137
26
-51
-65
-64
-42
-74
-165
-233
-281
-282
-249
-260
-316
-379
-405
-394
-383
-365
-375
-403
-426
-435
-399
-371
-358
-368
-380
-357
-328
-330
-358
-392
-420
-414
-405
-409
-410
-530
-749
-874
-845
-722
-709
-938
-1221
-1337
-1260
-1109
-1072
-1207
-1385
-1477
-1423
-1234
-1013
-900
-989
-1131
-1038
-708
-337
-145
-170
-199
-109
128
456
701
793
760
710
818
1060
1273
1327
1240
1156
1151
1231
1333
1352
1251
1106
1031
1057
1134
1140
1048
915
785
759
810
864
856
729
606
568
583
619
632
586
500
431
402
435
464
396
296
220
184
184
191
151
60
-16
-75
-89
-58
-65
-145
-230
-281
-290
-263
-248
-285
-336
-350
-328
-292
-263
-292
-329
-343
-343
-289
-260
-272
-265
-295
-337
-326
-337
-370
-412
-457
-450
-485
-646
-853
-993
-965
-873
-947
-1173
-1389
-1447
-1362
-1318
-1363
-1443
-1549
-1617
-1552
-1329
-1095
-1045
-1163
-1222
-1032
-676
-371
-237
-243
-243
-91
218
526
701
739
725
761
933
1184
1347
1348
1249
1182
1252
1371
1400
1370
1259
1143
1123
1143
1183
1168
1057
926
832
814
866
874
790
690
615
599
625
638
625
561
478
428
439
466
445
395
327
267
249
241
200
153
108
52
35
20
-34
-66
-111
-171
-206
-206
-199
-227
-262
-290
-281
-250
-260
-293
-288
-275
-278
-289
-322
-302
-276
-318
-377
-417
-429
-450
-520
-576
-608
-730
-931
-1090
-1120
-1059
-1092
-1282
-1499
-1603
-1560
-1497
-1494
-1563
-1674
-1731
-1675
-1496
-1266
-1145
-1187
-1243
-1142
-821
-445
-257
-246
-227
-79
199
495
699
790
813
832
937
1145
1331
1405
1364
1272
1286
1411
1479
1442
1341
1229
1194
1199
1204
1226
1157
1023
939
896
896
910
858
773
701
677
714
746
713
630
559
526
521
517
507
451
370
308
282
292
268
195
109
6
-42
-19
-15
-74
-156
-211
-231
-225
-235
-252
-271
-289
-278
-246
-226
-181
-133
-161
-208
-226
-227
-206
-207
-246
-293
-359
-383
-426
-495
-523
-754
-1202
-1533
-1556
-1334
-1289
-1653
-2030
-2140
-2048
-2000
-2120
-2320
-2445
-2329
-1972
-1557
-1242
-1097
-1075
-1004
-830
-536
-192
21
126
236
500
952
1335
1466
1359
1138
991
1028
1230
1385
1343
1218
1136
1155
1224
1191
1039
822
599
560
760
1054
1233
1218
1119
1056
1096
1203
1270
1231
1133
1079
1129
1225
1233
1072
777
515
360
323
344
290
169
16
-87
-58
-22
-53
-112
-167
-141
-15
138
240
262
165
74
129
236
340
425
445
396
356
331
284
193
2
-277
-471
-536
-593
-644
-738
-899
-1087
-1340
-1652
-2100
-2758
-3328
-3490
-3169
-2673
-2511
-2607
-2516
-2199
-1864
-1683
-1567
-1352
-1044
-688
-220
440
979
1085
893
673
603
671
683
626
544
438
438
535
588
469
206
-16
-92
-34
162
482
786
922
987
1145
1320
1374
1259
1113
1088
1126
1172
1243
1242
1102
840
570
425
373
364
426
492
491
480
503
521
502
458
433
505
610
673
716
662
492
332
268
303
365
414
516
624
668
646
608
552
420
264
190
200
246
264
217
165
36
-48
42
96
79
-107
-374
-439
-414
-364
-400
-658
-952
-1282
-1496
-1514
-1664
-2156
-3264
-4446
-4677
-3909
-2867
-2581
-2964
-2874
-2032
-951
-340
-266
-135
-4
143
630
1346
1945
1874
1217
680
409
311
162
-155
-491
-758
-675
-240
185
297
62
-129
-36
248
731
1284
1666
1791
1763
1914
2151
2127
1745
1196
831
666
615
595
379
-85
-597
-774
-490
-111
74
95
116
294
587
854
1005
984
927
955
1080
1269
1308
1107
780
459
292
256
236
206
130
133
294
439
588
694
576
375
206
171
311
393
421
464
422
464
446
353
289
5
-185
-295
-398
-371
-514
-696
-899
-1228
-1323
-1591
-2000
-2524
-3959
-5371
-5740
-4835
-3133
-2394
-2369
-2054
-1496
-447
60
43
400
388
433
808
1344
2146
1868
894
186
-560
-695
-784
-1063
-888
-842
-585
-24
326
594
398
118
379
697
1228
1787
2021
2214
2156
2079
2092
1849
1459
909
391
263
274
301
251
-136
-628
-913
-783
-335
51
342
637
893
1127
1224
1213
1187
1039
959
1015
1070
1140
1012
581
182
-96
-234
-216
-156
37
285
562
825
879
791
619
363
224
215
286
468
520
500
443
363
390
293
121
12
19
100
33
-23
-38
-253
-602
-945
-1187
-1141
-1287
-1960
-2769
-4214
-5843
-6349
-5646
-3985
-2855
-2626
-1982
-1202
-256
412
413
744
700
450
844
1386
2067
1852
720
-74
-815
-1247
-1403
-1608
-1291
-936
-686
-14
537
849
869
682
962
1357
1651
2008
2303
2539
2526
2244
1970
1676
1120
465
-36
-224
-99
-60
-211
-469
-822
-1001
-778
-147
604
1094
1391
1559
1600
1568
1374
1150
1012
802
785
898
909
820
419
14
-232
-274
-83
131
544
935
1099
1243
1198
995
722
390
271
305
372
405
457
525
433
341
251
184
-58
-79
136
39
40
-81
-211
-366
-732
-899
-1160
-1306
-1623
-2694
-4406
-6682
-7709
-6874
-5199
-3591
-3188
-2519
-1017
130
834
891
1164
1486
915
564
1075
2049
2253
1004
-318
-1027
-1573
-2064
-2315
-1883
-1023
-648
-215
753
1632
1861
1443
1322
1644
1796
1784
2000
2509
2739
2409
1913
1563
1140
309
-509
-757
-468
-128
-113
-177
-222
-358
-396
-136
355
988
1443
1601
1776
1742
1436
1115
882
801
695
683
875
985
789
314
-58
-189
-208
-4
375
896
1359
1467
1353
1195
975
557
205
171
234
361
427
347
474
410
360
475
291
240
-181
-198
276
21
-136
-591
-1114
-971
-994
-838
-1410
-3004
-4734
-7444
-9196
-8538
-6602
-4164
-3056
-2682
-1466
53
1620
2090
1598
1624
1317
720
916
1681
2446
1772
-258
-1666
-2353
-2582
-2704
-2621
-1629
-615
75
918
2079
2908
2740
1967
1596
1837
1851
1775
2060
2466
2622
2167
1408
907
311
-455
-967
-860
-124
312
324
390
360
366
495
554
541
452
542
774
990
1121
895
655
615
766
1034
1174
1390
1398
847
449
372
234
80
26
285
766
1195
1372
1221
1003
747
314
20
92
347
539
532
468
477
485
312
215
263
278
321
287
273
274
158
-7
-345
-709
-827
-1155
-2175
-3883
-6422
-9256
-10281
-8862
-6343
-4231
-3161
-1922
-71
1445
2337
2474
2360
2126
1250
731
1290
2185
2129
672
-1162
-2482
-3303
-3637
-3410
-2543
-1256
-330
592
2017
3214
3510
2883
2064
1782
1681
1590
1764
2168
2502
2242
1575
996
480
-205
-904
-1160
-665
103
501
664
711
603
386
302
612
920
1089
1276
1266
1127
876
574
433
378
549
834
1034
1301
1259
752
310
82
-23
5
354
965
1402
1601
1477
1208
890
412
27
-115
40
370
494
596
607
491
420
403
425
140
14
113
183
391
272
-22
-286
-709
-672
-834
-1648
-2889
-4943
-7369
-9441
-9815
-8220
-5835
-3765
-2735
-1684
59
1701
2676
2517
2059
1812
1256
970
1287
1806
1748
361
-1670
-3012
-3416
-3352
-3132
-2364
-1078
68
1124
2338
3488
3865
3078
2062
1523
1416
1634
1697
1949
2330
2135
1481
729
240
-166
-719
-964
-599
153
775
960
980
939
861
735
563
660
826
886
980
903
779
640
439
603
881
1132
1383
1318
1170
866
421
177
87
143
403
883
1338
1501
1372
970
573
316
30
-4
124
308
615
644
665
781
733
488
340
71
-25
334
294
457
373
-310
-555
-820
-1136
-1681
-3308
-4994
-6874
-9376
-10159
-8875
-6502
-3971
-2878
-1908
-49
1543
2711
2720
2167
2038
1359
757
861
1251
1488
328
-1533
-2803
-3409
-3238
-2959
-2434
-1198
78
1017
2170
3375
3978
3577
2395
1666
1487
1414
1409
1476
1755
2005
1637
969
643
302
-136
-567
-630
44
744
1082
1217
1030
826
800
712
809
915
772
681
559
468
534
559
648
809
951
1175
1376
1424
1110
573
274
163
234
524
903
1294
1396
1204
972
676
420
107
-179
-84
236
607
786
792
790
734
711
542
531
531
27
130
421
201
176
-492
-937
-770
-1605
-2968
-4586
-6207
-8065
-10060
-9932
-7727
-4875
-2789
-2005
-711
967
2221
2794
2372
2112
1738
803
440
707
1124
801
-746
-2399
-3318
-3309
-2873
-2455
-1423
-40
988
1958
2982
3916
4012
2917
1804
1204
1065
1077
1041
1335
1644
1648
1190
567
314
150
-186
-306
99
694
1000
855
664
647
824
1000
1041
1091
917
773
732
521
432
367
335
577
826
1202
1411
1252
1050
622
261
227
375
699
998
1270
1461
1432
1105
645
357
58
-214
-258
4
321
583
784
730
633
538
498
763
846
636
337
71
172
136
-218
-479
-831
-1369
-2500
-4343
-5736
-7623
-9877
-10167
-8749
-5904
-3100
-1957
-598
1033
2373
3297
2594
1858
1691
995
381
242
679
929
-263
-2136
-3335
-3482
-3035
-2737
-2054
-555
933
1972
2823
3692
4104
3393
2061
1072
864
1046
1118
1273
1521
1710
1408
724
291
44
-115
-254
-113
575
1097
1228
1036
636
681
824
735
663
457
416
547
456
501
550
508
750
1005
1361
1700
1690
1434
886
400
144
-6
184
577
983
1378
1507
1359
1032
606
236
-56
-65
162
268
501
776
820
743
668
564
468
352
316
377
450
732
534
-26
-327
-742
-1306
-2616
-4442
-6077
-8762
-10682
-9971
-7663
-4498
-2736
-2107
-541
1235
2754
3197
2471
2171
1648
689
298
574
1123
753
-1014
-2870
-3672
-3471
-2940
-2536
-1550
-113
1106
2079
2956
3822
3925
2930
1652
973
1019
1121
1021
1153
1460
1534
1068
475
200
79
-79
-213
56
739
1184
1082
721
469
639
814
826
1050
1139
1013
797
420
202
184
263
444
671
1079
1407
1362
1126
755
378
177
147
400
919
1391
1711
1655
1341
929
374
-98
-440
-460
-128
267
523
698
770
906
802
335
371
411
431
555
471
557
321
-49
-225
-582
-969
-1917
-3545
-4945
-7017
-9592
-10258
-8532
-5553
-3154
-2337
-1355
470
2086
3002
2647
2091
1954
1119
286
254
878
1201
-103
-2089
-3347
-3485
-3100
-2758
-2043
-711
687
1520
2367
3382
4030
3407
1893
1039
927
1145
1204
1141
1437
1646
1230
598
313
192
20
-181
-69
729
1360
1390
867
26
-38
345
661
1057
1131
968
648
284
211
178
148
324
605
1014
1461
1722
1535
931
373
-10
-154
115
614
1152
1532
1536
1296
912
529
263
-130
-354
-143
110
395
683
770
806
829
636
413
340
426
437
487
762
907
776
264
-312
-663
-1101
-2071
-3606
-5162
-7516
-9953
-10093
-8288
-5264
-2892
-2319
-1325
311
2004
3107
2555
2077
1937
1151
575
514
1114
1323
-232
-2472
-3753
-3653
-3045
-2720
-1993
-448
880
1632
2251
3050
3656
3040
1705
1003
1233
1665
1601
1416
1533
1572
1058
353
58
181
227
5
43
579
1094
1139
954
530
153
372
705
1030
1303
1016
585
65
-150
234
312
495
943
1088
1196
1236
1176
931
365
110
62
211
783
1135
1392
1548
1173
765
454
201
117
-46
56
378
612
780
748
732
725
508
362
425
452
623
697
513
588
427
-117
-545
-977
-1190
-2121
-3714
-5077
-7784
-10077
-9722
-7677
-4540
-2734
-2424
-1237
377
1996
2636
1999
2011
1875
989
605
919
1688
1368
-747
-2882
-3766
-3390
-2844
-2488
-1408
-22
755
1200
1984
3004
3384
2550
1504
1346
1805
2056
1780
1503
1578
1418
692
172
204
389
234
-65
225
844
1064
862
553
53
-59
405
616
1037
1336
938
528
-12
-4
322
310
838
1099
1152
1442
1326
1167
640
104
112
-28
330
929
1164
1603
1485
1005
704
350
238
48
-66
349
571
622
798
662
696
601
321
427
400
417
623
635
646
636
310
-188
-645
-1135
-1649
-2386
-3323
-4547
-7369
-9959
-9660
-7306
-4140
-2661
-2791
-1634
122
1572
2134
1802
2265
2198
1125
758
1245
2057
1518
-801
-2813
-3514
-3224
-2681
-2220
-1105
3
244
553
1433
2559
3108
2395
1607
1745
2170
2282
1990
1707
1705
1338
523
241
392
482
178
-349
-87
513
742
618
315
351
247
228
799
1179
1413
1196
324
-136
-136
231
756
884
1036
1132
1111
1207
932
534
281
113
302
550
966
1441
1406
1129
714
404
385
275
212
195
360
694
695
545
377
394
560
504
460
676
816
867
512
64
307
214
-119
-587
-1284
-1151
-1244
-2243
-3350
-5591
-8566
-10060
-9168
-5976
-3049
-2381
-2311
-1454
88
1472
1644
1584
1940
1872
1490
1304
1829
2305
1000
-1382
-3225
-3587
-2764
-2251
-1778
-856
-176
122
436
1168
2260
2669
2114
1814
2098
2614
2706
2193
1968
1784
1195
745
592
673
640
27
-380
-217
42
253
213
259
868
1004
398
498
915
1110
1041
459
276
304
490
992
890
983
1181
900
820
576
538
542
172
333
502
631
1074
1032
939
792
437
467
266
112
395
441
650
784
444
376
195
163
268
293
666
752
699
438
181
166
-61
-283
-843
-1019
-641
-1104
-2063
-3291
-5267
-7994
-9928
-8917
-5780
-2926
-2176
-2723
-2017
-331
855
905
843
1913
2560
2007
1612
2081
2505
1290
-1190
-2941
-2976
-2170
-1794
-1702
-980
-250
-303
-367
388
1767
2355
2083
2004
2373
2949
2853
2330
2259
2200
1775
1224
1011
1109
714
-153
-700
-611
-249
-146
-191
48
608
925
786
752
1032
1227
1086
736
618
704
729
788
743
665
741
792
611
374
394
470
306
237
287
391
660
796
811
746
658
579
222
-2
152
308
412
424
483
563
422
267
84
149
355
379
514
381
179
99
-243
-298
-260
-304
-70
-350
-917
-1829
-3351
-4704
-6991
-9067
-8544
-6264
-3379
-2270
-3033
-2842
-1665
-317
315
407
1729
2923
2755
2359
2267
2693
2031
-300
-2042
-2435
-1901
-1369
-1428
-1057
-544
-794
-983
-487
631
1679
1840
1978
2549
2978
3029
2763
2705
2757
2379
1814
1616
1482
1074
302
-527
-636
-482
-442
-329
-224
83
365
450
683
968
1196
1294
1170
977
781
747
788
670
595
621
699
792
654
387
170
-102
-407
-458
-109
465
909
950
764
568
366
80
-206
-129
319
663
664
457
302
350
377
113
-16
210
227
127
-49
-158
149
267
229
86
-64
46
-183
-451
-870
-1785
-2761
-4076
-6134
-8144
-8281
-6171
-3601
-2674
-3479
-3866
-2662
-969
-93
348
1565
2937
3004
2275
2226
2840
2421
493
-1300
-1601
-890
-623
-959
-991
-784
-1184
-1745
-1393
51
1479
1839
1905
2316
2745
2789
2512
2637
2983
2861
2512
2322
2279
1838
686
-307
-590
-585
-559
-589
-447
-112
-65
-87
101
456
871
1053
994
932
979
1008
995
1058
1145
1098
1082
1040
637
59
-335
-572
-671
-540
-183
314
688
802
570
165
18
-6
11
284
698
971
847
397
40
-142
-38
-15
41
220
182
230
106
102
-76
-223
51
56
92
-49
-398
-447
-682
-1221
-1967
-2835
-3583
-5017
-6836
-7283
-5886
-3742
-2735
-3402
-3840
-2993
-1531
-452
129
1317
2564
2570
1996
1852
2442
2717
1383
-123
-624
-312
-44
-530
-809
-782
-1050
-1513
-1352
-314
936
1529
1488
1647
1974
2198
2364
2654
3088
3326
3127
2778
2443
1818
935
176
-183
-182
-108
-50
-190
-468
-594
-663
-503
-179
230
629
715
726
657
657
911
1084
1147
1099
1049
1073
741
338
46
-305
-426
-465
-371
-9
241
212
-95
-421
-403
-226
-3
310
515
554
366
65
-137
-121
109
325
383
356
397
402
321
21
-154
9
142
398
492
255
-26
-467
-847
-1050
-1103
-999
-1364
-2029
-2696
-4081
-5772
-6596
-5766
-3694
-2542
-2997
-3598
-3176
-1839
-869
-393
778
2129
2438
1875
1506
2099
2480
1660
663
393
784
835
175
-234
-409
-950
-1495
-1398
-352
891
1261
1145
1119
1148
1245
1425
1997
2763
3094
3074
2896
2564
2007
1291
805
662
663
680
570
251
-311
-924
-1089
-729
-371
-45
-225
-815
-450
70
257
363
151
396
817
1330
1854
1447
905
346
-339
-288
-19
223
261
55
64
-329
-824
-734
-608
-511
-242
99
479
672
471
177
79
247
476
522
669
663
561
374
165
301
260
324
404
241
43
-344
-563
-569
-729
-861
-931
-937
-1153
-1946
-2981
-4353
-5735
-5903
-4535
-2690
-1956
-2908
-3860
-3444
-2265
-1161
-415
611
1894
2133
1449
1178
1782
2333
1792
989
1051
1572
1523
703
-23
-243
-450
-811
-727
25
827
751
97
-96
248
842
1394
1931
2562
2857
2619
2213
1886
1782
1668
1466
1434
1421
1165
507
-281
-829
-902
-641
-430
-396
-372
-268
-361
-613
-747
-553
2
577
941
1045
1013
932
576
179
83
241
449
390
229
152
-55
-399
-696
-709
-425
-149
-83
-76
54
116
-86
-312
-172
142
371
472
493
550
441
120
-100
-27
281
436
531
435
161
131
-21
25
-70
-402
-301
-427
-394
-220
-624
-1012
-1677
-2505
-3302
-4448
-4617
-3638
-2605
-2218
-3118
-3871
-3347
-2304
-1192
-351
410
1236
1275
865
1001
1679
2342
2259
1718
1515
1484
1152
500
20
77
225
99
-55
103
238
-1
-374
-414
55
698
1258
1606
1817
1914
1707
1334
1228
1489
1809
1912
1800
1616
1320
762
186
-154
-176
99
313
247
-111
-609
-881
-868
-819
-692
-433
-176
2
30
-80
-113
-15
112
316
498
553
400
205
198
234
169
48
-4
-53
-197
-326
-322
-207
-127
-171
-266
-339
-321
-221
-162
-62
74
202
206
147
304
516
715
828
777
713
507
349
450
600
591
165
-288
-377
-220
-66
-264
-762
-1251
-1853
-2440
-3100
-3750
-3632
-2803
-2021
-2202
-3110
-3347
-2555
-1644
-1175
-846
-150
423
287
157
664
1561
1876
1431
1282
1600
1727
1332
918
975
1060
661
158
63
199
136
-190
-339
-180
48
131
216
550
891
1055
1121
1263
1543
1784
1796
1692
1594
1556
1544
1374
1108
870
668
425
48
-421
-757
-800
-705
-690
-830
-960
-926
-845
-747
-548
-242
31
223
286
301
363
310
192
294
590
699
531
219
-7
-123
-304
-397
-315
-137
-124
-338
-466
-410
-310
-177
-52
19
183
258
210
240
402
506
602
726
748
724
655
644
543
553
676
562
385
262
255
327
-77
-755
-1240
-1527
-1648
-2311
-3137
-3297
-2971
-2626
-2932
-3410
-3279
-2817
-2249
-1715
-1172
-504
-217
-237
-32
504
1237
1593
1563
1487
1412
1327
1086
907
947
965
779
502
327
217
32
-115
-128
-9
178
272
342
498
687
832
942
1113
1348
1455
1449
1479
1494
1523
1504
1326
1120
986
820
653
541
351
124
-181
-487
-669
-687
-650
-819
-1019
-1062
-920
-559
-327
-309
-293
-298
-178
-47
106
358
472
511
422
325
362
309
142
20
-46
-54
-54
-89
-182
-251
-213
-189
-194
-148
-155
-137
-18
175
443
588
684
725
729
822
856
859
841
828
844
730
624
415
208
74
-105
-234
-479
-832
-1125
-1384
-1704
-2225
-2895
-3136
-2798
-2359
-2399
-2902
-3161
-2906
-2449
-1980
-1530
-1023
-650
-640
-578
-115
546
1022
1150
1142
1266
1416
1346
1273
1321
1317
1197
968
793
718
597
455
309
261
356
368
324
365
487
638
733
811
956
1070
1151
1135
1179
1339
1447
1415
1217
970
815
728
591
476
384
227
-95
-531
-891
-891
-572
-518
-772
-967
-935
-680
-486
-399
-329
-359
-418
-316
-18
363
513
360
128
36
103
135
206
334
403
415
301
180
147
165
226
253
288
311
183
76
61
140
253
145
123
233
265
383
371
372
487
433
483
521
485
463
268
100
26
-136
-365
-738
-1095
-1242
-1542
-2032
-2644
-2975
-2634
-2248
-2391
-2888
-3197
-2846
-2227
-1868
-1609
-1243
-852
-749
-709
-253
455
941
913
821
1128
1430
1494
1440
1476
1583
1499
1210
1000
990
975
830
673
645
584
441
278
231
357
464
538
574
571
576
596
697
835
974
1072
1011
938
927
969
1032
1005
909
776
576
356
168
-42
-246
-473
-622
-519
-435
-634
-994
-1158
-936
-569
-338
-280
-309
-313
-202
-39
156
340
443
436
374
359
382
405
406
299
167
108
111
113
8
-29
-19
-101
-169
-218
-246
-196
-126
-62
-59
-59
-64
-48
2
86
223
339
314
207
277
406
434
276
108
66
-71
-415
-693
-725
-773
-1228
-1971
-2328
-2003
-1605
-1775
-2344
-2676
-2439
-2095
-1955
-1723
-1383
-1128
-1123
-1137
-694
-27
346
364
419
731
1059
1121
1089
1224
1439
1514
1347
1224
1235
1191
1003
841
877
866
739
497
380
473
542
579
532
469
482
531
608
779
947
1026
990
901
876
919
1000
1035
981
877
790
645
434
279
169
21
-119
-289
-497
-527
-517
-648
-923
-1064
-848
-589
-513
-535
-554
-491
-409
-343
-187
-16
113
48
-116
-57
81
138
128
81
88
97
13
-54
-66
-6
16
-105
-175
-158
-92
-44
-100
-104
-32
-14
-65
-79
51
302
423
335
285
287
355
466
496
513
433
201
-66
-354
-418
-223
-304
-834
-1560
-1930
-1661
-1388
-1569
-2076
-2424
-2298
-2066
-1920
-1703
-1445
-1335
-1463
-1452
-1033
-457
-39
92
216
507
732
775
836
1078
1390
1561
1551
1479
1433
1337
1202
1133
1195
1274
1183
966
814
802
804
751
675
624
601
523
483
575
749
860
797
657
611
638
684
693
653
598
525
418
287
174
96
22
-132
-330
-567
-730
-770
-706
-661
-817
-1000
-1024
-932
-776
-682
-662
-586
-477
-340
-232
-164
-65
4
38
100
174
187
180
187
183
206
207
141
62
25
48
69
36
-51
-146
-186
-180
-121
-10
75
95
103
116
138
211
321
419
446
465
524
508
478
408
302
167
-30
-121
-123
-137
-417
-963
-1409
-1493
-1301
-1238
-1482
-1879
-2128
-2066
-1868
-1679
-1497
-1351
-1286
-1315
-1226
-852
-395
-66
101
236
460
662
789
946
1182
1383
1387
1265
1259
1333
1329
1311
1211
1128
1009
753
612
583
613
639
622
553
431
313
230
246
349
482
513
460
425
385
439
510
510
506
422
333
296
246
204
158
67
-64
-224
-435
-513
-447
-407
-450
-630
-764
-792
-712
-496
-345
-306
-337
-396
-319
-195
-77
46
32
49
68
17
43
83
101
93
24
-24
-56
-110
-102
-93
-111
-96
-143
-154
-126
-112
-54
-24
57
155
220
257
281
305
371
416
433
479
457
450
461
440
389
283
124
-11
-87
-130
-117
-221
-533
-893
-1099
-999
-873
-1002
-1344
-1623
-1583
-1374
-1250
-1178
-1124
-1112
-1203
-1239
-951
-528
-269
-253
-285
-163
32
179
355
532
709
732
650
643
698
808
845
871
917
899
785
675
620
657
699
666
637
584
513
480
503
557
632
639
572
518
458
491
575
629
650
543
431
374
328
299
265
235
184
64
-69
-120
-182
-260
-312
-353
-403
-573
-713
-650
-493
-396
-443
-570
-595
-530
-446
-326
-259
-201
-186
-268
-278
-142
26
126
65
-65
-84
-67
-1
85
125
151
84
0
-26
0
77
162
212
237
220
191
209
227
277
314
316
316
310
367
451
480
454
371
268
203
88
28
28
-38
-66
-183
-455
-754
-993
-992
-855
-912
-1159
-1480
-1605
-1484
-1324
-1198
-1174
-1153
-1159
-1191
-1072
-773
-486
-365
-376
-360
-198
11
193
395
566
611
576
554
635
770
837
902
904
863
804
720
728
804
805
783
762
678
672
641
630
697
705
702
650
550
539
619
672
673
600
471
368
307
295
301
285
241
138
22
-69
-125
-167
-238
-330
-412
-485
-513
-488
-502
-506
-522
-553
-551
-516
-412
-356
-329
-285
-253
-185
-151
-155
-135
-133
-124
-66
-38
-26
-17
-53
-75
-48
-36
-7
-22
-77
-46
-17
37
84
90
96
74
105
126
142
166
150
159
187
216
238
236
224
210
195
197
175
129
83
43
28
28
-42
-157
-302
-470
-580
-614
-571
-596
-765
-978
-1101
-1043
-922
-849
-834
-879
-897
-899
-832
-634
-445
-351
-365
-349
-252
-164
-38
126
238
253
242
281
389
515
559
628
674
664
676
673
726
801
828
840
851
825
750
673
623
670
714
679
652
608
561
530
496
472
430
343
267
254
302
297
227
158
58
-2
-71
-129
-93
-63
-80
-119
-191
-260
-309
-425
-475
-374
-226
-200
-428
-611
-534
-365
-253
-292
-376
-444
-503
-461
-368
-267
-212
-286
-385
-361
-258
-139
-65
-90
-144
-157
-105
29
159
197
166
128
153
189
238
246
222
231
231
230
233
218
198
216
209
186
213
205
198
202
179
213
224
144
65
-30
-83
-62
-140
-250
-351
-421
-422
-519
-660
-800
-852
-800
-854
-872
-834
-874
-877
-859
-772
-612
-534
-546
-547
-461
-308
-152
-9
101
133
164
198
273
435
534
614
680
645
650
689
691
673
651
641
656
673
641
609
557
535
546
509
455
407
400
413
439
477
454
408
357
335
374
398
353
288
248
193
145
117
84
71
15
-79
-138
-179
-212
-267
-356
-427
-441
-470
-486
-442
-449
-517
-557
-549
-484
-401
-395
-406
-363
-341
-281
-216
-192
-198
-228
-222
-188
-112
-25
24
54
67
55
60
88
135
163
172
178
172
197
196
177
191
180
169
184
182
181
180
176
191
158
128
158
136
107
123
127
117
78
18
-47
-72
-72
-114
-210
-330
-361
-357
-399
-482
-577
-585
-645
-750
-723
-675
-641
-626
-674
-633
-513
-454
-425
-431
-422
-334
-236
-135
-22
49
76
84
103
183
296
360
368
362
335
370
410
415
468
520
526
509
496
513
540
562
597
614
642
671
659
634
627
623
608
580
529
479
461
429
372
332
264
183
127
60
7
-24
-63
-103
-128
-151
-200
-243
-269
-310
-315
-302
-326
-343
-374
-398
-346
-291
-288
-321
-348
-325
-284
-264
-250
-241
-257
-293
-327
-307
-230
-203
-234
-268
-266
-223
-221
-198
-116
-104
-140
-142
-92
1
51
59
81
100
121
138
133
159
208
223
238
216
192
184
166
181
188
179
173
142
112
102
101
109
69
-18
-86
-142
-196
-213
-201
-240
-351
-445
-495
-502
-478
-486
-501
-519
-561
-564
-551
-503
-417
-365
-340
-321
-283
-231
-157
-82
-34
33
81
122
192
234
280
340
348
368
390
405
452
474
501
535
532
552
569
551
554
566
565
545
527
532
523
499
480
460
455
427
401
384
338
291
220
189
177
107
65
62
16
-28
-88
-139
-149
-166
-199
-251
-280
-271
-277
-289
-295
-337
-348
-319
-304
-317
-328
-330
-332
-337
-350
-340
-291
-262
-270
-289
-296
-289
-294
-272
-241
-224
-202
-187
-210
-191
-146
-111
-84
-113
-101
-61
-74
-79
-69
-55
-29
-25
-13
24
36
64
66
52
75
80
90
117
160
196
178
173
195
189
167
140
139
164
180
176
167
114
55
31
12
-1
-32
-76
-105
-132
-127
-123
-142
-177
-237
-273
-273
-274
-264
-250
-250
-248
-245
-228
-197
-159
-117
-63
-21
8
36
72
132
149
139
171
223
271
274
279
311
320
312
288
292
313
327
365
383
379
386
368
348
323
294
277
251
260
271
266
254
223
186
140
89
48
58
72
36
-7
-22
-30
-59
-93
-125
-139
-138
-129
-126
-163
-181
-213
-272
-284
-310
-322
-312
-321
-315
-318
-311
-319
-337
-318
-285
-248
-227
-225
-222
-223
-197
-150
-131
-123
-118
-129
-110
-79
-95
-95
-79
-70
-25
-7
-3
28
26
37
61
80
135
164
156
164
155
173
189
175
188
185
183
194
185
157
133
80
30
45
40
5
-27
-49
-59
-79
-111
-117
-105
-158
-201
-210
-199
-181
-194
-179
-183
-193
-178
-125
-42
-43
-71
-61
-21
8
32
72
97
107
87
89
125
119
90
82
82
108
126
142
161
150
143
177
208
217
217
215
226
235
249
255
221
187
193
220
213
186
182
174
188
170
135
124
87
40
39
38
28
19
-34
-62
-81
-131
-142
-138
-143
-147
-157
-165
-160
-171
-188
-187
-173
-125
-93
-101
-121
-137
-144
-146
-150
-143
-116
-102
-96
-73
-68
-84
-95
-91
-81
-79
-84
-61
-58
-75
-76
-65
-54
-50
-56
-37
13
12
-1
9
9
8
20
27
36
39
44
61
44
41
53
35
23
-9
-46
-47
-49
-42
-48
-92
-86
-100
-117
-95
-118
-118
-105
-113
-93
-76
-80
-54
-58
-89
-50
-30
-36
-12
-14
-24
-1
7
3
23
23
18
10
11
36
52
63
100
123
122
137
132
120
160
203
218
233
244
236
237
235
221
238
253
218
214
234
191
173
178
150
161
149
109
127
115
69
71
55
37
4
-43
-53
-57
-43
-64
-84
-84
-118
-103
-91
-113
-109
-120
-112
-82
-83
-76
-62
-74
-102
-111
-108
-116
-114
-125
-127
-93
-83
-103
-110
-113
-108
-74
-57
-81
-103
-91
-85
-64
-45
-56
-32
-49
-72
-40
-48
-65
-67
-64
-40
-49
-50
-44
-68
-73
-79
-49
-1
0
-17
-33
-50
-57
-65
-67
-62
-52
-36
-42
-52
-47
-60
-73
-83
-104
-79
-56
-54
-47
-47
-47
-48
-45
-26
6
27
15
6
38
57
39
50
68
80
109
105
93
101
109
134
170
150
149
166
155
178
185
192
214
202
196
198
188
176
155
148
150
144
152
158
146
152
139
106
89
86
93
94
92
71
35
-25
-52
-21
-30
-19
-1
-27
-25
-49
-83
-54
-55
-74
-63
-51
-50
-60
-80
-97
-111
-132
-140
-132
-116
-98
-93
-103
-127
-140
-155
-173
-150
-126
-117
-95
-90
-100
-113
-112
-84
-72
-67
-46
-27
-24
-42
-35
-17
-9
-18
-40
-48
-33
-33
-52
-55
-74
-77
-56
-45
-40
-55
-66
-81
-87
-77
-76
-70
-70
-58
-57
-61
-53
-61
-82
-79
-69
-45
-19
-10
12
15
23
26
13
17
48
71
74
79
87
95
90
97
99
97
102
106
127
155
164
151
136
151
151
154
174
154
149
151
143
163
158
141
142
134
114
88
83
86
90
75
49
54
68
66
44
33
29
22
12
0
13
30
38
32
20
10
-2
7
9
0
-13
-26
-18
-29
-43
-53
-73
-82
-99
-87
-64
-71
-87
-109
-117
-85
-79
-108
-107
-96
-101
-99
-116
-119
-79
-90
-112
-101
-105
-98
-97
-113
-110
-93
-103
-109
-109
-117
-97
-100
-98
-87
-115
-116
-88
-96
-107
-103
-107
-97
-91
-91
-72
-40
-58
-58
-31
-23
-10
-15
-12
10
36
26
4
3
15
43
46
51
64
58
61
53
58
72
87
109
116
127
141
138
136
125
106
102
130
166
151
152
177
167
154
141
124
148
164
135
131
133
122
134
115
93
95
73
74
94
85
80
65
32
27
35
28
31
29
13
6
8
2
-34
-36
-9
-7
-7
-20
-44
-38
-59
-88
-61
-51
-56
-67
-89
-94
-104
-116
-104
-104
-114
-107
-107
-113
-109
-112
-111
-104
-106
-98
-83
-82
-74
-88
-118
-102
-78
-67
-60
-70
-80
-56
-61
-75
-74
-91
-87
-89
-87
-69
-74
-78
-61
-66
-69
-69
-77
-49
-40
-51
-46
-45
-54
-41
-29
-41
-33
-29
-27
-2
20
13
7
19
25
14
20
47
59
71
69
60
76
94
82
92
121
127
129
128
133
144
140
133
143
147
136
133
144
149
130
122
117
101
125
142
133
139
138
121
116
102
94
101
94
78
62
54
64
70
57
51
47
17
18
41
27
19
15
-11
-17
-14
-25
-15
-29
-57
-75
-90
-81
-80
-94
-103
-116
-109
-113
-136
-126
-122
-141
-141
-136
-138
-136
-133
-135
-151
-158
-142
-130
-128
-118
-121
-122
-103
-107
-120
-115
-119
-102
-81
-74
-55
-75
-83
-58
-68
-65
-49
-45
-36
-48
-58
-46
-28
-9
-6
6
13
4
10
11
11
32
30
24
37
27
21
37
66
66
42
39
35
40
49
43
56
64
42
50
65
72
84
80
83
89
93
111
147
174
170
136
147
172
156
155
156
168
190
168
151
163
158
149
133
125
126
101
100
102
103
98
60
56
69
49
11
-3
0
-9
-14
-11
-19
-24
-37
-69
-84
-82
-93
-96
-94
-102
-122
-141
-136
-134
-139
-139
-137
-149
-139
-133
-154
-160
-165
-171
-164
-148
-129
-123
-121
-120
-134
-127
-110
-113
-85
-77
-85
-65
-76
-63
-39
-54
-49
-44
-45
-30
-20
-22
-10
1
1
1
3
22
38
38
35
24
31
45
45
36
22
21
31
20
14
30
33
36
37
25
28
31
30
44
44
24
27
35
49
59
56
71
70
66
52
38
58
65
57
56
57
74
76
81
89
80
80
95
116
114
109
121
127
108
100
99
96
107
96
83
82
71
75
63
29
18
24
18
8
13
23
23
28
10
-7
22
5
-39
-43
-47
-42
-15
-25
-49
-56
-78
-82
-88
-108
-117
-124
-132
-135
-138
-130
-125
-144
-154
-145
-128
-129
-131
-130
-129
-112
-113
-126
-101
-86
-78
-55
-56
-50
-32
-29
2
10
-12
1
8
-1
4
5
33
51
28
18
23
29
23
10
22
30
12
18
32
40
43
31
31
38
43
59
56
56
64
48
60
80
76
74
62
46
47
39
31
24
32
50
19
13
21
3
15
27
10
6
15
9
6
7
6
23
21
21
37
37
27
13
16
37
50
31
17
37
54
23
-5
4
3
-5
-5
-3
15
24
8
1
10
18
9
-8
-2
13
8
0
1
-2
11
10
-15
-16
-21
-22
-2
-6
-23
-30
-30
-15
-14
-28
-28
-27
-39
-45
-28
-31
-62
-63
-65
-76
-73
-65
-45
-37
-53
-65
-48
-37
-54
-56
-42
-29
-19
-23
-21
5
10
-10
-26
-35
-27
-9
-1
6
8
8
17
16
22
14
-2
23
43
43
47
54
48
42
43
29
36
45
16
17
44
37
8
-2
-3
-15
-2
13
17
40
36
27
31
9
5
20
29
27
15
7
12
13
2
-12
-22
-23
-28
-29
-32
-39
-30
-43
-55
-47
-67
-55
-32
-40
-39
-45
-33
-3
-3
2
13
22
35
31
43
49
36
33
21
33
53
58
85
92
73
59
35
35
44
34
37
60
52
19
19
22
20
32
26
6
3
-10
-23
-3
-4
-14
-7
-12
-26
-44
-47
-33
-24
-29
-32
-31
-35
-41
-27
-19
-27
-40
-56
-41
-24
-35
-38
-39
-58
-58
-56
-49
-34
-39
-47
-39
-35
-38
-37
-34
-25
-10
-14
-12
2
3
11
15
2
10
42
51
35
21
15
19
4
8
31
29
27
22
9
22
34
25
16
15
20
31
23
1
3
4
7
8
-2
11
19
15
9
1
-6
-8
-14
-13
5
14
-1
-21
-23
-20
-18
-20
-37
-27
-29
-41
-8
11
11
4
-2
4
8
12
28
34
33
41
47
53
57
52
48
42
45
56
41
39
39
38
43
34
25
13
12
21
20
22
31
33
17
6
-3
3
10
-10
-5
15
9
-16
-44
-47
-36
-39
-49
-47
-43
-43
-42
-34
-37
-56
-72
-81
-65
-53
-69
-59
-53
-50
-45
-59
-63
-71
-71
-55
-52
-39
-32
-46
-47
-48
-47
-18
-7
-12
-2
7
20
25
11
17
37
39
35
36
46
49
35
26
30
41
38
35
49
67
73
59
44
42
38
31
28
27
25
25
22
29
16
-10
-1
22
22
15
10
14
12
4
11
40
35
2
13
26
28
37
27
35
40
30
25
24
33
28
16
13
3
-7
6
2
-14
-10
-5
-13
-23
-27
-27
-22
-16
-36
-40
-42
-49
-28
-37
-38
-19
-21
-18
-31
-53
-38
-15
-1
8
0
-10
-7
-7
-12
-13
-3
-1
7
2
-16
-11
-11
-37
-38
-29
-40
-38
-43
-39
-21
-35
-54
-40
-25
-35
-50
-41
-27
-4
7
-23
-21
-11
-25
-17
