-10
-3
-4
-8
4
6
-7
-4
-3
-5
-4
3
14
21
10
0
1
-11
-5
9
-3
-11
3
10
6
-4
-12
-15
-3
13
0
2
4
3
7
9
6
-1
-6
-7
4
6
-6
-3
6
4
9
-3
-11
10
0
-15
2
1
-2
-3
-12
-1
2
-9
-8
6
11
-2
-4
5
9
-5
-11
-11
-15
-7
-7
-4
13
23
13
-3
-10
-6
15
10
-1
14
7
-8
2
-6
-8
2
-5
-8
2
3
6
9
2
-9
-7
7
6
0
1
7
7
5
-1
-15
-10
11
5
-16
0
5
-4
0
-3
0
-1
-5
10
13
1
-12
-6
5
7
5
-8
-3
15
11
2
-14
-3
10
11
-18
-125
-176
-95
66
49
-49
12
99
108
43
39
121
80
-36
4
82
28
-17
1
27
9
-37
-5
19
-28
-21
-13
-112
-143
-47
-23
-58
-52
21
30
-56
7
95
46
-8
26
86
44
-13
25
44
-95
-98
34
53
-5
-32
84
87
-56
-40
35
21
-36
-61
-9
11
-14
-7
8
23
26
59
52
10
-22
-42
34
9
-49
-9
-1
15
16
-48
-32
-10
-33
-47
-69
14
31
-30
-37
-44
-45
-32
-5
18
12
35
34
-1
13
13
1
36
50
10
26
89
-3
-102
-66
-39
-4
-3
30
62
-3
6
44
24
15
-5
54
46
-2
18
36
45
-75
-71
25
-45
-99
-27
78
93
46
45
-30
0
112
-23
-67
10
-27
-19
-17
3
19
-20
11
-17
-31
1
-25
-41
19
60
-17
6
51
-42
-51
-7
-22
-26
-173
-238
-92
-50
-28
-28
-39
2
0
96
166
69
34
92
127
124
119
89
47
42
0
-22
-31
-114
-52
5
-61
-1
12
0
-5
-56
-7
-11
-47
-38
-33
47
23
22
50
61
96
-13
-39
-19
37
39
-33
26
44
-23
-38
-8
12
-56
-98
-48
-26
-15
-33
-25
-18
0
30
-13
-7
41
4
-6
-4
-16
81
39
-109
-103
-21
73
-5
-91
28
81
-10
-9
86
14
-15
43
32
59
-14
-40
16
-31
2
2
-21
10
-8
16
-2
11
-16
-51
18
-38
-57
20
29
19
-23
4
90
17
-12
-16
-24
40
-26
-18
33
17
54
10
12
71
-39
-53
-20
-9
63
-1
49
85
-86
-55
7
-48
-10
-20
-2
42
2
29
20
-66
-23
33
-49
-47
32
20
-4
-35
17
26
-29
-22
0
28
-4
-16
13
-3
-58
-37
16
-2
-14
-26
7
46
-17
-25
28
13
11
25
26
33
-5
39
49
19
3
-55
-52
20
-20
-64
-18
36
44
-30
-20
30
36
-31
-32
40
22
16
-19
-25
88
-3
-33
8
-39
35
-38
-53
82
-65
-51
80
-16
-31
-43
23
54
-23
21
37
11
5
-13
-5
-18
-13
-49
-4
60
-45
-16
54
-1
39
-5
-41
66
12
-12
-34
-32
4
-57
-37
-7
-23
-30
-41
16
42
54
6
-20
68
8
-7
41
-10
16
-7
-10
78
-9
20
20
-65
25
-12
-52
-53
-86
79
81
-39
25
-5
-29
-8
-9
31
15
-16
35
61
46
43
8
-29
-21
11
42
19
-37
27
42
-58
-3
41
-29
-75
-83
-15
14
-6
-5
-53
-50
-15
-23
-11
-11
-19
-5
-9
1
36
12
-11
-11
-15
19
26
17
7
3
43
59
58
40
16
11
3
-23
-42
-36
-33
-21
-59
-61
3
-8
-32
-30
-14
45
48
44
70
48
39
41
34
3
-20
-29
-17
3
35
39
3
8
29
12
-17
-21
-6
-14
-75
-55
-5
-15
-22
-51
-39
-21
-38
-16
-3
10
3
15
79
65
8
-13
-14
-9
1
3
16
36
23
21
34
53
3
-66
-60
-13
19
-8
-31
-38
-49
-52
-63
-38
1
-5
1
20
57
49
13
14
7
5
-16
6
24
-4
-15
-12
-19
-27
-2
9
-18
-32
0
11
6
-5
-28
0
-8
-44
-36
-17
10
11
-4
11
46
68
61
48
68
68
31
53
87
43
25
40
49
71
31
-7
12
11
-2
6
40
47
24
31
38
5
-3
8
-12
-30
-16
21
28
22
24
34
50
27
-12
-11
33
51
40
-10
-38
-30
-56
-55
-30
-18
-53
-106
-114
-81
-30
-30
-96
-103
-69
-25
1
-31
-21
13
-1
-35
-31
7
30
16
-48
-112
-142
-159
-172
-226
-245
-249
-295
-307
-289
-235
-224
-271
-266
-213
-141
-98
-84
-58
-34
4
56
108
163
212
202
214
238
253
319
332
314
303
297
310
313
290
258
248
231
182
191
202
160
136
110
108
110
107
119
118
128
119
113
126
131
104
93
95
79
70
54
42
35
3
-16
-12
-17
-32
-59
-60
-79
-93
-73
-64
-75
-103
-149
-178
-153
-117
-96
-125
-139
-98
-115
-131
-116
-114
-121
-169
-150
-93
-109
-129
-151
-161
-130
-145
-169
-177
-204
-201
-190
-195
-200
-171
-151
-168
-165
-149
-172
-296
-427
-436
-372
-413
-523
-480
-395
-415
-494
-472
-325
-303
-372
-304
-122
-10
-6
41
144
221
259
324
429
470
472
494
577
666
649
622
597
555
531
488
447
406
394
345
320
303
250
254
225
212
225
230
272
276
273
320
329
317
331
357
353
354
367
349
346
339
304
266
220
180
141
107
76
19
-23
-75
-107
-138
-175
-183
-193
-205
-220
-199
-183
-156
-103
-131
-167
-157
-123
-107
-143
-141
-147
-161
-194
-262
-229
-198
-283
-397
-469
-422
-402
-462
-475
-462
-448
-463
-472
-469
-421
-419
-458
-392
-376
-360
-362
-439
-345
-184
-162
-307
-540
-681
-732
-674
-776
-977
-918
-838
-773
-769
-817
-640
-573
-662
-584
-338
-35
81
110
278
465
590
696
781
844
949
1037
1065
1161
1243
1208
1100
981
969
993
862
662
536
473
391
313
322
333
265
199
195
248
324
364
326
349
466
513
533
580
601
656
652
592
608
588
568
495
411
389
331
275
164
58
13
-73
-135
-181
-243
-350
-410
-378
-399
-365
-332
-346
-322
-328
-272
-221
-223
-242
-291
-247
-150
-112
-150
-270
-337
-308
-287
-344
-476
-538
-550
-541
-527
-593
-626
-639
-693
-700
-709
-719
-632
-649
-743
-683
-561
-413
-387
-382
-320
-474
-694
-837
-849
-779
-885
-917
-829
-797
-774
-805
-711
-613
-642
-631
-510
-203
36
161
315
407
512
600
714
870
975
1093
1189
1280
1359
1361
1341
1281
1171
1056
996
947
846
719
527
361
284
285
275
167
100
81
79
159
251
249
263
313
382
493
561
625
637
627
665
670
652
653
638
602
545
471
423
389
324
210
90
-5
-107
-202
-286
-347
-356
-333
-324
-383
-412
-458
-526
-494
-462
-432
-379
-375
-352
-349
-367
-395
-448
-427
-435
-454
-469
-508
-536
-561
-565
-651
-696
-636
-610
-600
-603
-660
-682
-611
-520
-481
-521
-509
-403
-322
-224
-194
-271
-420
-633
-674
-583
-591
-543
-538
-577
-497
-476
-451
-440
-466
-470
-420
-278
-109
80
239
314
404
475
525
579
632
766
876
973
1072
1125
1189
1144
1020
948
874
795
769
767
735
680
620
571
512
421
266
143
137
159
216
259
290
314
321
336
333
317
282
265
302
312
292
285
304
284
120
42
58
80
49
-70
-107
-129
-169
-177
-228
-301
-308
-277
-260
-319
-363
-327
-303
-341
-413
-364
-288
-273
-269
-320
-322
-290
-330
-353
-356
-391
-352
-319
-325
-332
-346
-314
-316
-357
-398
-365
-300
-297
-328
-324
-294
-258
-228
-214
-180
-181
-167
-119
-77
-23
2
0
1
21
78
134
139
154
168
152
160
143
86
34
10
21
29
19
-8
-23
-37
-83
-136
-158
-205
-245
-249
-239
-175
-111
-94
-114
-113
-71
-35
0
51
90
149
201
259
347
355
331
314
304
323
361
346
334
372
375
384
389
379
367
329
285
261
255
265
293
315
283
258
273
257
225
193
203
196
168
141
105
97
90
53
16
-1
-39
-80
-96
-122
-123
-109
-114
-106
-136
-156
-112
-119
-121
-84
-52
-55
-91
-88
-61
-29
-41
-83
-81
-60
-81
-112
-117
-127
-157
-170
-185
-223
-228
-199
-221
-275
-293
-250
-254
-300
-283
-269
-252
-250
-274
-203
-179
-229
-182
-150
-114
-45
-34
-52
-36
17
35
29
63
98
136
151
140
157
159
31
-128
-196
-198
-97
-63
-152
-226
-237
-227
-266
-353
-396
-374
-382
-438
-398
-211
-65
-72
-164
-178
-90
-1
48
115
247
361
394
452
527
550
520
454
444
460
498
545
563
556
492
357
293
307
235
170
156
132
159
109
62
127
71
-21
-42
-67
-39
-22
-25
66
71
-16
-39
-29
17
69
1
-18
80
115
107
63
20
23
42
30
47
88
68
95
137
51
61
48
38
118
-38
-24
96
26
43
-37
-83
-11
-103
-146
-145
-175
-149
-174
-209
-213
-169
-170
-246
-227
-243
-223
-235
-281
-153
-186
-226
-149
-132
-109
-66
-60
-35
1
-23
18
29
5
85
80
-5
16
76
74
36
16
-80
-395
-771
-823
-567
-406
-535
-762
-827
-709
-712
-856
-898
-798
-688
-713
-729
-408
-25
-5
-112
-148
17
233
369
563
749
863
859
841
913
1033
1062
956
902
880
844
871
866
797
694
534
409
357
352
331
205
103
70
9
-61
-147
-177
-171
-254
-262
-226
-207
-182
-199
-232
-265
-253
-186
-62
86
168
184
209
228
215
219
231
232
257
263
271
311
305
251
128
97
172
93
63
100
116
121
-48
-82
-1
-74
-108
-152
-211
-226
-262
-239
-226
-273
-312
-298
-393
-431
-357
-405
-362
-329
-319
-294
-429
-439
-335
-366
-372
-334
-244
-86
-43
-88
-112
-139
-131
-97
-55
13
79
155
159
161
96
-218
-591
-754
-579
-301
-331
-512
-648
-623
-624
-824
-889
-817
-692
-680
-736
-519
-170
-11
-84
-174
-86
102
302
499
671
819
885
882
878
954
1090
1114
1047
982
927
931
946
940
871
695
587
525
443
422
379
309
226
114
33
-27
-40
-54
-110
-153
-180
-139
-107
-136
-248
-348
-329
-254
-200
-157
-61
31
48
61
87
108
134
125
151
165
221
300
245
190
202
164
135
90
30
92
153
91
22
-11
-47
-92
-170
-180
-151
-164
-218
-283
-287
-310
-372
-388
-358
-354
-398
-346
-317
-389
-387
-356
-356
-326
-331
-365
-291
-264
-222
-159
-205
-65
-43
-150
-117
-132
22
101
56
108
-17
-239
-478
-643
-625
-581
-544
-570
-598
-585
-669
-818
-901
-838
-771
-796
-730
-481
-238
-155
-142
-112
-47
40
176
375
682
928
958
933
937
1047
1110
1062
1105
1141
1098
1034
991
992
929
817
673
601
560
429
399
339
201
136
19
-60
-55
-81
-79
-132
-165
-141
-165
-202
-247
-286
-378
-382
-225
-102
-20
12
19
78
131
169
213
265
312
328
378
457
508
469
340
270
227
198
227
186
134
80
-30
-57
-71
-111
-163
-299
-343
-387
-440
-455
-484
-453
-523
-504
-458
-463
-344
-507
-528
-345
-374
-286
-244
-205
-126
-138
-100
-37
-10
38
127
135
90
-1
-66
35
-29
-183
-302
-591
-853
-1065
-1147
-974
-937
-1149
-1359
-1445
-1380
-1345
-1314
-1194
-1061
-987
-935
-781
-436
-126
-11
27
124
436
736
986
1219
1394
1526
1491
1458
1587
1788
1857
1761
1637
1526
1459
1296
1125
1065
982
862
612
360
277
140
-61
-249
-367
-388
-470
-553
-605
-655
-665
-690
-691
-668
-681
-666
-582
-397
-240
-176
-65
81
281
460
554
668
794
821
795
803
871
956
955
887
830
752
582
438
343
290
245
120
74
31
-113
-248
-421
-532
-538
-545
-540
-561
-633
-712
-685
-603
-560
-510
-513
-481
-381
-260
-137
-160
-153
-158
-208
-118
-37
152
251
77
-71
-98
-41
-240
-694
-1085
-1359
-1382
-1278
-1174
-1102
-1384
-1849
-2130
-2056
-1728
-1544
-1433
-1258
-1189
-1186
-1068
-750
-291
-42
-22
169
613
1024
1230
1386
1562
1678
1679
1742
2064
2374
2348
1997
1685
1542
1457
1451
1440
1401
1242
846
444
195
30
-91
-230
-369
-453
-533
-671
-800
-887
-943
-940
-894
-805
-715
-652
-577
-487
-400
-290
-80
266
597
767
848
922
969
967
1031
1188
1325
1344
1266
1215
1125
991
838
671
588
534
455
366
252
50
-133
-291
-466
-518
-516
-570
-651
-747
-827
-851
-820
-743
-706
-646
-521
-404
-328
-341
-370
-324
-262
-162
-38
90
206
204
-11
-238
-264
-245
-346
-725
-1219
-1562
-1666
-1569
-1526
-1696
-2019
-2463
-2792
-2685
-2129
-1503
-1368
-1743
-2077
-1813
-1058
-423
-110
156
415
528
598
956
1749
2362
2252
1930
2046
2523
2842
2751
2503
2339
2097
1748
1591
1713
1841
1545
789
154
-30
21
-32
-275
-523
-808
-1138
-1375
-1355
-1150
-1059
-1243
-1509
-1507
-1147
-742
-594
-541
-358
-116
145
461
867
1196
1239
1157
1245
1550
1764
1745
1657
1541
1444
1399
1344
1398
1345
1016
644
462
492
499
341
56
-243
-485
-616
-681
-683
-701
-804
-945
-1024
-974
-881
-801
-798
-790
-665
-539
-450
-395
-334
-192
-96
-82
-54
5
40
16
-102
-229
-382
-688
-1093
-1511
-1704
-1539
-1391
-1554
-2004
-2432
-2455
-2288
-2190
-2141
-1972
-1710
-1659
-1779
-1638
-1068
-475
-296
-264
101
668
1082
1230
1382
1793
2180
2253
2317
2569
2804
2727
2348
2059
2113
2253
2167
1889
1627
1355
986
594
300
210
139
-162
-593
-920
-1029
-1072
-1187
-1351
-1485
-1541
-1534
-1388
-1109
-941
-904
-841
-658
-232
227
567
845
1022
1110
1205
1334
1580
1759
1757
1716
1692
1712
1691
1602
1432
1238
1036
859
743
650
499
254
-45
-309
-490
-611
-736
-827
-912
-1021
-1029
-1046
-1053
-1017
-1031
-893
-691
-558
-426
-364
-358
-404
-280
-22
178
201
19
-94
-171
-308
-525
-748
-912
-1246
-1613
-1667
-1560
-1634
-2104
-2547
-2498
-2257
-2209
-2255
-2109
-1788
-1692
-1819
-1682
-1091
-420
-198
-257
20
613
1037
1201
1425
1929
2315
2342
2281
2480
2771
2760
2470
2258
2332
2348
2133
1851
1627
1429
1124
706
439
324
166
-168
-589
-857
-986
-1046
-1145
-1258
-1359
-1543
-1565
-1427
-1248
-1059
-1033
-970
-695
-335
-10
270
513
768
936
1047
1250
1492
1623
1639
1633
1706
1793
1750
1622
1458
1280
1163
1102
984
832
623
361
89
-164
-324
-427
-573
-768
-948
-1045
-1118
-1130
-1066
-1072
-1095
-1025
-931
-739
-651
-654
-530
-505
-338
-77
111
166
-6
-197
-258
-263
-330
-577
-932
-1212
-1270
-1212
-1232
-1545
-2071
-2282
-2153
-1958
-1954
-2064
-2002
-1836
-1892
-1917
-1539
-881
-456
-514
-568
-123
551
929
1016
1305
1836
2099
2074
2071
2407
2720
2606
2330
2252
2451
2529
2236
1885
1664
1512
1252
921
733
639
389
-104
-522
-690
-735
-755
-936
-1202
-1357
-1485
-1545
-1490
-1385
-1279
-1140
-948
-718
-476
-272
-30
260
510
728
884
1026
1214
1383
1484
1582
1679
1720
1647
1477
1419
1444
1418
1269
1044
869
674
456
214
15
-141
-363
-552
-749
-886
-966
-1104
-1173
-1227
-1178
-1083
-1050
-966
-915
-893
-810
-705
-559
-385
-189
-86
-116
-98
-163
-212
-302
-455
-704
-1058
-1164
-1046
-965
-1213
-1760
-2072
-1974
-1762
-1724
-1920
-1917
-1710
-1653
-1715
-1558
-1093
-613
-558
-678
-432
186
704
803
880
1263
1749
1946
1927
2085
2414
2568
2372
2122
2274
2555
2469
2054
1689
1670
1673
1375
1030
813
718
469
11
-288
-402
-474
-692
-1032
-1231
-1232
-1230
-1337
-1418
-1396
-1317
-1197
-1040
-792
-530
-354
-216
-21
268
549
765
908
1044
1174
1306
1429
1495
1525
1493
1406
1347
1360
1363
1227
963
696
558
464
257
97
-69
-308
-522
-740
-860
-899
-954
-1042
-1125
-1129
-1058
-1005
-1010
-959
-864
-735
-668
-509
-316
-194
-129
-229
-281
-301
-333
-436
-587
-834
-1044
-1101
-1113
-1231
-1478
-1810
-1927
-1770
-1636
-1689
-1889
-1881
-1701
-1577
-1487
-1261
-881
-540
-502
-481
-127
454
850
970
1092
1498
1907
2042
2025
2184
2412
2474
2372
2265
2426
2489
2253
1900
1699
1681
1620
1334
968
719
549
290
-19
-241
-340
-558
-892
-1055
-1124
-1204
-1305
-1403
-1337
-1324
-1378
-1280
-1052
-688
-495
-469
-299
-22
201
395
558
779
1014
1116
1164
1313
1462
1457
1367
1290
1317
1425
1399
1192
966
834
709
504
276
118
-53
-285
-550
-717
-732
-848
-1037
-1205
-1140
-1016
-973
-973
-1071
-1004
-826
-733
-657
-544
-369
-214
-178
-253
-451
-420
-411
-482
-654
-1025
-1099
-941
-993
-1336
-1795
-1906
-1594
-1441
-1660
-1972
-1956
-1701
-1569
-1647
-1464
-983
-597
-661
-785
-379
316
724
720
792
1287
1821
1937
1883
2048
2350
2515
2434
2303
2514
2658
2450
2062
1831
1893
1899
1571
1119
887
794
587
309
-14
-173
-286
-676
-1048
-1046
-975
-1190
-1443
-1510
-1303
-1221
-1437
-1497
-1181
-710
-483
-535
-369
-73
129
300
508
876
1135
1081
1015
1215
1479
1588
1505
1377
1412
1446
1281
1060
972
967
842
578
324
138
-44
-297
-565
-678
-692
-841
-1044
-1209
-1200
-1091
-1084
-1077
-1127
-1040
-892
-797
-662
-459
-300
-261
-370
-586
-630
-562
-486
-673
-1048
-1140
-928
-893
-1340
-1874
-1877
-1432
-1253
-1580
-1953
-1856
-1530
-1499
-1661
-1434
-813
-531
-780
-951
-431
374
670
575
631
1203
1727
1718
1642
1944
2394
2511
2307
2167
2428
2591
2349
2004
1909
2092
2042
1572
1145
1017
963
723
304
103
67
-106
-522
-933
-973
-777
-819
-1251
-1631
-1635
-1413
-1296
-1249
-1114
-991
-920
-814
-581
-232
48
150
232
447
781
1043
1137
1159
1283
1466
1540
1525
1542
1547
1449
1317
1223
1185
1113
859
558
332
224
74
-188
-401
-560
-772
-951
-1053
-1039
-928
-1013
-1169
-1238
-1146
-967
-836
-776
-650
-519
-403
-551
-817
-853
-780
-725
-938
-1164
-1123
-1054
-1312
-1806
-1994
-1612
-1230
-1344
-1852
-2067
-1738
-1429
-1448
-1433
-1131
-711
-591
-770
-612
65
611
626
543
847
1482
1757
1594
1584
1932
2306
2371
2120
2105
2269
2224
2010
1815
1946
2045
1733
1267
992
927
880
604
298
182
115
-135
-494
-675
-669
-664
-827
-1169
-1506
-1498
-1271
-1137
-1096
-1091
-995
-874
-764
-518
-227
-25
79
169
400
752
988
1100
1158
1240
1335
1388
1425
1507
1529
1380
1343
1370
1280
1073
835
648
548
419
163
-92
-332
-541
-680
-770
-827
-804
-881
-1053
-1137
-1106
-967
-929
-905
-795
-742
-514
-409
-723
-886
-907
-888
-954
-1207
-1142
-913
-1037
-1599
-2137
-1970
-1304
-1080
-1579
-2108
-2028
-1520
-1329
-1568
-1441
-890
-598
-775
-914
-383
374
528
304
435
1136
1730
1604
1329
1541
2041
2290
2148
2003
2166
2264
2068
1799
1772
1984
1902
1423
1010
1015
1120
920
514
209
174
126
-217
-515
-578
-521
-631
-928
-1122
-1158
-1239
-1373
-1336
-1021
-658
-690
-969
-945
-598
-191
42
157
354
463
504
629
936
1254
1347
1213
1144
1267
1423
1482
1381
1275
1295
1269
1074
828
684
635
493
239
23
-109
-307
-526
-717
-752
-671
-722
-832
-983
-988
-913
-895
-822
-707
-591
-463
-623
-949
-993
-901
-847
-1060
-1318
-1163
-924
-1202
-1876
-2209
-1757
-1124
-1232
-1926
-2206
-1762
-1326
-1504
-1670
-1224
-625
-612
-978
-894
-132
510
413
255
657
1425
1682
1362
1241
1733
2222
2165
1856
1843
2172
2222
1863
1631
1856
2010
1659
1080
869
1075
1103
673
232
165
218
48
-366
-664
-608
-517
-725
-984
-1058
-1200
-1391
-1379
-1013
-563
-588
-986
-1167
-825
-208
195
240
164
242
394
582
894
1203
1375
1231
1066
1226
1495
1563
1392
1261
1271
1347
1264
983
747
674
623
430
183
-48
-182
-429
-666
-679
-569
-501
-774
-1033
-1075
-946
-777
-747
-658
-558
-564
-870
-1124
-941
-739
-887
-1400
-1594
-1103
-777
-1247
-2119
-2379
-1677
-1062
-1315
-1946
-2008
-1570
-1400
-1679
-1651
-954
-445
-708
-1127
-748
233
706
384
178
786
1578
1678
1292
1248
1880
2299
2068
1721
1870
2223
2099
1651
1505
1889
2038
1509
840
743
1039
1035
582
146
137
231
-61
-512
-684
-600
-595
-815
-995
-1000
-1091
-1352
-1450
-1080
-581
-505
-866
-1133
-809
-187
155
228
238
278
400
513
855
1300
1412
1247
1088
1198
1489
1587
1426
1269
1272
1337
1239
991
803
750
638
408
219
76
-133
-393
-581
-566
-504
-574
-773
-950
-929
-936
-911
-820
-676
-488
-597
-940
-1129
-1049
-938
-1114
-1430
-1361
-1032
-1072
-1663
-2244
-2111
-1403
-1122
-1591
-2089
-1929
-1441
-1368
-1596
-1441
-858
-522
-743
-960
-485
348
610
328
396
1062
1672
1558
1196
1403
2026
2307
2035
1759
1900
2146
1982
1648
1673
1914
1834
1270
723
774
1031
921
490
118
119
164
-182
-583
-645
-455
-456
-900
-1244
-1138
-964
-998
-1122
-1064
-787
-664
-772
-771
-485
-118
28
82
258
488
640
647
709
995
1285
1311
1160
1119
1235
1371
1362
1247
1198
1167
1051
836
697
684
613
327
18
-138
-195
-241
-425
-643
-706
-738
-758
-775
-847
-816
-811
-822
-709
-532
-628
-939
-1119
-1086
-1029
-1174
-1345
-1276
-1165
-1429
-1958
-2174
-1740
-1219
-1314
-1907
-2120
-1638
-1242
-1391
-1556
-1234
-685
-520
-739
-629
6
502
457
359
805
1477
1672
1410
1370
1852
2251
2182
1902
1875
2118
2114
1853
1678
1779
1830
1488
1016
807
928
973
620
210
104
137
-1
-373
-733
-734
-649
-860
-1049
-1161
-1211
-1186
-1186
-1035
-815
-744
-772
-770
-517
-127
95
171
213
366
610
781
892
1032
1138
1191
1255
1324
1338
1409
1407
1259
1206
1195
1101
914
682
580
548
402
127
-149
-314
-442
-466
-535
-651
-698
-780
-899
-1015
-949
-797
-716
-653
-786
-1042
-1068
-1010
-1071
-1333
-1531
-1277
-1058
-1315
-1888
-2251
-1928
-1386
-1395
-1835
-2058
-1790
-1489
-1536
-1590
-1268
-787
-685
-910
-784
-125
454
452
315
656
1279
1640
1472
1356
1763
2238
2282
2040
1946
2144
2223
1983
1787
1863
1978
1693
1153
877
1001
1078
759
357
196
158
-18
-379
-607
-612
-599
-740
-1016
-1159
-1159
-1206
-1243
-1132
-897
-722
-725
-775
-631
-325
-60
133
252
403
556
624
814
1099
1271
1320
1256
1243
1357
1436
1431
1382
1332
1285
1096
870
764
672
557
363
167
-2
-212
-435
-596
-618
-583
-606
-761
-953
-1074
-1108
-985
-750
-614
-679
-1048
-1289
-1210
-1152
-1310
-1571
-1451
-1085
-1155
-1816
-2377
-2143
-1353
-1122
-1667
-2146
-1937
-1461
-1436
-1591
-1306
-743
-556
-857
-891
-313
304
457
313
555
1186
1538
1379
1158
1483
2145
2358
2155
1930
2008
2147
2038
1867
1891
2078
1906
1358
924
980
1217
1024
498
230
223
87
-290
-648
-663
-548
-658
-983
-1229
-1197
-1151
-1217
-1218
-984
-691
-690
-807
-755
-462
-85
132
239
374
510
652
787
998
1282
1429
1375
1322
1337
1420
1491
1436
1392
1358
1241
1048
832
691
678
551
310
129
-81
-354
-561
-634
-551
-540
-744
-985
-1043
-968
-976
-958
-868
-843
-1101
-1321
-1371
-1443
-1578
-1692
-1515
-1250
-1466
-2166
-2538
-2056
-1320
-1314
-1915
-2196
-1812
-1385
-1437
-1598
-1247
-639
-517
-751
-652
-75
400
364
313
816
1513
1646
1306
1216
1679
2234
2285
2034
1911
2052
2102
1912
1796
1907
2013
1744
1224
919
1027
1092
794
423
293
248
28
-370
-691
-711
-652
-771
-936
-1021
-1133
-1306
-1384
-1107
-721
-643
-780
-904
-707
-264
39
164
261
388
533
679
887
1154
1342
1346
1293
1361
1514
1574
1480
1400
1435
1435
1260
986
819
745
666
526
300
136
-56
-305
-453
-507
-472
-553
-800
-954
-972
-943
-901
-789
-799
-1088
-1349
-1486
-1554
-1655
-1784
-1562
-1340
-1599
-2214
-2654
-2296
-1580
-1538
-2006
-2254
-1905
-1474
-1583
-1751
-1374
-726
-519
-749
-678
-84
377
389
357
817
1498
1682
1324
1268
1760
2258
2330
2048
1900
2030
2071
1919
1793
1885
1998
1692
1194
911
966
1018
733
353
181
153
-41
-439
-704
-707
-650
-801
-1000
-1071
-1108
-1259
-1367
-1122
-735
-602
-724
-869
-671
-205
52
205
377
460
498
593
853
1235
1417
1339
1306
1436
1556
1521
1418
1435
1494
1438
1217
971
873
843
739
577
420
243
-29
-363
-439
-375
-328
-421
-696
-886
-976
-933
-858
-721
-725
-973
-1240
-1492
-1689
-1813
-1759
-1439
-1346
-1847
-2528
-2672
-2031
-1502
-1793
-2379
-2377
-1785
-1478
-1714
-1751
-1236
-678
-643
-792
-487
155
435
320
512
1197
1759
1659
1229
1333
2027
2381
2236
1994
1981
2124
1989
1763
1726
1878
1840
1383
923
834
931
796
386
110
160
83
-298
-743
-805
-652
-813
-1104
-1129
-948
-1046
-1411
-1494
-1082
-546
-426
-737
-835
-490
-86
124
277
527
683
597
630
1002
1433
1604
1413
1309
1460
1619
1610
1455
1436
1531
1482
1225
924
769
721
610
449
355
228
-66
-384
-534
-429
-317
-440
-643
-836
-867
-733
-667
-625
-837
-1090
-1222
-1431
-1650
-1739
-1503
-1278
-1542
-2286
-2740
-2354
-1660
-1643
-2266
-2572
-2153
-1650
-1701
-1956
-1656
-958
-707
-874
-771
-163
365
327
271
817
1629
1863
1435
1279
1808
2442
2439
2135
2018
2149
2199
1948
1803
1903
1955
1638
1107
809
899
897
481
31
7
81
-161
-651
-965
-913
-704
-913
-1476
-1534
-1196
-1056
-1346
-1541
-1177
-773
-646
-717
-701
-342
-37
97
329
689
897
875
853
1105
1548
1709
1552
1480
1651
1770
1702
1595
1538
1526
1395
1099
906
826
742
502
225
127
41
-184
-460
-574
-506
-456
-577
-768
-974
-884
-704
-649
-687
-889
-986
-1186
-1480
-1666
-1554
-1150
-1064
-1698
-2433
-2474
-1879
-1439
-1782
-2344
-2280
-1792
-1593
-1803
-1815
-1306
-861
-947
-1014
-533
126
302
137
379
1101
1652
1524
1239
1432
2069
2383
2221
2054
2026
2149
2061
1895
1885
1968
1844
1398
1019
939
991
791
352
123
107
-5
-369
-752
-896
-834
-844
-1073
-1328
-1557
-1562
-1363
-1201
-1141
-1186
-1208
-1067
-716
-290
-112
-97
-17
205
523
761
972
1148
1233
1379
1532
1589
1636
1660
1652
1586
1605
1699
1563
1220
996
973
975
802
441
173
-4
-123
-251
-389
-444
-505
-637
-771
-798
-723
-686
-765
-775
-866
-942
-1085
-1376
-1635
-1679
-1293
-1018
-1386
-2186
-2607
-2172
-1439
-1415
-2025
-2319
-1996
-1651
-1701
-1773
-1393
-906
-852
-1005
-778
-120
272
147
220
842
1523
1670
1320
1303
1821
2312
2321
2084
2035
2118
2082
1948
1901
2043
2015
1550
1109
947
1007
955
596
245
138
76
-217
-626
-826
-802
-827
-978
-1233
-1575
-1631
-1433
-1272
-1254
-1271
-1231
-1173
-914
-553
-399
-330
-151
97
399
604
755
983
1118
1252
1464
1581
1641
1631
1598
1578
1635
1766
1648
1300
1076
1085
1073
836
531
306
123
-47
-239
-365
-420
-493
-578
-700
-820
-825
-785
-783
-701
-743
-920
-1031
-1278
-1637
-1766
-1399
-880
-1092
-2017
-2695
-2379
-1406
-1212
-1911
-2355
-2067
-1560
-1587
-1826
-1504
-923
-832
-1093
-981
-278
308
180
50
641
1442
1688
1281
1055
1610
2312
2422
2137
1990
2132
2172
1960
1868
2061
2132
1751
1200
968
1090
1120
759
266
153
265
45
-444
-774
-786
-690
-917
-1265
-1292
-1234
-1393
-1601
-1518
-1141
-924
-1032
-1129
-930
-535
-217
-48
72
286
509
562
705
1096
1448
1492
1334
1368
1590
1674
1604
1543
1582
1596
1376
1042
885
886
839
605
332
200
56
-204
-445
-491
-393
-407
-656
-879
-946
-791
-692
-766
-843
-943
-1040
-1345
-1792
-1851
-1376
-889
-1121
-2037
-2608
-2206
-1441
-1343
-1855
-2223
-1937
-1541
-1662
-1796
-1441
-876
-750
-967
-819
-220
233
82
-4
646
1461
1682
1230
1039
1600
2216
2284
2023
1945
2113
2110
1850
1859
2099
2111
1710
1181
1096
1263
1130
768
389
283
369
107
-370
-714
-752
-710
-875
-970
-1035
-1257
-1554
-1701
-1341
-793
-754
-1107
-1323
-1043
-471
-123
-34
47
164
230
341
701
1143
1370
1306
1219
1362
1547
1565
1500
1491
1617
1661
1444
1108
874
880
861
731
562
372
72
-288
-487
-391
-210
-333
-682
-898
-893
-804
-792
-883
-944
-975
-1147
-1575
-1935
-1839
-1311
-1071
-1639
-2457
-2572
-1948
-1408
-1658
-2230
-2261
-1821
-1545
-1671
-1687
-1264
-830
-849
-911
-505
100
204
15
260
1050
1686
1530
1111
1261
1892
2310
2226
1982
2001
2182
2058
1858
1959
2083
1933
1460
1094
1165
1276
989
484
216
325
326
-80
-533
-669
-684
-776
-858
-880
-1007
-1404
-1711
-1525
-922
-559
-811
-1220
-1208
-716
-253
-96
-8
135
214
266
508
936
1224
1227
1196
1284
1488
1639
1519
1361
1423
1585
1590
1289
943
833
802
741
601
456
255
-109
-376
-394
-294
-267
-504
-762
-881
-784
-650
-755
-989
-1051
-1076
-1488
-1948
-1967
-1394
-1025
-1549
-2391
-2666
-2148
-1500
-1614
-2185
-2339
-1942
-1583
-1630
-1684
-1344
-916
-891
-983
-631
9
274
57
108
832
1570
1609
1156
1181
1777
2301
2272
1969
1930
2081
2060
1875
1901
2078
2013
1456
994
1033
1208
1094
610
269
331
323
-31
-579
-901
-750
-469
-512
-906
-1283
-1438
-1375
-1171
-873
-693
-844
-1108
-1068
-650
-153
28
-38
4
202
427
661
890
1059
1227
1307
1301
1388
1452
1413
1396
1476
1574
1484
1172
869
791
835
787
602
393
199
-60
-328
-361
-287
-255
-424
-722
-856
-775
-672
-693
-860
-1005
-1104
-1456
-1822
-1822
-1368
-1060
-1522
-2411
-2711
-2115
-1385
-1488
-2211
-2452
-1987
-1601
-1698
-1784
-1414
-952
-916
-1021
-702
-79
150
-19
98
879
1573
1517
1084
1125
1774
2308
2278
1996
1932
2081
2085
1913
1942
2059
1962
1509
1064
1085
1259
1041
559
324
356
330
-148
-767
-798
-452
-365
-817
-1255
-1285
-1111
-1019
-1055
-1011
-900
-885
-978
-856
-461
-150
-171
-179
79
399
521
529
687
1026
1269
1278
1277
1301
1391
1487
1453
1405
1399
1322
1060
875
899
897
745
487
264
165
20
-181
-324
-392
-424
-476
-613
-788
-801
-732
-692
-814
-886
-1112
-1594
-1870
-1601
-986
-1018
-1912
-2704
-2503
-1646
-1247
-1727
-2327
-2248
-1808
-1672
-1708
-1516
-1116
-1023
-1143
-918
-312
113
-17
-135
376
1159
1460
1203
1025
1378
1923
2170
2039
1940
1969
1996
1935
1940
2053
2013
1722
1274
1128
1245
1204
840
417
243
146
-26
-235
-396
-496
-682
-864
-950
-915
-898
-1115
-1261
-1139
-895
-788
-871
-827
-628
-493
-363
-140
63
224
342
451
693
933
1079
1142
1188
1281
1399
1440
1386
1359
1337
1262
1210
1131
966
808
627
520
472
314
45
-163
-263
-319
-373
-502
-631
-696
-670
-740
-818
-878
-933
-1204
-1722
-1870
-1466
-983
-1267
-2126
-2631
-2275
-1526
-1354
-1884
-2271
-2103
-1794
-1690
-1588
-1275
-1055
-1126
-1174
-797
-155
150
11
10
500
1093
1302
1137
1113
1514
1982
2180
2040
1918
1885
1948
2030
2083
2135
2017
1667
1268
1212
1343
1237
855
420
117
27
-6
-128
-405
-675
-750
-779
-836
-900
-1062
-1188
-1147
-1015
-887
-874
-910
-851
-716
-518
-276
-93
2
73
218
449
710
927
1048
1019
1076
1216
1339
1401
1355
1323
1292
1240
1101
1013
923
826
758
655
497
279
57
-116
-226
-253
-339
-488
-585
-688
-750
-767
-856
-913
-1071
-1587
-1948
-1786
-1236
-1063
-1744
-2566
-2637
-1949
-1372
-1604
-2158
-2292
-2044
-1803
-1664
-1418
-1074
-999
-1218
-1109
-541
12
60
-64
288
906
1244
1175
1034
1323
1871
2201
2169
2041
2032
2034
2034
2099
2251
2248
1953
1490
1318
1444
1422
1125
635
241
191
252
108
-266
-675
-769
-665
-609
-735
-1055
-1242
-1214
-1074
-877
-822
-916
-969
-909
-672
-297
-148
-201
-152
66
362
560
693
828
919
1050
1213
1285
1265
1209
1235
1311
1343
1248
1054
903
872
874
741
568
364
158
-3
-107
-83
-172
-360
-563
-701
-733
-720
-817
-961
-1191
-1667
-1955
-1720
-1204
-1235
-2023
-2745
-2643
-1897
-1479
-1874
-2357
-2328
-2017
-1882
-1807
-1520
-1179
-1130
-1298
-1045
-433
-48
-92
-116
387
1047
1268
1114
1037
1430
1938
2188
2161
2072
2041
2029
2103
2182
2310
2240
1896
1490
1307
1415
1432
1156
699
382
211
152
111
-151
-467
-615
-587
-629
-777
-922
-1058
-1115
-981
-804
-828
-968
-967
-749
-524
-343
-214
-170
-115
49
271
516
757
849
857
855
1012
1251
1262
1188
1192
1302
1287
1126
975
957
1004
907
699
549
426
274
116
1
-23
-122
-340
-536
-660
-610
-625
-746
-1026
-1719
-2087
-1710
-1037
-1131
-2189
-2999
-2688
-1776
-1466
-2094
-2616
-2378
-2041
-2093
-2021
-1550
-1136
-1249
-1599
-1229
-345
-5
-369
-419
346
1100
1119
772
811
1417
1916
2009
1926
1936
1951
1859
1837
2057
2395
2232
1771
1415
1387
1593
1458
1046
697
535
475
324
51
-173
-294
-398
-499
-564
-645
-842
-1096
-1049
-694
-496
-664
-935
-904
-589
-308
-227
-215
-151
-40
84
267
536
746
812
764
791
1048
1202
1124
1016
1088
1278
1232
992
817
833
939
881
678
529
438
287
115
58
103
46
-196
-431
-481
-464
-470
-716
-1364
-1856
-1727
-1072
-931
-1840
-2799
-2787
-1910
-1440
-1986
-2582
-2530
-2162
-2081
-2138
-1749
-1264
-1345
-1772
-1552
-661
-156
-423
-647
-34
844
1020
645
596
1128
1693
1875
1794
1790
1851
1815
1771
1994
2330
2239
1769
1313
1287
1537
1529
1148
681
488
533
497
141
-255
-362
-243
-200
-363
-614
-845
-1025
-957
-619
-357
-439
-819
-986
-648
-191
-21
-80
-132
-45
131
266
518
798
822
749
772
978
1140
1069
969
1063
1250
1231
947
720
726
773
810
732
490
320
167
50
129
182
63
-190
-462
-501
-401
-387
-778
-1572
-1810
-1196
-590
-1092
-2358
-2900
-2238
-1362
-1452
-2236
-2521
-2232
-2117
-2148
-1885
-1328
-1179
-1686
-1860
-1093
-228
-241
-699
-493
340
892
745
458
730
1368
1661
1644
1626
1693
1649
1545
1685
2022
2214
1888
1311
1030
1267
1463
1172
685
441
591
619
207
-271
-424
-129
46
-177
-503
-791
-873
-760
-490
-154
-254
-747
-985
-713
-144
149
14
-145
-81
127
294
436
672
821
778
742
825
980
1021
956
1006
1139
1161
945
690
650
794
883
735
505
300
133
32
46
107
14
-168
-362
-425
-427
-366
-765
-1586
-1663
-977
-391
-1028
-2419
-2802
-1962
-1099
-1233
-2028
-2296
-2057
-2008
-2012
-1644
-1066
-1083
-1682
-1738
-932
-238
-344
-674
-348
420
730
486
362
699
1191
1481
1552
1488
1421
1297
1308
1579
1890
1937
1565
1109
928
1044
1153
916
571
514
561
339
-160
-395
-235
14
81
-266
-582
-659
-674
-513
-290
-133
-270
-622
-644
-283
40
148
61
2
169
257
302
507
698
811
817
775
840
874
851
844
967
1088
923
698
599
650
664
582
524
448
276
89
9
-3
7
-60
-216
-306
-289
-410
-454
-743
-1379
-1475
-964
-432
-860
-2009
-2460
-1844
-1004
-1003
-1716
-2022
-1865
-1776
-1708
-1413
-936
-905
-1408
-1512
-902
-319
-328
-561
-309
235
493
456
378
549
926
1156
1279
1297
1196
1109
1151
1305
1522
1605
1338
982
789
895
935
742
645
558
412
138
-141
-150
-23
94
-57
-352
-482
-494
-443
-370
-253
-187
-348
-517
-367
-79
121
146
113
197
267
301
343
490
805
931
782
679
710
779
812
870
954
931
734
502
493
567
505
436
337
207
125
55
-43
-49
-58
-199
-264
-322
-305
-403
-477
-593
-1110
-1296
-882
-404
-745
-1777
-2161
-1572
-818
-882
-1577
-1782
-1585
-1560
-1479
-1150
-814
-835
-1218
-1271
-731
-257
-296
-435
-218
210
383
342
364
474
769
1066
1169
1100
987
837
875
1152
1388
1403
1068
694
600
804
884
661
454
374
305
136
-36
-83
14
59
-100
-241
-288
-360
-373
-269
-102
-5
-181
-378
-310
-81
122
204
199
201
279
307
333
474
669
734
641
628
693
713
714
711
730
698
576
463
455
502
421
329
280
202
98
3
-81
-137
-131
-148
-254
-314
-347
-483
-471
-463
-826
-1196
-1112
-700
-523
-1070
-1724
-1635
-1130
-887
-1104
-1381
-1356
-1267
-1247
-1096
-769
-610
-820
-996
-727
-267
-149
-244
-200
77
348
425
432
443
575
821
959
944
863
783
803
858
912
984
964
800
554
424
540
574
455
282
143
160
48
-76
-43
-3
-17
-139
-226
-164
-120
-182
-163
8
49
-63
-99
17
150
213
263
351
374
316
304
450
677
748
666
617
597
546
564
606
657
576
390
381
410
357
238
140
150
156
12
-149
-196
-229
-197
-254
-318
-292
-376
-447
-402
-540
-741
-859
-884
-651
-600
-867
-1201
-1441
-1355
-1110
-899
-782
-1051
-1349
-1336
-1071
-725
-552
-557
-687
-753
-572
-287
27
155
81
125
282
459
560
676
807
884
896
908
817
759
792
897
998
886
638
433
418
417
377
386
332
137
-76
-159
-125
-87
-120
-167
-145
-195
-272
-284
-208
-100
-70
-86
-40
15
22
114
234
352
406
350
324
426
583
662
667
706
667
592
592
635
691
661
551
449
400
351
257
185
104
74
68
-77
-213
-296
-337
-319
-358
-414
-421
-470
-568
-589
-515
-518
-641
-698
-653
-627
-708
-802
-761
-691
-744
-806
-804
-727
-648
-683
-713
-609
-528
-561
-539
-430
-314
-270
-284
-237
-102
-37
1
91
166
241
279
336
438
459
426
453
479
548
580
464
413
480
521
454
336
275
322
347
243
166
101
80
94
52
47
50
-9
-58
-28
41
63
7
18
80
142
170
166
252
332
362
368
377
419
460
498
557
611
585
509
469
518
589
558
449
391
365
306
239
196
133
75
-11
-104
-125
-127
-204
-322
-379
-398
-414
-450
-463
-491
-510
-503
-563
-627
-659
-636
-612
-709
-758
-713
-666
-663
-688
-668
-640
-666
-636
-543
-517
-566
-579
-447
-317
-263
-230
-215
-185
-118
-61
27
85
137
179
209
324
366
332
336
391
466
445
352
364
429
435
441
401
307
288
327
303
239
189
143
161
181
149
94
82
86
83
111
93
68
59
90
154
177
183
187
211
262
255
291
365
360
361
379
419
449
429
421
435
440
417
360
363
420
381
259
231
245
169
99
73
26
-29
-96
-174
-203
-213
-259
-340
-391
-444
-472
-446
-450
-499
-576
-645
-623
-505
-485
-616
-724
-720
-630
-573
-578
-601
-624
-635
-583
-495
-469
-458
-504
-480
-355
-273
-240
-228
-177
-125
-74
-27
6
35
110
174
213
281
307
297
300
338
400
406
361
344
353
381
373
362
342
298
248
240
275
303
295
187
152
220
179
96
87
114
175
178
105
118
147
161
174
179
207
212
246
276
290
335
368
349
347
387
396
380
379
404
423
403
316
270
315
279
236
197
122
65
1
-17
-6
-40
-149
-213
-242
-294
-337
-382
-383
-394
-481
-522
-484
-481
-520
-533
-531
-539
-574
-621
-629
-580
-513
-498
-523
-574
-577
-552
-542
-457
-407
-393
-377
-377
-319
-255
-205
-159
-135
-146
-109
-31
45
99
126
142
116
156
236
286
326
322
324
339
352
376
387
359
321
329
343
329
309
262
243
278
268
235
217
213
203
193
206
232
197
124
93
138
221
206
188
251
282
270
218
223
265
307
336
296
303
312
308
312
281
265
241
209
208
214
233
215
118
37
40
57
6
-80
-129
-130
-133
-185
-243
-239
-282
-350
-345
-333
-360
-414
-466
-486
-456
-456
-441
-455
-543
-551
-532
-493
-459
-483
-488
-510
-495
-430
-372
-356
-419
-420
-362
-278
-241
-271
-248
-205
-162
-106
-70
-50
-27
19
58
71
113
171
198
233
268
314
328
291
315
338
358
381
375
376
330
330
349
325
348
328
304
268
226
243
230
196
204
210
193
154
113
141
182
165
142
142
152
189
213
195
177
174
200
222
213
260
269
224
236
234
211
227
206
183
165
129
116
61
33
57
34
-21
-82
-103
-103
-139
-193
-220
-249
-290
-306
-312
-313
-329
-355
-378
-445
-484
-487
-455
-436
-481
-477
-481
-484
-455
-471
-514
-517
-451
-411
-388
-349
-345
-327
-284
-226
-207
-214
-173
-108
-38
-9
2
23
63
100
136
192
221
182
171
229
286
319
316
300
303
293
287
303
306
308
274
257
278
254
243
231
202
220
224
187
172
175
197
205
173
136
148
193
181
164
191
198
190
185
175
196
231
230
233
224
189
184
197
192
199
219
163
95
91
77
72
65
41
31
-8
-46
-54
-73
-118
-142
-161
-174
-176
-190
-201
-225
-247
-263
-306
-346
-357
-352
-327
-339
-390
-404
-409
-388
-391
-429
-418
-412
-410
-404
-402
-367
-370
-389
-317
-271
-288
-267
-210
-186
-175
-125
-76
-38
3
24
38
51
86
119
133
180
192
219
255
250
271
271
266
279
290
266
223
228
264
245
216
216
211
219
203
181
200
230
207
163
163
169
175
186
200
220
186
161
178
189
203
218
222
180
152
189
201
211
217
175
163
146
121
128
131
110
94
75
65
41
0
-28
-38
-26
-36
-69
-91
-106
-118
-133
-161
-186
-217
-238
-260
-277
-264
-289
-316
-338
-349
-324
-322
-334
-345
-349
-327
-324
-344
-368
-342
-325
-331
-319
-304
-282
-270
-240
-180
-132
-136
-154
-132
-85
-55
-22
-8
9
28
31
70
91
111
123
117
117
120
143
157
161
162
148
140
156
178
174
158
165
152
146
160
187
217
209
183
198
220
207
191
206
224
212
217
231
242
221
196
200
193
205
227
225
218
194
173
206
197
128
113
94
77
113
120
80
45
34
27
23
12
-15
-35
-66
-101
-90
-93
-123
-131
-150
-151
-144
-155
-159
-174
-182
-206
-220
-197
-232
-269
-266
-265
-243
-242
-271
-289
-285
-251
-223
-249
-264
-268
-278
-253
-226
-227
-239
-196
-171
-173
-140
-137
-123
-97
-98
-55
-14
-23
4
23
10
36
57
63
67
65
68
74
115
154
143
153
163
156
163
150
163
164
152
186
172
147
167
161
159
186
172
147
147
154
161
185
192
172
167
162
158
168
157
168
185
189
194
162
144
149
154
150
134
104
88
113
106
76
73
69
36
17
-4
-19
-7
-24
-28
-37
-60
-90
-113
-90
-106
-133
-147
-173
-183
-189
-199
-198
-177
-183
-204
-208
-206
-205
-206
-203
-232
-245
-226
-214
-204
-206
-204
-205
-209
-213
-201
-143
-133
-152
-139
-140
-146
-108
-81
-76
-57
-77
-54
-24
-31
-25
1
46
45
37
50
57
76
97
95
99
125
127
136
130
130
158
157
147
148
164
149
126
128
150
175
152
134
149
157
153
152
140
135
159
149
121
136
131
117
117
108
132
150
118
90
115
130
104
105
92
79
105
82
58
57
36
28
44
18
-15
5
-10
-66
-58
-35
-46
-71
-120
-137
-119
-131
-137
-140
-161
-172
-182
-179
-170
-188
-209
-200
-204
-215
-181
-177
-201
-195
-194
-180
-150
-144
-148
-149
-157
-152
-124
-96
-94
-111
-112
-79
-55
-48
-33
-24
-23
-29
-30
-2
42
70
63
53
43
38
54
68
77
92
116
121
108
91
116
119
91
100
100
107
124
122
118
131
144
122
98
118
132
118
105
117
112
80
89
97
112
131
99
81
105
111
99
102
99
97
114
109
82
77
86
92
88
74
68
55
46
44
39
36
20
0
-8
-35
-61
-77
-95
-84
-97
-126
-163
-191
-169
-160
-172
-179
-205
-216
-194
-200
-216
-203
-182
-170
-178
-185
-171
-146
-146
-170
-141
-104
-101
-93
-97
-96
-59
-23
-19
-36
-24
-12
-5
10
8
46
53
10
3
15
16
51
82
70
64
61
31
37
63
40
51
79
62
68
78
77
95
87
63
82
87
65
70
80
108
122
104
87
85
113
122
119
103
101
114
92
107
158
153
136
115
93
110
100
79
105
101
70
75
76
47
40
58
44
-4
-38
-13
11
1
-29
-67
-64
-63
-91
-98
-101
-111
-119
-131
-157
-166
-146
-165
-139
-131
-178
-193
-194
-177
-163
-149
-135
-143
-153
-133
-101
-98
-95
-72
-72
-62
-56
-50
-12
-10
-26
-10
0
9
33
21
0
36
48
30
40
44
41
41
38
43
41
47
44
32
43
30
17
8
8
31
35
42
41
30
56
49
36
69
63
42
43
53
57
67
76
91
93
92
77
77
92
82
91
92
82
100
112
112
91
74
83
79
81
83
81
89
84
62
49
15
10
28
23
12
-1
-2
-32
-45
-46
-84
-105
-81
-80
-123
-103
-96
-105
-109
-152
-153
-161
-175
-148
-143
-153
-147
-145
-127
-122
-130
-102
-102
-108
-99
-87
-55
-14
-16
-22
-4
-4
2
26
64
62
25
33
55
71
70
47
47
71
67
43
45
32
41
43
13
8
-12
-11
20
15
7
22
17
4
-3
13
41
30
13
16
38
43
26
24
28
46
49
48
53
62
83
66
64
76
63
65
77
80
90
100
85
79
73
60
73
71
73
83
62
50
40
16
8
2
-21
-21
-29
-41
-53
-85
-94
-113
-113
-99
-109
-113
-112
-101
-102
-126
-129
-107
-105
-102
-91
-90
-74
-83
-99
-64
-54
-63
-54
-50
-46
-29
-4
-15
-11
16
13
23
35
43
27
19
33
50
46
31
49
68
63
43
25
21
31
23
26
35
22
5
2
10
11
4
22
17
2
11
6
2
-6
21
20
3
26
17
24
39
33
30
23
34
26
26
45
53
62
65
56
58
68
58
59
74
64
41
48
54
62
62
52
40
17
7
11
14
6
-6
-8
-34
-36
-28
-62
-73
-102
-74
-37
-81
-100
-129
-114
-86
-105
-104
-83
-62
-71
-100
-112
-104
-97
-74
-60
-43
-18
-44
-46
-32
-25
-7
-6
-7
15
32
27
39
45
26
22
34
41
43
45
39
31
36
29
36
27
27
51
45
32
0
-6
17
24
29
18
3
11
26
23
15
10
10
16
14
15
32
44
50
42
32
36
19
25
35
46
77
60
45
62
58
52
44
33
62
59
33
34
28
21
23
9
16
20
-15
-33
-27
-22
-12
-30
-58
-49
-36
-57
-57
-39
-54
-60
-81
-105
-71
-48
-84
-87
-73
-73
-72
-74
-79
-74
-63
-88
-96
-67
-63
-61
-46
-45
-31
-9
-36
-59
-27
-2
7
4
4
43
40
11
31
48
38
33
38
70
86
52
48
72
61
64
68
53
38
36
38
38
40
24
17
22
19
18
30
19
19
31
14
16
31
24
8
27
35
22
35
23
11
34
42
32
33
34
2
16
58
63
45
20
6
36
64
39
14
15
14
5
20
11
6
4
-8
-4
-17
-26
-30
-26
-38
-49
-51
-80
-97
-76
-64
-76
-91
-90
-69
-75
-101
-111
-93
-72
-84
-86
-79
-60
-41
-64
-53
-32
-60
-57
-35
-40
-38
-36
-28
-3
14
17
-3
-13
-6
-7
1
11
19
35
56
59
47
49
48
50
52
47
59
76
81
66
52
51
36
33
42
52
65
63
53
64
93
82
35
11
26
32
10
30
45
36
37
32
45
29
0
17
26
32
32
27
30
32
35
12
-23
-5
5
-11
19
-3
-36
-18
-13
3
-14
-33
-4
-18
-44
-30
-28
-51
-57
-45
-45
-46
-49
-53
-46
-53
-57
-50
-53
-49
-38
-43
-62
-61
-44
-46
-56
-51
-46
-52
-54
-61
-38
-13
-32
-43
-25
2
-13
-42
-42
-10
4
-21
-33
-16
-1
-1
-11
1
16
8
20
17
17
39
46
30
17
47
49
33
32
35
54
56
44
50
69
78
53
40
49
50
60
55
36
51
57
29
38
35
26
57
45
42
55
30
29
33
40
57
46
30
21
17
26
19
8
7
-11
-17
-17
-21
-9
-8
-10
-17
-32
-41
-44
-42
-32
-30
-49
-62
-60
-49
-59
-57
-55
-85
-66
-51
-71
-65
-64
-70
-56
-58
-66
-47
-42
-38
-35
-36
-25
-25
-25
-13
-12
-14
-11
-19
-7
-3
-3
14
8
-3
-8
-1
6
-4
-4
16
9
18
16
-1
24
14
-2
29
48
48
60
55
52
41
33
45
53
65
65
53
55
50
47
60
54
46
49
42
36
46
42
28
18
26
40
29
21
15
12
16
9
5
5
20
14
9
26
-4
-40
-19
8
9
13
-1
-17
-16
-36
-36
-19
-46
-31
-17
-31
-27
-30
-42
-54
-63
-65
-48
-42
-52
-58
-66
-60
-63
-69
-61
-43
-33
-62
-67
-63
-63
-49
-40
-43
-28
-6
-29
-28
-43
-50
-4
-7
-4
10
0
-2
1
12
17
27
37
34
51
45
22
32
34
31
45
37
44
57
30
39
58
44
55
51
29
46
48
47
58
56
52
52
52
53
41
29
31
32
44
38
32
47
28
12
18
17
8
3
6
12
16
0
-12
3
2
-14
-20
-6
5
9
5
2
-2
-8
-22
-37
-26
-24
-36
-38
-27
-34
-34
-42
-41
-34
-57
-54
-37
-33
-47
-61
-62
-52
-51
-48
-40
-57
-48
-50
-48
-25
-39
-44
-35
-36
-19
-21
-47
-32
-39
-45
