-23
-20
-14
-15
-18
-15
-17
-13
-12
-12
-3
2
-4
-7
-1
3
3
4
2
3
2
-4
0
-2
-8
-8
-11
-15
-15
-12
-15
-16
-19
-20
-21
-22
-21
-25
-26
-23
-25
-26
-27
-23
-17
-18
-14
-7
-6
0
-2
-7
-1
4
6
7
11
12
7
12
13
14
17
17
17
20
18
17
18
17
17
16
1
-15
-23
-35
-40
-52
-74
-78
-79
-78
-70
-61
-53
-46
-42
-35
-25
-18
-18
-15
-9
-10
-5
7
20
30
35
43
60
74
79
81
81
81
76
66
63
59
50
45
40
39
45
49
50
50
44
42
44
42
33
25
16
7
2
-5
-9
-6
-9
-15
-14
-18
-16
-15
-18
-19
-23
-30
-27
-26
-31
-26
-22
-19
-17
-15
-11
-11
-10
-7
0
2
3
6
10
13
9
8
8
1
-4
-4
-4
-7
-8
-14
-19
-20
-20
-22
-29
-30
-32
-32
-34
-32
-28
-30
-28
-33
-35
-28
-27
-24
-17
-13
-14
-10
-8
-6
5
8
7
15
14
12
19
24
29
34
33
32
36
38
45
45
42
51
35
-8
-42
-66
-78
-101
-152
-177
-180
-181
-172
-163
-148
-118
-95
-73
-50
-30
-20
-15
-11
-13
-2
26
55
78
91
117
163
195
204
209
207
204
190
160
138
118
92
63
41
42
53
54
66
81
84
87
85
81
72
48
25
15
-3
-15
-23
-26
-25
-23
-11
-9
-17
-25
-29
-36
-51
-71
-74
-71
-82
-80
-74
-64
-50
-51
-55
-41
-21
-17
-14
-3
7
14
20
23
27
35
43
45
42
32
25
14
-11
-36
-38
-36
-45
-46
-42
-63
-83
-69
-60
-67
-58
-58
-61
-55
-63
-60
-61
-63
-50
-46
-43
-31
-23
-3
21
29
34
37
46
58
71
70
63
75
89
105
118
111
129
117
21
-85
-190
-258
-307
-435
-573
-614
-621
-591
-540
-511
-447
-369
-285
-174
-99
-49
-1
26
51
80
138
221
296
348
387
479
596
678
704
680
661
605
507
426
344
234
121
23
-33
-64
-65
-34
2
42
56
87
128
139
104
49
33
15
11
20
7
28
68
93
119
137
136
118
64
-3
-60
-120
-162
-204
-248
-270
-256
-215
-184
-160
-144
-118
-77
-41
-46
-32
6
11
45
69
96
126
146
161
161
150
133
113
67
19
-14
-59
-90
-113
-151
-167
-166
-162
-157
-182
-199
-179
-169
-176
-185
-146
-131
-143
-111
-100
-63
10
49
74
117
125
145
161
142
132
118
122
116
108
112
135
93
-139
-388
-535
-657
-808
-1111
-1369
-1416
-1381
-1265
-1148
-1018
-783
-561
-365
-146
58
215
331
398
447
528
626
758
875
908
933
1095
1273
1364
1357
1247
1155
1007
803
589
342
77
-196
-390
-490
-530
-515
-483
-397
-300
-224
-91
50
116
116
70
55
116
192
222
270
369
464
611
708
711
712
609
467
328
146
-30
-228
-424
-568
-633
-649
-628
-589
-582
-529
-411
-312
-243
-136
-48
-19
47
107
214
359
402
396
455
478
460
466
367
232
122
22
-60
-155
-259
-358
-379
-391
-424
-425
-409
-390
-407
-419
-362
-272
-228
-234
-210
-139
-60
25
128
225
319
383
396
413
395
338
262
183
98
20
-233
-751
-1122
-1322
-1514
-1794
-2261
-2476
-2349
-2185
-1908
-1632
-1298
-863
-526
-91
370
676
907
1055
1179
1258
1316
1450
1630
1724
1664
1689
1870
1930
1863
1675
1370
1093
732
346
-14
-403
-785
-1112
-1275
-1304
-1265
-1138
-931
-703
-487
-233
84
328
441
487
548
701
841
900
953
1038
1131
1207
1291
1249
1117
953
699
466
170
-179
-468
-752
-1005
-1177
-1260
-1247
-1175
-1091
-1001
-806
-528
-307
-109
56
220
415
577
733
859
943
961
900
859
789
710
613
399
202
23
-192
-340
-502
-687
-812
-868
-880
-901
-874
-783
-692
-620
-588
-521
-341
-145
-49
35
177
324
452
573
637
643
627
575
529
438
285
-121
-868
-1521
-1895
-2187
-2615
-3240
-3656
-3584
-3228
-2775
-2289
-1700
-1086
-492
130
731
1224
1510
1661
1787
1861
1937
2126
2338
2418
2304
2257
2435
2523
2378
2049
1546
1035
523
-38
-608
-1189
-1734
-2134
-2270
-2159
-1883
-1524
-1154
-737
-325
116
643
1001
1118
1125
1129
1251
1426
1489
1510
1541
1562
1590
1627
1567
1320
953
503
27
-416
-844
-1228
-1538
-1804
-1968
-1936
-1740
-1467
-1216
-961
-620
-217
201
559
788
956
1109
1252
1397
1451
1461
1402
1249
1069
909
782
532
182
-169
-497
-770
-933
-1103
-1271
-1341
-1370
-1319
-1211
-1068
-926
-775
-597
-382
-158
49
182
359
525
636
823
939
967
952
836
719
579
322
-311
-1365
-2168
-2647
-3071
-3662
-4419
-4676
-4330
-3803
-3154
-2516
-1755
-839
-81
659
1419
1962
2226
2353
2435
2451
2510
2684
2828
2837
2634
2528
2622
2575
2245
1654
988
354
-349
-1032
-1646
-2199
-2642
-2927
-2783
-2375
-1909
-1300
-671
-29
560
1080
1647
1992
2021
1924
1875
1936
1960
1880
1764
1676
1613
1520
1408
1215
788
201
-420
-941
-1383
-1828
-2195
-2418
-2482
-2400
-2132
-1681
-1183
-718
-273
203
705
1157
1469
1702
1858
1867
1899
1915
1804
1618
1355
1069
819
552
235
-87
-447
-821
-1100
-1304
-1480
-1589
-1615
-1585
-1491
-1336
-1144
-830
-542
-309
-9
146
337
651
825
961
993
959
1064
1051
889
782
629
339
-184
-1261
-2388
-2993
-3542
-4172
-4901
-5522
-5303
-4575
-3798
-2871
-2001
-974
148
1036
1888
2562
2893
2982
2943
2887
2844
2874
2899
2776
2496
2204
2159
2139
1785
1182
434
-241
-861
-1585
-2170
-2660
-3069
-3181
-2991
-2404
-1589
-787
66
870
1589
2267
2810
3131
3055
2762
2497
2285
2096
1761
1380
1079
913
816
574
246
-143
-654
-1200
-1735
-2125
-2385
-2589
-2597
-2449
-2080
-1502
-873
-200
399
870
1360
1841
2149
2278
2199
2017
1908
1757
1482
1225
972
651
354
67
-156
-373
-706
-990
-1243
-1436
-1507
-1573
-1503
-1340
-1202
-984
-686
-309
37
280
516
726
852
979
1058
1051
1044
917
738
676
447
240
56
-437
-1190
-2393
-3463
-3911
-4401
-5120
-5771
-5905
-5146
-4140
-3150
-2004
-784
523
1572
2372
3186
3680
3652
3364
3111
2826
2500
2266
1969
1643
1331
1062
1025
896
442
-122
-710
-1189
-1690
-2146
-2393
-2598
-2666
-2402
-1685
-687
200
1044
1927
2730
3400
3699
3784
3658
3103
2406
1797
1337
913
365
-142
-418
-531
-661
-811
-992
-1285
-1578
-1818
-1963
-1953
-1853
-1687
-1404
-938
-293
397
1051
1529
1861
2133
2307
2322
2133
1857
1522
1161
868
620
405
145
-129
-349
-558
-678
-763
-917
-1050
-1144
-1169
-1075
-930
-740
-556
-383
-105
204
460
701
857
933
993
987
892
666
436
374
195
-132
-371
-500
-600
-935
-1836
-3044
-3794
-4147
-4528
-5081
-5728
-5590
-4564
-3428
-2183
-969
300
1708
2637
3276
3904
4133
3866
3215
2570
2145
1708
1212
741
381
65
-159
-105
-126
-435
-862
-1256
-1432
-1668
-1981
-2008
-1856
-1620
-1151
-284
852
1799
2533
3194
3775
4135
4086
3790
3226
2340
1372
523
-84
-599
-1181
-1602
-1702
-1593
-1474
-1419
-1392
-1337
-1300
-1281
-1130
-865
-559
-237
113
594
1218
1720
2006
2137
2154
2091
1939
1689
1314
885
517
208
-25
-140
-253
-367
-449
-556
-645
-683
-715
-735
-741
-784
-727
-525
-286
7
222
490
772
958
1152
1200
1152
948
700
504
189
-109
-355
-718
-1031
-1141
-1248
-1476
-2228
-3377
-4092
-4274
-4401
-4907
-5555
-5322
-4120
-2923
-1815
-548
899
2277
3095
3660
4258
4379
3850
3014
2249
1641
1006
390
-169
-585
-849
-890
-692
-656
-844
-1034
-1114
-1133
-1254
-1345
-1230
-1014
-712
-141
743
1731
2491
3019
3572
3996
4053
3718
3175
2462
1439
370
-432
-987
-1452
-1904
-2108
-1914
-1581
-1300
-1116
-927
-680
-508
-401
-231
-6
246
523
778
1091
1447
1691
1782
1678
1521
1379
1135
775
456
179
-79
-240
-344
-309
-238
-268
-300
-268
-273
-313
-339
-380
-342
-333
-287
-89
151
427
624
770
916
1079
1142
1065
915
653
320
48
-215
-466
-677
-975
-1183
-1389
-1703
-2424
-3474
-4016
-4271
-4659
-5136
-5522
-4945
-3649
-2618
-1542
-183
1340
2676
3313
3738
4160
4077
3403
2452
1686
1061
350
-343
-848
-1031
-1065
-1039
-859
-841
-845
-774
-819
-835
-954
-946
-666
-350
9
614
1512
2366
2862
3245
3665
3854
3586
2926
2223
1446
460
-545
-1318
-1736
-1932
-2034
-1945
-1618
-1141
-706
-409
-197
60
274
357
393
489
713
941
1035
1148
1316
1385
1285
1038
834
643
415
157
-98
-165
-160
-192
-163
-75
43
134
119
72
35
-18
-63
-171
-249
-199
-25
140
306
469
682
846
844
896
838
602
336
88
-120
-280
-642
-1051
-1131
-1276
-1521
-2141
-3338
-3980
-4054
-4266
-4714
-5278
-5023
-3632
-2321
-1451
-342
1149
2666
3443
3554
3877
4046
3426
2262
1224
693
113
-665
-1264
-1406
-1237
-1200
-1073
-875
-683
-522
-561
-591
-644
-603
-372
-125
230
805
1631
2474
2977
3230
3502
3630
3293
2476
1556
789
-100
-1083
-1879
-2234
-2211
-2122
-1886
-1420
-793
-178
222
435
661
833
849
779
721
838
957
977
982
1020
1129
1091
803
539
411
253
5
-204
-265
-177
-99
-82
50
255
351
313
234
190
145
61
-26
-87
-61
73
230
442
601
694
881
881
792
684
456
227
-71
-349
-544
-781
-1053
-1379
-1584
-1899
-2943
-3986
-4357
-4427
-4725
-5465
-5520
-4161
-2653
-1773
-827
788
2690
3651
3659
3943
4387
3904
2503
1333
756
190
-715
-1540
-1602
-1332
-1309
-1174
-817
-493
-288
-281
-255
-227
-337
-278
24
340
698
1349
2215
2895
3145
3245
3381
3157
2355
1315
421
-321
-1244
-2151
-2509
-2363
-2056
-1735
-1175
-327
437
841
1043
1251
1363
1246
938
710
680
663
575
519
567
668
604
339
161
87
53
-91
-299
-256
-98
44
144
245
459
549
467
408
368
298
188
66
47
70
129
274
368
509
604
672
702
517
361
256
60
-187
-377
-537
-676
-987
-1468
-1674
-2251
-3371
-4141
-4518
-4580
-4801
-5235
-4640
-3180
-1910
-892
254
1801
3101
3424
3385
3625
3507
2602
1372
503
57
-577
-1253
-1497
-1312
-1112
-1036
-760
-444
-209
-170
-186
-88
-104
-43
230
624
1067
1562
2225
2883
3300
3388
3218
2883
2230
1271
232
-680
-1478
-2193
-2617
-2594
-2188
-1688
-1149
-438
276
758
1080
1268
1311
1263
995
804
857
907
929
921
896
908
903
713
440
181
-72
-255
-396
-424
-293
-182
-73
119
314
396
326
246
225
202
103
-10
-2
135
220
311
487
599
704
715
644
605
291
-16
-49
-192
-332
-542
-888
-1135
-1434
-1998
-2961
-4040
-4684
-4831
-4949
-5357
-5264
-4102
-2525
-1196
-170
1125
2788
3831
3894
3794
3781
3386
2252
952
256
-221
-937
-1614
-1746
-1424
-1261
-1222
-977
-601
-369
-427
-444
-284
-114
103
477
1036
1663
2319
2994
3567
3836
3742
3392
2773
1822
713
-321
-1221
-2041
-2635
-2794
-2472
-1950
-1465
-846
-105
541
865
954
1041
1073
923
693
621
751
890
916
918
1003
1071
947
699
420
192
39
-142
-245
-184
-44
85
167
323
471
452
344
195
114
99
3
-42
42
164
340
480
573
673
711
638
549
356
114
-104
-365
-480
-525
-720
-1079
-1553
-2050
-2795
-3799
-4579
-4961
-5088
-5322
-5386
-4561
-2989
-1470
-351
827
2332
3592
3976
3757
3582
3319
2447
1134
193
-192
-645
-1293
-1634
-1368
-1027
-1015
-979
-719
-467
-510
-696
-692
-414
-103
216
774
1521
2311
3019
3524
3803
3787
3400
2730
1833
769
-313
-1169
-1806
-2264
-2380
-2124
-1578
-972
-390
221
788
1069
1043
963
862
735
566
436
516
741
896
983
1079
1130
1025
737
432
207
20
-200
-285
-197
-27
117
196
368
555
581
463
280
164
120
37
-8
71
233
311
455
623
734
772
604
437
248
49
-165
-450
-631
-738
-928
-1348
-1849
-2453
-3393
-4332
-4892
-5057
-5214
-5479
-5075
-3690
-2053
-809
284
1722
3155
3819
3698
3551
3439
2706
1390
298
-177
-591
-1238
-1694
-1515
-1045
-930
-998
-761
-361
-343
-618
-642
-315
31
186
526
1285
2108
2751
3246
3570
3618
3285
2654
1847
814
-305
-1254
-1925
-2346
-2462
-2254
-1742
-1050
-389
254
859
1269
1389
1323
1210
1063
902
781
759
869
1006
1060
1044
1010
933
651
240
-71
-210
-287
-361
-276
-24
233
383
521
698
740
599
418
273
177
115
99
159
285
465
651
793
907
963
802
584
368
61
-199
-590
-877
-948
-1170
-1552
-2027
-2603
-3467
-4379
-5002
-5246
-5321
-5546
-5194
-3880
-2212
-760
383
1720
3209
4046
4009
3742
3531
2948
1726
427
-213
-534
-1142
-1701
-1709
-1267
-1049
-1175
-1085
-766
-621
-814
-919
-644
-190
160
577
1399
2376
3097
3508
3808
3936
3554
2751
1800
823
-219
-1318
-2111
-2471
-2530
-2350
-1950
-1294
-553
27
435
740
930
949
840
720
717
781
818
974
1286
1465
1483
1422
1300
1088
702
276
12
-149
-252
-262
-167
79
240
298
424
519
480
320
198
221
190
172
252
357
548
721
818
934
933
844
732
490
285
40
-216
-428
-584
-806
-1306
-1877
-2605
-3653
-4709
-5401
-5642
-5740
-5916
-5482
-4023
-2212
-703
481
1811
3270
4058
3935
3587
3340
2781
1627
433
-63
-218
-656
-1210
-1228
-821
-746
-1004
-1149
-1012
-1024
-1271
-1356
-989
-382
111
689
1552
2543
3259
3584
3729
3696
3233
2344
1318
387
-499
-1317
-1877
-2142
-2061
-1762
-1369
-850
-345
33
286
437
495
443
389
419
571
786
938
1170
1462
1619
1568
1339
1117
850
400
-6
-155
-133
-91
-54
132
427
569
581
601
564
416
193
36
16
70
115
222
400
596
788
870
931
887
772
621
432
274
14
-113
-174
-367
-723
-1361
-2012
-2964
-4285
-5298
-5740
-5817
-6073
-6110
-4954
-2979
-1247
-17
1247
2837
3969
3924
3378
3129
2787
1748
420
-191
-65
-238
-818
-1026
-619
-353
-702
-1121
-1169
-1076
-1334
-1604
-1278
-538
121
661
1501
2599
3457
3757
3752
3701
3226
2312
1310
409
-348
-1167
-1761
-1897
-1800
-1582
-1320
-914
-432
-153
-34
137
358
352
249
346
627
933
1065
1155
1390
1574
1468
1173
926
728
395
14
-127
-37
95
169
270
530
679
610
548
522
510
359
153
95
159
175
192
315
477
675
752
731
762
651
418
226
76
-116
-294
-348
-460
-774
-1363
-2039
-2916
-4096
-5023
-5551
-5715
-5736
-5572
-4570
-2849
-1020
395
1471
2614
3587
3763
3144
2585
2211
1455
355
-357
-317
-173
-473
-748
-583
-386
-638
-1110
-1343
-1306
-1360
-1480
-1146
-371
523
1210
1896
2744
3418
3635
3387
3063
2599
1779
875
127
-442
-959
-1355
-1403
-1207
-1035
-924
-696
-399
-226
-193
-137
81
297
370
451
740
1096
1267
1299
1352
1401
1272
985
728
555
354
143
22
69
233
286
304
424
561
616
540
489
506
494
427
319
354
420
425
457
525
650
668
646
619
556
402
248
179
-98
-330
-489
-781
-1286
-2144
-3211
-4424
-5320
-5688
-5798
-5886
-5742
-4626
-2804
-1024
341
1418
2535
3312
3310
2791
2362
2035
1334
378
-76
212
431
48
-375
-405
-382
-854
-1562
-1851
-1795
-1749
-1702
-1139
-60
991
1708
2282
3033
3542
3446
2985
2530
2070
1282
427
1
-116
-420
-814
-955
-866
-783
-922
-1061
-971
-790
-662
-483
-151
328
746
993
1241
1538
1656
1531
1379
1230
1048
839
622
502
369
196
166
238
257
229
233
289
393
505
589
628
668
645
578
467
368
337
265
238
427
571
596
722
772
764
537
295
195
18
-178
-536
-1009
-1566
-2262
-3334
-4704
-5511
-5645
-5623
-5734
-5425
-3985
-2111
-588
493
1470
2539
3094
2766
2131
1890
1765
1132
289
83
620
788
162
-388
-493
-718
-1454
-2145
-2273
-1926
-1665
-1445
-600
663
1706
2220
2570
3058
3310
2947
2302
1950
1656
1139
647
401
374
118
-411
-779
-1009
-1222
-1497
-1698
-1624
-1297
-834
-310
291
797
1109
1256
1347
1419
1338
1162
1019
985
983
972
961
874
750
560
369
312
220
107
101
194
386
616
789
836
821
735
571
368
205
131
97
132
325
633
759
802
827
749
556
202
11
-118
-330
-622
-1048
-1557
-2231
-3385
-4762
-5512
-5616
-5536
-5669
-5383
-3821
-1807
-337
624
1571
2568
2917
2395
1806
1794
1824
1178
473
541
1121
1180
434
-216
-474
-955
-1959
-2703
-2567
-2067
-1738
-1345
-317
1055
1961
2215
2356
2687
2717
2268
1822
1740
1727
1458
1131
1052
1009
564
-140
-794
-1255
-1608
-1949
-2055
-1763
-1242
-647
-63
464
930
1128
1074
1057
1066
1011
925
978
1173
1289
1287
1210
1080
795
397
66
-153
-211
-161
28
354
669
939
1079
1059
890
616
336
135
93
152
270
478
811
1129
1207
1094
852
523
90
-338
-496
-654
-724
-800
-1129
-1531
-2361
-3741
-4965
-5515
-5595
-5602
-5643
-4866
-2973
-1094
150
1076
1977
2593
2438
1706
1310
1473
1364
867
647
1061
1607
1331
446
-209
-675
-1439
-2452
-2887
-2407
-1780
-1317
-619
522
1682
2177
2070
2024
2148
2052
1739
1594
1829
2036
1906
1709
1618
1307
496
-473
-1279
-1809
-2110
-2270
-2063
-1482
-836
-193
341
626
737
676
521
428
526
775
1048
1358
1672
1852
1792
1491
1034
444
-93
-377
-429
-358
-93
385
741
944
1021
898
657
307
-36
-205
-114
142
391
738
1165
1489
1598
1313
917
536
49
-315
-508
-603
-474
-340
-379
-668
-1466
-2784
-4421
-5571
-5940
-5860
-5721
-5483
-4126
-2057
-353
735
1298
1833
1958
1352
732
774
1326
1529
1306
1421
2033
2325
1590
363
-549
-1337
-2283
-2932
-2710
-1810
-995
-453
237
1173
1777
1628
1168
1000
1048
1182
1383
1855
2532
2834
2730
2416
2003
1250
47
-1120
-1850
-2148
-2120
-1793
-1191
-512
0
254
241
77
-124
-283
-323
-137
398
1087
1691
2131
2312
2166
1677
998
308
-274
-543
-443
-180
228
694
1054
1114
868
545
118
-327
-630
-657
-349
87
595
1030
1433
1728
1573
1224
676
299
64
-356
-333
-131
190
338
69
-5
-544
-1715
-3591
-5519
-6076
-5890
-5436
-5236
-4761
-2997
-1249
-167
290
573
1016
719
77
79
988
2078
2246
2036
2289
2609
2218
904
-451
-1171
-1869
-2525
-2533
-1732
-509
94
222
528
828
895
377
14
279
687
1356
2087
2937
3569
3414
2836
2053
1276
378
-658
-1288
-1525
-1386
-933
-533
-152
-16
-169
-404
-785
-1126
-1278
-1041
-465
216
1005
1764
2280
2384
2054
1545
1013
429
20
-87
127
563
892
1067
1173
1043
585
25
-379
-601
-694
-574
-229
270
752
1058
1132
1095
972
703
408
161
125
188
296
505
661
695
357
-155
-594
-1215
-2410
-4380
-5835
-5817
-5073
-4542
-4615
-4153
-2680
-1348
-758
-688
-214
436
302
-79
350
1743
2748
2541
2123
2157
2233
1591
282
-603
-959
-1403
-1843
-1677
-745
41
49
-226
-231
-11
-4
-200
39
621
1240
1897
2578
3246
3330
2787
2092
1433
847
262
-199
-359
-411
-334
-216
-179
-219
-620
-1125
-1458
-1631
-1496
-1135
-586
65
699
1279
1720
1960
1833
1465
1110
875
751
733
855
1024
1120
1066
986
821
502
114
-222
-392
-390
-281
-72
199
444
546
516
611
641
635
538
462
577
608
635
553
626
650
272
-222
-717
-849
-1380
-2912
-4636
-5523
-5036
-4471
-4613
-4754
-4050
-2619
-1698
-1409
-1013
-237
243
-85
-136
878
2202
2611
2152
1997
2220
2058
1116
197
-127
-441
-980
-1318
-830
-77
124
-237
-577
-513
-478
-551
-422
76
700
1269
1914
2569
2952
2789
2285
1821
1367
912
619
497
433
300
208
218
77
-374
-947
-1326
-1480
-1501
-1356
-976
-464
24
377
744
1167
1331
1254
1106
1059
1137
1152
1172
1298
1353
1277
1136
949
713
439
167
-32
-92
-96
-103
-14
62
110
155
174
263
361
414
442
523
649
663
652
730
699
565
235
-171
-263
-516
-1645
-3610
-5091
-5002
-4206
-4145
-4757
-4554
-3297
-2198
-1953
-2012
-1366
-614
-682
-952
-264
1404
2446
2210
1845
2051
2336
1781
744
274
132
-154
-496
-409
158
435
88
-466
-760
-820
-943
-931
-593
-83
618
1366
2070
2419
2192
1899
1675
1440
1227
1144
1283
1315
1091
901
909
748
144
-606
-1100
-1202
-1218
-1243
-1043
-721
-425
-213
26
402
710
784
735
822
1072
1264
1345
1407
1498
1460
1277
1110
969
808
532
267
147
104
55
49
85
25
1
24
59
142
137
148
251
346
357
349
508
698
662
411
118
40
39
-491
-2026
-3794
-4486
-4062
-3515
-3846
-4258
-3790
-2991
-2483
-2514
-2340
-1800
-1596
-1501
-1107
-24
1185
1565
1593
1600
1629
1601
1285
1117
928
531
428
714
1030
965
544
184
-128
-625
-988
-936
-564
-298
-145
360
1052
1407
1230
939
909
1005
1065
1195
1443
1670
1638
1455
1403
1275
890
382
-55
-270
-354
-444
-477
-500
-606
-664
-572
-390
-175
-12
113
286
470
614
748
961
1131
1164
1195
1263
1330
1242
971
763
645
493
328
261
287
290
221
163
163
136
7
-167
-159
-49
6
35
87
300
417
361
240
41
2
-69
-539
-1638
-2972
-3396
-2871
-2436
-2699
-3349
-3419
-2775
-2262
-2275
-2430
-2343
-2100
-1944
-1616
-771
74
354
176
141
535
925
981
866
795
856
1024
1276
1561
1575
1281
904
517
310
284
249
263
225
234
477
777
849
579
248
142
261
443
641
865
991
985
1021
1103
1128
1005
661
376
336
360
345
262
113
-6
-52
-22
76
191
207
161
141
116
155
214
242
312
434
515
578
596
492
373
207
63
-24
-75
-27
-5
-20
-30
-36
-59
-98
-158
-173
-170
-158
-90
-9
105
209
252
230
207
198
209
240
278
342
241
-97
-408
-500
-457
-568
-924
-1250
-1336
-1270
-1272
-1375
-1506
-1705
-1991
-2146
-1962
-1677
-1612
-1771
-1888
-1709
-1382
-1115
-1005
-1000
-1013
-901
-532
-49
327
385
311
313
451
718
855
898
916
880
934
1134
1347
1362
1127
882
853
971
1032
1019
994
1010
1082
1165
1231
1193
1014
804
639
606
674
622
504
455
444
448
430
393
305
177
133
146
214
310
322
315
268
185
171
217
243
211
159
123
138
171
215
208
130
106
139
148
177
192
195
254
269
274
273
228
212
171
126
90
108
162
37
-325
-713
-892
-893
-914
-1191
-1593
-1797
-1759
-1683
-1760
-1930
-2121
-2344
-2441
-2273
-1962
-1798
-1930
-2078
-1958
-1566
-1120
-936
-922
-887
-759
-398
44
389
544
527
529
703
997
1207
1218
1099
1018
1103
1308
1422
1424
1345
1199
1141
1216
1336
1361
1232
1093
1080
1192
1289
1269
1113
911
759
689
664
655
569
386
262
169
158
136
20
-75
-200
-262
-205
-110
-21
-24
-28
9
8
56
89
104
155
170
182
247
376
465
472
425
387
398
427
415
395
399
370
358
305
236
174
89
9
-83
-86
-45
-44
-184
-528
-822
-917
-866
-902
-1174
-1538
-1737
-1683
-1504
-1499
-1698
-1952
-2170
-2185
-2028
-1775
-1660
-1827
-1981
-1867
-1460
-1017
-843
-884
-935
-799
-444
-14
310
444
489
591
791
1035
1250
1303
1179
1064
1059
1204
1339
1286
1115
981
976
1019
1065
1115
1079
947
859
900
987
992
855
683
608
581
575
586
574
469
321
265
271
274
215
99
38
14
14
68
126
169
197
201
235
277
298
335
319
277
240
223
283
362
360
293
254
259
294
349
336
293
251
199
163
133
65
-40
-105
-156
-180
-166
-150
-153
-316
-668
-927
-982
-908
-964
-1270
-1534
-1606
-1489
-1359
-1398
-1560
-1776
-1971
-1964
-1733
-1515
-1489
-1654
-1740
-1591
-1271
-962
-858
-898
-920
-738
-373
21
292
357
332
397
566
788
997
1063
991
953
1073
1246
1322
1232
1040
925
939
1004
1084
1127
1060
946
917
960
1013
1006
855
675
611
632
642
642
589
468
403
382
391
399
336
277
236
166
101
117
174
178
161
116
114
205
238
201
152
102
89
113
149
192
182
157
176
209
264
281
273
235
171
159
147
143
149
79
18
20
-16
-55
-14
-55
-265
-576
-819
-877
-822
-871
-1133
-1387
-1459
-1402
-1344
-1380
-1534
-1734
-1883
-1894
-1763
-1537
-1498
-1691
-1771
-1627
-1294
-973
-887
-976
-962
-761
-426
-76
110
162
178
268
447
633
817
933
925
955
1068
1211
1297
1258
1140
1068
1111
1157
1143
1120
1112
1070
1045
1068
1071
1046
945
773
665
666
639
549
456
366
285
261
244
203
178
133
94
65
60
47
14
51
74
44
79
157
223
269
254
236
244
244
236
238
238
259
295
275
263
279
275
240
217
230
225
214
190
101
6
0
8
-31
-48
-102
-272
-523
-713
-752
-726
-850
-1196
-1493
-1529
-1441
-1371
-1444
-1614
-1708
-1793
-1780
-1607
-1497
-1525
-1597
-1603
-1423
-1136
-945
-901
-921
-859
-639
-318
-15
134
156
245
410
603
761
818
846
830
835
951
1062
1118
1080
960
895
920
991
1023
1005
953
889
906
962
990
968
867
731
689
707
692
641
505
387
356
332
283
212
165
147
110
71
34
42
96
97
48
25
63
135
175
156
150
187
227
268
274
284
300
271
273
300
285
253
206
164
135
139
148
98
41
-35
-80
-50
-31
-84
-127
-127
-180
-370
-652
-826
-808
-764
-866
-1084
-1323
-1450
-1357
-1195
-1171
-1309
-1539
-1678
-1568
-1298
-1141
-1226
-1407
-1426
-1198
-864
-614
-633
-766
-764
-536
-159
157
283
228
183
285
509
731
802
713
648
684
788
966
986
829
724
713
805
916
893
806
730
752
878
947
941
821
665
631
653
673
640
527
401
342
375
403
385
316
213
138
149
215
229
199
161
143
178
222
222
173
143
137
147
175
202
174
148
150
142
167
163
123
104
66
33
10
16
20
-22
-69
-126
-145
-148
-159
-163
-178
-236
-299
-333
-408
-498
-569
-636
-674
-739
-826
-879
-975
-1042
-1060
-1096
-1117
-1143
-1203
-1221
-1155
-1110
-1092
-1065
-1052
-990
-882
-778
-716
-631
-499
-378
-223
-76
11
96
191
248
308
410
511
582
596
606
661
701
704
691
695
723
752
761
762
761
791
816
811
802
774
741
730
733
735
694
641
591
530
517
500
447
385
322
266
224
254
289
259
240
200
156
168
152
119
109
102
106
95
76
108
148
169
151
116
97
54
35
33
0
-19
-51
-60
-45
-76
-116
-140
-173
-211
-229
-241
-242
-229
-238
-291
-356
-477
-563
-564
-583
-620
-707
-823
-897
-929
-899
-909
-976
-1053
-1156
-1142
-1063
-1007
-1016
-1088
-1093
-1001
-850
-713
-638
-599
-539
-428
-289
-131
-20
61
126
198
326
429
490
509
523
535
565
637
690
679
670
722
753
764
789
807
819
817
797
790
767
718
722
742
752
730
628
554
557
540
489
445
388
343
322
312
301
287
231
196
166
113
105
93
81
68
82
119
134
123
107
123
123
93
73
53
48
55
30
-11
-30
-37
-81
-123
-155
-184
-224
-237
-244
-239
-214
-264
-301
-315
-318
-313
-352
-432
-523
-554
-554
-581
-649
-744
-816
-865
-872
-895
-944
-981
-1045
-1081
-1068
-1000
-961
-980
-981
-960
-835
-704
-620
-517
-429
-356
-259
-133
-36
60
154
243
339
402
461
487
518
554
584
641
681
709
740
759
784
830
820
769
738
720
727
762
793
794
759
728
693
642
614
572
502
466
425
408
427
407
359
328
291
240
205
193
156
126
135
125
119
140
159
137
125
108
72
65
59
46
42
41
31
19
-9
-23
-26
-63
-103
-143
-170
-195
-241
-240
-232
-264
-315
-367
-371
-371
-379
-414
-493
-542
-581
-613
-627
-658
-708
-795
-835
-861
-882
-857
-878
-926
-941
-924
-868
-824
-805
-760
-766
-726
-636
-550
-461
-426
-347
-248
-168
-72
25
108
162
195
230
313
384
384
427
474
507
569
601
626
673
691
698
720
724
733
715
725
768
764
745
719
678
630
617
617
576
508
465
438
426
436
405
374
372
287
227
254
222
215
215
185
220
232
211
204
158
150
145
96
93
87
79
61
50
37
12
-24
-86
-124
-155
-201
-225
-227
-250
-253
-239
-260
-291
-309
-335
-361
-361
-353
-350
-366
-388
-410
-411
-458
-572
-629
-666
-744
-742
-728
-747
-750
-788
-798
-780
-800
-790
-761
-738
-676
-636
-592
-522
-494
-450
-375
-350
-273
-181
-122
-14
49
63
138
192
239
322
369
418
442
448
477
500
521
569
608
604
592
601
649
691
677
645
626
623
607
590
588
588
570
551
526
495
468
465
445
410
362
314
304
285
282
243
242
245
213
205
189
179
178
158
137
165
163
151
152
87
19
-3
-48
-79
-93
-149
-168
-181
-206
-199
-213
-240
-278
-333
-372
-340
-302
-327
-328
-310
-315
-320
-327
-383
-415
-425
-460
-484
-521
-536
-542
-564
-577
-594
-624
-653
-672
-657
-643
-618
-582
-577
-568
-577
-545
-466
-431
-409
-360
-283
-230
-170
-93
-87
-44
15
68
170
249
296
321
320
352
407
424
422
435
478
505
536
573
567
561
567
554
543
542
534
515
490
502
522
502
476
453
437
413
371
330
309
288
244
230
244
237
223
183
173
177
183
199
176
162
189
193
171
141
79
65
91
97
74
32
-2
-13
-24
-70
-93
-124
-174
-196
-227
-249
-231
-231
-263
-251
-260
-263
-252
-282
-271
-281
-353
-397
-413
-416
-445
-488
-484
-484
-532
-546
-559
-587
-568
-561
-590
-591
-570
-554
-490
-469
-488
-480
-493
-429
-332
-310
-276
-233
-206
-135
-77
-24
30
48
93
148
181
233
295
323
364
376
363
410
456
487
482
476
497
480
460
473
462
463
450
438
453
421
393
386
378
356
356
339
299
292
284
273
268
217
194
236
216
195
203
199
217
227
223
222
224
211
166
168
156
119
139
114
75
56
5
-3
0
-41
-63
-86
-126
-134
-157
-182
-204
-242
-256
-232
-249
-256
-278
-342
-357
-366
-385
-373
-388
-427
-417
-437
-474
-491
-501
-509
-510
-486
-475
-434
-403
-424
-434
-424
-406
-383
-368
-363
-330
-311
-279
-212
-189
-186
-169
-149
-123
-70
0
49
77
95
149
170
193
234
228
265
301
331
363
337
314
324
333
331
336
350
384
406
408
396
387
374
332
326
316
296
299
296
265
234
244
234
215
210
204
233
238
205
204
232
255
250
240
243
271
275
237
230
230
214
170
132
118
91
79
59
3
-36
-55
-70
-92
-111
-131
-161
-183
-202
-246
-264
-271
-317
-342
-360
-370
-386
-423
-435
-444
-443
-431
-456
-463
-453
-472
-443
-413
-398
-368
-373
-353
-332
-329
-293
-283
-293
-260
-210
-186
-179
-173
-161
-127
-82
-45
-16
-6
-2
15
53
78
74
84
116
142
142
160
185
176
159
157
163
181
195
176
209
246
262
277
280
296
289
278
293
304
261
254
272
257
252
264
261
246
256
278
264
256
247
207
228
246
243
278
250
249
269
217
192
173
176
167
113
82
59
55
51
16
13
17
-14
-35
-62
-88
-95
-108
-95
-107
-125
-122
-176
-194
-188
-230
-265
-272
-293
-316
-315
-332
-351
-362
-372
-364
-359
-353
-333
-335
-346
-324
-320
-335
-320
-305
-316
-293
-262
-256
-262
-244
-203
-172
-139
-113
-87
-64
-57
-62
-32
-11
-13
13
38
70
92
76
95
122
102
70
72
100
110
118
138
167
183
184
189
211
242
271
265
251
271
264
234
241
250
282
321
291
289
307
275
250
226
216
232
253
268
262
258
256
245
236
229
226
209
190
175
150
128
94
51
23
-2
-9
2
-17
-21
-42
-73
-75
-117
-137
-127
-155
-132
-120
-184
-183
-192
-228
-241
-265
-269
-265
-285
-316
-314
-302
-323
-347
-331
-313
-308
-295
-286
-276
-277
-296
-289
-252
-231
-209
-184
-166
-125
-116
-127
-91
-79
-107
-92
-70
-52
-31
-28
-12
23
39
32
68
107
80
84
120
92
70
70
65
101
128
119
129
146
173
179
183
156
119
131
129
134
164
162
147
184
189
181
210
207
194
177
150
165
191
205
215
211
224
224
222
207
187
194
180
167
170
167
165
136
101
105
87
52
47
23
10
31
18
1
21
-11
-61
-51
-67
-81
-80
-113
-137
-153
-175
-205
-235
-250
-260
-285
-279
-258
-262
-244
-234
-258
-270
-252
-249
-253
-241
-215
-203
-182
-183
-212
-181
-161
-163
-123
-91
-90
-83
-66
-59
-62
-36
-34
-51
-22
-6
11
32
19
27
30
6
8
10
6
21
16
18
65
86
81
102
108
100
91
84
107
108
100
107
107
135
151
135
155
161
115
107
98
118
147
135
156
169
165
159
152
183
185
126
111
138
147
138
139
145
121
106
98
100
98
77
91
104
72
72
72
68
77
26
31
42
-16
-23
-22
-55
-74
-97
-100
-85
-98
-146
-165
-130
-146
-190
-200
-162
-160
-190
-197
-210
-195
-175
-224
-243
-185
-157
-152
-153
-138
-116
-107
-107
-118
-93
-47
-63
-65
-35
-63
-44
-13
-37
-24
2
3
-10
-31
-27
-14
-40
-59
-21
0
17
37
31
41
31
20
32
7
-14
-13
-5
11
26
30
27
21
22
39
35
37
45
55
63
63
95
113
111
127
130
119
117
111
124
127
124
135
154
161
147
135
132
124
105
100
80
86
96
89
97
98
93
74
61
76
66
55
71
56
32
36
18
-5
-32
-47
-33
-25
-29
-38
-52
-54
-50
-92
-111
-114
-139
-129
-132
-142
-143
-151
-152
-135
-101
-112
-113
-78
-77
-92
-93
-88
-79
-79
-103
-90
-68
-58
-41
-47
-49
-50
-53
-54
-55
-58
-49
-26
-30
-32
-35
-10
30
19
10
-3
-9
11
-16
-25
-13
-28
-24
-1
10
7
2
6
-6
-32
-21
7
12
5
15
41
73
84
77
50
57
79
69
96
87
64
81
63
65
74
65
93
105
100
84
67
89
91
74
74
75
91
68
37
55
59
65
69
46
44
58
38
6
11
-9
-5
1
-32
-29
-21
-10
-7
-34
-48
-45
-44
-50
-52
-66
-81
-61
-29
-47
-61
-43
-41
-5
-2
-29
-11
-17
-17
-17
-42
-33
-1
-1
-22
-32
-22
-18
-49
-74
-89
-90
-69
-51
-34
-34
-24
-8
-28
-27
-16
-24
-18
-9
0
-1
8
-2
-30
-17
-31
-43
-17
-36
-61
-52
-47
-29
-38
-47
-14
5
17
11
0
5
36
35
14
21
27
36
39
23
24
23
11
16
-4
15
53
32
47
43
15
43
28
17
54
67
66
70
79
67
56
57
43
61
60
41
52
33
10
12
3
18
39
4
1
5
-2
-18
-40
-38
-53
-44
-31
-34
-26
0
-8
-25
-16
-15
-17
-12
-25
-17
16
12
18
11
1
6
24
23
2
-8
-13
-4
-5
-5
4
19
13
15
20
3
-7
-23
-32
-36
-31
-18
-20
-21
-32
-46
-46
-41
-32
-53
-66
-50
-58
-49
-39
-59
-58
-60
-53
-26
-23
-25
-20
-18
-21
-6
-8
-1
13
19
32
36
40
42
50
64
75
66
53
51
51
54
42
33
29
21
1
20
44
24
13
7
5
-2
-2
5
25
27
24
14
-11
-10
-22
-28
-24
-5
-9
-30
-53
-63
-37
-38
-47
-33
-5
-3
-8
-5
-17
7
23
3
5
10
20
37
35
62
67
31
46
45
45
54
10
14
28
24
27
18
17
2
-5
2
-3
-13
-23
-14
-19
-39
-17
-33
-59
-34
-34
-25
-19
-62
-64
-40
-42
-51
-66
-54
-27
-31
-28
-8
0
-32
-47
-26
-24
-15
-1
-3
5
1
-9
10
43
47
44
44
62
71
58
40
28
48
44
26
24
25
30
33
21
-7
16
30
19
32
15
-10
-5
6
