-35
-36
-40
-44
-55
-59
-57
-62
-62
-60
-58
-54
-52
-50
-48
-44
-36
-26
-22
-17
-12
-1
10
15
23
33
42
53
61
68
71
71
71
71
73
75
70
65
59
55
52
43
36
34
29
25
19
16
13
8
8
2
-1
3
3
2
7
9
8
13
15
15
18
20
21
21
17
16
19
17
14
11
12
16
15
12
14
11
8
7
5
4
3
4
4
-3
-3
-3
-5
-4
-4
-5
-7
-9
-16
-19
-18
-22
-27
-31
-32
-37
-42
-46
-45
-42
-45
-49
-52
-50
-49
-41
-37
-40
-36
-32
-30
-29
-27
-29
-34
-37
-40
-47
-56
-60
-61
-60
-57
-56
-48
-38
-30
-24
-15
-9
-4
-4
-3
2
11
16
20
28
38
47
55
59
65
77
80
77
75
77
75
68
59
54
51
45
42
39
37
35
34
33
34
29
25
18
10
5
2
0
-4
-9
-9
-2
5
9
15
20
23
24
19
18
18
9
1
3
2
2
3
3
2
1
2
3
5
6
6
2
2
2
-3
-5
-3
-5
-7
-10
-10
-10
-13
-15
-18
-12
-10
-15
-17
-17
-21
-23
-25
-28
-29
-33
-36
-35
-36
-41
-40
-36
-35
-33
-33
-31
-29
-25
-26
-25
-23
-18
-16
-13
-16
-27
-34
-36
-39
-42
-58
-70
-70
-70
-69
-66
-63
-56
-51
-49
-43
-28
-18
-13
-8
-2
9
22
35
41
43
53
69
81
89
96
99
102
103
101
103
101
91
78
68
61
58
56
49
45
40
35
31
31
34
33
22
9
5
6
3
-3
-11
-17
-13
-4
3
6
6
7
10
10
12
11
3
-6
-12
-19
-15
-11
-20
-23
-21
-13
-5
-1
3
3
-4
-6
-4
-2
5
2
-10
-19
-13
-7
-7
-8
-7
-8
-17
-22
-18
-14
-15
-23
-35
-41
-42
-41
-42
-42
-41
-41
-43
-47
-48
-48
-50
-46
-38
-34
-32
-27
-25
-19
-12
-8
-7
-7
-3
-8
-27
-47
-60
-63
-76
-107
-135
-140
-138
-138
-136
-136
-130
-117
-104
-86
-68
-51
-41
-38
-29
-8
20
44
61
81
110
143
172
195
215
227
222
222
222
220
219
199
168
143
130
127
116
94
82
78
73
73
76
71
57
40
23
12
2
2
-2
-19
-31
-22
-7
6
11
7
10
17
18
18
14
6
0
-12
-36
-53
-49
-44
-52
-63
-54
-38
-43
-42
-24
-15
-11
-9
-1
12
5
-1
5
-1
-7
-8
-9
-26
-48
-39
-27
-41
-56
-54
-57
-74
-87
-81
-84
-96
-97
-90
-92
-100
-92
-83
-76
-71
-59
-46
-40
-39
-40
-27
-28
-40
-28
-9
0
4
11
15
-9
-68
-124
-148
-154
-177
-255
-320
-327
-328
-327
-311
-309
-284
-241
-224
-197
-142
-107
-93
-82
-65
-13
59
120
157
186
240
313
385
432
469
485
487
477
444
440
440
395
323
267
234
229
228
189
131
105
118
117
124
118
92
71
37
10
4
7
-1
-23
-41
-22
-6
1
4
-3
15
35
19
-9
-4
-6
-21
-41
-79
-93
-87
-105
-124
-112
-77
-62
-76
-87
-63
-47
-40
-29
-17
1
-7
-16
-1
1
-1
0
-14
-41
-50
-35
-30
-66
-100
-103
-108
-107
-119
-130
-134
-128
-127
-145
-126
-97
-98
-112
-107
-95
-88
-82
-76
-53
-32
-31
-32
-23
-9
9
23
32
28
41
81
28
-99
-184
-219
-228
-294
-469
-586
-580
-562
-546
-553
-537
-470
-432
-416
-372
-280
-188
-154
-175
-145
-36
112
212
251
310
432
572
653
703
763
821
831
779
718
723
732
632
474
365
331
341
332
249
170
165
173
157
128
104
70
30
-1
-41
-44
-7
-50
-116
-111
-73
-19
5
-15
-14
18
29
32
38
17
-12
-46
-89
-101
-114
-141
-151
-154
-164
-127
-81
-80
-79
-89
-75
-62
-47
-15
-7
-7
6
0
2
34
23
0
-5
-18
-32
-33
-57
-97
-121
-118
-105
-119
-152
-173
-190
-199
-191
-187
-162
-149
-164
-149
-144
-109
-73
-93
-89
-53
-31
-12
-5
-12
32
49
35
46
67
105
15
-185
-311
-354
-376
-496
-721
-868
-861
-855
-865
-852
-842
-740
-629
-611
-571
-432
-299
-249
-272
-249
-65
144
288
350
424
637
855
983
1090
1163
1197
1200
1164
1103
1054
1004
892
747
613
523
503
478
390
290
248
264
240
153
99
57
-17
-77
-115
-97
-94
-153
-190
-177
-112
-36
14
37
54
97
115
110
91
41
-15
-72
-120
-147
-152
-165
-197
-224
-228
-198
-174
-164
-143
-143
-151
-137
-106
-68
-47
-40
-26
-7
36
49
29
6
-10
-5
-15
-45
-103
-148
-149
-177
-223
-220
-201
-215
-253
-256
-244
-232
-199
-203
-211
-165
-143
-143
-107
-74
-53
-28
-14
26
78
113
111
109
121
131
141
106
-22
-245
-434
-548
-637
-761
-1004
-1218
-1251
-1212
-1191
-1159
-1079
-969
-868
-787
-692
-511
-351
-308
-295
-204
-13
229
428
559
710
943
1215
1422
1551
1625
1653
1661
1579
1440
1345
1230
1054
838
656
587
555
492
382
248
199
192
156
105
19
-79
-171
-270
-317
-297
-306
-348
-364
-308
-192
-90
-8
70
131
165
213
233
212
148
68
45
-20
-70
-54
-85
-131
-163
-178
-163
-143
-127
-149
-168
-161
-129
-83
-67
-53
-59
-70
-17
0
-7
22
7
-46
-83
-101
-97
-108
-156
-187
-206
-199
-215
-247
-276
-285
-261
-242
-181
-167
-199
-187
-166
-124
-103
-90
-48
3
26
60
119
136
136
142
164
158
95
-7
-222
-511
-704
-869
-1057
-1300
-1561
-1702
-1707
-1656
-1604
-1511
-1389
-1220
-1023
-889
-714
-477
-325
-257
-205
-48
243
536
742
932
1185
1494
1812
2021
2142
2211
2199
2120
1991
1821
1625
1381
1079
810
647
544
456
340
197
125
87
38
0
-116
-262
-361
-442
-489
-505
-498
-501
-489
-403
-269
-83
96
202
266
310
351
367
356
327
255
166
103
61
40
-5
-78
-119
-152
-164
-172
-172
-176
-238
-269
-259
-212
-154
-137
-122
-121
-88
-6
34
22
8
-13
-13
-18
-77
-127
-149
-190
-228
-220
-202
-193
-202
-270
-299
-258
-251
-238
-213
-224
-217
-196
-157
-94
-59
-11
88
162
231
245
237
247
174
57
-78
-325
-676
-1006
-1323
-1539
-1750
-2063
-2290
-2332
-2236
-2112
-1964
-1791
-1548
-1269
-1057
-831
-555
-288
-73
71
258
585
900
1243
1558
1809
2111
2409
2672
2821
2832
2749
2634
2435
2125
1781
1464
1140
755
426
222
110
-17
-194
-294
-341
-384
-436
-523
-625
-708
-782
-816
-772
-682
-556
-446
-355
-172
102
362
557
631
697
805
857
813
731
665
605
497
385
315
222
102
-54
-173
-245
-277
-241
-286
-372
-384
-350
-274
-226
-194
-127
-87
-69
-50
-41
-37
-46
-70
-108
-142
-124
-106
-150
-190
-163
-140
-154
-198
-227
-221
-209
-201
-225
-236
-248
-299
-253
-205
-156
27
150
159
213
258
241
233
53
-202
-420
-836
-1388
-1911
-2349
-2587
-2848
-3226
-3373
-3244
-2985
-2651
-2418
-2147
-1593
-1093
-799
-493
-118
312
633
783
1054
1522
1995
2399
2685
2941
3327
3694
3817
3735
3542
3286
2968
2483
1867
1276
808
309
-251
-651
-827
-881
-979
-1105
-1122
-1081
-1046
-1004
-1019
-1062
-1044
-937
-763
-638
-477
-167
187
547
901
1245
1580
1795
1827
1816
1810
1708
1488
1181
859
614
389
153
-58
-265
-422
-524
-657
-757
-829
-888
-875
-903
-893
-776
-669
-504
-318
-166
67
297
418
474
512
506
441
379
282
127
-13
-127
-203
-255
-313
-357
-406
-433
-444
-456
-431
-457
-479
-426
-375
-356
-255
-111
19
202
290
238
147
-27
-322
-706
-1274
-2004
-2747
-3329
-3657
-3992
-4350
-4434
-4162
-3703
-3201
-2747
-2126
-1323
-644
-170
258
792
1311
1658
1832
2149
2667
3180
3547
3768
4047
4382
4497
4378
4134
3761
3254
2540
1711
889
107
-583
-1224
-1774
-2135
-2243
-2140
-1977
-1873
-1711
-1390
-1018
-767
-633
-417
-122
111
280
560
954
1364
1715
1992
2300
2588
2752
2726
2486
2193
1856
1342
767
185
-386
-783
-1091
-1356
-1487
-1564
-1592
-1532
-1432
-1281
-1070
-823
-634
-448
-173
148
424
622
836
1041
1230
1362
1399
1404
1235
969
735
448
195
-43
-355
-616
-777
-913
-1061
-1157
-1224
-1293
-1270
-1217
-1152
-1030
-922
-791
-601
-428
-174
95
345
577
557
281
-88
-564
-1333
-2199
-3023
-3841
-4345
-4874
-5457
-5439
-4902
-4204
-3567
-2959
-2013
-860
43
705
1188
1703
2235
2500
2611
2937
3402
3706
3923
4124
4362
4699
4791
4492
4035
3423
2768
1977
891
-235
-1212
-2044
-2641
-3038
-3214
-3060
-2758
-2361
-1820
-1182
-495
112
460
689
1027
1375
1616
1707
1723
1856
2121
2346
2514
2588
2579
2511
2267
1870
1428
929
283
-424
-1016
-1482
-1797
-2064
-2269
-2267
-2121
-1793
-1417
-1107
-738
-361
3
362
700
1069
1367
1513
1646
1834
1995
1974
1804
1639
1418
1175
840
391
-25
-438
-788
-1053
-1267
-1434
-1588
-1731
-1764
-1654
-1533
-1388
-1257
-1183
-951
-579
-288
-52
54
-3
-197
-600
-1229
-2053
-2904
-3660
-4404
-5078
-5663
-6018
-5694
-4947
-4255
-3514
-2560
-1320
-18
903
1574
2262
2902
3309
3414
3458
3704
3934
3906
3807
3836
3951
3985
3716
3164
2587
1959
1221
358
-656
-1607
-2340
-2909
-3219
-3256
-3016
-2506
-1929
-1252
-375
580
1430
1993
2313
2560
2767
2889
2809
2578
2317
2120
2026
1856
1624
1393
1133
822
425
49
-314
-749
-1259
-1728
-1950
-1941
-1851
-1782
-1639
-1276
-808
-355
118
513
875
1244
1506
1753
1968
2034
1987
1926
1862
1811
1675
1347
965
632
254
-151
-532
-928
-1250
-1510
-1660
-1591
-1527
-1490
-1374
-1265
-1062
-666
-506
-401
-142
-54
82
384
461
455
349
-340
-1259
-2226
-3332
-4213
-5150
-6319
-7108
-7551
-7471
-6610
-5642
-4688
-3434
-2029
-302
1385
2476
3321
4055
4466
4725
4834
4794
4822
4578
4064
3797
3720
3552
3156
2361
1476
806
59
-883
-1896
-2954
-3717
-4045
-4127
-3845
-3201
-2447
-1457
-282
956
2342
3437
4006
4387
4562
4552
4478
4011
3240
2549
1861
1287
866
360
-165
-634
-1052
-1322
-1497
-1796
-2118
-2329
-2459
-2332
-1965
-1544
-1093
-644
-122
571
1217
1703
2046
2175
2268
2402
2423
2347
2143
1785
1529
1373
1131
860
511
29
-345
-606
-945
-1259
-1545
-1727
-1663
-1544
-1406
-1149
-851
-527
-135
261
539
764
986
1095
1040
949
887
766
536
-372
-1889
-3294
-4569
-5601
-6561
-7880
-8927
-9220
-8784
-7534
-6166
-4941
-3384
-1497
544
2477
3910
4894
5584
5833
5780
5775
5670
5281
4576
3705
3161
2988
2598
1845
828
-197
-889
-1609
-2479
-3347
-4171
-4656
-4667
-4246
-3364
-2203
-1027
243
1728
3262
4691
5665
5975
5889
5641
5225
4580
3563
2344
1228
239
-546
-1126
-1595
-2025
-2432
-2692
-2729
-2555
-2346
-2273
-2162
-1852
-1240
-494
139
728
1279
1762
2324
2742
2879
2829
2575
2275
2009
1740
1422
1062
743
450
289
164
-79
-335
-628
-898
-1058
-1250
-1455
-1468
-1347
-1162
-904
-553
-65
451
892
1207
1381
1582
1670
1509
1391
1111
622
347
-163
-854
-1669
-3154
-4752
-6017
-6975
-7676
-8493
-9258
-9429
-8532
-6768
-5098
-3548
-1759
353
2605
4319
5414
6204
6627
6555
5959
5358
4876
4088
3013
1793
979
685
312
-372
-1304
-2004
-2303
-2639
-3020
-3429
-3690
-3472
-2967
-2099
-862
472
1860
3141
4378
5532
6355
6673
6306
5522
4615
3566
2384
976
-440
-1567
-2405
-2952
-3312
-3397
-3224
-3061
-2726
-2194
-1567
-868
-324
188
784
1462
2111
2528
2744
2808
2791
2691
2346
1914
1445
898
418
28
-175
-289
-434
-461
-379
-204
-98
-157
-185
-255
-359
-442
-585
-632
-469
-220
41
370
761
1085
1436
1724
1746
1635
1491
1046
679
433
-203
-841
-1414
-2359
-3569
-5092
-6613
-7370
-7770
-8350
-9056
-9265
-8142
-6193
-4453
-2906
-1161
1020
3292
4912
5735
6412
6904
6512
5589
4717
3921
3172
1950
476
-343
-631
-881
-1482
-2273
-2644
-2603
-2559
-2675
-2818
-2673
-2130
-1372
-492
695
2030
3267
4412
5349
6074
6570
6416
5600
4492
3201
1877
475
-1100
-2370
-3098
-3603
-3917
-3917
-3621
-2950
-2188
-1586
-849
-33
725
1408
1882
2293
2698
2905
2962
2870
2655
2359
1906
1323
791
336
-142
-521
-751
-812
-697
-570
-432
-218
-28
97
165
181
200
127
-64
-139
-131
14
323
500
639
1002
1281
1445
1593
1442
1099
868
494
-3
-324
-804
-1489
-2217
-3273
-4642
-5866
-6870
-7594
-8013
-8322
-8567
-8074
-6458
-4472
-2662
-967
831
2808
4588
5666
6072
6193
5964
5139
4025
2987
2059
1143
91
-865
-1317
-1401
-1587
-1936
-2177
-2164
-1994
-1798
-1670
-1565
-1154
-439
451
1439
2460
3506
4495
5286
5779
5865
5499
4712
3538
2174
754
-673
-1974
-3032
-3688
-4038
-4070
-3666
-3055
-2220
-1237
-379
418
1185
1802
2332
2726
2899
2969
2986
2853
2600
2244
1749
1220
657
110
-316
-650
-875
-983
-980
-770
-496
-303
-59
195
359
447
454
309
255
198
47
135
238
351
679
791
915
1242
1282
1251
1147
641
299
36
-525
-795
-1235
-2213
-3037
-4173
-5637
-6513
-7254
-7771
-7842
-8205
-8049
-6432
-4328
-2455
-805
757
2721
4619
5540
5814
5843
5489
4718
3507
2261
1404
517
-596
-1516
-1937
-1902
-1869
-2146
-2329
-2064
-1681
-1402
-1240
-1000
-393
395
1175
2173
3195
4103
4956
5539
5842
5792
5284
4347
3079
1604
160
-1161
-2426
-3376
-3897
-4090
-3925
-3423
-2756
-1887
-847
35
765
1467
1998
2400
2724
2834
2774
2617
2393
2157
1853
1471
1016
504
125
-122
-370
-544
-574
-469
-219
-15
103
302
413
431
489
357
223
175
41
-15
68
222
451
658
796
934
1172
1145
798
607
408
-65
-555
-967
-1401
-1937
-2932
-4184
-5311
-6284
-7144
-7664
-7891
-8006
-7703
-6633
-4831
-2741
-829
869
2547
4259
5535
5967
5821
5345
4584
3589
2387
1210
197
-730
-1557
-2073
-2168
-2149
-2199
-2231
-2108
-1805
-1432
-1156
-815
-329
394
1381
2321
3149
3999
4813
5451
5669
5408
4854
4061
2969
1547
98
-1127
-2158
-2908
-3330
-3408
-3133
-2586
-1884
-1122
-248
545
1045
1413
1735
2003
2184
2149
1989
1893
1790
1601
1327
977
636
296
-26
-258
-370
-446
-443
-265
-3
286
534
679
751
739
738
668
478
343
263
168
264
404
513
713
896
1012
1111
1093
844
584
240
-227
-682
-961
-1322
-1936
-2563
-3451
-4843
-6168
-7067
-7580
-7675
-7997
-8384
-7511
-5478
-3348
-1527
74
1942
4059
5437
5782
5807
5702
5018
3653
2164
1133
357
-704
-1742
-2212
-2138
-2002
-2136
-2209
-1847
-1376
-1174
-1086
-780
-153
539
1161
1939
2906
3815
4507
4985
5243
5161
4628
3708
2568
1260
-68
-1275
-2343
-2993
-3156
-3090
-2725
-2081
-1273
-383
435
1119
1674
2049
2195
2277
2283
2174
1992
1762
1557
1419
1227
887
541
186
-73
-209
-336
-418
-404
-286
-49
249
429
584
721
711
710
645
556
481
307
205
262
438
636
785
876
921
1016
1088
826
540
290
-225
-444
-768
-1446
-2114
-3139
-4506
-6084
-7367
-7892
-8108
-8406
-8684
-8270
-6333
-3857
-2009
-381
1458
3577
5244
5700
5577
5434
4983
3817
2228
1118
408
-353
-1310
-2010
-1895
-1642
-1767
-1930
-1808
-1350
-1040
-1070
-899
-362
381
1168
1871
2728
3664
4478
4996
5071
4916
4403
3435
2227
929
-256
-1426
-2438
-3018
-3167
-2839
-2391
-1834
-979
-170
632
1325
1682
1921
2030
1989
1960
1867
1686
1485
1363
1354
1310
1162
836
549
359
119
15
-75
-116
10
126
393
576
592
614
540
519
450
261
170
121
60
80
299
533
748
1024
1217
1335
1317
1024
698
503
163
-273
-651
-1040
-1612
-2601
-3788
-5193
-6659
-7613
-8252
-8608
-8703
-8601
-7498
-5232
-2968
-1101
731
2658
4531
5638
5730
5467
5044
4166
2832
1432
417
-177
-831
-1588
-1856
-1674
-1464
-1545
-1679
-1444
-1067
-942
-971
-659
49
852
1581
2287
3194
4106
4682
4910
4792
4389
3627
2425
1101
-87
-1164
-2099
-2763
-3013
-2723
-2181
-1629
-923
-113
612
1164
1515
1643
1724
1720
1594
1519
1409
1250
1144
1099
1134
1109
906
629
419
295
233
154
72
169
384
628
828
905
909
859
764
601
425
294
122
-16
-49
33
302
604
834
1046
1107
1163
1215
1037
659
282
20
-419
-939
-1547
-2458
-3499
-5019
-6760
-7541
-7709
-8019
-8353
-8450
-7337
-4936
-2803
-1325
300
2265
4047
4808
4629
4493
4421
3642
2163
882
364
94
-686
-1505
-1517
-1119
-1046
-1363
-1465
-978
-508
-615
-755
-262
622
1376
1835
2443
3421
4152
4385
4368
4161
3704
2768
1475
392
-384
-1206
-2053
-2506
-2424
-1970
-1458
-1039
-422
339
863
1177
1428
1586
1594
1427
1255
1270
1325
1134
901
900
961
832
485
155
76
141
92
30
189
485
763
940
1101
1300
1300
1103
961
838
607
347
60
-42
76
165
264
459
751
867
904
825
591
539
427
117
-73
-387
-950
-1661
-2726
-4027
-5645
-7034
-7604
-7835
-8146
-8341
-7689
-5794
-3475
-1692
-172
1559
3309
4419
4444
4046
3830
3290
2105
803
97
-64
-425
-1071
-1284
-915
-706
-952
-1243
-1112
-700
-633
-753
-420
378
1267
1995
2658
3466
4149
4459
4378
4043
3466
2501
1291
191
-610
-1256
-1836
-2152
-2035
-1632
-1123
-588
-90
387
800
1075
1244
1332
1332
1280
1224
1259
1318
1205
1031
906
807
663
302
-86
-241
-211
-147
-36
219
520
818
1093
1327
1438
1387
1198
1017
897
718
523
425
421
481
530
521
595
682
726
651
446
279
6
-239
-339
-442
-798
-1380
-2222
-3286
-4717
-6416
-7330
-7547
-7740
-7938
-7793
-6603
-4242
-2055
-547
937
2579
3950
4382
3942
3521
3211
2275
972
10
-279
-247
-582
-983
-842
-563
-627
-1005
-1311
-1085
-829
-919
-813
-107
965
1925
2664
3431
4235
4631
4490
4026
3389
2466
1214
-77
-922
-1360
-1757
-2011
-1854
-1354
-763
-296
65
509
874
990
975
1089
1276
1303
1252
1303
1513
1603
1341
1016
858
743
464
40
-248
-294
-191
-81
47
343
655
861
978
1123
1208
1074
947
851
787
810
781
726
745
824
848
688
804
896
725
620
337
69
73
-32
-219
-443
-997
-1554
-2467
-4014
-5935
-7407
-7907
-8010
-8167
-8355
-7542
-5381
-2926
-1046
319
1827
3541
4218
3828
3306
2901
2395
1218
45
-219
26
16
-389
-592
-262
-236
-840
-1537
-1669
-1299
-1223
-1201
-604
638
1913
2768
3501
4389
4885
4692
4019
3302
2626
1463
169
-724
-1081
-1232
-1527
-1578
-1175
-761
-548
-513
-344
-13
171
309
501
1018
1512
1673
1850
2047
2172
2015
1480
993
693
413
45
-323
-337
-105
177
369
496
758
962
976
977
1027
1003
942
902
904
947
1040
898
708
785
731
626
600
552
606
522
314
167
115
146
55
-103
-739
-1506
-2381
-3789
-5569
-7276
-8041
-8064
-7982
-7832
-7245
-5659
-3127
-971
401
1496
2693
3545
3355
2677
2216
1914
1246
388
19
198
416
209
-339
-472
-528
-1132
-1895
-2244
-1914
-1492
-1137
-370
914
2239
3225
3845
4386
4712
4390
3651
2817
2160
1394
425
-184
-315
-291
-382
-656
-632
-623
-786
-852
-943
-736
-491
-236
241
893
1592
1934
1942
1990
1923
1563
1000
449
187
20
-72
-96
0
283
533
673
731
746
793
784
823
1024
1100
1177
1398
1562
1484
1355
1147
871
718
521
304
214
264
401
433
443
658
573
254
68
-194
-795
-1558
-2673
-4161
-5686
-7186
-7962
-7920
-7589
-7160
-6614
-5443
-3276
-1111
229
1022
1913
2745
2844
2406
2059
2015
1699
1022
585
663
905
625
-193
-725
-993
-1524
-2175
-2456
-1972
-1245
-668
56
1206
2424
3225
3542
3680
3764
3453
2813
2139
1777
1513
1111
755
613
607
356
-131
-578
-1136
-1598
-1718
-1728
-1377
-749
-69
662
1382
2058
2360
2294
2111
1737
1276
771
358
155
69
155
213
163
211
279
234
150
159
295
470
775
1246
1594
1786
1914
1856
1616
1422
1128
738
566
452
490
655
854
948
911
936
611
224
-120
-514
-734
-1494
-2353
-3173
-4255
-5327
-6898
-7891
-7643
-7134
-6797
-6630
-5531
-3277
-1279
-29
562
1547
2681
2633
2193
1903
2021
2030
1172
730
998
1249
942
-89
-663
-794
-1345
-2040
-2355
-1848
-953
-417
224
1249
2307
3028
3058
3106
3344
3054
2579
2058
1934
2008
1549
1261
1030
818
528
-327
-915
-1320
-1736
-1797
-1732
-1102
-280
324
962
1436
1985
2100
1768
1574
1271
1012
743
485
517
546
576
488
158
30
-163
-349
-343
-355
3
399
803
1406
1720
1871
1891
1758
1482
1095
950
752
594
730
778
1036
1130
1264
1294
729
486
2
-561
-715
-787
-1275
-1969
-2520
-3538
-4914
-6448
-7635
-7856
-7478
-7189
-6751
-5817
-3929
-1729
-413
370
1283
2055
2038
1655
1460
1686
1802
1390
1159
1434
1769
1621
693
-167
-557
-1177
-1976
-2364
-1781
-901
-223
479
1444
2469
2899
2871
2690
2679
2586
2178
1913
2101
2394
2335
2050
1842
1487
807
-171
-1186
-1876
-2279
-2221
-1916
-1220
-326
320
938
1391
1708
1753
1450
1164
1013
963
1029
1117
1228
1226
1091
839
341
-135
-471
-744
-791
-557
-65
533
1065
1555
1795
1784
1600
1255
949
717
612
601
679
991
1369
1553
1628
1626
1134
445
-139
-519
-779
-987
-922
-1331
-1671
-2271
-3694
-5265
-6986
-7862
-7890
-7703
-7069
-6330
-5063
-2971
-1206
-37
527
1038
1343
915
787
991
1389
1711
1573
1707
2043
2086
1594
326
-632
-1196
-1873
-2270
-2106
-1135
-49
673
1375
2155
2578
2541
2087
1752
1899
1940
2066
2347
2923
3500
3245
2770
2188
1310
341
-1048
-1909
-2199
-2234
-1599
-1046
-267
399
666
929
871
870
671
434
620
879
1275
1599
1761
1853
1519
993
420
-245
-636
-866
-851
-404
116
768
1306
1563
1740
1569
1209
929
637
476
649
898
1171
1443
1698
1839
1710
1481
1062
273
-289
-698
-1007
-754
-657
-418
-727
-1623
-2562
-4147
-5871
-7556
-8477
-8220
-7415
-6313
-5279
-4265
-2471
-1035
-352
-104
-234
-31
71
285
920
1678
2398
2683
2503
2364
1964
1196
-56
-1326
-1844
-2033
-1749
-1035
-159
796
1440
1561
1661
1504
1225
1050
951
1537
2146
2851
3608
3938
4001
3441
2478
1527
351
-589
-1334
-1616
-1265
-970
-381
-22
89
257
57
-124
-179
-105
248
635
1223
1841
2163
2369
2172
1633
1028
400
-88
-464
-557
-314
-3
420
769
961
1046
973
917
677
525
602
653
910
1274
1599
1803
1839
1686
1468
1234
979
762
375
-127
-427
-270
-36
-9
-775
-2090
-3361
-4710
-6212
-7815
-8356
-7921
-6974
-5894
-5257
-4334
-2834
-1703
-1259
-1310
-976
-208
172
669
1317
2274
2960
2658
2097
1668
1250
620
-526
-1321
-1303
-1167
-861
-443
179
748
785
601
537
574
719
877
1334
2218
2940
3571
3911
3913
3583
2709
1796
1036
379
10
-326
-392
-252
-282
-193
-421
-661
-702
-827
-701
-458
26
659
1125
1548
1736
1751
1697
1396
1069
773
581
513
381
342
446
536
547
496
487
471
551
679
683
802
904
1000
1185
1271
1358
1402
1361
1365
1393
1321
1304
1264
1167
830
264
64
-114
-114
-767
-2292
-3696
-5153
-6290
-7368
-8018
-7472
-6653
-6024
-5548
-4945
-3343
-2006
-1600
-1424
-1085
-31
672
1023
1763
2477
2935
2582
1757
1508
1270
675
-196
-1015
-929
-681
-696
-437
-104
120
82
-243
-88
236
531
1009
1444
2291
2902
3223
3551
3419
3134
2523
1839
1623
1279
947
556
180
176
-206
-555
-802
-1000
-925
-982
-865
-545
-43
487
721
928
1132
1219
1222
1164
1149
1137
1115
1033
911
829
740
660
563
489
534
590
676
793
780
829
775
646
708
798
992
1175
1303
1420
1468
1567
1618
1505
1322
955
607
305
99
109
-605
-1866
-3369
-5000
-6285
-7275
-7636
-7364
-6758
-6041
-5575
-4862
-3662
-2719
-2138
-1998
-1514
-548
172
1047
1931
2621
3019
2664
2075
1687
1228
706
34
-405
-406
-363
-259
-110
5
-12
-345
-629
-487
-188
231
757
1417
2154
2626
2940
3085
2994
2712
2253
1921
1808
1682
1549
1245
906
610
95
-368
-717
-917
-972
-965
-772
-468
-175
115
313
450
510
573
724
933
1137
1169
1173
1163
1074
968
848
847
875
855
927
973
1086
1083
880
711
541
490
445
532
804
993
1140
1209
1329
1390
1277
1272
1118
977
861
644
572
232
-591
-2224
-4221
-5602
-6594
-6995
-6765
-6461
-5994
-5690
-5306
-4522
-3883
-3238
-2911
-2598
-1671
-712
422
1515
2177
2646
2499
2089
1865
1435
1085
861
668
721
696
586
467
185
-95
-541
-880
-817
-590
-138
411
997
1599
1965
2155
2207
2112
2014
1974
2035
2127
2225
2262
1979
1561
1134
613
166
-229
-523
-589
-501
-320
-186
-165
-145
-185
-204
-172
-68
142
419
784
900
880
915
887
869
811
860
1069
1330
1515
1493
1533
1456
1239
1018
646
492
491
540
658
703
793
841
870
967
966
945
825
585
555
631
553
151
-899
-2520
-4178
-5380
-5699
-5501
-5434
-5424
-5461
-5330
-4886
-4534
-4211
-4031
-3802
-3070
-2136
-898
314
1012
1466
1538
1515
1661
1620
1642
1642
1500
1519
1586
1663
1628
1198
601
57
-305
-337
-262
-70
244
501
733
936
1115
1197
1202
1227
1266
1473
1799
2113
2296
2177
1840
1436
1143
881
568
325
160
179
272
231
119
-95
-290
-409
-441
-336
-270
-131
114
277
330
295
216
311
519
687
878
1076
1329
1523
1570
1587
1513
1422
1298
1103
975
844
835
854
730
668
541
446
478
455
409
329
275
363
415
273
-318
-1412
-2527
-3393
-3875
-3993
-4005
-4077
-4172
-4266
-4365
-4391
-4314
-4191
-4103
-3870
-3315
-2489
-1487
-775
-483
-316
-180
117
520
810
1062
1291
1544
1845
1965
1956
1846
1608
1332
1081
956
964
1006
1051
1071
1016
963
935
832
773
779
761
877
1035
1115
1234
1235
1105
1010
884
808
739
669
642
601
658
685
597
539
467
382
361
328
304
355
316
225
194
122
70
31
28
154
272
370
484
540
550
556
611
665
662
619
545
478
474
487
463
434
410
369
373
399
392
382
318
282
333
399
407
278
-7
-408
-761
-982
-1127
-1196
-1339
-1631
-1919
-2201
-2452
-2606
-2782
-2966
-3096
-3195
-3113
-2909
-2787
-2746
-2772
-2798
-2639
-2315
-1982
-1630
-1364
-1191
-904
-525
-114
188
327
484
685
907
1151
1324
1429
1529
1610
1747
1891
1991
2045
1997
1913
1873
1836
1770
1718
1645
1578
1517
1449
1339
1184
1078
1046
981
917
861
787
768
769
775
754
674
590
514
428
374
340
303
240
143
122
169
174
151
91
65
150
243
309
390
458
509
537
544
584
666
724
719
758
853
901
903
848
754
701
665
603
439
115
-332
-698
-902
-1044
-1257
-1663
-2122
-2510
-2772
-2866
-2959
-3166
-3431
-3679
-3744
-3593
-3360
-3184
-3168
-3220
-3107
-2768
-2325
-1947
-1791
-1685
-1408
-1003
-570
-159
122
281
473
728
1050
1340
1513
1616
1651
1701
1840
1974
2025
2061
2086
2124
2190
2190
2111
2007
1924
1859
1807
1754
1635
1480
1341
1199
1094
1023
924
802
691
580
534
523
426
342
246
155
136
92
16
-39
-83
-144
-202
-220
-200
-165
-126
-54
61
194
284
334
420
495
571
673
784
899
931
940
1009
1063
1114
1137
1080
1035
997
846
542
116
-231
-442
-651
-861
-1190
-1646
-2080
-2431
-2644
-2746
-2922
-3211
-3476
-3605
-3579
-3405
-3248
-3229
-3242
-3203
-2914
-2479
-2104
-1803
-1596
-1382
-1086
-724
-340
-35
128
239
443
756
1099
1325
1417
1476
1526
1565
1595
1675
1728
1732
1786
1880
1969
2037
2043
1925
1794
1698
1621
1582
1492
1405
1271
1096
1032
987
848
636
409
256
226
199
177
156
72
-8
-28
-2
37
9
-68
-97
-34
88
165
194
202
196
257
381
451
545
634
644
691
783
874
925
913
882
882
923
996
994
944
942
875
640
288
-157
-525
-693
-829
-1032
-1401
-1872
-2226
-2443
-2567
-2663
-2907
-3243
-3446
-3446
-3228
-3002
-2952
-2997
-3088
-2986
-2594
-2136
-1789
-1615
-1441
-1113
-667
-214
94
246
401
569
751
1058
1321
1463
1536
1520
1564
1612
1627
1595
1477
1389
1366
1426
1524
1556
1528
1474
1428
1373
1316
1278
1218
1147
1059
990
994
975
911
805
623
444
305
266
270
189
81
3
-22
28
46
-4
-36
-31
28
171
293
395
469
487
556
596
616
651
608
624
679
742
848
824
760
735
691
703
689
609
547
451
303
69
-276
-585
-778
-882
-1018
-1337
-1735
-2021
-2182
-2249
-2366
-2609
-2873
-3079
-3079
-2920
-2776
-2664
-2661
-2742
-2615
-2257
-1905
-1652
-1556
-1457
-1167
-776
-379
-41
201
371
486
619
862
1102
1226
1295
1341
1434
1557
1609
1582
1545
1524
1463
1388
1347
1335
1336
1295
1197
1101
1048
1030
1051
972
827
779
835
912
918
843
735
649
575
589
572
469
361
220
175
231
220
152
58
-7
35
144
274
308
272
333
436
539
602
569
528
525
555
636
701
708
660
598
620
687
707
641
520
410
223
-130
-481
-710
-808
-863
-1111
-1512
-1860
-2068
-2095
-2068
-2218
-2500
-2800
-2955
-2822
-2652
-2535
-2493
-2614
-2638
-2369
-1953
-1592
-1455
-1440
-1298
-1042
-694
-357
-143
14
161
340
651
947
1077
1140
1132
1170
1288
1378
1438
1442
1427
1458
1510
1529
1515
1464
1400
1324
1233
1159
1130
1126
1053
925
765
676
728
747
711
634
522
494
531
545
548
460
324
280
272
303
310
248
165
71
82
224
295
304
285
249
356
508
591
631
646
677
749
804
810
795
784
773
759
740
690
637
583
421
36
-408
-703
-814
-820
-1008
-1475
-1910
-2174
-2246
-2179
-2269
-2484
-2706
-2897
-2821
-2548
-2355
-2307
-2449
-2580
-2379
-1967
-1586
-1363
-1322
-1267
-1073
-725
-337
-155
-101
-35
69
321
608
811
948
997
1027
1099
1192
1263
1256
1259
1338
1409
1454
1478
1502
1529
1476
1337
1207
1186
1201
1132
1031
900
768
764
804
784
705
506
342
353
391
401
346
211
144
153
198
222
165
116
109
152
274
385
415
421
383
398
492
535
540
540
575
689
779
806
820
827
883
924
892
851
778
706
629
308
-180
-533
-732
-720
-720
-1120
-1670
-2091
-2299
-2187
-2117
-2332
-2677
-3041
-3061
-2695
-2377
-2210
-2292
-2508
-2427
-2065
-1581
-1249
-1236
-1254
-1102
-763
-336
-49
51
112
141
225
454
676
786
793
782
899
1077
1136
1129
1120
1153
1215
1207
1212
1275
1323
1368
1347
1229
1166
1144
1088
1044
946
869
860
764
695
668
598
514
355
271
307
323
319
239
120
116
145
125
137
148
159
231
313
403
488
477
458
532
600
607
608
601
628
685
689
680
658
660
699
667
651
686
650
602
381
-59
-392
-583
-611
-550
-820
-1323
-1677
-1880
-1780
-1639
-1865
-2219
-2620
-2794
-2527
-2277
-2173
-2198
-2466
-2512
-2164
-1747
-1395
-1315
-1382
-1269
-999
-623
-297
-157
-8
99
189
437
664
809
863
808
874
999
1034
1084
1083
1070
1140
1175
1203
1210
1164
1162
1161
1083
1026
1036
1022
1017
982
827
782
832
818
804
693
522
434
346
338
376
277
186
104
56
146
159
83
79
91
163
304
346
378
426
403
445
488
522
627
650
672
707
662
665
684
691
713
622
506
471
404
373
277
-127
-532
-757
-774
-583
-763
-1346
-1746
-1910
-1763
-1572
-1737
-1962
-2271
-2483
-2207
-1873
-1716
-1791
-2160
-2227
-1871
-1494
-1193
-1164
-1262
-1145
-896
-532
-238
-202
-136
-15
60
282
524
640
763
791
831
974
1038
1085
1093
1059
1115
1167
1127
1069
1059
1088
1091
1025
930
880
906
930
881
824
791
774
746
723
723
640
512
453
473
484
447
337
219
203
204
137
58
29
27
72
121
167
222
233
228
265
330
388
412
392
403
461
534
581
581
602
622
569
522
526
510
476
231
-279
-640
-729
-608
-476
-761
-1329
-1678
-1746
-1536
-1393
-1692
-2050
-2364
-2423
-2041
-1748
-1660
-1755
-2068
-2052
-1640
-1242
-945
-971
-1111
-919
-593
-277
-48
-65
-46
96
193
382
532
555
612
655
765
899
869
887
949
1014
1137
1107
1026
1047
1064
1110
1134
1062
983
907
838
865
857
752
691
610
566
625
601
528
449
313
289
346
308
282
261
231
259
230
200
241
229
232
246
248
303
295
233
217
253
310
358
311
275
335
377
427
400
348
377
341
330
377
372
336
68
-443
-708
-674
-543
-489
-884
-1402
-1602
-1613
-1423
-1331
-1612
-1914
-2154
-2156
-1758
-1472
-1492
-1687
-1910
-1771
-1349
-1025
-855
-921
-1000
-820
-543
-198
43
36
99
211
317
532
619
607
658
664
759
842
748
741
797
813
862
843
762
798
885
917
904
824
769
824
877
853
806
722
664
664
666
699
644
533
469
439
484
523
489
430
342
312
340
325
296
291
329
401
455
460
427
353
307
337
351
329
287
217
206
296
344
333
278
191
161
139
142
151
64
-155
-518
-761
-754
-648
-628
-919
-1377
-1608
-1585
-1412
-1305
-1514
-1795
-1979
-1979
-1681
-1447
-1476
-1583
-1710
-1644
-1305
-999
-804
-809
-933
-774
-419
-139
-8
-23
45
197
300
437
569
659
720
729
762
841
850
796
820
873
864
843
793
734
785
863
822
725
642
664
743
746
718
691
676
686
683
659
657
618
537
492
495
502
452
392
389
416
397
369
332
319
358
337
327
335
342
366
358
355
360
344
282
239
218
173
159
142
123
117
85
45
-1
-87
-171
-314
-547
-736
-810
-780
-768
-945
-1215
-1358
-1378
-1333
-1310
-1418
-1579
-1689
-1663
-1507
-1376
-1317
-1348
-1392
-1287
-1072
-891
-722
-636
-609
-489
-314
-86
58
80
148
242
294
364
472
513
567
642
646
660
665
657
698
737
753
768
742
715
734
732
703
668
629
645
667
656
632
588
544
503
486
506
514
505
486
474
501
490
469
452
421
431
406
350
390
400
364
383
371
361
328
277
293
314
310
303
248
187
173
187
214
208
137
51
-5
-37
-34
-38
-104
-226
-436
-685
-825
-839
-796
-850
-1091
-1319
-1405
-1371
-1250
-1216
-1329
-1496
-1601
-1517
-1299
-1176
-1217
-1305
-1306
-1132
-904
-740
-658
-629
-535
-390
-192
23
135
195
281
363
465
572
605
662
737
764
772
720
664
683
712
695
642
589
580
602
639
662
636
579
542
517
500
570
584
549
581
567
555
581
585
557
541
546
561
551
525
523
508
455
418
403
376
394
384
325
281
252
243
206
184
155
91
45
34
48
56
76
56
-3
-35
-48
-59
-66
-104
-112
-158
-317
-486
-669
-771
-779
-833
-961
-1137
-1256
-1266
-1263
-1262
-1282
-1405
-1498
-1456
-1365
-1250
-1182
-1183
-1148
-1066
-934
-768
-653
-592
-547
-471
-302
-125
-5
89
153
220
324
411
464
535
593
669
733
753
766
774
790
824
839
829
822
803
810
795
761
738
695
662
648
641
646
613
583
577
556
539
506
465
443
412
402
446
462
419
382
372
373
406
370
342
357
312
299
294
266
272
241
184
165
139
92
28
0
6
-54
-129
-148
-182
-202
-214
-283
-312
-322
-401
-521
-641
-713
-734
-779
-861
-960
-1076
-1107
-1104
-1146
-1188
-1273
-1332
-1323
-1301
-1240
-1197
-1221
-1193
-1106
-969
-815
-742
-659
-583
-504
-308
-178
-102
8
62
190
349
366
371
447
526
606
689
698
686
690
713
760
803
870
851
775
804
878
906
894
852
814
809
803
783
756
728
722
677
627
632
604
556
531
483
444
419
399
357
304
276
236
206
204
180
162
172
144
107
91
44
34
42
21
1
-37
-68
-90
-100
-121
-158
-185
-226
-247
-280
-322
-331
-376
-444
-534
-681
-789
-858
-935
-985
-1028
-1031
-969
-927
-982
-1070
-1103
-1046
-980
-951
-924
-920
-910
-824
-722
-644
-613
-616
-555
-454
-313
-111
-14
10
76
124
217
330
363
395
413
405
471
551
571
555
521
530
553
548
575
611
590
576
587
594
603
587
562
530
515
553
581
579
583
575
556
540
530
530
557
557
524
506
454
432
428
384
366
332
298
296
259
217
218
196
148
132
119
102
61
-7
-35
-54
-78
-99
-123
-138
-183
-202
-203
-243
-283
-328
-344
-354
-388
-390
-421
-508
-583
-612
-607
-616
-657
-752
-796
-785
-785
-760
-757
-804
-826
-793
-771
-717
-649
-620
-615
-620
-577
-536
-494
-481
-500
-426
-329
-264
-204
-214
-187
-80
-15
18
56
77
133
216
282
332
338
361
404
460
520
554
556
562
588
623
662
690
694
657
658
668
640
650
682
676
674
672
654
628
622
643
664
650
598
553
530
503
476
424
378
347
309
293
260
209
169
135
87
52
-10
-63
-61
-79
-141
-187
-193
-220
-246
-259
-283
-319
-345
-391
-388
-374
-368
-347
-384
-437
-480
-521
-541
-545
-562
-597
-664
-704
-692
-664
-649
-677
-709
-746
-750
-744
-726
-669
-642
-629
-608
-575
-513
-457
-434
-411
-401
-371
-321
-254
-175
-139
-93
-27
19
43
47
90
169
216
242
278
303
341
404
472
532
557
537
544
614
669
706
716
707
699
706
707
697
690
679
660
623
616
620
625
654
636
574
545
506
470
476
458
405
354
313
298
299
249
174
137
110
71
23
-20
-44
-67
-103
-145
-190
-223
-264
-304
-290
-269
-297
-345
-365
-367
-359
-356
-340
-338
-365
-362
-400
-466
-478
-497
-506
-507
-529
-561
-597
-601
-588
-585
-609
-657
-703
-698
-648
-611
-589
-582
-580
-542
-482
-429
-411
-424
-410
-352
-277
-209
-173
-157
-118
-75
-35
-4
15
53
117
170
193
228
259
287
342
379
395
436
463
491
548
607
625
627
662
678
691
717
702
685
704
724
716
684
666
665
656
640
600
524
462
441
431
415
373
314
265
241
212
174
149
126
99
56
17
-1
-28
-71
-78
-97
-150
-162
-183
-231
-237
-226
-244
-288
-325
-319
-314
-324
-339
-368
-383
-397
-397
-390
-432
-498
-514
-466
-435
-481
-511
-564
-623
-572
-531
-534
-543
-585
-588
-544
-523
-523
-551
-548
-501
-465
-451
-421
-364
-350
-326
-242
-206
-185
-111
-77
-43
23
57
66
95
136
182
235
266
291
303
304
326
382
414
429
452
465
488
510
525
569
586
571
589
608
629
637
638
619
600
623
604
582
556
520
523
495
461
438
407
389
363
310
249
206
164
144
149
118
59
-6
-56
-100
-139
-146
-167
-189
-190
-211
-222
-240
-259
-283
-303
-301
-330
-336
-328
-326
-322
-338
-345
-367
-413
-454
-448
-424
-411
-437
-477
-478
-471
-455
-462
-470
-487
-533
-515
-471
-455
-439
-440
-421
-377
-378
-380
-372
-361
-319
-285
-230
-188
-173
-132
-108
-98
-47
-18
-26
18
99
141
156
199
238
263
291
324
365
380
402
444
468
482
511
537
546
552
566
573
567
562
555
554
545
519
503
517
502
475
457
434
426
404
384
347
314
288
262
221
172
156
134
100
66
15
-43
-77
-103
-95
-111
-169
-175
-197
-221
-204
-236
-274
-277
-286
-312
-295
-276
-300
-287
-291
-300
-270
-302
-320
-319
-358
-352
-350
-363
-365
-410
-447
-444
-409
-376
-406
-441
-437
-438
-397
-361
-391
-390
-400
-409
-343
-287
-264
-275
-276
-223
-194
-162
-126
-93
-50
-35
3
26
41
79
92
135
186
196
227
275
294
320
370
396
422
457
469
485
483
491
509
522
532
541
535
504
484
455
455
451
438
427
387
384
364
328
298
268
274
263
227
172
147
128
108
108
89
86
54
-9
-33
-42
-68
-94
-128
-141
-147
-186
-218
-242
-253
-262
-287
-307
-324
-332
-289
-277
-308
-303
-313
-306
-278
-281
-286
-281
-293
-310
-302
-308
-316
-337
-371
-355
-320
-327
-327
-301
-323
-339
-330
-309
-282
-295
-324
-294
-258
-260
-229
-226
-196
-145
-124
-80
-42
-9
17
46
69
105
132
134
151
199
248
274
276
283
316
339
342
341
346
368
403
409
382
402
418
402
373
356
389
400
378
357
343
324
311
309
298
297
277
256
247
226
207
162
141
141
115
73
68
67
32
28
20
11
-2
-28
-29
-60
-85
-96
-136
-144
-162
-196
-213
-234
-251
-239
-250
-278
-263
-265
-264
-246
-254
-269
-264
-247
-241
-254
-254
-239
-238
-269
-279
-259
-259
-265
-291
-298
-287
-280
-283
-283
-258
-252
-259
-265
-258
-230
-199
-183
-157
-122
-125
-120
-83
-62
-13
8
-6
42
83
84
105
123
131
161
184
209
215
210
235
248
270
288
271
267
275
283
300
313
287
284
291
292
317
288
271
277
250
250
254
221
208
232
258
243
222
218
199
176
155
147
124
104
113
121
122
60
37
67
63
47
24
-4
-10
-12
-52
-77
-100
-129
-145
-157
-162
-160
-164
-181
-194
-211
-221
-219
-232
-227
-220
-229
-243
-244
-247
-269
-268
-265
-260
-262
-265
-244
-234
-255
-258
-259
-264
-247
-232
-205
-180
-169
-165
-176
-172
-138
-129
-143
-136
-116
-72
-54
-51
-28
-31
-29
5
18
26
48
47
57
90
125
125
121
119
113
131
143
153
164
177
190
166
162
180
196
213
192
196
228
236
238
243
255
258
257
288
290
274
263
240
239
236
217
219
197
184
198
175
167
173
167
151
123
106
100
53
15
34
43
26
11
-24
-52
-42
-73
-108
-117
-126
-130
-151
-123
-110
-149
-159
-169
-184
-197
-219
-229
-217
-219
-192
-213
-250
-247
-266
-246
-236
-248
-234
-227
-220
-206
-203
-186
-154
-140
-149
-145
-134
-141
-136
-127
-119
-117
-105
-103
-116
-92
-82
-91
-106
-97
-77
-76
-69
-86
-67
-42
-48
-12
-9
3
40
48
64
80
83
78
81
73
87
115
126
140
164
189
183
200
225
226
225
231
255
272
275
279
289
285
271
279
271
254
274
276
248
238
229
226
197
170
178
166
145
143
149
117
87
86
70
52
35
14
9
-17
-62
-63
-82
-93
-86
-108
-102
-103
-131
-167
-173
-170
-199
-197
-195
-186
-157
-148
-172
-191
-193
-201
-189
-167
-157
-161
-144
-165
-170
-153
-171
-167
-154
-132
-133
-150
-164
-175
-165
-151
-162
-162
-170
-187
-191
-194
-178
-185
-190
-176
-139
-99
-105
-109
-116
-114
-93
-71
-39
1
30
30
30
40
49
59
72
95
128
131
131
150
145
153
196
201
202
220
236
251
244
234
228
237
241
239
230
212
225
219
214
218
196
195
186
187
192
173
189
203
169
154
163
154
163
163
132
136
121
95
89
87
82
47
44
18
6
14
-27
-36
-26
-36
-61
-84
-99
-127
-135
-133
-132
-145
-174
-187
-181
-166
-164
-183
-203
-210
-202
-208
-241
-241
-228
-227
-233
-239
-228
-247
-274
-269
-281
-278
-247
-247
-247
-232
-231
-236
-230
-220
-222
-184
-141
-134
-116
-108
-96
-72
-69
-64
-16
-10
-33
12
32
31
64
60
71
88
93
123
113
138
185
175
198
214
223
220
212
245
252
236
239
248
257
245
212
232
251
230
231
244
232
214
209
204
199
196
191
207
213
192
196
199
186
162
153
167
169
166
155
138
126
128
111
71
29
9
-1
-21
-42
-55
-55
-88
-124
-129
-149
-169
-169
-184
-180
-174
-184
-202
-246
-247
-244
-262
-268
-272
-291
-292
-285
-283
-291
-312
-316
-297
-275
-257
-252
-263
-250
-229
-227
-216
-190
-183
-143
-99
-96
-101
-113
-95
-63
-47
-24
-21
-18
4
11
10
17
33
33
34
46
46
62
77
70
86
100
96
123
143
145
153
119
123
166
166
166
184
193
194
196
204
202
212
230
218
230
246
241
243
239
227
224
210
187
206
214
213
213
205
206
170
156
173
155
133
124
112
98
65
32
29
30
-1
-38
-33
-35
-42
-73
-104
-112
-141
-162
-169
-167
-163
-177
-194
-187
-202
-218
-211
-205
-211
-218
-219
-222
-205
-211
-234
-243
-217
-208
-234
-244
-214
-183
-206
-190
-166
-193
-186
-151
-140
-145
-143
-110
-80
-64
-62
-80
-39
-17
-46
-25
-4
0
1
0
22
42
47
62
76
78
72
81
93
78
98
133
127
142
153
143
167
175
158
156
155
166
169
150
170
176
159
180
171
165
186
176
178
190
193
163
141
160
157
141
131
144
141
135
129
106
88
78
56
44
40
25
6
-13
-11
-42
-63
-51
-62
-74
-102
-122
-103
-113
-141
-134
-141
-142
-141
-156
-141
-125
-130
-138
-153
-162
-152
-148
-150
-152
-163
-168
-140
-130
-143
-116
-114
-134
-122
-111
-115
-94
-98
-126
-114
-94
-57
-57
-90
-68
-46
-60
-62
-40
-40
-51
-17
11
0
1
15
32
47
24
44
78
67
75
83
100
153
159
133
127
136
165
148
123
140
155
162
155
147
141
137
151
150
152
147
107
97
100
115
117
90
99
96
78
72
71
66
51
42
31
38
26
-18
-28
-29
-31
-35
-61
-60
-40
-38
-55
-79
-82
-61
-81
-116
-103
-89
-99
-115
-126
-111
-104
-114
-118
-108
-100
-100
-102
-110
-102
-67
-88
-119
-98
-91
-75
-66
-70
-56
-61
-82
-84
-72
-39
-38
-56
-59
-52
-35
-49
-35
-4
-24
-28
-6
-1
-5
2
7
11
20
16
26
31
25
45
68
82
88
80
81
102
102
115
124
113
117
136
158
153
148
140
143
143
111
96
90
91
92
84
75
72
61
45
47
48
32
24
36
31
12
12
8
-7
-14
-20
-17
-10
-39
-45
-32
-45
-43
-50
-70
-68
-87
-87
-83
-103
-88
-91
-100
-98
-99
-96
-91
-59
-50
-65
-62
-72
-68
-67
-93
-80
-73
-70
-48
-31
-29
-35
-53
-72
-72
-49
-23
-32
-51
-46
-29
-39
-53
-55
-41
-13
-14
-7
0
6
20
15
1
-1
10
27
24
18
46
66
64
69
85
86
84
72
83
102
69
83
103
99
112
96
98
120
108
93
80
60
56
64
60
45
55
76
48
23
43
50
42
47
60
52
28
9
18
5
18
15
-6
6
-31
-43
-26
-32
-20
-5
-49
-71
-66
-80
-68
-67
-75
-77
-79
-82
-78
-81
-86
-73
-78
-81
-75
-71
-57
-57
-84
-88
-78
-79
-62
-49
-41
-43
-55
-59
-60
-61
-60
-45
-29
-34
-22
-18
-21
-6
-5
-7
-5
-15
-23
-21
-10
5
26
16
-10
-7
38
43
16
22
37
53
58
66
71
86
93
80
85
92
98
95
93
95
116
125
102
92
99
103
92
90
82
67
63
41
41
45
34
32
27
21
23
32
20
6
6
-5
-21
-18
-14
-27
-40
-40
-42
-49
-58
-54
-54
-69
-61
-49
-53
-44
-43
-68
-70
-68
-61
-61
-70
-63
-47
-28
-43
-67
-56
-35
-42
-37
-35
-42
-40
-46
-57
-67
-59
-53
-49
-53
-52
-35
-44
-59
-50
-35
-43
-50
-28
-13
-10
-3
-3
-6
-10
-18
-15
-1
11
24
27
30
36
35
30
42
52
55
57
58
62
79
85
81
92
107
92
84
92
89
99
93
106
117
84
62
62
58
58
42
29
39
37
26
24
23
13
-2
-22
-21
-13
-17
-24
-5
8
-9
-32
-42
-35
-24
-37
-55
-24
-12
-34
-56
-42
-28
-39
-51
-50
-40
-37
-39
-48
-48
-30
-30
-55
-59
-38
-24
-38
-43
-29
-35
-41
-49
-63
-36
-16
-48
-54
-24
-20
-36
-38
-46
-53
-46
-60
-58
-20
-2
-8
-15
-9
5
6
-1
12
16
19
22
-6
6
38
27
20
37
22
15
38
51
44
29
43
74
69
51
71
88
75
62
61
60
73
68
58
60
57
67
49
24
26
42
39
27
29
23
17
-1
-23
-5
5
-17
-22
-11
-12
-28
-32
-30
-28
-40
-34
-3
0
-22
-40
-24
-14
-33
-33
-27
-22
-18
-40
-27
-5
-9
-20
-46
-35
-13
-20
-34
-19
-14
-30
-39
-39
-14
-24
-49
-48
-43
-41
-46
-57
-57
-38
-17
-14
-26
-30
-31
-39
-19
-18
-39
-16
-8
1
-2
-17
4
12
8
29
35
34
44
40
44
36
22
31
46
35
38
45
38
43
39
43
50
60
50
48
66
54
57
68
57
54
44
30
37
35
30
28
33
14
-4
17
21
18
10
-20
-21
-22
-27
-24
-24
-27
-38
-26
-17
-28
-17
-8
-21
-27
-28
-19
-15
-30
-17
-11
-14
-25
-38
-15
-20
-33
-11
-18
-24
-17
-20
-17
-22
-40
-45
-51
-53
-45
-41
-31
-32
-23
-5
-15
-26
-24
-34
-46
-46
-44
-31
-12
-13
-18
-13
-26
-25
-13
-23
-21
-8
0
20
26
20
18
17
27
23
28
43
43
52
55
51
48
60
60
35
31
53
49
33
47
72
67
60
53
51
41
32
22
9
32
50
43
28
27
22
25
20
-8
1
14
-10
-19
-5
-14
-22
-9
-17
-28
-25
-35
-40
-37
-32
-19
-16
-20
-23
1
15
-7
-23
-42
-46
-33
-28
-18
-4
-5
-28
-34
-25
-23
-35
-44
-30
-34
-43
-32
-24
-23
-21
-30
-27
-29
-43
-40
-28
-18
-20
-31
-31
-11
-15
-46
-41
-16
-21
-16
-23
-27
-4
4
12
7
13
13
6
15
19
26
30
32
38
36
56
75
59
45
47
48
23
33
61
61
55
38
30
54
67
48
32
44
47
43
43
24
22
29
28
31
40
45
47
23
13
13
15
30
10
3
10
1
3
-12
-21
-19
-29
-37
-28
-21
-32
-36
-36
-44
-47
-51
-47
-51
-52
-48
-47
-37
-35
-27
-37
-60
-42
-43
-64
-57
-56
-66
-69
-73
-68
-61
-75
-85
-67
-61
-61
-64
-63
-52
-55
-53
-52
-48
-36
-20
-27
-21
10
19
24
43
55
60
66
65
90
112
110
117
108
110
137
135
119
121
131
121
115
121
112
123
120
94
79
72
71
77
57
34
27
-3
-17
-7
-21
-41
-42
-58
-72
-75
-75
-70
-66
-76
-95
-101
-123
-130
-107
-117
-124
-105
-91
-71
-58
-57
-68
-64
-49
-46
-44
-31
-25
-32
-9
-11
-16
12
14
17
34
42
53
51
41
53
62
52
42
42
49
49
36
32
44
48
39
51
62
58
36
26
31
19
10
3
4
23
34
19
6
0
0
-16
-32
0
-1
-30
-28
-33
-36
-36
-47
-39
-41
-57
-56
-63
-61
-49
-54
-65
-62
-61
-46
-32
-50
-47
-41
-40
-33
-42
-28
-13
-7
-6
-19
-11
-3
0
19
25
42
40
27
44
46
48
44
45
58
61
70
85
85
60
50
50
48
46
45
44
44
36
27
46
55
43
33
44
48
30
