-14
-15
-15
-16
-10
-6
-3
-2
-2
1
7
6
5
5
8
12
12
13
13
9
9
9
11
8
3
-2
-7
-5
-1
0
1
1
0
-6
-2
3
5
7
7
10
12
10
10
16
19
23
22
25
32
31
31
36
36
31
36
38
35
35
31
28
28
27
34
33
30
30
28
26
22
25
25
21
25
21
14
15
9
7
7
0
-1
-3
-12
-10
-12
-16
-16
-18
-21
-25
-24
-30
-33
-32
-38
-40
-38
-45
-52
-60
-58
-61
-68
-71
-79
-89
-86
-90
-91
-95
-99
-96
-97
-89
-92
-86
-84
-84
-81
-80
-74
-69
-64
-54
-41
-37
-28
-18
-9
1
7
23
31
37
46
57
72
82
94
105
106
112
116
117
125
124
128
133
131
129
127
130
133
132
130
130
132
126
120
112
103
99
101
103
99
93
89
86
84
80
80
76
65
54
49
42
34
19
10
2
-15
-23
-30
-42
-53
-66
-78
-94
-102
-110
-122
-129
-145
-156
-156
-168
-175
-177
-185
-193
-198
-194
-195
-203
-208
-212
-214
-215
-216
-213
-213
-212
-202
-201
-191
-186
-176
-154
-149
-130
-104
-88
-74
-62
-32
0
14
36
57
79
102
115
133
150
165
178
191
208
219
225
231
237
238
240
243
238
232
228
228
223
212
200
189
181
177
172
165
155
141
135
131
129
113
97
85
75
68
59
48
35
28
22
13
12
10
7
5
0
-7
-8
-12
-21
-28
-39
-45
-54
-62
-67
-77
-85
-100
-102
-99
-109
-108
-111
-122
-129
-133
-131
-135
-140
-139
-150
-158
-169
-170
-164
-178
-183
-194
-203
-203
-228
-243
-253
-262
-261
-269
-265
-260
-260
-249
-253
-240
-224
-224
-210
-184
-146
-113
-88
-51
-21
6
43
66
97
121
153
193
222
262
294
313
329
333
345
348
359
369
369
377
373
372
362
343
317
288
270
247
217
198
180
168
140
110
87
53
22
-8
-28
-41
-63
-70
-78
-80
-79
-90
-90
-86
-89
-81
-72
-58
-44
-36
-21
-16
-5
2
-3
0
-9
-4
5
-1
2
-6
-22
-31
-43
-50
-69
-77
-80
-97
-101
-107
-117
-121
-126
-129
-134
-135
-131
-126
-124
-123
-122
-117
-120
-125
-115
-111
-103
-99
-97
-83
-84
-84
-82
-86
-87
-104
-117
-119
-119
-119
-133
-136
-141
-157
-155
-159
-161
-158
-169
-156
-141
-128
-112
-108
-88
-74
-60
-34
-14
18
45
66
97
122
164
193
203
221
229
246
260
273
292
291
303
313
308
305
299
302
300
293
296
296
294
282
267
258
240
222
205
190
175
157
147
129
108
89
56
39
23
-1
-25
-44
-50
-65
-77
-92
-103
-113
-129
-140
-161
-166
-153
-152
-145
-141
-149
-155
-152
-139
-137
-131
-124
-126
-120
-112
-100
-94
-101
-103
-102
-98
-88
-85
-79
-77
-87
-89
-93
-95
-107
-124
-126
-133
-143
-171
-208
-223
-238
-250
-269
-282
-282
-294
-301
-303
-298
-293
-310
-310
-297
-281
-250
-220
-186
-148
-114
-84
-54
-12
27
73
123
161
214
267
300
339
374
403
438
459
474
498
519
525
520
518
511
493
461
429
411
392
362
337
309
271
224
180
142
107
75
39
7
-18
-34
-54
-75
-92
-110
-128
-145
-150
-158
-166
-165
-160
-148
-139
-134
-120
-113
-106
-92
-89
-76
-62
-62
-55
-51
-54
-46
-53
-56
-45
-54
-51
-53
-52
-33
-70
-72
-52
-86
-62
-68
-97
-64
-87
-108
-90
-108
-112
-111
-124
-126
-119
-117
-116
-106
-123
-128
-129
-134
-129
-142
-169
-189
-210
-220
-227
-237
-230
-244
-238
-227
-244
-226
-222
-231
-227
-226
-206
-170
-148
-123
-87
-66
-43
-20
7
45
82
117
155
201
254
292
328
351
362
393
405
415
442
459
473
485
487
490
482
445
409
393
362
322
301
287
279
259
222
190
158
121
76
26
9
-18
-57
-59
-95
-122
-119
-151
-155
-145
-171
-167
-156
-149
-114
-115
-116
-108
-103
-96
-110
-92
-93
-98
-76
-92
-84
-87
-100
-97
-105
-99
-93
-88
-110
-110
-105
-112
-84
-99
-98
-77
-103
-95
-74
-100
-98
-102
-134
-111
-108
-103
-79
-107
-90
-85
-100
-74
-95
-95
-103
-116
-110
-122
-155
-206
-215
-226
-222
-237
-253
-234
-237
-239
-251
-242
-232
-242
-246
-237
-189
-148
-111
-78
-61
-23
-5
18
61
90
136
189
230
277
329
369
400
413
416
438
468
484
498
538
560
555
543
509
477
417
352
335
336
306
265
266
241
188
155
92
43
8
-54
-75
-93
-89
-78
-99
-107
-120
-129
-157
-144
-99
-110
-102
-78
-70
-54
-40
-50
-54
-75
-89
-67
-66
-59
-84
-99
-68
-97
-122
-131
-154
-140
-146
-164
-167
-166
-177
-177
-172
-199
-161
-175
-184
-139
-178
-174
-147
-161
-161
-132
-167
-154
-111
-120
-82
-104
-93
-84
-90
-59
-70
-51
-39
-49
-30
-23
-35
-53
-116
-146
-128
-130
-138
-149
-150
-145
-137
-154
-164
-157
-173
-204
-212
-199
-141
-105
-98
-60
-50
-19
13
42
54
63
120
174
228
284
331
377
417
411
428
488
512
523
536
539
545
527
484
482
455
388
361
316
272
269
232
196
153
92
65
22
-28
-35
-49
-82
-78
-94
-89
-77
-111
-110
-98
-92
-91
-107
-88
-82
-89
-83
-84
-100
-115
-75
-93
-107
-72
-118
-96
-88
-146
-106
-138
-142
-104
-164
-138
-128
-162
-139
-162
-150
-152
-171
-146
-186
-188
-168
-189
-156
-163
-197
-144
-145
-159
-135
-149
-135
-137
-130
-97
-105
-94
-65
-59
-59
-45
-23
-11
-28
-13
1
-4
5
-49
-112
-99
-83
-92
-127
-134
-113
-102
-110
-146
-122
-139
-188
-184
-193
-145
-93
-84
-60
-42
-22
16
38
39
57
106
169
228
275
332
402
425
414
425
456
481
476
486
528
548
512
449
424
406
324
240
227
213
174
155
117
104
84
15
-3
-18
-31
-17
-48
-39
14
-38
-51
-4
-27
-29
-29
-63
-17
7
-77
-20
8
-101
-41
-68
-108
-68
-149
-109
-112
-134
-83
-173
-168
-152
-183
-116
-189
-174
-107
-196
-168
-165
-178
-133
-202
-180
-134
-175
-134
-161
-154
-170
-167
-157
-229
-134
-154
-207
-139
-117
-154
-147
-107
-110
-88
-110
-94
-38
-45
-42
-17
-18
-7
4
14
22
31
-25
-102
-68
-64
-69
-96
-139
-115
-70
-113
-158
-113
-144
-177
-196
-191
-142
-89
-62
-60
-15
-9
24
65
57
101
131
172
255
303
368
419
428
415
407
451
458
435
441
452
456
449
421
381
365
288
202
202
179
152
136
128
107
103
99
52
89
75
29
51
18
99
86
21
111
13
-18
53
-32
-13
-21
-73
-52
-105
-112
-68
-114
-126
-131
-158
-155
-192
-132
-185
-226
-173
-209
-158
-231
-209
-170
-258
-184
-213
-212
-175
-209
-173
-223
-229
-150
-210
-208
-176
-203
-157
-194
-179
-141
-225
-157
-119
-197
-95
-140
-147
-49
-125
-82
-28
-49
12
24
-6
56
49
23
71
26
52
87
-15
-61
-72
-72
-65
-86
-129
-105
-79
-71
-92
-125
-94
-122
-194
-168
-112
-70
-25
-41
-13
53
30
60
98
106
161
185
236
302
364
406
404
418
415
418
393
383
405
401
376
341
362
344
290
251
201
187
158
137
152
145
163
141
96
146
136
74
126
75
54
124
51
87
87
8
70
-27
3
30
-110
-30
-78
-131
-65
-167
-98
-97
-221
-144
-200
-163
-168
-278
-170
-256
-254
-165
-271
-235
-171
-227
-251
-202
-195
-183
-211
-206
-158
-222
-212
-156
-243
-200
-137
-245
-169
-139
-186
-147
-194
-131
-122
-199
-92
-118
-119
-47
-87
-58
-35
-11
-36
-7
16
2
54
11
69
70
53
84
-16
-52
-62
-81
-40
-49
-91
-76
-43
-44
-91
-86
-75
-116
-153
-147
-98
-32
29
18
31
68
63
82
123
146
179
213
255
325
368
387
397
380
368
345
331
384
388
352
374
363
339
347
297
205
195
188
161
139
157
232
144
144
179
90
141
148
53
136
170
30
67
132
32
35
-13
-19
-19
-121
0
-116
-179
-33
-202
-222
-141
-190
-211
-251
-193
-175
-262
-227
-231
-271
-165
-250
-232
-208
-262
-180
-269
-215
-170
-305
-198
-215
-222
-157
-270
-189
-197
-194
-160
-228
-136
-139
-220
-130
-123
-130
-54
-109
-92
-59
-56
-16
-92
-15
23
-24
1
35
41
58
62
52
94
85
108
96
71
-14
-90
-99
-40
-53
-120
-96
-103
-50
-53
-109
-86
-73
-164
-197
-102
-55
-14
29
35
67
85
71
103
114
191
195
208
306
321
375
380
381
375
325
325
332
358
358
351
345
315
309
259
216
203
152
181
181
159
202
179
176
139
144
127
129
154
21
144
186
26
140
75
-51
62
-31
-58
21
-79
-64
-94
-74
-112
-215
-130
-181
-195
-144
-190
-221
-221
-216
-222
-262
-234
-240
-223
-270
-223
-166
-296
-196
-222
-229
-240
-247
-188
-277
-219
-181
-246
-227
-162
-194
-242
-206
-129
-214
-163
-94
-185
-75
-104
-49
-18
-113
2
-44
-57
79
-16
28
47
-21
108
38
68
121
36
70
104
23
-64
-67
-59
-52
-59
-119
-65
-29
-60
-43
-114
-66
-93
-200
-109
-89
-60
47
44
51
99
96
49
122
191
177
209
239
281
317
347
374
341
344
317
285
353
359
357
370
325
337
322
258
262
210
214
249
129
195
278
177
179
167
218
143
120
178
69
218
111
-17
186
0
16
81
-104
37
-94
-79
-17
-171
-39
-238
-202
-139
-280
-51
-281
-255
-63
-363
-204
-205
-309
-267
-339
-221
-335
-304
-212
-310
-197
-295
-295
-198
-293
-208
-237
-272
-131
-245
-203
-151
-219
-152
-252
-163
-165
-157
-48
-217
-88
-15
-141
-43
-49
-90
-56
-27
-62
-12
10
-3
41
9
80
101
103
101
64
141
61
-12
-24
-91
25
-18
-83
-16
-20
4
-41
-49
-33
-69
-69
-142
-71
18
-13
62
88
89
103
82
125
186
185
161
223
285
310
339
324
342
331
309
323
326
377
342
351
375
298
359
310
247
285
187
181
255
214
176
295
226
124
263
161
195
201
61
204
65
22
125
-40
31
30
-117
-51
-58
-173
-107
-154
-235
-230
-232
-201
-297
-235
-223
-257
-224
-289
-229
-257
-342
-282
-374
-283
-203
-339
-283
-226
-253
-287
-215
-244
-260
-211
-282
-199
-145
-209
-184
-194
-157
-143
-289
-120
-79
-245
-77
-112
-116
-21
-123
-27
-45
-89
60
-76
-28
78
-71
34
85
16
107
79
59
117
109
129
139
79
8
-36
-32
36
-6
-28
32
2
-14
15
-21
-31
-39
-104
-101
-80
-4
79
52
99
150
72
85
164
140
202
182
190
323
312
341
339
310
344
288
285
292
314
380
288
306
354
314
324
232
216
264
203
190
214
290
245
155
235
180
187
153
59
153
81
27
62
-21
10
-11
-124
-103
-201
-142
-95
-272
-185
-247
-256
-170
-323
-156
-281
-321
-102
-392
-241
-219
-367
-196
-357
-280
-233
-334
-227
-245
-256
-234
-283
-230
-208
-269
-190
-194
-241
-171
-171
-243
-143
-167
-217
-77
-170
-169
-33
-104
24
-76
-77
90
-117
-6
-5
-44
48
-77
37
60
-14
86
32
114
64
111
164
105
199
92
51
-42
-56
39
-31
-62
3
-33
45
25
-23
72
-48
-69
-130
-87
19
5
91
79
118
127
81
98
153
195
139
189
251
273
356
292
270
344
280
263
256
321
351
268
322
334
299
298
236
232
250
202
212
173
235
217
179
209
44
208
162
5
193
9
38
105
-119
69
-9
-129
-1
-155
-45
-74
-186
-69
-209
-202
-181
-309
-235
-178
-309
-256
-174
-272
-289
-248
-292
-293
-262
-298
-252
-267
-224
-234
-291
-195
-181
-306
-246
-128
-274
-244
-119
-233
-223
-49
-254
-187
-43
-216
-149
-146
-88
-115
-102
-42
-102
-16
0
-69
-12
23
14
-7
67
16
43
104
-31
195
90
57
184
114
195
139
37
5
2
-7
31
-30
3
36
-12
-4
16
2
-19
-37
-129
-43
-26
7
65
71
139
60
73
97
96
173
161
127
215
288
266
285
341
320
289
266
242
326
348
308
331
355
273
258
266
201
192
177
202
135
172
213
143
219
118
131
197
64
111
78
85
13
-36
126
-84
-42
-27
-108
-4
-133
-91
-169
-131
-146
-310
-167
-187
-228
-218
-227
-211
-304
-217
-231
-335
-195
-316
-320
-253
-286
-235
-304
-240
-198
-351
-245
-236
-307
-69
-313
-230
-102
-315
-112
-189
-111
-127
-197
-91
-172
-39
-83
-144
-72
-106
0
-94
-40
29
-33
62
-91
66
73
3
156
24
124
174
96
134
94
120
-1
-120
-62
36
136
57
9
41
-12
3
-82
-29
98
-76
-34
-28
63
200
97
81
67
89
66
49
180
287
232
233
245
175
244
219
199
292
234
180
236
310
302
248
256
220
181
149
132
192
246
225
151
209
206
91
171
222
126
127
198
153
211
174
59
167
-5
50
145
-57
86
-18
-131
16
-158
-92
-80
-280
-79
-168
-252
-94
-246
-149
-242
-322
-199
-304
-234
-250
-302
-218
-265
-306
-299
-258
-268
-286
-235
-285
-196
-250
-242
-238
-280
-188
-260
-226
-182
-176
-176
-163
-114
-175
-119
-117
-98
-99
-46
46
-81
-14
71
4
-12
69
33
49
119
70
110
113
127
159
59
168
140
19
23
-105
-69
-15
-12
-54
-69
-1
-90
-84
-99
-87
-22
-126
-80
-95
-34
94
2
86
94
60
77
59
177
214
245
255
273
299
246
308
319
287
281
236
321
295
304
360
281
319
257
191
246
217
237
227
196
194
200
213
159
164
150
165
205
151
136
138
82
98
87
-12
44
-1
-58
51
-124
-89
-28
-196
-93
-219
-215
-103
-255
-141
-194
-229
-187
-311
-234
-245
-276
-244
-279
-286
-229
-231
-326
-261
-243
-284
-233
-286
-214
-187
-264
-238
-219
-158
-215
-226
-188
-193
-122
-142
-138
-131
-116
-96
-110
-81
-56
-34
-11
-3
28
36
24
25
28
65
44
54
102
120
133
101
55
-66
-116
-83
-130
-41
-64
-113
-32
-93
-113
-133
-151
-98
-185
-193
-130
-107
34
29
7
52
10
2
31
143
246
233
289
317
382
378
300
393
386
346
332
338
450
422
407
411
363
379
289
280
314
324
293
211
280
231
173
206
145
205
181
124
131
137
201
65
28
98
33
50
-23
28
65
-71
-17
-134
-133
-48
-215
-156
-154
-215
-168
-256
-182
-209
-292
-253
-272
-222
-277
-322
-247
-237
-254
-268
-251
-256
-269
-248
-284
-268
-259
-292
-211
-232
-223
-217
-272
-228
-231
-176
-234
-228
-119
-201
-129
-109
-145
-13
-101
-48
2
-31
48
-18
6
55
70
53
46
155
114
37
-70
-193
-185
-155
-85
-120
-161
-86
-176
-214
-254
-304
-181
-257
-244
-196
-166
-19
-21
-1
27
2
13
55
198
289
368
427
358
427
449
417
485
503
576
534
454
539
508
493
525
419
443
425
357
383
340
334
328
254
248
280
224
239
240
215
199
161
153
146
131
97
63
59
7
-18
26
19
-20
-133
-108
-67
-239
-205
-208
-147
-167
-295
-146
-256
-274
-234
-363
-203
-292
-364
-250
-361
-188
-316
-422
-265
-337
-224
-332
-372
-144
-266
-334
-353
-277
-121
-353
-331
-181
-184
-132
-299
-226
-130
-167
-146
-217
-42
-40
-144
-50
-73
-37
-47
-42
101
38
45
40
14
-69
-313
-271
-222
-142
-75
-315
-234
-209
-360
-387
-465
-282
-274
-355
-273
-242
-44
-90
-116
1
-45
26
33
208
402
427
505
473
526
594
508
640
737
729
745
666
710
716
667
671
659
675
601
467
445
449
414
408
372
269
251
293
256
212
201
166
130
117
91
43
96
102
14
9
-19
-35
-58
-33
-21
-96
-108
-185
-237
-188
-175
-164
-269
-254
-146
-254
-330
-371
-281
-247
-378
-301
-211
-281
-313
-351
-393
-363
-357
-341
-373
-338
-308
-422
-410
-372
-390
-309
-270
-318
-260
-280
-261
-233
-287
-241
-212
-261
-314
-256
-40
19
-60
21
5
63
35
-44
-84
-246
-279
-238
-143
-137
-255
-263
-275
-392
-496
-569
-388
-274
-354
-361
-373
-207
-168
-244
-132
-24
12
5
132
382
532
552
504
535
603
615
710
857
926
872
774
785
855
924
910
872
879
779
633
597
615
646
581
408
363
358
310
285
257
241
254
144
101
162
129
98
57
-13
-16
-2
-55
-69
24
11
-176
-223
-179
-146
-137
-187
-166
-141
-244
-345
-340
-265
-305
-339
-313
-349
-313
-344
-424
-379
-412
-468
-452
-416
-324
-331
-402
-461
-556
-490
-406
-383
-310
-346
-300
-302
-384
-300
-264
-246
-221
-297
-177
-51
-34
20
11
-30
-284
-634
-682
-489
-247
-285
-518
-563
-601
-718
-834
-792
-546
-487
-675
-754
-659
-457
-333
-293
-237
-217
-170
-44
221
524
621
606
652
688
808
983
1190
1327
1275
1150
1103
1196
1312
1372
1390
1336
1208
1047
912
918
907
818
720
576
450
359
271
248
195
90
58
70
113
90
19
-65
-165
-178
-132
-73
23
47
-30
-174
-265
-268
-221
-112
-12
-86
-196
-180
-137
-137
-163
-252
-306
-215
-205
-234
-238
-259
-362
-514
-540
-476
-452
-470
-581
-586
-559
-612
-556
-561
-481
-397
-461
-448
-454
-366
-301
-423
-406
-334
-156
3
-70
-69
-249
-714
-906
-794
-393
-172
-440
-685
-826
-940
-1091
-1108
-747
-479
-604
-903
-1011
-746
-502
-433
-345
-192
-59
-91
-13
281
593
718
633
648
804
1036
1224
1337
1379
1344
1216
1169
1301
1539
1675
1610
1384
1173
1071
1007
1018
1071
1061
866
622
434
394
416
386
352
325
232
105
47
35
-2
-112
-235
-242
-122
-29
-37
-115
-202
-290
-323
-256
-157
-62
-27
-83
-153
-226
-202
-145
-163
-166
-185
-210
-220
-261
-277
-323
-411
-523
-636
-512
-336
-335
-430
-571
-650
-667
-647
-509
-294
-233
-354
-472
-477
-371
-224
-159
-214
-568
-968
-1020
-763
-494
-614
-928
-1025
-1047
-1180
-1296
-1113
-762
-809
-1195
-1369
-1132
-741
-585
-502
-326
-261
-299
-282
7
421
634
680
732
863
1029
1105
1286
1455
1511
1508
1473
1577
1664
1647
1584
1514
1447
1381
1317
1276
1166
996
755
601
566
543
520
426
312
199
69
25
43
38
-8
-122
-179
-194
-180
-156
-126
-95
-137
-208
-224
-163
-83
-44
-46
-63
-77
-58
-49
3
57
2
-78
-130
-124
-117
-163
-145
-156
-250
-394
-590
-588
-444
-360
-355
-502
-597
-592
-640
-641
-553
-364
-271
-434
-528
-565
-863
-1158
-1134
-793
-507
-740
-1163
-1279
-1190
-1211
-1317
-1122
-753
-781
-1128
-1307
-1085
-734
-590
-567
-415
-190
-86
-29
135
322
477
598
723
878
1089
1250
1294
1258
1239
1370
1509
1607
1594
1586
1516
1387
1278
1249
1285
1236
1080
901
772
683
603
492
455
369
265
166
104
130
134
48
-73
-162
-184
-188
-184
-140
-88
-32
-100
-214
-221
-131
-69
-44
1
58
42
-22
-83
-66
17
38
49
57
41
5
-97
-201
-232
-204
-141
-175
-272
-354
-454
-549
-632
-713
-622
-411
-335
-476
-681
-736
-758
-997
-1222
-1173
-890
-745
-1015
-1318
-1359
-1281
-1260
-1268
-1134
-930
-943
-1080
-1132
-991
-757
-591
-460
-364
-298
-167
68
288
393
462
605
745
879
1030
1222
1389
1335
1219
1229
1397
1535
1526
1492
1437
1347
1223
1140
1179
1194
1041
850
722
676
605
482
378
316
280
217
156
171
165
50
-83
-150
-105
-24
1
-14
-44
-53
-82
-117
-77
-22
-9
14
29
58
76
53
16
24
32
37
53
77
68
-42
-136
-208
-232
-209
-206
-261
-320
-390
-473
-523
-558
-626
-685
-711
-701
-621
-577
-635
-740
-973
-1215
-1247
-1112
-884
-842
-1047
-1221
-1355
-1333
-1257
-1117
-898
-835
-952
-1065
-1062
-877
-589
-442
-335
-274
-185
-47
68
195
413
604
778
836
907
1094
1240
1274
1172
1212
1353
1507
1450
1353
1341
1311
1259
1140
1138
1163
1026
842
715
681
706
574
424
289
194
167
149
167
176
134
33
-70
-100
-3
71
106
98
74
95
92
58
44
94
184
237
214
170
172
160
118
126
177
221
152
26
-1
8
9
-100
-224
-216
-230
-311
-411
-458
-442
-519
-630
-651
-598
-663
-841
-842
-658
-544
-709
-940
-1076
-1194
-1230
-1187
-1018
-900
-1090
-1383
-1500
-1408
-1234
-1125
-1054
-1045
-1191
-1227
-1102
-916
-693
-555
-431
-345
-349
-217
-2
256
390
459
688
915
1067
1085
1134
1249
1319
1365
1428
1553
1608
1495
1371
1316
1372
1412
1298
1158
1024
923
836
742
699
641
508
336
200
185
217
169
100
31
-15
-42
-84
-75
-14
49
79
63
86
85
74
85
114
219
299
327
307
249
233
249
311
403
399
329
216
103
61
90
127
72
-57
-184
-263
-319
-397
-442
-486
-539
-614
-703
-771
-780
-714
-684
-787
-976
-1010
-743
-566
-799
-1297
-1462
-1201
-1013
-1060
-1169
-1153
-1168
-1412
-1590
-1339
-959
-900
-1192
-1369
-1208
-940
-757
-625
-583
-499
-385
-285
-120
21
316
582
661
635
729
1088
1290
1214
1111
1304
1607
1614
1393
1318
1409
1461
1352
1340
1483
1401
1076
696
663
854
922
759
570
430
327
183
97
191
290
263
78
-85
-78
26
57
32
45
133
189
124
41
70
173
246
268
283
349
346
262
233
287
420
456
336
208
154
177
171
99
78
68
-42
-241
-377
-316
-231
-325
-525
-615
-574
-617
-759
-805
-698
-612
-727
-900
-877
-807
-818
-943
-1051
-1014
-953
-1044
-1234
-1391
-1340
-1179
-1104
-1095
-1233
-1303
-1313
-1358
-1259
-1004
-780
-732
-870
-879
-678
-430
-225
-110
62
218
302
384
526
782
1003
1128
1181
1235
1256
1265
1326
1462
1529
1479
1373
1317
1334
1291
1227
1142
1083
1003
878
727
613
553
562
515
393
279
231
201
109
51
57
107
111
20
-22
15
62
94
93
144
190
198
155
144
226
298
295
278
312
349
349
293
256
265
269
209
125
115
98
37
-43
-158
-217
-261
-282
-331
-429
-484
-537
-653
-739
-709
-658
-596
-681
-793
-773
-754
-725
-767
-847
-864
-966
-1017
-1093
-1254
-1318
-1320
-1205
-1079
-1123
-1323
-1428
-1407
-1326
-1214
-1098
-989
-966
-965
-925
-764
-518
-298
-155
-85
40
210
420
598
654
870
1181
1356
1340
1166
1281
1535
1638
1543
1483
1572
1558
1376
1255
1352
1431
1313
1015
796
736
751
711
657
561
434
306
154
65
111
200
206
124
-23
-74
-92
-49
20
120
248
213
75
-14
43
188
273
284
308
340
318
225
203
299
401
396
292
178
102
65
27
34
57
-39
-211
-345
-406
-411
-442
-519
-578
-624
-664
-768
-835
-758
-732
-744
-821
-874
-857
-859
-891
-1037
-1165
-1164
-1122
-1131
-1240
-1362
-1439
-1520
-1453
-1258
-1117
-1203
-1523
-1608
-1326
-976
-835
-928
-902
-667
-558
-447
-224
91
381
388
421
617
893
1179
1294
1357
1428
1507
1616
1610
1614
1680
1746
1704
1542
1494
1521
1469
1338
1146
1095
1080
896
695
557
575
582
444
297
211
167
96
-27
-7
101
89
-43
-163
-123
-16
62
54
47
87
62
22
38
148
294
315
251
224
240
319
321
288
320
318
254
130
25
57
68
1
-103
-211
-266
-379
-482
-492
-503
-531
-684
-825
-790
-743
-722
-830
-934
-861
-777
-762
-914
-1178
-1236
-1240
-1303
-1320
-1316
-1187
-1287
-1625
-1767
-1631
-1286
-1140
-1352
-1489
-1447
-1263
-1061
-947
-717
-555
-463
-431
-306
49
409
640
638
706
1005
1282
1399
1432
1536
1790
1838
1703
1668
1750
1880
1827
1713
1721
1682
1487
1255
1102
1142
1177
1048
788
561
440
354
306
245
259
233
59
-148
-277
-204
-46
-48
-93
-130
-136
-134
-204
-133
61
194
143
18
24
148
231
213
273
398
430
331
192
218
307
296
235
190
154
93
-83
-235
-215
-189
-206
-369
-562
-612
-666
-740
-743
-740
-683
-713
-882
-936
-920
-901
-910
-1102
-1258
-1377
-1553
-1481
-1376
-1336
-1429
-1742
-1835
-1679
-1521
-1434
-1463
-1509
-1455
-1441
-1310
-1014
-683
-465
-503
-564
-379
64
452
667
776
892
1069
1291
1381
1631
1839
1903
1920
1808
1893
2011
1971
1886
1842
1826
1853
1605
1340
1252
1184
1126
987
795
698
523
252
122
134
232
206
-26
-237
-306
-339
-332
-282
-217
-103
-154
-305
-313
-229
-62
38
42
104
177
164
157
217
354
523
528
448
439
407
366
358
373
416
343
106
-33
-60
-108
-133
-272
-384
-420
-571
-676
-759
-834
-779
-778
-833
-880
-972
-980
-972
-1079
-1339
-1582
-1688
-1553
-1375
-1380
-1582
-1855
-1993
-1891
-1668
-1526
-1490
-1694
-1850
-1716
-1423
-1073
-897
-901
-796
-623
-401
-112
156
489
685
746
918
1234
1610
1804
1779
1727
1912
2164
2253
2140
2023
2036
2134
2080
1954
1857
1659
1432
1212
1127
1195
1108
787
436
172
183
228
152
13
-115
-224
-341
-470
-477
-340
-271
-327
-338
-272
-178
-165
-230
-109
91
219
239
207
259
364
399
473
618
707
642
460
365
451
578
556
472
322
161
39
-67
-55
-75
-160
-304
-529
-676
-743
-723
-720
-787
-839
-867
-887
-1077
-1207
-1271
-1394
-1600
-1847
-1807
-1598
-1581
-1837
-2173
-2268
-2047
-1819
-1737
-1779
-1935
-1980
-1933
-1720
-1304
-904
-689
-771
-875
-626
-112
406
618
728
966
1203
1475
1548
1785
2087
2161
2189
2156
2318
2447
2254
2093
2098
2228
2274
1964
1571
1328
1209
1175
1074
952
757
400
31
-162
-60
112
47
-277
-602
-677
-603
-546
-461
-419
-340
-361
-491
-420
-226
-11
85
103
236
360
398
353
406
635
833
874
798
742
703
625
608
678
794
771
488
215
80
95
123
0
-129
-272
-458
-619
-788
-813
-742
-779
-909
-1024
-1110
-1086
-1190
-1414
-1634
-1887
-2039
-2049
-1901
-1753
-1887
-2307
-2542
-2380
-1985
-1775
-1983
-2183
-2053
-1776
-1541
-1387
-1144
-752
-544
-555
-490
-89
514
877
906
985
1392
1777
1956
1917
2060
2373
2451
2340
2277
2400
2475
2324
2069
2023
2097
1982
1560
1147
998
1039
938
677
406
181
-34
-259
-355
-267
-204
-367
-651
-825
-722
-564
-541
-525
-412
-299
-237
-263
-173
52
216
298
341
497
690
727
666
713
905
1080
1081
969
888
844
747
715
789
802
665
321
93
76
53
-18
-227
-376
-474
-677
-821
-914
-872
-797
-872
-1062
-1252
-1317
-1496
-1900
-2316
-2396
-1980
-1640
-1895
-2461
-2855
-2760
-2372
-2177
-1993
-1896
-2059
-2289
-2459
-1989
-1105
-590
-579
-854
-830
-338
171
573
894
1260
1555
1594
1629
1921
2422
2652
2536
2373
2416
2629
2631
2405
2297
2245
2130
1943
1676
1547
1362
982
590
380
433
428
91
-355
-606
-630
-589
-605
-618
-658
-802
-1056
-1114
-820
-454
-264
-325
-361
-230
-84
57
217
469
709
783
778
855
1004
1104
1120
1151
1286
1365
1273
1059
910
883
894
846
733
585
328
26
-149
-221
-219
-314
-563
-762
-967
-1000
-1032
-1088
-956
-968
-1047
-1288
-1831
-2112
-2221
-2300
-2060
-1983
-2006
-2222
-2770
-2900
-2626
-2274
-1937
-1961
-2155
-2182
-2245
-1987
-1401
-872
-548
-497
-528
-331
88
475
995
1394
1612
1808
1885
2065
2423
2557
2620
2649
2536
2626
2594
2432
2352
2212
2062
1942
1592
1313
1163
826
550
352
178
38
-291
-645
-721
-765
-786
-821
-965
-1009
-1002
-1035
-917
-750
-637
-494
-390
-224
47
208
290
397
515
767
1000
1133
1289
1355
1335
1343
1344
1441
1556
1476
1302
1131
998
909
769
622
507
332
88
-127
-345
-507
-601
-802
-947
-1017
-1052
-1066
-1187
-1303
-1316
-1271
-1181
-1117
-1262
-1664
-2294
-2862
-2657
-1929
-1534
-1771
-2493
-2869
-2644
-2410
-2124
-1766
-1584
-1617
-2060
-2207
-1553
-743
-206
-172
-408
-237
148
523
911
1271
1690
1929
1917
1876
2240
2730
2760
2479
2194
2315
2543
2343
2160
2075
1928
1725
1311
1111
1152
896
510
155
-95
-129
-236
-461
-590
-750
-899
-958
-997
-866
-675
-725
-866
-887
-682
-283
-86
-9
177
321
422
480
611
955
1156
1134
1150
1279
1425
1438
1363
1348
1417
1354
1175
1073
989
894
687
439
339
230
21
-210
-420
-550
-655
-822
-983
-1041
-1103
-1161
-1216
-1278
-1177
-1076
-1065
-1056
-1192
-1465
-1997
-2727
-2736
-1964
-1255
-1288
-2197
-2825
-2631
-2307
-2124
-1934
-1553
-1302
-1792
-2347
-1990
-972
-190
-224
-531
-440
12
324
539
972
1475
1743
1634
1550
1967
2598
2797
2499
2009
2013
2342
2375
2202
2118
2229
2105
1448
869
950
1252
1126
565
173
129
0
-413
-616
-380
-269
-558
-931
-927
-604
-583
-891
-1003
-808
-501
-328
-225
35
219
133
-20
65
474
922
1099
1086
1101
1133
1129
1114
1173
1370
1460
1280
1066
950
875
714
450
290
289
242
20
-306
-521
-584
-751
-1024
-1104
-997
-963
-1086
-1227
-1211
-1145
-1148
-1169
-1076
-901
-860
-1132
-1685
-2096
-2007
-1539
-1193
-1310
-1628
-1748
-1679
-1586
-1608
-1652
-1518
-1402
-1467
-1445
-1104
-559
-268
-495
-778
-708
-328
151
549
932
1193
1179
1002
949
1231
1685
2019
2077
1943
1852
1797
1727
1674
1694
1798
1791
1571
1327
1185
1099
920
627
449
447
442
365
234
91
-51
-229
-294
-192
-58
-45
-191
-367
-401
-291
-133
-8
58
77
47
37
38
87
170
172
124
128
198
248
230
201
170
20
-178
-168
44
238
231
19
-196
-276
-250
-204
-234
-247
-138
-133
-305
-478
-583
-542
-464
-445
-376
-326
-333
-397
-562
-640
-578
-512
-419
-320
-245
-223
-351
-505
-561
-541
-437
-353
-354
-398
-472
-492
-469
-471
-457
-442
-452
-453
-443
-431
-383
-359
-344
-342
-335
-280
-244
-190
-137
-126
-116
-70
26
135
228
285
292
294
276
286
356
434
535
592
589
558
510
504
513
507
497
504
540
583
566
516
482
445
430
475
534
582
580
499
409
368
418
512
564
573
524
414
337
335
362
424
454
412
364
307
257
235
198
191
189
143
84
22
-13
-33
-68
-101
-132
-186
-249
-306
-342
-338
-320
-345
-408
-461
-482
-461
-430
-410
-406
-436
-486
-499
-468
-397
-340
-349
-390
-461
-497
-503
-489
-458
-440
-438
-480
-528
-590
-663
-707
-726
-709
-665
-642
-654
-698
-714
-679
-617
-539
-474
-435
-405
-378
-332
-232
-88
41
114
142
152
171
230
302
385
470
504
518
522
531
558
569
579
593
602
613
612
600
596
615
654
687
700
680
624
561
550
595
658
698
680
619
550
509
499
501
498
471
410
335
287
262
269
280
271
234
162
93
39
18
29
21
-2
-48
-129
-183
-206
-219
-227
-246
-283
-355
-424
-456
-448
-415
-381
-381
-421
-494
-570
-580
-529
-446
-363
-328
-342
-381
-405
-381
-324
-259
-217
-212
-229
-261
-297
-300
-265
-227
-207
-239
-303
-364
-431
-477
-486
-441
-356
-303
-314
-371
-431
-457
-444
-390
-311
-230
-194
-196
-173
-116
-24
54
86
108
126
155
189
227
267
287
293
301
329
356
349
321
304
311
342
359
373
407
454
496
494
469
453
445
446
468
510
566
606
596
558
524
491
459
442
457
478
461
404
343
308
284
255
232
208
165
88
-2
-50
-66
-68
-73
-105
-147
-194
-262
-320
-351
-348
-322
-330
-366
-410
-444
-440
-420
-403
-388
-383
-384
-381
-381
-361
-310
-254
-205
-167
-155
-149
-145
-129
-83
-40
-25
-37
-39
-31
-9
16
20
6
-19
-56
-102
-136
-159
-178
-209
-252
-305
-338
-329
-310
-310
-323
-324
-324
-340
-357
-343
-281
-194
-109
-40
5
4
-31
-63
-62
-15
58
121
155
167
165
137
103
119
179
223
227
208
214
233
255
292
336
382
403
388
371
376
419
462
484
502
515
513
491
472
464
456
424
392
366
335
293
257
235
216
192
147
88
28
-19
-57
-96
-130
-143
-152
-182
-224
-296
-451
-501
-320
-100
-122
-408
-501
-302
-143
-200
-364
-339
-231
-265
-350
-418
-492
-466
-242
82
185
-57
-211
-85
79
129
144
270
298
164
111
229
337
210
51
49
100
112
72
168
289
196
-74
-351
-460
-510
-598
-643
-555
-403
-348
-481
-697
-823
-834
-726
-624
-555
-483
-435
-352
-245
-54
132
153
43
-97
-53
181
450
644
689
640
545
445
382
442
573
524
375
368
529
674
614
516
502
360
158
173
354
553
532
316
209
139
156
165
-113
-314
-240
-105
38
-11
-123
3
10
-155
-180
-94
89
190
64
-27
-47
-97
-99
-63
-106
-227
-271
-171
21
9
-143
10
126
19
31
1
5
117
107
149
179
162
192
94
66
154
156
168
247
319
312
236
203
346
364
169
126
27
-243
-558
-821
-770
-635
-692
-803
-954
-1039
-1046
-1122
-1232
-1297
-1260
-1264
-1289
-1158
-931
-661
-561
-626
-596
-526
-315
-55
137
398
574
748
909
1000
1123
1108
1065
1023
970
1095
1224
1288
1286
1107
964
839
658
534
449
407
311
195
187
149
45
-117
-278
-316
-299
-330
-413
-413
-363
-384
-411
-442
-410
-330
-332
-329
-245
-98
-11
-24
-25
17
112
168
171
192
239
294
283
336
358
273
264
233
228
280
293
351
335
243
221
272
323
246
153
216
275
249
254
267
329
280
112
116
212
304
283
171
160
198
195
138
129
113
-88
-508
-1107
-1604
-1857
-1837
-1681
-1711
-1862
-2029
-2039
-1986
-2117
-2223
-2240
-2084
-1847
-1668
-1278
-717
-184
88
104
226
506
849
1132
1405
1868
2314
2573
2673
2597
2476
2341
2096
1865
1690
1581
1517
1365
1173
876
510
117
-367
-729
-947
-1049
-1019
-1016
-1032
-1097
-1173
-1276
-1382
-1364
-1265
-1052
-774
-526
-350
-226
-60
112
291
452
638
875
1050
1183
1265
1287
1236
1062
918
869
824
758
681
645
590
439
264
148
59
-55
-116
-56
34
70
43
24
16
-39
-113
-139
-85
-1
62
156
300
407
391
308
241
209
246
243
180
148
43
-203
-751
-1710
-2593
-3061
-3073
-2833
-2875
-3043
-3037
-2884
-2666
-2782
-3048
-3043
-2840
-2444
-1986
-1346
-373
501
1034
1243
1411
1694
1923
2164
2498
3044
3665
4007
4097
3993
3743
3378
2798
2180
1647
1200
921
623
362
196
-125
-604
-1281
-1963
-2385
-2604
-2541
-2307
-2006
-1707
-1566
-1473
-1384
-1272
-1090
-847
-530
-131
373
918
1467
1878
2116
2275
2312
2277
2178
2072
2041
1961
1826
1664
1451
1171
800
456
203
-13
-246
-506
-650
-668
-650
-586
-527
-489
-517
-656
-673
-557
-399
-186
-7
241
491
586
648
643
630
654
622
653
673
569
433
109
-424
-1285
-2554
-3544
-4059
-4054
-3816
-4037
-4151
-3968
-3647
-3296
-3479
-3655
-3528
-3252
-2742
-2182
-1219
38
1193
2117
2556
2786
2865
2856
3052
3298
3686
4146
4490
4766
4674
4314
3747
2854
1923
900
60
-440
-840
-931
-960
-1080
-1361
-1994
-2585
-3038
-3253
-3243
-3089
-2651
-2143
-1547
-960
-402
202
602
875
1001
1188
1570
1926
2402
2839
3213
3508
3424
3131
2650
2113
1698
1244
882
573
323
200
77
-17
-181
-428
-742
-1120
-1331
-1384
-1261
-965
-663
-316
-57
90
237
311
410
481
522
666
811
942
1068
1124
1160
1102
826
465
7
-663
-1589
-2800
-3851
-4449
-4683
-4689
-4835
-4974
-4812
-4455
-3990
-3735
-3662
-3471
-3126
-2592
-2011
-1261
-145
1126
2326
3118
3535
3797
3914
4051
4094
4094
4194
4248
4304
4205
3948
3592
2962
2149
1079
-111
-1117
-1922
-2339
-2475
-2521
-2538
-2649
-2730
-2812
-2852
-2822
-2763
-2556
-2262
-1730
-951
-37
982
1788
2446
2877
2996
2979
2777
2676
2663
2685
2775
2746
2706
2564
2285
1853
1158
384
-342
-874
-1184
-1329
-1220
-1007
-756
-561
-565
-601
-661
-714
-657
-548
-299
57
439
926
1371
1718
1905
1844
1641
1320
934
639
501
451
394
256
50
-197
-689
-1733
-3263
-4694
-5583
-5898
-6004
-6263
-6188
-5474
-4386
-3383
-2938
-2664
-2245
-1832
-1533
-1402
-923
189
1642
3047
4022
4680
5190
5422
5305
4784
4101
3589
3242
2966
2629
2393
2294
2072
1525
467
-785
-1956
-2988
-3646
-4041
-4149
-3966
-3604
-2970
-2310
-1707
-1239
-994
-796
-694
-514
-112
575
1545
2533
3403
3960
4180
4113
3768
3298
2672
2031
1509
1101
928
873
863
807
525
72
-494
-1083
-1575
-1927
-2006
-1813
-1420
-919
-426
56
451
756
962
1016
999
920
918
1131
1421
1722
1935
1970
1910
1666
1227
769
243
-268
-686
-1115
-1359
-1520
-1906
-2720
-3990
-5125
-5744
-5833
-5864
-6225
-6175
-5388
-4111
-2857
-2195
-1588
-799
-125
201
195
543
1424
2547
3519
4017
4387
4818
5174
5258
4774
3947
3119
2379
1653
880
364
160
1
-416
-1212
-1957
-2509
-2976
-3308
-3635
-3772
-3664
-3345
-2694
-1854
-880
40
789
1309
1535
1702
1903
2252
2650
2888
3065
3179
3275
3305
3141
2807
2228
1549
840
135
-321
-599
-686
-692
-845
-1022
-1116
-1100
-1052
-1047
-1007
-883
-635
-341
-26
420
910
1407
1788
1958
2007
1923
1859
1821
1691
1520
1238
947
755
477
180
-120
-481
-739
-1123
-1551
-1826
-2392
-3353
-4565
-5572
-5828
-5632
-5571
-5771
-5594
-4664
-3376
-2256
-1581
-889
-53
519
758
810
1202
2038
2870
3445
3656
3828
4277
4719
4767
4229
3330
2511
1744
851
-61
-719
-999
-1226
-1670
-2225
-2540
-2533
-2494
-2551
-2714
-2830
-2771
-2544
-2012
-1266
-399
519
1322
2022
2506
2844
3137
3299
3288
3013
2696
2514
2387
2273
2019
1673
1322
950
515
13
-390
-721
-1004
-1263
-1566
-1674
-1511
-1189
-832
-576
-335
-19
338
669
879
1028
1222
1454
1636
1720
1799
1875
1927
1858
1605
1298
970
637
245
-217
-635
-1006
-1262
-1436
-1643
-1829
-1981
-2122
-2650
-3597
-4494
-5051
-4992
-4904
-5203
-5262
-4684
-3454
-2121
-1209
-448
398
1135
1505
1516
1575
1986
2485
2720
2694
2699
3048
3661
4027
3810
3185
2480
1859
1147
185
-694
-1307
-1757
-2233
-2802
-2973
-2632
-2124
-1791
-1757
-1716
-1519
-1202
-892
-620
-259
201
767
1315
1821
2373
2884
3275
3375
3155
2831
2509
2208
1782
1223
710
334
159
21
-161
-282
-354
-410
-557
-786
-972
-1015
-918
-817
-701
-463
-44
497
937
1199
1352
1476
1643
1696
1580
1431
1269
1111
937
717
551
465
333
111
-213
-510
-716
-938
-1148
-1456
-1746
-1864
-1873
-1990
-2657
-3533
-4066
-4092
-3862
-4134
-4680
-4618
-3804
-2615
-1732
-1183
-401
523
1180
1351
1340
1665
2231
2558
2403
2093
2175
2678
3178
3172
2694
2299
2080
1804
1137
225
-393
-808
-1338
-2141
-2789
-2757
-2297
-1940
-1897
-1804
-1302
-656
-212
-63
10
290
637
904
1094
1367
1827
2249
2479
2511
2520
2629
2598
2252
1632
1036
648
352
52
-303
-519
-524
-459
-413
-417
-366
-265
-233
-297
-393
-370
-176
106
367
546
740
1000
1267
1478
1512
1453
1353
1146
873
560
317
173
0
-219
-423
-525
-559
-661
-824
-1002
-1180
-1267
-1265
-1367
-1919
-2936
-3762
-4019
-3890
-4006
-4593
-4707
-3937
-2749
-1774
-1255
-526
487
1141
1202
1014
1250
1831
2102
1860
1557
1804
2448
2942
2973
2640
2411
2324
1989
1240
322
-292
-646
-1223
-2032
-2629
-2562
-2060
-1827
-1884
-1754
-1165
-447
-137
-137
-8
358
684
767
817
1147
1680
2013
2053
2091
2307
2606
2607
2199
1686
1270
918
466
-36
-361
-479
-491
-530
-524
-369
-180
-77
-149
-245
-201
-92
26
104
252
494
733
976
1175
1379
1537
1499
1336
1114
891
684
413
98
-192
-412
-571
-655
-706
-836
-916
-969
-1079
-1145
-1230
-1231
-1264
-1930
-2933
-3521
-3600
-3400
-3747
-4487
-4330
-3370
-2307
-1663
-1241
-242
804
1089
900
1000
1616
2038
1779
1261
1287
1880
2357
2512
2437
2379
2391
2215
1779
1130
496
36
-543
-1423
-2215
-2484
-2162
-1891
-2050
-2057
-1520
-699
-221
-197
-51
386
689
618
565
852
1295
1505
1416
1522
1963
2388
2495
2246
1984
1798
1510
1049
467
70
-148
-407
-666
-756
-535
-202
-121
-233
-218
-11
147
104
-21
31
273
416
478
651
945
1280
1349
1161
1090
1107
1020
716
274
11
-117
-356
-631
-808
-775
-661
-784
-943
-972
-901
-789
-778
-983
-1733
-2637
-3095
-3168
-3176
-3800
-4485
-4180
-3289
-2425
-1896
-1258
-99
756
860
820
1263
1852
1852
1375
1053
1248
1686
1914
2039
2179
2228
2246
2139
1860
1425
900
395
-354
-1270
-1953
-2161
-2051
-2227
-2473
-2184
-1461
-785
-494
-240
221
603
636
511
706
976
989
887
917
1359
1855
2068
2134
2168
2192
2034
1688
1260
828
443
-56
-531
-726
-647
-451
-401
-448
-346
-58
178
200
139
148
231
280
248
295
526
769
859
847
927
1172
1277
1031
681
432
323
118
-320
-612
-659
-661
-786
-1015
-937
-685
-628
-669
-760
-650
-911
-2020
-2839
-3023
-2970
-3365
-4418
-4549
-3606
-2717
-2216
-1777
-637
502
798
812
1152
1825
1962
1484
1228
1315
1575
1753
1830
2018
2131
2155
2160
1978
1625
1166
698
48
-943
-1706
-2055
-2193
-2407
-2730
-2486
-1778
-1167
-792
-418
141
544
690
687
842
1038
882
743
801
1131
1572
1798
1967
2080
2189
2166
1900
1585
1137
650
111
-457
-710
-714
-689
-716
-694
-477
-159
89
180
210
298
315
291
329
387
514
586
568
657
840
1055
1119
946
737
586
452
185
-146
-370
-549
-702
-859
-934
-780
-610
-573
-577
-509
-371
-290
-421
-1177
-2115
-2463
-2586
-2796
-3548
-4295
-3812
-3009
-2587
-2188
-1419
-199
426
337
548
1321
1811
1435
990
1044
1314
1421
1405
1682
2060
2088
1999
2075
2117
1886
1332
693
-34
-851
-1403
-1787
-2070
-2411
-2618
-2210
-1681
-1246
-791
-278
221
386
460
653
868
778
486
543
783
1058
1324
1586
1910
2097
2175
2191
2124
1829
1279
770
283
-148
-406
-598
-682
-689
-645
-464
-188
52
151
173
142
112
170
173
123
139
187
307
481
616
787
892
839
739
616
506
342
85
-191
-446
-607
-720
-726
-622
-593
-547
-484
-376
-265
-280
-282
-475
-1255
-2194
-2577
-2600
-2842
-3664
-4311
-3790
-2914
-2414
-1994
-1197
-94
545
662
952
1637
1974
1613
1197
1131
1348
1493
1488
1553
1696
1852
1916
1969
1877
1580
1145
501
-274
-1015
-1446
-1815
-2253
-2670
-2761
-2211
-1622
-1208
-749
-161
382
628
748
884
1060
980
719
737
945
1227
1458
1644
1896
2124
2252
2193
1982
1646
1183
704
168
-324
-587
-740
-886
-954
-872
-626
-314
-103
19
153
233
227
227
217
214
247
259
315
473
667
838
899
860
836
781
611
309
18
-177
-385
-606
-802
-837
-726
-687
-678
-564
-379
-253
-301
-378
-433
-937
-1844
-2347
-2413
-2572
-3308
-4167
-3817
-2843
-2357
-2134
-1536
-285
570
586
759
1479
2009
1659
1074
1041
1332
1412
1228
1239
1464
1589
1626
1702
1727
1535
1185
746
131
-631
-1154
-1499
-1939
-2420
-2680
-2235
-1642
-1367
-1031
-421
308
650
687
854
1186
1221
885
795
1043
1345
1449
1468
1696
1973
2090
1996
1833
1651
1289
829
328
-136
-411
-628
-858
-990
-934
-694
-421
-243
-138
16
174
231
254
250
240
268
273
329
481
659
828
891
851
825
808
697
451
157
-82
-314
-583
-789
-871
-824
-803
-860
-774
-598
-462
-433
-487
-443
-611
-1359
-2091
-2245
-2329
-2853
-3628
-3710
-2869
-2283
-2198
-1672
-400
643
737
706
1303
1949
1714
1025
898
1120
1007
665
673
1022
1192
1149
1262
1495
1464
1201
921
533
-107
-746
-1085
-1423
-1915
-2286
-2133
-1607
-1293
-1039
-453
291
692
753
894
1249
1413
1114
830
875
1035
1078
1086
1264
1524
1704
1696
1596
1531
1371
1035
536
31
-301
-480
-666
-855
-850
-672
-479
-317
-134
109
306
335
302
343
400
404
368
340
400
501
593
714
782
740
657
545
392
191
-35
-241
-471
-728
-878
-889
-874
-876
-863
-718
-569
-567
-539
-439
-397
-721
-1410
-1964
-2162
-2248
-2553
-2922
-2950
-2533
-1887
-1304
-716
-47
498
764
850
1017
1236
1195
818
440
332
437
526
568
714
913
1051
1118
1198
1283
1192
823
286
-221
-619
-934
-1235
-1519
-1634
-1509
-1205
-778
-345
108
504
732
869
966
1069
1043
826
593
523
633
761
888
1066
1258
1395
1424
1403
1343
1176
850
426
66
-178
-347
-465
-522
-498
-391
-235
-54
145
300
362
360
354
374
377
324
263
248
256
299
400
474
494
460
371
286
168
6
-158
-354
-545
-692
-752
-722
-714
-704
-650
-552
-454
-418
-338
-329
-504
-786
-1114
-1282
-1403
-1668
-1953
-2092
-1969
-1735
-1552
-1362
-1053
-678
-443
-319
-150
81
208
145
80
178
365
458
511
636
811
962
1056
1144
1206
1190
1053
840
607
352
131
-120
-404
-634
-717
-653
-590
-527
-444
-265
-60
7
90
227
347
381
347
421
615
801
907
1000
1144
1289
1362
1339
1266
1172
1031
834
625
469
336
191
72
7
24
66
81
89
90
77
52
45
32
14
-9
-27
-8
27
88
165
225
266
298
322
307
225
110
10
-88
-233
-380
-449
-462
-485
-542
-558
-502
-425
-419
-456
-437
-406
-424
-561
-796
-989
-1163
-1385
-1665
-1954
-2102
-2118
-2127
-2117
-1947
-1610
-1266
-1002
-734
-360
16
234
349
507
681
749
743
787
878
964
1031
1095
1172
1239
1265
1234
1142
963
751
509
186
-121
-360
-555
-710
-822
-818
-716
-592
-435
-221
11
226
424
591
737
855
950
1028
1061
1100
1141
1153
1158
1135
1105
1071
982
859
728
601
478
345
199
77
11
-47
-95
-137
-158
-143
-143
-160
-146
-96
-69
-69
-33
41
107
144
179
224
240
236
202
152
110
42
-75
-210
-308
-368
-421
-518
-580
-572
-557
-552
-595
-612
-588
-596
-678
-882
-1040
-1110
-1245
-1514
-1826
-1929
-1873
-1881
-1945
-1844
-1503
-1175
-944
-674
-280
100
285
391
550
694
738
742
739
769
810
840
904
950
998
1036
1026
936
779
667
530
276
-29
-271
-357
-415
-518
-584
-516
-319
-166
-35
152
393
588
650
724
839
927
920
869
889
944
970
940
926
965
963
869
764
694
624
508
354
221
160
120
39
-42
-83
-79
-78
-98
-99
-77
-79
-126
-155
-124
-57
-19
-10
9
49
81
82
64
28
-24
-77
-161
-262
-344
-389
-427
-499
-564
-583
-558
-547
-567
-566
-554
-630
-784
-897
-962
-1068
-1308
-1560
-1647
-1654
-1686
-1711
-1586
-1347
-1141
-924
-637
-286
-20
130
262
399
496
510
539
579
589
598
636
715
764
778
811
840
790
673
571
483
357
179
33
-35
-88
-145
-183
-131
-32
51
137
240
397
518
568
627
714
800
796
763
785
843
866
838
845
860
829
753
669
620
563
471
360
258
187
140
107
70
40
19
-23
-73
-114
-144
-166
-200
-206
-189
-176
-139
-92
-60
-57
-73
-64
-64
-112
-183
-247
-300
-365
-417
-438
-442
-455
-487
-521
-531
-530
-525
-561
-665
-769
-845
-929
-1051
-1203
-1326
-1386
-1390
-1378
-1326
-1196
-1035
-863
-674
-478
-286
-100
53
132
177
227
302
358
365
387
436
488
539
590
643
674
675
657
638
611
566
502
403
308
230
186
153
134
151
191
249
310
375
442
502
538
558
598
633
644
645
636
633
632
634
636
631
613
585
550
510
455
399
345
294
238
174
122
79
43
-1
-60
-102
-125
-152
-199
-230
-223
-207
-214
-222
-225
-229
-234
-249
-266
-287
-304
-330
-375
-423
-454
-457
-463
-493
-524
-517
-501
-510
-564
-624
-650
-676
-751
-856
-916
-937
-962
-986
-981
-934
-865
-779
-679
-562
-427
-294
-178
-93
-21
55
120
176
216
248
298
345
376
404
439
468
494
516
522
531
526
506
492
471
431
399
389
380
374
362
369
399
424
455
490
510
518
516
522
517
509
512
508
480
449
452
460
451
424
399
395
377
342
314
288
239
179
128
96
66
15
-44
-80
-94
-114
-141
-174
-197
-206
-221
-246
-266
-280
-302
-336
-372
-394
-397
-409
-441
-471
-482
-479
-475
-481
-492
-493
-497
-531
-582
-618
-635
-656
-697
-737
-739
-700
-658
-623
-581
-529
-456
-392
-331
-246
-167
-122
-105
-77
-25
10
25
45
77
110
133
172
228
266
286
300
318
339
345
348
358
367
389
411
426
441
461
475
472
469
474
492
521
545
553
544
545
550
534
503
471
448
412
359
324
306
297
288
272
275
285
279
263
236
218
201
163
123
96
61
13
-24
-41
-57
-95
-134
-166
-187
-218
-254
-290
-335
-369
-390
-405
-412
-411
-409
-414
-422
-427
-428
-429
-438
-456
-481
-490
-487
-498
-518
-537
-556
-568
-570
-555
-534
-516
-485
-451
-417
-374
-327
-276
-229
-193
-162
-128
-92
-63
-40
-26
-10
6
13
37
72
98
121
149
186
232
271
291
311
332
350
364
375
391
409
426
451
470
491
521
549
565
579
579
573
567
547
517
498
473
443
413
384
364
345
329
314
304
287
269
252
228
199
167
131
89
47
13
-12
-30
-46
-66
-89
-113
-136
-159
-183
-218
-253
-290
-329
-356
-373
-390
-413
-428
-425
-409
-396
-388
-381
-370
-366
-376
-386
-390
-405
-434
-451
-451
-455
-468
-476
-475
-480
-488
-476
-448
-414
-389
-375
-346
-302
-250
-205
-163
-125
-100
-79
-51
-10
30
52
74
95
109
134
167
189
209
226
239
258
281
307
340
361
361
361
365
377
387
388
394
396
404
421
437
454
481
503
510
505
499
509
511
491
458
428
401
378
357
332
312
294
272
243
219
191
150
102
58
17
-29
-70
-101
-130
-161
-186
-210
-234
-257
-269
-278
-290
-303
-319
-324
-319
-315
-313
-321
-328
-319
-304
-300
-305
-310
-312
-319
-335
-350
-353
-357
-370
-389
-394
-402
-410
-420
-435
-441
-454
-456
-449
-431
-411
-387
-342
-283
-220
-171
-125
-79
-39
-7
20
37
45
61
71
79
103
133
158
179
196
215
233
251
275
288
295
305
316
315
315
334
348
340
333
343
364
382
392
403
422
434
445
460
475
479
466
450
441
434
418
389
359
333
306
288
269
242
210
168
127
85
43
4
-37
-84
-130
-168
-191
-207
-227
-243
-255
-253
-248
-250
-253
-254
-253
-262
-268
-264
-264
-267
-267
-266
-266
-261
-261
-262
-268
-280
-284
-288
-290
-303
-317
-330
-340
-345
-355
-371
-382
-398
-414
-417
-417
-408
-378
-341
-311
-278
-223
-160
-112
-75
-49
-26
-2
21
37
54
75
99
114
123
133
150
169
174
167
175
191
210
214
213
224
234
249
259
278
305
323
337
354
387
427
442
450
464
480
488
484
481
464
439
417
394
368
340
310
282
255
235
218
200
170
121
75
40
6
-35
-82
-123
-152
-175
-195
-201
-198
-189
-194
-203
-190
-173
-163
-170
-184
-201
-214
-220
-232
-245
-258
-266
-270
-273
-273
-268
-268
-268
-273
-283
-280
-275
-272
-276
-276
-273
-271
-272
-276
-285
-290
-292
-289
-285
-277
-261
-243
-225
-200
-174
-145
-122
-98
-72
-48
-22
-3
16
32
46
54
74
90
95
100
102
109
113
115
127
146
166
183
202
228
260
291
316
338
354
358
359
370
385
396
399
398
397
401
408
403
390
376
356
339
320
300
284
254
218
176
134
96
65
33
-9
-45
-71
-89
-103
-116
-123
-128
-135
-145
-146
-142
-146
-152
-164
-177
-182
-183
-187
-192
-198
-201
-200
-198
-198
-198
-199
-197
-201
-212
-222
-233
-240
-244
-246
-238
-222
-213
-205
-201
-196
-183
-171
-169
-172
-166
-158
-149
-147
-149
-151
-146
-145
-139
-119
-103
-87
-72
-64
-58
-50
-38
-28
-25
-27
-23
-17
-6
2
12
33
48
70
95
121
151
181
211
238
261
282
291
302
314
313
309
312
320
322
323
321
320
315
307
301
290
273
258
243
224
204
182
156
132
110
81
58
41
20
3
-15
-33
-37
-43
-49
-53
-62
-67
-69
-74
-79
-93
-112
-128
-134
-141
-160
-171
-175
-181
-184
-180
-173
-168
-164
-167
-164
-160
-149
-144
-147
-156
-158
-151
-150
-151
-146
-143
-138
-132
-124
-110
-100
-96
-99
-107
-104
-103
-109
-120
-130
-131
-138
-145
-138
-136
-131
-123
-113
-96
-74
-58
-48
-37
-27
-10
2
20
45
63
83
105
125
149
166
183
194
199
209
208
210
218
220
222
221
222
228
224
217
213
207
199
189
181
175
164
149
136
132
131
127
127
121
111
101
95
88
75
54
35
15
-9
-24
-30
-37
-51
-70
-81
-86
-90
-98
-107
-106
-105
-107
-109
-106
-102
-103
-102
-99
-103
-104
-107
-106
-114
-118
-111
-109
-112
-110
-97
-88
-77
-69
-70
-66
-66
-68
-82
-88
-86
-99
-111
-118
-121
-122
-127
-135
-138
-133
-136
-136
-128
-119
-108
-102
-98
-85
-76
-62
-49
-40
-33
-15
10
23
39
63
88
112
129
141
160
169
175
179
178
183
182
181
181
178
171
160
154
144
131
123
120
114
108
107
103
108
110
107
109
104
104
107
97
90
78
66
50
31
24
14
2
-17
-38
-40
-41
-53
-64
-67
-69
-80
-99
-107
-112
-120
-122
-128
-119
-104
-98
-87
-74
-65
-45
-26
-25
-25
-21
-17
-16
-25
-28
-30
-31
-35
-44
-44
-47
-46
-49
-57
-55
-50
-51
-58
-67
-78
-88
-106
-116
-123
-131
-125
-122
-114
-98
-85
-67
-49
-38
-24
-7
5
12
20
30
43
52
61
75
92
100
103
111
122
129
125
119
118
118
115
105
99
89
81
72
65
62
68
71
67
69
71
72
68
61
60
55
51
48
43
41
36
27
24
23
14
2
-11
-27
-45
-56
-72
-92
-104
-118
-127
-133
-131
-129
-122
-109
-100
-87
-67
-48
-32
-10
2
11
23
30
40
51
52
62
65
64
65
57
53
44
35
27
12
-4
-18
-31
-33
-39
-47
-57
-64
-68
-66
-65
-67
-67
-74
-79
-79
-78
-69
-66
-61
-52
-41
-22
-5
5
16
24
28
31
37
44
45
44
44
45
47
48
45
48
53
56
56
55
60
63
61
58
57
60
60
55
49
47
52
55
44
35
38
39
38
30
25
24
18
10
6
7
4
-4
-14
-25
-37
-50
-68
-83
-94
-104
-112
-116
-113
-104
-94
-88
-76
-58
-41
-28
-24
-15
-3
4
9
5
14
30
33
34
43
56
64
55
48
47
40
34
16
1
-9
-21
-32
-44
-50
-52
-52
-49
-48
-47
-40
-34
-36
-36
-35
-30
-23
-18
-7
1
6
15
22
31
37
39
40
34
31
33
34
34
30
27
35
39
47
56
61
60
56
53
49
50
46
41
33
30
34
35
43
49
54
57
52
52
53
49
40
25
9
-2
-17
-28
-37
-39
-42
-50
-55
-56
-56
-58
-61
-63
-71
-84
-93
-103
-108
-107
-109
-108
-100
-84
-67
-49
-33
-21
-7
3
12
22
29
32
35
37
41
49
51
48
48
45
40
33
22
14
5
-8
-17
-22
-28
-34
-37
-40
-35
-28
-26
-22
-25
-22
-13
-10
-1
4
9
20
30
42
52
64
73
70
62
57
47
37
25
13
8
-3
-6
-5
-5
-4
-3
1
2
6
9
9
8
12
20
23
30
36
40
47
53
61
65
66
62
56
51
44
38
23
4
-13
-28
-42
-58
-71
-81
-90
-91
-94
-92
-87
-83
-76
-69
-65
-58
-50
-45
-38
-26
-15
-7
-1
1
11
22
27
35
39
39
44
47
44
37
33
28
23
15
9
8
3
-2
-6
-8
-15
-22
-29
-35
-39
-38
-40
-40
-29
-23
-21
-18
-10
-3
0
2
4
12
17
17
20
23
30
33
34
31
28
23
14
9
5
0
-5
-11
-10
-7
-5
-3
2
2
1
2
0
2
6
12
14
18
23
27
37
44
49
55
65
72
65
60
60
57
46
35
23
13
2
-14
-21
-28
-37
-46
-59
-64
-65
-71
-74
-73
-72
-73
-71
-60
-51
-42
-34
-27
-20
-14
-9
-1
5
7
12
22
25
26
33
37
37
32
23
16
8
10
8
-3
-7
-13
-22
-28
-28
-30
-38
-45
-46
-46
-46
-40
-36
-32
-28
-19
-9
2
11
16
20
27
36
44
50
55
57
62
68
68
63
56
51
49
43
32
25
17
8
1
-3
-5
-12
-17
-24
-31
-33
-36
-34
-27
-16
-5
5
13
22
34
40
41
40
38
38
39
35
32
31
27
20
15
8
-3
-14
-25
-40
-48
-56
-62
-71
-81
-84
-84
-83
-74
-66
-57
-46
-35
-22
-9
-1
4
9
13
19
24
28
32
34
39
35
34
34
30
25
16
7
-1
-6
-13
-24
-28
-28
-31
-37
-36
-37
-41
-39
-37
-32
-22
-16
-11
-3
5
13
23
29
31
32
36
44
44
46
51
51
46
47
48
47
41
34
30
21
18
13
1
-6
-11
-11
-15
-22
-23
-23
-20
-17
-15
-14
-8
2
10
20
26
28
35
37
42
44
41
38
33
28
24
15
10
2
-7
-15
-26
-31
-39
-51
-59
-60
-66
-69
-69
-68
-63
-58
-52
-49
-45
-40
-33
-20
-9
-3
5
17
23
25
28
27
27
23
17
13
6
-2
-7
-12
-10
-9
-14
-17
-16
-14
-15
-19
-18
-21
-24
-26
-23
-17
-11
-6
-4
-1
8
17
21
30
37
43
44
46
46
46
49
54
51
47
48
41
36
32
30
27
19
12
9
4
-4
-11
-17
-18
-19
-20
-19
-15
-13
-15
-16
-10
2
6
10
15
18
26
29
32
32
30
32
25
23
24
20
19
16
7
-2
-11
-20
-30
-39
-43
-50
-59
-64
-64
-57
-51
-48
-41
-34
-27
-24
-24
-24
-16
-14
-14
-8
-4
-2
-3
0
3
2
3
4
1
-4
-5
-11
-12
-14
-16
-15
-17
-19
-18
-16
-17
-21
-21
-16
-10
-4
-1
0
2
6
7
11
11
11
14
15
23
31
31
33
32
33
32
27
33
37
34
33
29
29
32
33
30
22
19
17
15
15
12
11
11
10
8
6
13
13
13
17
23
22
27
28
27
34
31
25
19
14
9
5
1
-3
-1
-1
-4
-10
-19
-24
-28
-35
-42
-45
-47
-51
-51
-49
-44
-39
-35
-28
-27
-26
-24
-21
-22
-19
-17
-18
-19
-21
-19
-14
-14
-19
-24
-31
-33
-30
-32
-34
-34
-34
-34
-33
-31
-24
-22
-20
-12
-7
0
9
12
20
27
28
31
33
36
38
38
34
36
38
38
39
38
35
32
24
20
21
16
8
5
2
3
8
10
11
