4
4
4
2
2
0
-4
-6
-7
-5
0
-1
10
4
-2
7
0
-8
-2
-3
-4
0
-2
-4
9
10
0
3
3
-2
-1
-7
-10
6
9
2
8
3
-2
2
-2
-2
1
-2
-3
-1
3
2
2
2
0
-1
0
-3
-1
0
-3
5
0
-6
-2
5
6
0
-3
-2
-4
-7
-10
2
6
-2
-2
1
1
2
-4
-4
3
-3
-3
-1
-5
-3
-5
-4
-1
1
1
-1
1
5
5
-2
-7
-1
-2
-7
-7
-9
1
11
8
8
10
3
-2
3
5
-2
-5
-3
0
5
5
4
4
8
7
1
0
0
-3
2
-4
-7
2
-5
-3
3
-2
11
8
-2
5
2
4
6
-5
-6
0
0
3
3
1
9
8
0
3
2
4
2
-5
-3
-3
-4
-1
-5
-1
6
3
3
-1
3
2
-2
-7
-11
-4
-4
-7
-6
-1
3
1
3
6
-1
-4
-8
-12
-1
-4
-13
-5
-8
-2
5
-5
-6
1
-1
-2
-1
-4
-4
-1
-2
2
4
1
6
9
8
6
10
11
6
7
2
2
8
9
16
31
41
48
60
80
91
85
86
85
81
68
51
44
33
16
5
-10
-17
-23
-31
-30
-33
-38
-45
-50
-48
-55
-50
-47
-48
-41
-40
-30
-17
-18
-9
-4
-3
5
12
2
0
2
-14
-10
-10
-17
-10
-22
-30
-23
-30
-35
-32
-39
-36
-31
-27
-20
-21
-22
-13
-9
-8
-6
-5
6
15
10
10
16
23
23
27
41
41
42
44
42
47
54
54
49
63
69
47
34
45
48
37
28
23
39
51
53
53
43
62
77
79
78
65
63
60
37
24
25
14
1
-8
-22
-22
-35
-42
-36
-40
-34
-54
-78
-86
-76
-82
-101
-105
-95
-79
-147
-245
-353
-459
-533
-673
-839
-960
-1006
-1020
-1024
-957
-840
-697
-532
-411
-226
-6
124
235
308
373
429
445
497
549
554
592
613
620
632
627
609
567
463
374
305
169
88
26
-64
-82
-86
-75
8
63
102
179
264
352
406
464
551
606
667
691
686
759
787
758
731
711
684
609
474
373
317
228
107
-29
-95
-120
-159
-188
-209
-177
-97
-66
-46
-23
20
42
30
41
55
82
52
-9
-66
-82
-110
-131
-153
-225
-231
-285
-587
-959
-1274
-1507
-1662
-2091
-2632
-2809
-2780
-2758
-2777
-2678
-2218
-1735
-1454
-1104
-575
6
396
549
774
1058
1208
1285
1418
1587
1646
1653
1718
1843
1862
1818
1811
1729
1521
1137
760
510
137
-327
-692
-990
-1245
-1478
-1631
-1606
-1467
-1305
-1134
-831
-465
-126
267
600
887
1174
1428
1680
1842
1915
1969
2028
2030
1905
1741
1615
1524
1350
1056
783
583
393
202
-28
-273
-420
-529
-628
-712
-767
-675
-589
-539
-426
-244
-2
196
347
465
600
754
846
809
706
624
563
455
226
-49
-168
-145
-241
-601
-1240
-1839
-2118
-2331
-2767
-3450
-4024
-4152
-4134
-4182
-4158
-3833
-3154
-2630
-2299
-1716
-848
43
599
934
1384
1844
2177
2391
2582
2717
2714
2676
2654
2631
2574
2446
2318
2047
1560
1090
677
280
-224
-843
-1396
-1783
-2020
-2194
-2318
-2256
-2068
-1824
-1510
-1204
-855
-408
89
509
810
1085
1441
1857
2109
2177
2295
2451
2531
2411
2241
2181
2048
1717
1298
971
723
475
168
-131
-320
-455
-548
-543
-513
-443
-296
-151
-39
78
250
464
654
712
744
878
986
995
985
1023
1026
961
815
553
282
-7
-278
-557
-931
-1489
-2364
-3357
-4080
-4380
-4593
-5149
-5822
-5935
-5385
-4696
-4197
-3560
-2435
-1310
-610
24
988
2088
2723
2779
2821
3123
3333
3263
3181
3201
3039
2672
2401
2346
2272
1922
1447
1019
461
-311
-1034
-1506
-1902
-2482
-3055
-3277
-3185
-3020
-2811
-2391
-1817
-1231
-682
-93
627
1262
1714
2144
2499
2660
2700
2760
2854
2825
2570
2279
2101
1968
1697
1318
988
655
295
-80
-405
-633
-781
-894
-981
-1013
-895
-624
-360
-159
51
390
793
1071
1226
1417
1644
1755
1666
1599
1622
1569
1429
1199
984
736
420
117
-265
-571
-908
-1376
-1961
-2986
-4037
-4694
-5144
-5602
-6436
-7187
-7029
-6410
-5722
-5096
-4252
-2734
-1283
-252
802
2062
3403
4214
4393
4598
4868
4940
4749
4405
4069
3591
3013
2580
2308
1941
1369
821
319
-295
-1135
-1972
-2452
-2865
-3526
-4210
-4491
-4272
-3934
-3654
-3136
-2284
-1319
-378
546
1451
2321
3065
3556
3881
4029
4083
4100
3921
3537
3030
2534
2087
1634
1133
654
236
-186
-588
-918
-1187
-1364
-1471
-1566
-1596
-1505
-1254
-842
-436
-62
327
804
1299
1663
1964
2233
2476
2610
2533
2342
2233
2118
1828
1456
1072
679
301
-151
-636
-1019
-1458
-2044
-2967
-4183
-5119
-5782
-6322
-6887
-7746
-8157
-7667
-6892
-6023
-5081
-3809
-2021
-406
820
2161
3664
4880
5497
5576
5614
5728
5588
5102
4500
3923
3270
2582
1997
1572
1130
538
0
-523
-1223
-2003
-2651
-3081
-3592
-4248
-4719
-4743
-4358
-3906
-3391
-2599
-1582
-474
614
1654
2671
3540
4172
4577
4738
4732
4608
4316
3868
3225
2505
1912
1345
771
210
-313
-705
-1051
-1420
-1676
-1801
-1882
-1916
-1893
-1767
-1516
-1107
-578
-29
514
1009
1533
2122
2548
2778
2967
3090
3077
2891
2574
2264
1969
1603
1120
570
96
-264
-656
-1076
-1570
-2104
-2520
-3016
-3881
-5029
-5922
-6319
-6629
-7178
-7813
-7820
-6936
-5902
-5044
-4051
-2516
-624
894
2036
3286
4716
5725
5946
5930
5985
5872
5430
4723
3995
3325
2569
1823
1295
801
156
-463
-915
-1352
-1994
-2669
-3108
-3421
-3789
-4208
-4427
-4173
-3653
-3152
-2529
-1637
-573
479
1495
2529
3470
4145
4585
4868
4944
4756
4415
3993
3385
2587
1776
1110
571
49
-513
-992
-1309
-1571
-1781
-1858
-1821
-1770
-1711
-1543
-1249
-878
-429
130
690
1164
1611
2071
2531
2895
3005
2995
3021
2905
2598
2244
1919
1567
1097
526
50
-298
-665
-1068
-1420
-1715
-2181
-2828
-3493
-4202
-4915
-5793
-6726
-7174
-7361
-7462
-7348
-6947
-5884
-4440
-3191
-1856
-288
1418
2951
3928
4775
5658
6139
6094
5774
5436
5042
4356
3528
2842
2282
1619
895
428
127
-371
-1023
-1518
-1888
-2353
-2995
-3570
-3777
-3772
-3952
-4014
-3563
-2773
-1930
-1167
-251
865
1886
2734
3553
4301
4675
4647
4548
4441
4069
3440
2740
2093
1474
748
39
-427
-704
-1037
-1470
-1721
-1696
-1668
-1722
-1736
-1575
-1280
-1031
-677
-191
317
877
1404
1828
2259
2645
2906
3058
3032
2927
2725
2406
2046
1624
1170
711
270
-177
-572
-844
-1108
-1342
-1479
-1672
-2083
-2718
-3404
-4062
-4671
-5423
-6307
-6907
-7223
-7333
-7031
-6380
-5470
-4370
-3170
-1633
112
1642
2933
4067
5032
5686
5889
5893
5830
5467
4797
3962
3243
2673
2030
1393
862
436
1
-489
-907
-1223
-1667
-2226
-2729
-3145
-3451
-3657
-3768
-3627
-3222
-2739
-2102
-1213
-150
837
1760
2625
3403
4105
4434
4482
4430
4168
3727
3152
2478
1781
1114
497
-49
-541
-953
-1170
-1292
-1455
-1610
-1610
-1463
-1343
-1287
-1126
-787
-396
-55
346
879
1373
1801
2207
2564
2885
3011
2912
2823
2621
2247
1916
1493
1046
639
143
-278
-576
-823
-1087
-1281
-1366
-1560
-1922
-2449
-3032
-3540
-4211
-4983
-5750
-6436
-6829
-7048
-7046
-6589
-5774
-4785
-3661
-2349
-820
792
2204
3354
4400
5263
5716
5778
5763
5622
5203
4517
3757
3147
2516
1793
1195
774
344
-178
-698
-1092
-1425
-1919
-2500
-2846
-3123
-3429
-3627
-3653
-3394
-2956
-2445
-1720
-768
198
1086
1951
2807
3537
4067
4349
4381
4196
3847
3408
2917
2287
1565
932
348
-205
-647
-970
-1189
-1357
-1460
-1496
-1492
-1404
-1290
-1083
-809
-583
-312
110
632
1119
1522
1898
2291
2612
2809
2817
2703
2622
2422
2039
1665
1247
803
436
36
-348
-639
-885
-1075
-1203
-1370
-1596
-1984
-2573
-3190
-3882
-4628
-5363
-6141
-6738
-7086
-7270
-7053
-6475
-5632
-4555
-3404
-1970
-313
1213
2545
3735
4790
5542
5905
6043
6043
5814
5264
4515
3850
3253
2540
1839
1249
741
247
-319
-817
-1215
-1672
-2194
-2700
-3099
-3371
-3637
-3716
-3596
-3411
-3030
-2446
-1620
-659
211
1093
2039
2872
3545
4046
4353
4422
4257
3971
3542
2956
2348
1697
1035
385
-201
-603
-897
-1114
-1333
-1477
-1469
-1467
-1414
-1237
-1043
-808
-549
-205
230
697
1187
1596
1954
2307
2551
2717
2800
2702
2534
2317
1953
1561
1188
748
368
-11
-396
-638
-903
-1140
-1208
-1376
-1688
-2217
-2866
-3345
-3978
-4792
-5652
-6444
-6865
-7163
-7388
-7121
-6451
-5541
-4495
-3335
-1801
-103
1393
2727
3924
4993
5747
6044
6190
6196
5887
5277
4532
3917
3285
2473
1701
1127
617
2
-613
-1059
-1374
-1834
-2426
-2832
-3100
-3354
-3591
-3690
-3543
-3261
-2873
-2259
-1425
-525
375
1274
2126
2885
3553
4081
4427
4466
4207
3858
3489
3021
2356
1607
956
426
-103
-624
-923
-1065
-1252
-1468
-1589
-1493
-1336
-1274
-1130
-860
-551
-189
212
712
1240
1633
2008
2374
2668
2826
2819
2769
2654
2382
2003
1642
1214
775
367
-50
-349
-626
-951
-1126
-1186
-1347
-1729
-2415
-3107
-3646
-4256
-4991
-5937
-6829
-7257
-7418
-7427
-7164
-6544
-5485
-4320
-3080
-1520
193
1853
3211
4231
5198
5958
6286
6356
6230
5910
5276
4460
3773
3099
2335
1517
815
323
-184
-815
-1329
-1661
-2028
-2550
-3066
-3324
-3432
-3567
-3612
-3480
-3183
-2723
-2124
-1302
-275
593
1387
2291
3103
3801
4248
4402
4485
4352
3948
3498
2949
2328
1660
926
305
-198
-647
-954
-1218
-1493
-1626
-1619
-1535
-1435
-1335
-1099
-794
-528
-174
308
906
1442
1830
2185
2537
2796
2909
2907
2791
2585
2252
1828
1441
1047
634
245
-173
-514
-768
-1024
-1177
-1298
-1523
-1887
-2548
-3219
-3775
-4457
-5196
-6121
-6967
-7272
-7375
-7325
-6933
-6226
-5134
-3939
-2656
-1030
654
2170
3472
4520
5450
6083
6344
6436
6285
5847
5117
4270
3572
2901
2125
1308
626
131
-393
-997
-1452
-1765
-2157
-2583
-2977
-3221
-3324
-3440
-3456
-3305
-3007
-2524
-1895
-1120
-236
557
1344
2225
3062
3721
4116
4284
4332
4226
3886
3418
2880
2321
1655
885
238
-278
-684
-1004
-1329
-1601
-1706
-1692
-1595
-1479
-1296
-964
-603
-276
84
586
1161
1617
1937
2224
2527
2732
2783
2766
2621
2413
2129
1740
1361
969
566
183
-154
-476
-728
-905
-1086
-1274
-1588
-2178
-2871
-3572
-4283
-4902
-5779
-6803
-7442
-7695
-7602
-7255
-6825
-6029
-4792
-3365
-1845
-282
1356
2934
4202
5160
5906
6457
6766
6694
6294
5667
4966
4264
3457
2643
1850
1050
389
-182
-761
-1288
-1735
-2140
-2522
-2924
-3315
-3535
-3572
-3524
-3492
-3388
-3005
-2347
-1589
-765
69
971
1916
2685
3364
4001
4350
4418
4347
4076
3721
3239
2618
1951
1270
558
-138
-610
-949
-1271
-1589
-1781
-1775
-1706
-1634
-1487
-1203
-847
-480
-153
276
870
1450
1864
2186
2512
2755
2946
2967
2839
2673
2382
2054
1680
1249
868
432
63
-229
-533
-818
-978
-1092
-1379
-1845
-2543
-3224
-3894
-4589
-5365
-6316
-7125
-7617
-7772
-7544
-7157
-6585
-5545
-4217
-2714
-1162
406
2087
3648
4765
5556
6261
6808
6988
6679
6144
5519
4802
3977
3074
2282
1525
750
58
-512
-1015
-1535
-2001
-2332
-2707
-3152
-3444
-3558
-3544
-3571
-3615
-3400
-2842
-2115
-1404
-622
290
1236
2083
2837
3542
4174
4511
4503
4398
4142
3718
3192
2505
1817
1172
407
-266
-688
-985
-1297
-1621
-1783
-1781
-1681
-1590
-1430
-1111
-778
-494
-123
395
972
1492
1845
2185
2511
2782
2904
2852
2764
2573
2302
1987
1566
1150
788
374
27
-321
-628
-821
-1014
-1221
-1564
-2203
-2924
-3550
-4310
-5066
-5892
-6841
-7462
-7809
-7853
-7461
-6910
-6060
-4900
-3524
-1901
-223
1434
3000
4346
5397
6174
6720
6996
6947
6602
5921
5089
4309
3491
2609
1753
945
225
-413
-1005
-1499
-1913
-2342
-2772
-3085
-3333
-3552
-3696
-3701
-3587
-3375
-3070
-2557
-1762
-891
-49
808
1710
2586
3372
3951
4350
4589
4524
4259
3879
3385
2825
2160
1421
696
85
-425
-845
-1154
-1395
-1593
-1701
-1686
-1586
-1437
-1238
-938
-608
-242
215
691
1199
1684
2061
2371
2657
2861
2938
2893
2718
2484
2173
1823
1416
959
562
187
-197
-499
-746
-924
-1099
-1482
-1923
-2522
-3281
-4028
-4838
-5613
-6407
-7234
-7858
-8064
-7792
-7221
-6536
-5628
-4279
-2575
-883
714
2332
3885
5191
6057
6597
7057
7288
7087
6436
5607
4819
3926
2992
2114
1272
487
-246
-853
-1344
-1847
-2349
-2759
-3048
-3314
-3608
-3856
-3852
-3668
-3572
-3405
-2918
-2143
-1264
-410
419
1358
2344
3130
3766
4336
4666
4719
4531
4171
3756
3105
2327
1636
987
301
-393
-879
-1148
-1398
-1695
-1895
-1908
-1779
-1629
-1475
-1207
-813
-401
12
476
1015
1548
1969
2322
2642
2917
3082
3060
2915
2702
2408
2064
1683
1222
760
337
-57
-360
-644
-857
-982
-1267
-1672
-2148
-2701
-3351
-4196
-5075
-5830
-6595
-7392
-7944
-7983
-7472
-6845
-6203
-5254
-3770
-1903
-251
1198
2813
4438
5673
6422
6868
7286
7427
6954
6159
5398
4638
3688
2641
1751
992
144
-735
-1340
-1720
-2183
-2755
-3187
-3363
-3517
-3841
-4067
-3945
-3686
-3472
-3219
-2642
-1736
-811
-52
747
1746
2680
3433
4073
4543
4727
4686
4515
4235
3747
3033
2317
1643
898
128
-505
-954
-1339
-1721
-2053
-2222
-2131
-1985
-1903
-1674
-1332
-935
-484
-7
610
1252
1763
2176
2562
2886
3093
3188
3144
2993
2723
2374
2033
1668
1223
741
306
-35
-352
-617
-828
-1057
-1298
-1724
-2398
-3093
-3853
-4668
-5452
-6331
-7141
-7744
-8085
-7973
-7466
-6767
-5917
-4723
-3037
-1207
430
1973
3523
5027
6116
6705
7168
7462
7361
6798
5926
5130
4390
3401
2348
1445
648
-188
-997
-1547
-1961
-2396
-2910
-3321
-3529
-3757
-3955
-3995
-3861
-3646
-3461
-3132
-2401
-1441
-581
178
1046
2096
2971
3630
4262
4720
4897
4814
4528
4189
3691
2918
2136
1399
611
-147
-765
-1206
-1531
-1851
-2155
-2265
-2144
-1976
-1787
-1497
-1134
-687
-181
374
966
1538
2003
2397
2753
3014
3143
3174
3118
2913
2605
2216
1823
1473
984
494
138
-182
-461
-703
-938
-1252
-1710
-2388
-3203
-3956
-4683
-5494
-6382
-7266
-7907
-8157
-8026
-7625
-6974
-6057
-4851
-3230
-1489
155
1800
3421
4860
5925
6609
7121
7448
7340
6802
6046
5271
4436
3453
2463
1539
689
-129
-885
-1482
-1969
-2464
-2948
-3284
-3551
-3765
-3885
-3883
-3752
-3601
-3381
-2965
-2243
-1399
-606
303
1326
2284
3035
3637
4225
4654
4815
4645
4235
3894
3406
2688
1952
1171
440
-209
-781
-1157
-1404
-1689
-1941
-2039
-1962
-1775
-1572
-1287
-925
-502
-20
463
1046
1615
2061
2479
2783
3007
3232
3314
3163
2877
2533
2117
1688
1252
788
396
48
-332
-631
-863
-1115
-1401
-1852
-2401
-3033
-3841
-4680
-5468
-6228
-6970
-7720
-8155
-7982
-7428
-6762
-6071
-5021
-3342
-1488
119
1649
3258
4780
5895
6515
6971
7334
7292
6746
5922
5113
4326
3396
2423
1549
729
-161
-949
-1475
-1891
-2364
-2897
-3242
-3370
-3560
-3790
-3838
-3682
-3442
-3246
-2923
-2255
-1408
-553
298
1153
2027
2866
3551
4120
4531
4673
4567
4265
3883
3356
2655
1938
1247
543
-194
-781
-1099
-1382
-1713
-1985
-2057
-1866
-1675
-1511
-1243
-856
-404
-8
453
1050
1610
2065
2433
2733
2991
3181
3205
3045
2819
2521
2115
1761
1376
846
470
159
-234
-515
-742
-976
-1233
-1688
-2284
-2920
-3739
-4546
-5276
-6121
-6944
-7630
-8036
-7960
-7516
-6914
-6084
-4916
-3368
-1656
-25
1542
3140
4608
5653
6328
6841
7195
7126
6630
5892
5055
4223
3324
2409
1547
720
-66
-780
-1357
-1825
-2284
-2760
-3143
-3362
-3579
-3774
-3836
-3811
-3641
-3393
-3069
-2450
-1606
-763
98
1023
1889
2719
3499
4106
4554
4674
4528
4343
3960
3375
2696
1959
1286
557
-217
-769
-1096
-1344
-1598
-1810
-1846
-1738
-1575
-1400
-1136
-766
-358
67
527
1031
1548
2027
2457
2790
2991
3138
3209
3143
2912
2570
2246
1877
1412
976
557
189
-119
-465
-757
-1025
-1347
-1798
-2512
-3304
-4074
-4855
-5591
-6431
-7275
-7841
-8061
-7859
-7356
-6641
-5697
-4488
-2906
-1200
425
2062
3553
4856
5841
6350
6730
6997
6898
6372
5573
4766
4014
3167
2205
1353
597
-159
-854
-1463
-1943
-2323
-2737
-3145
-3466
-3697
-3880
-3977
-3816
-3570
-3360
-2973
-2272
-1428
-597
260
1159
2151
3049
3660
4144
4536
4734
4621
4276
3803
3211
2594
1853
1023
344
-241
-817
-1237
-1497
-1682
-1841
-1904
-1796
-1591
-1311
-1026
-692
-230
227
661
1148
1665
2177
2580
2824
3011
3131
3170
3078
2820
2546
2214
1812
1389
940
549
239
-52
-369
-788
-1228
-1641
-2300
-3107
-3931
-4833
-5588
-6367
-7268
-7912
-8131
-7949
-7495
-6861
-5976
-4707
-3077
-1397
185
1766
3291
4639
5683
6311
6736
7024
6907
6398
5680
4899
4117
3286
2420
1589
777
-11
-655
-1215
-1756
-2270
-2758
-3129
-3434
-3787
-4035
-4065
-3949
-3804
-3639
-3209
-2449
-1601
-775
138
1145
2108
2945
3637
4195
4594
4721
4546
4215
3785
3195
2428
1658
950
262
-350
-880
-1244
-1428
-1651
-1831
-1818
-1719
-1568
-1346
-1046
-683
-310
73
497
1051
1634
2061
2416
2742
3046
3273
3269
3122
2993
2792
2433
2012
1605
1217
798
354
-7
-329
-773
-1188
-1691
-2432
-3205
-4115
-4989
-5746
-6640
-7430
-7992
-8173
-7826
-7348
-6740
-5783
-4440
-2748
-1072
455
2065
3619
4885
5796
6360
6777
7004
6800
6217
5474
4766
4016
3131
2248
1445
630
-185
-823
-1325
-1807
-2362
-2896
-3271
-3572
-3893
-4171
-4214
-4066
-3875
-3655
-3156
-2298
-1347
-437
486
1507
2576
3451
4023
4501
4877
4904
4602
4107
3428
2705
1946
1073
273
-405
-942
-1333
-1618
-1738
-1785
-1773
-1660
-1526
-1317
-1039
-749
-416
-53
348
740
1192
1696
2140
2535
2855
3142
3367
3460
3368
3077
2728
2407
2020
1514
1000
555
167
-244
-643
-1013
-1344
-1755
-2440
-3199
-3999
-4773
-5414
-6141
-6909
-7520
-7825
-7593
-7058
-6467
-5600
-4432
-2929
-1256
261
1731
3238
4548
5486
6028
6338
6582
6543
6073
5334
4572
3869
3100
2274
1487
749
41
-564
-1119
-1655
-2168
-2686
-3084
-3466
-3841
-4120
-4181
-4055
-3867
-3587
-3141
-2393
-1469
-504
497
1468
2366
3240
3942
4390
4636
4599
4304
3923
3395
2609
1837
1131
449
-147
-738
-1173
-1340
-1432
-1561
-1658
-1579
-1343
-1167
-1041
-850
-522
-96
224
554
1040
1576
2073
2452
2752
3071
3311
3348
3252
3049
2772
2478
2096
1602
1117
652
174
-254
-575
-888
-1258
-1699
-2329
-2998
-3769
-4624
-5323
-5988
-6685
-7338
-7755
-7592
-6976
-6357
-5611
-4516
-3018
-1324
173
1624
3104
4408
5310
5776
6137
6355
6239
5798
5166
4484
3750
3011
2273
1558
908
202
-434
-911
-1425
-2002
-2490
-2898
-3346
-3771
-4093
-4178
-4073
-3940
-3680
-3116
-2276
-1330
-359
636
1655
2624
3431
3982
4406
4627
4499
4188
3632
2917
2238
1489
772
145
-497
-982
-1233
-1407
-1518
-1523
-1450
-1362
-1261
-1137
-911
-638
-463
-226
117
475
921
1443
1935
2415
2788
3061
3349
3500
3443
3188
2875
2566
2191
1684
1101
641
218
-235
-643
-914
-1195
-1636
-2212
-2834
-3525
-4391
-5138
-5808
-6524
-7172
-7665
-7620
-7016
-6390
-5684
-4618
-3122
-1419
67
1449
2937
4361
5277
5668
6021
6329
6273
5753
5024
4386
3789
3051
2271
1628
1065
415
-238
-723
-1210
-1768
-2368
-2896
-3323
-3798
-4213
-4355
-4257
-4084
-3848
-3356
-2431
-1387
-378
659
1772
2884
3676
4250
4595
4696
4583
4098
3480
2761
1916
1152
413
-274
-807
-1186
-1381
-1469
-1465
-1369
-1261
-1145
-1041
-923
-755
-620
-477
-224
64
419
827
1330
1928
2469
2838
3146
3520
3709
3676
3461
3091
2780
2333
1648
1030
512
74
-365
-801
-1161
-1480
-1786
-2300
-2923
-3546
-4346
-5034
-5626
-6359
-7000
-7462
-7493
-6941
-6317
-5672
-4640
-3139
-1434
34
1393
2870
4272
5191
5579
5841
6100
6088
5614
4911
4238
3598
2975
2307
1638
1085
515
-48
-524
-1101
-1699
-2252
-2844
-3377
-3913
-4363
-4503
-4434
-4174
-3779
-3234
-2304
-1169
-34
1032
2096
3146
3943
4406
4614
4664
4427
3895
3167
2399
1681
964
264
-334
-766
-1067
-1233
-1292
-1238
-1139
-1136
-1156
-1128
-1045
-940
-850
-684
-435
-109
325
807
1386
2035
2620
3090
3409
3663
3812
3750
3492
3074
2607
2097
1466
834
335
-163
-590
-890
-1187
-1490
-1800
-2189
-2699
-3342
-4187
-4947
-5492
-6147
-6888
-7459
-7520
-6968
-6266
-5568
-4525
-3001
-1269
247
1535
2934
4334
5199
5493
5638
5759
5682
5234
4505
3826
3265
2729
2202
1664
1213
768
258
-191
-754
-1437
-2101
-2807
-3445
-4049
-4610
-4829
-4685
-4367
-3920
-3242
-2196
-909
334
1482
2600
3669
4358
4611
4662
4510
4225
3605
2654
1822
1096
427
-120
-634
-902
-957
-1073
-1105
-993
-885
-844
-974
-1104
-1100
-1031
-968
-869
-576
-165
329
910
1581
2344
3022
3458
3738
3982
4094
3930
3506
2978
2454
1888
1196
503
10
-372
-778
-1092
-1323
-1548
-1740
-2116
-2742
-3497
-4415
-5170
-5789
-6563
-7290
-7719
-7564
-6847
-6028
-5120
-3866
-2248
-494
989
2269
3562
4707
5408
5529
5433
5374
5185
4681
3978
3355
2908
2540
2154
1764
1385
963
458
-144
-884
-1679
-2511
-3330
-4046
-4716
-5173
-5200
-4852
-4289
-3559
-2553
-1241
153
1434
2506
3453
4253
4589
4587
4412
4013
3445
2687
1847
1197
678
165
-226
-493
-578
-631
-759
-835
-898
-1016
-1199
-1418
-1562
-1514
-1433
-1323
-996
-471
179
827
1514
2294
3048
3577
3817
3996
4091
3937
3542
2985
2469
1933
1349
771
225
-123
-373
-692
-947
-1200
-1476
-1788
-2443
-3258
-4160
-5114
-5852
-6552
-7238
-7672
-7695
-7105
-6129
-5098
-3848
-2280
-555
977
2178
3253
4316
5040
5170
5015
4857
4721
4416
3918
3445
3120
2921
2693
2370
1991
1566
977
207
-729
-1759
-2721
-3673
-4526
-5164
-5570
-5523
-5003
-4207
-3275
-2177
-835
575
1793
2723
3434
3988
4281
4187
3802
3395
2931
2361
1834
1319
938
641
322
114
-109
-384
-651
-996
-1366
-1693
-1958
-2129
-2228
-2187
-1930
-1524
-994
-314
465
1221
1935
2598
3213
3699
3897
3926
3871
3680
3336
2894
2457
2008
1545
1051
624
303
-62
-408
-731
-1012
-1392
-1909
-2423
-3098
-3946
-4927
-5813
-6320
-6711
-7088
-7197
-6821
-5841
-4686
-3649
-2413
-900
588
1763
2604
3414
4179
4506
4420
4254
4217
4162
3950
3659
3428
3279
3033
2744
2358
1820
1081
146
-772
-1855
-2974
-3888
-4569
-4984
-5245
-5203
-4617
-3667
-2623
-1598
-552
607
1661
2412
2866
3183
3396
3376
3170
2877
2632
2438
2172
1892
1645
1370
1033
659
271
-199
-729
-1287
-1768
-2072
-2351
-2534
-2467
-2237
-1856
-1379
-781
-23
719
1387
1921
2421
2907
3266
3510
3512
3433
3359
3169
2921
2572
2207
1887
1454
962
496
37
-293
-675
-1173
-1680
-2227
-2686
-3233
-4035
-4912
-5650
-6080
-6355
-6675
-6786
-6396
-5480
-4386
-3402
-2289
-889
503
1603
2352
3006
3740
4152
4155
4039
4013
4106
4095
3875
3647
3488
3232
2847
2293
1570
753
-166
-1160
-2239
-3266
-4072
-4557
-4759
-4832
-4587
-3957
-3049
-2050
-1144
-233
696
1515
2076
2423
2712
2935
3020
2984
2834
2703
2609
2465
2340
2011
1500
1014
498
-68
-704
-1379
-1885
-2216
-2524
-2647
-2532
-2241
-1878
-1508
-1016
-406
244
837
1364
1861
2297
2694
3068
3327
3457
3514
3524
3403
3162
2834
2427
2016
1459
816
255
-263
-661
-1065
-1519
-1900
-2338
-2700
-3209
-4067
-4850
-5522
-5902
-6092
-6493
-6580
-6073
-5138
-3999
-3049
-1958
-469
859
1782
2410
3036
3754
4001
3840
3744
3811
4004
3966
3753
3668
3578
3263
2803
2169
1361
476
-625
-1763
-2849
-3799
-4369
-4655
-4754
-4637
-4157
-3300
-2311
-1411
-628
207
1015
1553
1870
2150
2474
2720
2801
2883
3022
3037
2957
2791
2498
2078
1407
646
-55
-769
-1468
-2076
-2522
-2708
-2755
-2669
-2404
-2010
-1506
-1047
-635
-143
393
870
1310
1735
2164
2651
3077
3429
3705
3856
3929
3801
3389
2898
2357
1742
1088
339
-266
-743
-1154
-1481
-1741
-1894
-2102
-2357
-2813
-3642
-4459
-5105
-5590
-5899
-6268
-6400
-5912
-4928
-3722
-2611
-1426
-60
1080
1863
2306
2755
3326
3471
3235
3111
3270
3612
3820
3783
3783
3788
3510
2982
2261
1343
353
-758
-2008
-3093
-3847
-4276
-4354
-4229
-3985
-3457
-2631
-1745
-1025
-461
75
620
1008
1191
1479
1949
2339
2616
2876
3075
3253
3194
2850
2521
1965
1115
238
-603
-1209
-1700
-2232
-2508
-2485
-2339
-2119
-1850
-1486
-1121
-886
-664
-363
21
461
894
1360
1924
2604
3217
3631
3924
4054
4037
3771
3238
2645
2022
1384
652
9
-376
-709
-920
-1123
-1366
-1504
-1770
-2211
-2821
-3808
-4791
-5411
-5736
-5969
-6267
-6131
-5303
-4114
-2966
-1983
-856
357
1163
1478
1681
2181
2754
2844
2703
2950
3493
4004
4245
4286
4319
4132
3527
2641
1752
789
-301
-1420
-2424
-3223
-3690
-3730
-3597
-3445
-3183
-2760
-2161
-1604
-1259
-884
-401
51
370
737
1395
2138
2660
2983
3293
3531
3413
2942
2470
2037
1334
390
-390
-841
-1159
-1497
-1801
-1854
-1764
-1750
-1738
-1626
-1408
-1317
-1360
-1236
-825
-219
361
905
1518
2223
2954
3421
3685
3886
3896
3683
3199
2621
2182
1720
1214
707
289
21
-256
-510
-857
-1211
-1548
-2044
-2640
-3624
-4674
-5270
-5605
-5708
-5906
-5963
-5285
-4277
-3256
-2414
-1580
-503
293
587
867
1417
2157
2590
2633
2940
3565
4155
4444
4472
4404
4166
3585
2707
1889
1078
181
-705
-1616
-2404
-2873
-3043
-3021
-2997
-3048
-2927
-2552
-2113
-1806
-1475
-944
-378
61
552
1223
1959
2588
2971
3233
3367
3224
2909
2516
2084
1458
641
-9
-455
-756
-1100
-1481
-1580
-1589
-1741
-1875
-1924
-1789
-1599
-1595
-1488
-1070
-465
114
624
1228
1926
2548
2980
3285
3521
3622
3515
3181
2845
2576
2180
1676
1156
679
363
-7
-434
-721
-1065
-1465
-1908
-2345
-2807
-3716
-4681
-5141
-5263
-5271
-5516
-5550
-4827
-3840
-2998
-2340
-1475
-344
312
475
791
1471
2236
2541
2605
2982
3562
3994
4117
4171
4172
3869
3235
2431
1701
973
145
-632
-1387
-2072
-2542
-2779
-2828
-2887
-2924
-2764
-2425
-2096
-1819
-1373
-762
-199
263
746
1436
2166
2567
2809
3064
3108
2841
2418
2092
1844
1350
617
39
-204
-452
-860
-1206
-1374
-1452
-1690
-1959
-1949
-1727
-1612
-1635
-1489
-1030
-380
192
674
1247
1915
2424
2686
2945
3157
3314
3231
2834
2544
2345
2057
1585
1019
701
447
50
-407
-849
-1086
-1366
-1786
-2114
-2721
-3746
-4665
-5031
-4908
-4948
-5374
-5331
-4449
-3349
-2624
-2105
-1136
-84
318
286
559
1433
2141
2179
2229
2788
3531
3938
3931
3935
3949
3619
2856
2065
1449
816
170
-542
-1223
-1761
-2149
-2288
-2372
-2551
-2622
-2501
-2263
-2080
-1874
-1408
-785
-223
209
758
1461
2029
2378
2607
2755
2712
2470
2173
1933
1556
1050
663
339
-11
-398
-764
-993
-1159
-1413
-1667
-1783
-1697
-1645
-1671
-1514
-1194
-733
-266
91
609
1268
1830
2216
2459
2718
2927
2957
2817
2616
2395
2135
1848
1476
1100
832
523
137
-204
-654
-1086
-1350
-1538
-1972
-3106
-4334
-4755
-4629
-4635
-5206
-5513
-4720
-3688
-3043
-2677
-1831
-545
-8
-124
60
897
1767
1871
1858
2526
3362
3778
3774
3756
3889
3787
3168
2402
1825
1261
598
-65
-683
-1119
-1441
-1791
-2148
-2500
-2632
-2515
-2383
-2335
-2242
-1783
-1138
-648
-193
439
1223
1648
1684
1949
2418
2514
2138
1851
1951
1949
1556
1070
913
880
392
-294
-656
-709
-891
-1380
-1789
-1718
-1417
-1442
-1581
-1332
-865
-486
-265
12
666
1384
1727
1891
2141
2531
2777
2624
2364
2229
2173
1962
1542
1257
1115
871
466
-25
-376
-600
-943
-1239
-2018
-3457
-4222
-4369
-4457
-4874
-5645
-5351
-4221
-3498
-3267
-2847
-1608
-644
-688
-665
116
1277
1602
1273
1781
3007
3775
3693
3557
3865
3927
3381
2705
2368
2140
1442
597
72
-311
-682
-1169
-1655
-2017
-2329
-2438
-2452
-2414
-2305
-2089
-1629
-1216
-842
-223
507
911
932
1166
1731
2120
2079
1884
1993
2190
2023
1673
1486
1435
1081
385
-103
-232
-354
-766
-1233
-1329
-1158
-1158
-1378
-1470
-1247
-936
-818
-660
-161
571
1096
1290
1516
1926
2279
2281
2026
1903
2006
1944
1617
1368
1268
1207
878
343
55
-210
-598
-1169
-2202
-3164
-3725
-4010
-4181
-4706
-4992
-4496
-3747
-3350
-3308
-2723
-1709
-1276
-1323
-945
128
956
974
1119
2083
3126
3327
3058
3279
3705
3510
2780
2357
2440
2186
1382
738
553
356
-222
-907
-1303
-1536
-1784
-2011
-2162
-2105
-1955
-1749
-1541
-1291
-827
-322
31
80
190
682
1155
1305
1307
1599
2059
2143
1877
1688
1748
1604
1000
497
419
406
28
-429
-504
-372
-493
-839
-977
-924
-927
-1038
-1013
-602
-89
177
382
744
1136
1402
1445
1396
1444
1460
1379
1281
1214
1237
1210
962
643
500
380
120
-337
-1170
-2035
-2627
-3105
-3570
-4044
-4155
-3776
-3486
-3416
-3184
-2601
-2057
-2046
-2101
-1559
-698
-310
-251
399
1451
2081
2139
2367
3099
3442
2992
2550
2692
2818
2340
1753
1639
1685
1339
624
152
12
-407
-1030
-1393
-1468
-1467
-1613
-1712
-1576
-1381
-1211
-1103
-967
-737
-502
-284
-24
291
600
881
1087
1248
1402
1472
1452
1335
1204
1076
918
830
763
701
636
510
355
135
-134
-371
-564
-718
-812
-759
-513
-257
-52
116
261
452
530
466
436
504
566
564
564
662
746
654
523
433
372
236
12
-167
-484
-1046
-1555
-1930
-2257
-2533
-2678
-2504
-2294
-2251
-2158
-1869
-1543
-1512
-1630
-1447
-1049
-817
-646
-264
292
707
894
1182
1625
1823
1729
1699
1832
1843
1602
1441
1455
1361
1110
875
787
714
426
99
-29
-117
-305
-446
-462
-467
-535
-543
-472
-417
-420
-414
-299
-160
-63
84
285
401
469
505
559
626
554
500
474
396
347
305
304
333
293
201
139
62
-41
-134
-211
-264
-314
-283
-207
-11
206
254
298
299
283
269
121
46
161
202
152
116
88
61
-30
-126
-239
-388
-524
-578
-577
-548
-524
-518
-525
-648
-800
-854
-866
-940
-969
-847
-692
-557
-405
-216
-43
-29
-110
-124
-124
-131
-172
-157
-41
43
115
179
235
265
271
199
83
45
-5
-14
57
88
158
253
290
327
350
325
304
300
335
380
377
415
518
571
583
648
678
667
634
558
485
419
296
197
165
84
28
-2
-19
-50
-174
-276
-293
-318
-367
-367
-309
-213
-166
-175
-198
-230
-227
-245
-245
-164
-66
66
163
173
210
233
162
85
88
95
57
63
65
-8
-53
-65
-51
-39
-109
-181
-136
-93
-101
-62
-48
-83
-106
-116
-79
-18
-29
-14
46
79
37
-15
-15
-46
-72
-89
-100
-107
-123
-148
-196
-253
-341
-433
-483
-533
-590
-591
-568
-589
-592
-500
-406
-367
-313
-212
-85
-47
-25
86
155
192
273
373
478
554
594
690
773
731
715
751
718
643
538
452
444
364
257
207
167
92
-5
-81
-162
-208
-273
-316
-284
-288
-342
-347
-300
-262
-280
-318
-217
-113
-107
-49
4
42
89
125
174
203
220
237
275
286
235
207
221
212
173
157
131
110
127
88
28
20
9
20
34
-13
-73
-88
-98
-89
-72
-113
-79
-4
7
24
65
72
36
-36
-119
-134
-164
-262
-326
-374
-400
-371
-395
-436
-450
-479
-512
-537
-527
-493
-445
-437
-422
-346
-283
-221
-132
-57
25
104
189
259
350
464
512
571
630
609
597
615
579
527
469
379
284
192
136
129
75
-24
-72
-103
-177
-240
-317
-405
-406
-373
-332
-304
-310
-258
-216
-201
-128
-77
-23
35
55
137
249
276
330
409
389
330
290
288
260
216
220
215
212
198
175
226
232
188
141
39
-29
-53
-91
-131
-122
-57
-26
-29
13
91
116
107
63
26
31
26
47
67
92
86
-13
-42
-12
-105
-194
-218
-289
-364
-419
-418
-417
-485
-470
-438
-473
-463
-449
-401
-309
-293
-331
-305
-223
-134
-8
68
117
213
312
374
359
306
287
312
305
269
265
268
272
233
117
56
14
-95
-178
-210
-217
-212
-209
-243
-235
-245
-281
-259
-242
-242
-216
-174
-159
-90
-6
69
156
231
298
325
338
314
257
265
291
278
280
275
328
382
313
275
248
203
148
65
28
12
34
81
93
83
54
53
112
104
15
22
96
147
159
136
167
232
250
206
187
193
84
-43
-31
17
-23
-142
-186
-135
-119
-141
-163
-229
-346
-433
-519
-570
-574
-544
-499
-494
-486
-456
-377
-281
-237
-209
-136
-80
-95
-93
-27
25
79
148
164
196
190
124
102
94
91
86
64
48
12
-7
-34
-96
-136
-177
-206
-190
-185
-197
-170
-120
-98
-74
-34
10
62
108
133
121
150
185
170
211
234
225
268
277
287
316
266
215
228
229
180
107
113
144
124
121
119
116
100
105
125
112
116
139
168
238
273
271
303
313
313
325
300
260
247
173
158
187
118
47
-17
-52
-98
-177
-192
-228
-277
-288
-338
-370
-390
-454
-451
-420
-455
-473
-483
-474
-421
-360
-305
-258
-226
-199
-137
-133
-145
-83
-91
-106
-89
-93
-92
-92
-47
-6
-36
-76
-128
-139
-137
-163
-141
-134
-129
-101
-100
-77
-55
-49
-11
-9
0
63
119
163
173
202
251
273
287
262
245
280
257
235
244
208
183
203
230
215
170
155
123
55
57
94
111
125
97
84
140
170
158
190
222
214
217
271
324
305
314
363
377
366
312
256
221
169
143
146
85
26
18
-58
-150
-173
-243
-307
-328
-383
-364
-351
-416
-413
-376
-351
-324
-310
-304
-293
-293
-291
-254
-200
-157
-100
-57
-51
-40
-41
-75
-91
-117
-165
-175
-195
-235
-228
-232
-252
-264
-281
-266
-254
-271
-277
-272
-254
-184
-117
-72
-34
9
47
77
91
111
166
204
213
240
308
334
317
293
275
264
267
295
249
191
179
151
169
178
136
137
137
115
86
40
40
67
110
132
141
207
219
170
218
294
319
322
261
220
292
340
311
308
289
206
142
133
110
72
67
-21
-110
-130
-197
-200
-152
-196
-248
-299
-365
-347
-289
-254
-271
-277
-279
-262
-157
-81
-61
-51
-77
-93
-62
-32
-4
35
29
17
-3
-64
-120
-164
-187
-225
-273
-295
-332
-363
-366
-346
-328
-337
-344
-357
-349
-310
-273
-218
-161
-138
-67
9
12
21
52
97
193
213
207
242
220
224
213
193
193
195
225
196
138
111
94
105
137
117
70
53
56
72
85
90
99
129
155
139
173
242
293
350
327
314
332
306
318
371
371
325
283
247
275
249
127
71
60
12
-23
-26
-52
-104
-189
-199
-149
-203
-282
-303
-294
-214
-134
-155
-178
-135
-33
58
44
2
26
75
110
123
66
38
85
76
40
-11
-57
-106
-192
-233
-259
-293
-331
-396
-414
-380
-407
-415
-406
-421
-394
-413
-436
-356
-243
-185
-147
-124
-96
-71
-6
70
97
93
73
82
89
89
85
116
142
111
61
60
81
59
-12
-23
-8
-59
-58
-71
-64
19
32
9
50
95
136
178
197
232
281
318
374
381
385
381
333
387
402
348
318
270
258
274
260
242
240
168
41
25
29
-16
-46
-98
-102
-68
-61
-37
-34
-72
-82
-38
45
73
88
125
96
113
154
154
225
234
155
95
7
-36
-29
-29
-79
-133
-205
-298
-330
-363
-385
-369
-387
-406
-407
-500
-507
-401
-360
-349
-326
-306
-286
-203
-167
-171
-85
-50
-69
-13
-9
-5
39
-10
-19
40
30
-6
1
-12
-20
-25
-58
-59
-79
-146
-163
-132
-127
-91
-91
-85
-12
28
34
25
40
98
151
205
253
248
271
293
261
275
280
286
334
296
233
251
263
281
249
141
111
153
142
94
82
71
116
129
17
-19
25
52
105
146
133
136
138
143
204
219
221
234
227
227
186
168
204
160
79
5
-67
-98
-130
-126
-117
-216
-318
-359
-397
-378
-362
-346
-304
-350
-392
-373
-310
-205
-181
-204
-219
-198
-136
-62
3
19
-8
-87
-88
-6
37
62
49
-15
-82
-125
-115
-76
-93
-120
-122
-147
-202
-229
-218
-202
-149
-130
-149
-122
-129
-123
-50
16
63
99
113
92
86
151
227
265
228
194
252
288
261
230
205
192
169
153
157
157
141
94
92
106
55
26
41
87
100
31
-1
20
78
136
136
145
169
154
173
244
285
311
249
125
111
166
206
152
56
6
-20
-2
-71
-172
-151
-146
-176
-213
-283
-300
-259
-231
-187
-194
-257
-263
-215
-124
-71
-123
-127
-97
-104
-40
19
23
31
-13
-39
21
36
-29
-50
-57
-84
-77
-84
-135
-176
-198
-189
-175
-188
-209
-218
-185
-140
-154
-180
-152
-114
-49
14
19
39
97
98
109
154
140
143
165
184
218
240
227
202
187
142
140
159
125
117
98
68
106
148
97
45
45
58
61
16
-35
-14
41
84
84
66
83
121
159
160
161
163
157
168
154
160
155
102
69
50
36
34
-44
-128
-139
-173
-174
-198
-240
-196
-188
-221
-202
-183
-171
-166
-203
-160
-63
-46
-50
-68
-83
-5
56
60
56
15
-21
-13
17
-7
-37
-30
-48
-38
-62
-140
-151
-156
-150
-125
-165
-222
-249
-246
-197
-160
-121
-77
-107
-128
-63
-9
29
63
66
88
132
176
202
220
227
220
185
145
158
171
178
159
77
81
118
109
123
84
63
111
79
42
76
57
60
59
43
79
75
44
59
79
84
113
112
120
127
78
90
148
151
157
147
93
44
1
-49
-61
-59
-111
-129
-136
-177
-174
-147
-163
-144
-138
-210
-214
-190
-162
-80
-73
-81
-49
-64
-16
-3
-44
8
-6
-34
-2
-25
15
52
-19
-37
-53
-93
-73
-106
-144
-106
-112
-162
-189
-195
-167
-165
-187
-161
-124
-111
-106
-124
-107
-58
-25
31
37
62
118
148
196
200
167
162
147
146
158
169
183
174
140
125
117
115
108
26
26
78
76
91
63
26
50
72
68
60
46
59
91
50
25
77
80
88
121
107
119
121
94
102
103
102
79
10
-40
-26
23
33
-49
-122
-111
-121
-144
-136
-126
-114
-114
-117
-132
-103
-52
-60
-33
-29
-69
-54
-29
-17
10
8
-9
-3
-12
-21
-12
-7
-39
-75
-96
-100
-116
-139
-118
-88
-111
-169
-177
-156
-143
-150
-203
-230
-172
-110
-77
-72
-94
-96
-59
-2
51
95
92
77
78
75
112
169
187
195
175
127
120
128
134
139
136
91
52
83
107
94
93
82
47
65
45
2
57
91
49
32
28
50
84
67
64
66
70
94
92
100
110
72
57
49
9
-14
24
43
9
-57
-105
-81
-40
-50
-102
-120
-107
-107
-81
-49
-52
-62
-77
-46
-11
-29
-24
-24
-30
-30
-32
-9
38
29
-20
-16
-16
-29
-39
-65
-69
-74
-115
-103
-61
-68
-110
-166
-179
-138
-112
-126
-131
-153
-189
-198
-145
-65
-34
-27
-42
-25
6
4
16
76
129
153
146
113
126
173
178
189
180
120
107
100
115
146
108
75
78
55
58
73
40
28
7
-6
38
23
8
47
49
72
36
-9
28
47
60
55
48
48
33
36
37
34
44
39
34
13
-53
-75
-76
-67
-23
-27
-76
-114
-128
-96
-63
-66
-66
-83
-85
-85
-59
-4
24
38
3
-26
5
33
39
41
14
-2
0
-16
-2
-2
-7
-20
-79
-101
-120
-102
-68
-93
-112
-139
-158
-158
-167
-123
-108
-133
-110
-117
-97
-58
-55
-29
27
45
31
68
92
97
124
133
134
145
142
160
186
160
117
96
72
87
122
107
101
80
49
62
68
61
54
35
-3
12
46
24
19
23
19
32
31
16
17
21
15
41
58
21
-12
-10
16
28
-2
-10
0
-27
-54
-28
-2
-27
-75
-105
-82
-57
-62
-59
-63
-67
-71
-86
-58
-18
-19
-4
-11
-38
-8
-1
3
17
-7
-14
-34
-36
-20
-25
-20
-48
-70
-75
-104
-103
-104
-124
-104
-98
-126
-139
-138
-103
-86
-100
-101
-94
-66
-27
-9
2
12
3
19
41
85
138
137
119
111
131
170
175
139
117
110
112
106
92
113
132
86
49
40
51
74
66
57
41
8
15
16
14
29
23
9
13
16
11
32
50
26
14
26
29
33
36
34
34
32
21
16
18
14
-11
-36
-42
-40
-25
-28
-45
-37
-71
-85
-51
-32
-34
-41
-43
-35
-31
-55
-41
-8
-35
-58
-48
-37
-40
-46
-70
-47
-9
-60
-96
-83
-94
-80
-79
-141
-144
-132
-105
-73
-75
-95
-140
-161
-137
-68
-45
-75
-95
-73
-25
1
9
26
52
72
80
91
125
134
124
122
122
117
114
120
118
118
120
119
89
57
53
48
63
68
58
73
46
9
38
51
37
39
33
48
60
40
62
78
59
70
65
42
19
-9
35
73
48
19
-9
-9
-6
-7
19
14
-35
-53
-35
-13
9
-11
-45
-37
-15
-18
-21
-23
-49
-44
-45
-57
-32
-24
-42
-38
-33
-37
-56
-84
-82
-77
-83
-98
-93
-88
-98
-110
-120
-109
-112
-113
-104
-94
-81
-88
-103
-98
-77
-59
-61
-53
-40
-44
-14
-3
0
22
27
49
62
71
87
109
129
125
119
100
91
90
81
102
85
78
88
53
73
86
44
42
48
42
45
29
36
48
54
40
9
24
12
-8
28
23
1
18
10
24
37
12
14
11
-9
-3
-1
-5
5
-19
-26
11
23
9
-16
-21
8
29
14
-6
-8
17
22
-8
-21
-7
-4
-18
-31
-37
-26
-25
-44
-51
-41
-52
-61
-32
-23
-44
-44
-63
-83
-75
-76
-63
-47
-72
-94
-81
-54
-39
-51
-81
-84
-55
-35
-34
-50
-44
-4
-2
-2
37
35
22
43
31
36
68
58
54
65
66
65
77
62
45
60
47
34
27
33
60
63
55
48
26
32
20
-5
0
3
37
27
3
10
15
28
9
2
6
3
-10
-18
-5
5
12
8
13
18
0
-2
8
30
37
-1
-1
20
17
27
23
14
11
23
10
-6
-8
-23
-21
-28
-42
-49
-37
-31
-25
-15
-24
-31
-36
-33
-50
-54
-45
-61
-60
-50
-48
-22
-23
-70
-80
-66
-63
-41
-37
-62
-53
-52
-38
4
-9
-11
-9
-8
13
27
23
8
23
18
24
52
57
64
51
37
31
42
47
40
71
73
66
69
66
50
22
22
12
24
38
18
34
48
34
26
0
-25
-18
-20
-13
1
5
12
14
-5
-3
6
-16
-16
-16
0
8
-7
7
17
16
20
17
23
25
11
33
38
15
29
17
18
37
9
-13
-21
-35
-37
-33
-45
-59
-55
-38
-47
-54
-62
-73
-60
-64
-82
-79
-76
-68
-55
-61
-56
-26
-38
-59
-52
-46
-42
-38
-13
-10
-4
12
11
18
5
-13
-2
8
19
38
25
27
34
38
53
47
30
36
43
39
50
40
45
67
58
50
48
56
59
57
43
51
61
27
16
22
21
13
-12
-5
9
-6
-21
-16
-6
-6
-13
-26
-7
18
15
-2
2
20
20
23
15
19
33
26
33
39
43
35
25
35
36
36
39
38
28
5
-22
-23
-17
-46
-56
-43
-52
-56
-70
-85
-90
-88
-92
-105
-90
-64
-58
-58
-73
-75
-56
-59
-57
-41
-54
-67
-41
-34
-28
-30
-40
-23
2
1
-19
10
28
13
25
31
27
44
49
32
32
28
43
66
40
34
63
51
36
50
51
45
45
27
37
44
18
31
50
44
18
15
41
34
13
10
1
-1
3
-10
3
5
-10
-2
-7
-18
-1
0
-5
-14
2
29
11
11
21
35
25
-2
16
53
56
46
43
48
59
51
33
12
14
12
5
-7
-24
-28
-33
-53
-84
-74
-67
-90
-90
-109
-111
-79
-94
-78
-59
-79
-70
-37
-20
-28
-48
-53
-20
-13
-31
-18
6
6
-3
-9
13
15
4
16
35
34
19
26
29
36
30
26
21
18
22
28
27
16
24
34
32
27
39
39
24
35
39
22
22
17
29
30
3
0
23
8
-3
4
-21
-12
-11
-32
-27
-27
-34
-16
-21
-27
-14
-6
14
18
5
12
29
47
57
61
73
59
66
74
47
47
49
38
36
21
20
31
2
-19
-2
-32
-57
-53
-66
-60
-53
-74
-68
-52
-75
-79
-60
-61
-71
-61
-64
-55
-37
-41
-31
-23
-27
-29
-8
-10
-24
-14
-10
3
10
5
18
25
19
16
21
21
16
25
31
37
45
55
31
9
20
19
25
22
18
24
18
15
17
20
26
26
21
26
30
22
4
-14
-8
23
23
7
2
-10
-11
-22
-38
-29
-23
-22
-18
-6
-6
-22
-4
12
15
29
11
17
54
39
17
24
48
55
56
45
49
67
32
18
28
23
20
8
-2
10
-4
-33
-37
-36
-61
-73
-50
-63
-74
-66
-75
-70
-69
-78
-56
-56
-51
-50
-41
-27
-28
-16
-17
-13
-2
1
-8
-18
-10
1
-1
-24
-25
-8
3
6
-4
2
4
-3
1
5
2
10
10
8
17
14
28
37
17
27
31
37
48
43
48
57
65
52
54
60
46
43
43
35
32
30
7
-11
-2
-1
-10
-10
-14
-10
-1
-10
-2
3
9
7
2
20
35
14
10
38
38
30
21
24
48
28
-4
11
30
20
-11
-9
8
1
-22
-43
-24
-13
-34
-31
-23
-34
-42
-56
-63
-43
-51
-60
-59
-53
-45
-49
-56
-66
-58
-27
-22
-26
-20
-17
-9
-7
-22
-34
-18
-5
-6
-11
-14
-19
-18
-20
-19
-18
-21
-6
-16
-23
8
27
10
9
27
14
20
24
15
36
37
19
25
41
38
45
39
35
56
49
28
33
36
39
37
23
29
15
-2
23
27
0
-15
-12
-4
-4
-2
5
13
15
10
8
