7
-9
13
11
-11
31
-5
20
11
-20
30
-6
7
10
2
-7
-5
27
15
-19
11
-12
2
13
-34
-10
27
-26
-3
49
-74
31
17
-95
84
-10
-47
87
-59
27
32
-66
81
-21
-14
63
-65
39
36
-67
65
-12
-39
51
-58
-36
41
-59
-12
50
-87
-13
60
-69
24
37
-89
59
-14
-58
70
-66
39
42
-69
98
-24
4
106
-91
37
24
-75
83
-45
-10
78
-67
5
6
-22
59
-28
-16
25
-47
9
4
-49
26
-17
-17
25
-33
28
-32
-8
65
-51
37
50
-37
56
10
-10
11
-33
2
-4
-18
-4
32
-5
-20
14
-22
46
3
-67
50
-42
-24
69
-84
40
48
-122
103
-19
-81
117
-96
50
60
-117
113
-51
-51
125
-87
34
56
-108
58
-2
-42
47
-75
42
36
-105
88
-2
-91
142
-82
-81
147
-110
19
96
-132
79
3
-76
114
-109
20
75
-91
76
-45
-5
67
-67
66
-51
-2
84
-125
61
38
-86
82
-24
-7
79
-94
16
33
-65
58
9
-57
43
12
-39
35
5
-8
42
-36
-12
25
-34
8
0
-10
32
-12
-5
-34
-18
4
-28
9
-19
-8
-14
-35
24
-14
-57
32
-5
17
-3
-20
22
21
29
-21
24
42
-2
0
23
5
-48
16
43
-74
82
0
-105
118
-18
-42
56
-22
32
4
22
24
-8
24
-28
24
7
-44
51
1
-45
74
-43
0
56
-57
23
-40
-7
9
-66
47
-44
-22
58
-65
15
8
-44
34
-12
6
22
-4
4
-20
-3
-7
10
-21
5
23
-7
-52
10
53
-64
21
28
-30
-7
-4
26
-19
-21
31
-30
-6
-19
5
-4
43
3
-78
109
-8
-47
76
-31
4
48
-33
17
20
-42
30
39
-49
54
0
-49
23
-5
-52
6
5
-27
43
-20
-49
24
-29
-22
32
-86
48
21
-42
71
-37
-1
48
-21
22
45
-12
-26
-7
43
9
-4
26
-13
32
-1
16
21
-55
67
-70
-19
103
-108
18
58
-130
22
42
-142
77
-5
-110
68
-4
-30
42
-2
-71
58
41
-37
60
-22
0
82
11
40
10
-1
-11
23
30
-40
54
11
-55
10
-47
9
-7
-70
16
-20
-25
-2
-30
-4
-31
-37
36
-23
12
39
-50
63
-9
-2
58
-18
54
3
42
-10
-16
67
-53
-6
-12
-35
7
-48
-31
-27
55
-33
-56
71
-113
14
90
-109
40
27
-49
48
37
-11
82
1
-50
95
-26
7
77
-95
30
103
-118
51
41
-111
52
2
-71
45
-31
-13
17
-76
57
-52
-17
30
-54
69
-19
25
-15
13
33
-63
128
-20
-16
72
-77
71
15
-70
70
-43
-20
0
-48
65
-68
26
10
-95
82
-75
-30
62
-15
-7
31
-9
3
-17
-15
27
-21
-1
-17
53
-46
11
50
-34
41
-33
-8
1
-23
46
-68
32
7
-88
103
-29
-55
85
-59
6
32
-79
47
-2
34
3
-2
-6
-22
6
-21
4
-17
74
-9
23
50
-52
50
16
-49
43
-38
30
29
-34
35
-87
28
3
-69
58
-39
-82
111
-41
-40
72
-73
46
44
-21
-43
35
27
-43
43
-6
-2
80
-125
96
47
-126
145
-83
-7
73
-70
77
-21
-47
46
-96
33
-2
1
19
-84
-37
-22
67
-32
1
19
-16
46
-2
12
42
-20
-10
2
18
-32
9
37
-61
1
6
-33
-9
19
-66
29
33
-65
65
-28
-31
60
-50
57
-49
-19
58
-87
124
-48
-31
102
-113
52
42
-22
42
-54
19
23
8
-5
-46
89
-87
-43
106
-67
62
-31
-103
76
-9
-3
61
-109
73
35
-17
62
-94
47
-50
-8
117
-57
10
8
-22
91
-93
56
27
-74
39
-107
58
62
-88
12
-28
-24
28
-21
5
74
-36
-91
147
-55
-37
107
-93
29
-2
-57
89
-61
-26
65
-63
25
-13
-19
44
-18
-50
-28
41
16
-54
4
-1
14
52
-60
62
15
-32
56
-11
81
-17
-47
98
9
6
9
-36
6
-5
-29
-32
36
-23
-75
33
-51
-9
56
-80
18
65
-58
17
48
-97
45
68
-78
88
23
-70
101
-23
-48
69
-58
-52
22
-34
-40
43
-33
-74
9
-11
-25
-12
11
28
4
-21
-11
53
10
-18
67
-2
-18
107
-38
-29
84
-94
58
69
-71
54
-77
22
104
-113
97
-30
-169
178
-50
-86
107
-65
-6
57
-20
-35
45
-3
-6
40
-29
33
55
-56
16
41
-41
88
-35
-94
97
-86
-62
92
-59
42
11
-66
16
-17
-9
10
-1
-26
35
17
-48
75
-30
-22
109
-128
28
43
-81
76
-18
-32
14
-38
-11
7
-56
19
-32
-67
43
-33
4
42
-37
22
2
-64
31
72
-48
-19
73
-62
55
25
-48
109
-85
18
92
-114
71
-10
-25
69
-68
1
35
-12
-11
67
-50
47
22
-108
118
-42
-94
155
-83
-54
72
-78
39
26
-56
19
-13
-14
-1
-30
78
-35
61
46
-61
92
-35
-39
58
-64
32
34
-21
20
-41
82
-66
11
40
-105
53
-38
-32
15
57
-38
-34
24
-114
65
11
-104
137
-15
-74
89
-30
34
19
-50
-10
23
35
-47
31
59
-75
42
12
-35
17
-62
17
5
16
-15
-26
71
-32
-46
45
-58
35
37
-54
22
-11
42
-39
33
-20
-37
97
-58
-36
63
-16
10
42
-51
59
-45
4
41
-55
56
-51
16
24
-83
36
7
0
-44
33
40
-114
52
7
-67
80
-41
-49
51
-27
2
-36
61
-23
-29
95
-79
30
26
-30
22
-36
26
43
-9
9
12
-1
-7
39
29
-85
-2
62
-59
12
36
-98
65
39
-78
83
-62
-28
53
-40
44
-14
-29
-7
-7
62
-28
34
7
-58
52
-19
-20
12
69
-90
-28
85
-42
-18
-19
64
-89
10
142
-148
80
79
-116
151
-36
-80
111
-107
-9
114
-90
-17
53
-4
44
-15
-67
72
-40
11
4
-94
73
12
-44
-17
70
-139
26
117
-173
140
-42
-116
220
-168
30
91
-164
163
-38
-93
149
-91
-70
118
-31
-31
19
-10
6
-3
-21
32
-38
37
1
-24
48
-19
19
-74
76
-38
-15
59
-159
142
29
-126
142
-88
-59
132
-68
8
58
-43
-49
51
0
-55
56
-42
-3
16
-21
62
-57
51
15
-31
75
-75
48
-3
-81
60
-4
-57
26
11
-7
54
-22
-9
35
4
2
-22
11
29
4
8
-52
-35
15
-18
8
-6
-40
31
28
-19
-16
17
30
-14
21
-34
4
29
-34
19
7
-17
36
-6
-48
50
-5
-38
65
5
-59
31
-14
-8
37
-19
-2
28
-61
5
41
-72
42
17
-46
95
-25
-15
58
-74
61
-46
-74
66
30
-38
-11
20
-55
70
12
-68
45
-41
9
26
-52
73
-49
-36
80
-65
14
37
-44
71
-51
-73
54
-6
-38
50
20
-18
62
-50
-5
87
-69
29
16
-100
81
-34
-10
47
-115
41
48
-98
111
-15
-61
124
-67
6
-40
-67
147
-61
-40
115
-101
-10
70
-74
20
78
-89
22
25
-70
65
-49
42
13
-126
106
13
-75
76
25
-84
44
62
-70
79
-6
-65
37
-9
-16
-1
30
-43
-12
41
-12
-12
-11
40
-14
-44
21
-5
5
-15
-42
30
55
-28
0
48
-65
13
53
-98
95
13
-70
90
-101
9
19
-43
108
-52
-48
136
-56
-5
91
-91
35
36
-45
18
29
-33
-23
13
-1
-7
-49
104
-21
-118
141
-79
15
79
-133
64
46
-81
10
-5
-28
18
-90
-1
-6
30
54
-38
40
-5
-49
90
12
-61
7
-36
-2
26
19
-42
52
-30
-24
44
-33
68
-48
5
50
-99
92
-44
7
61
-132
94
-33
-57
61
-90
18
53
-85
18
-16
33
42
-56
-8
-26
66
36
-64
28
-27
-18
54
-68
29
45
-12
5
20
16
-31
57
3
12
63
-56
-6
8
13
21
-61
15
-3
-43
76
-26
-31
63
-6
14
-20
-47
19
26
-11
17
-20
-9
-13
-13
40
-8
32
-1
-41
27
-19
-10
49
-33
8
-15
-20
36
-4
-23
-27
48
-32
3
73
-92
-6
37
-41
38
-9
4
20
-43
12
-58
5
76
-89
41
9
-64
78
-29
-12
3
-26
23
9
-1
-16
34
32
-54
35
5
-12
5
-84
72
44
-42
3
-28
25
12
3
32
-8
-27
-27
15
19
-27
-17
-7
-51
43
16
-24
48
2
-25
-12
49
22
2
4
-35
-2
-1
-39
28
7
7
-6
-40
57
23
-46
4
1
-12
49
-15
-11
31
-40
7
34
-69
0
56
-27
0
-15
-2
36
10
12
16
-23
16
20
-21
22
-17
-23
58
-4
-34
41
-49
-8
21
-8
17
-2
25
-41
-30
44
-9
-9
-29
-5
9
-41
43
-43
-21
58
-54
2
-10
4
44
-34
-12
-19
29
26
-63
-11
7
-7
46
-25
2
42
-47
22
14
-4
34
-73
17
49
-44
46
-9
-13
0
-45
14
21
25
-7
-23
10
21
25
-7
1
-9
15
25
-6
33
16
-23
29
17
-17
53
11
-29
33
-20
8
51
-27
4
14
-1
-32
-5
52
-9
-12
-23
-13
39
-8
-41
-49
8
6
-46
16
-16
-41
17
2
-26
21
-23
-36
47
-11
-17
18
-17
12
-2
-21
35
11
-36
5
18
-7
30
-18
-13
1
-50
15
-22
-25
15
-66
5
16
-47
33
-4
-44
2
-5
-18
-13
-4
-10
7
-13
0
53
28
38
43
48
59
45
89
95
76
88
63
77
89
62
49
56
41
16
21
0
-3
-9
4
-10
-39
-41
-63
-56
-57
-41
-39
-83
-57
-74
-110
-62
-58
-77
-78
-85
-95
-71
-75
-102
-87
-120
-158
-139
-125
-161
-177
-175
-174
-151
-183
-199
-181
-168
-157
-146
-128
-102
-92
-58
6
35
61
73
97
172
203
211
259
281
307
332
340
370
376
357
346
341
325
325
292
254
251
219
202
190
156
146
106
74
89
62
35
30
45
63
63
58
64
61
87
134
134
157
151
127
157
140
84
101
74
13
54
19
27
70
-20
-26
-69
-196
-217
-449
-751
-881
-1055
-1009
-994
-1143
-1148
-1200
-1153
-1149
-1164
-1030
-1048
-993
-889
-756
-428
-222
-35
160
272
418
478
670
895
953
1110
1173
1256
1415
1324
1278
1205
978
800
602
514
439
284
186
42
-89
-257
-502
-630
-788
-962
-1024
-1022
-889
-753
-647
-510
-368
-216
-108
78
309
485
629
728
903
1061
1096
1109
1066
1029
970
839
782
721
574
449
329
229
145
44
-44
-94
-163
-254
-256
-269
-272
-241
-224
-117
-28
52
154
215
294
307
298
338
389
397
355
347
307
202
94
-53
-220
-417
-818
-1614
-2287
-2447
-2337
-2093
-2297
-2638
-2524
-2443
-2373
-2239
-1971
-1620
-1583
-1385
-830
-70
644
920
1170
1448
1531
1702
2015
2370
2520
2384
2328
2364
2342
2153
1797
1482
964
291
-91
-225
-253
-479
-848
-1002
-1128
-1299
-1475
-1480
-1340
-1394
-1380
-1190
-821
-403
-212
17
215
391
628
887
1285
1478
1497
1513
1495
1595
1554
1368
1197
935
740
544
364
274
19
-246
-432
-559
-507
-418
-351
-302
-277
-207
-75
74
203
318
388
484
704
884
965
1055
1037
928
818
715
686
648
469
233
152
36
-156
-349
-675
-909
-1148
-1559
-1876
-2527
-3393
-3758
-3705
-3285
-3081
-3289
-3264
-2989
-2651
-2366
-1995
-1374
-925
-659
-191
615
1572
2120
2332
2543
2652
2693
2796
2976
3120
2943
2531
2224
2002
1714
1236
664
69
-695
-1340
-1596
-1619
-1580
-1730
-1917
-1898
-1883
-1853
-1646
-1268
-881
-677
-460
64
722
1172
1374
1519
1735
1920
2027
2177
2275
2134
1807
1486
1362
1216
868
493
183
-99
-406
-645
-746
-796
-976
-1167
-1102
-811
-523
-303
-59
188
371
558
802
1038
1192
1238
1297
1470
1594
1542
1451
1324
1064
737
415
236
72
-239
-463
-688
-829
-848
-1089
-1266
-1405
-1715
-1902
-2146
-2459
-3001
-3669
-3737
-3350
-2726
-2533
-2820
-2544
-2066
-1765
-1401
-1072
-458
41
182
640
1405
2180
2461
2343
2374
2369
2241
2208
2263
2265
1966
1432
1164
963
523
34
-493
-1004
-1514
-1852
-1746
-1445
-1292
-1393
-1417
-1166
-922
-703
-357
131
465
552
806
1339
1813
1931
1871
1929
1973
1896
1767
1646
1519
1118
563
284
197
-1
-318
-610
-786
-931
-1064
-1008
-838
-748
-763
-653
-283
122
439
695
916
1097
1195
1318
1507
1587
1540
1444
1422
1433
1310
1099
802
466
115
-265
-433
-493
-645
-843
-1064
-1018
-903
-955
-1011
-1076
-1063
-1184
-1484
-1585
-1813
-2467
-3145
-3417
-3055
-2348
-2192
-2578
-2524
-2126
-1824
-1645
-1401
-815
-329
-134
184
929
1830
2168
2056
2023
2111
2150
2121
2240
2400
2212
1695
1326
1141
794
273
-267
-708
-1119
-1448
-1467
-1175
-951
-1087
-1173
-956
-673
-432
-147
346
762
759
754
1108
1541
1723
1621
1585
1673
1552
1309
1144
1032
699
128
-215
-272
-266
-390
-601
-703
-803
-895
-836
-605
-369
-286
-141
181
548
859
1051
1169
1260
1303
1343
1444
1487
1402
1256
1132
1060
894
645
311
-14
-241
-550
-673
-657
-717
-757
-928
-962
-870
-837
-724
-584
-335
-311
-622
-1055
-1415
-1519
-2174
-3159
-3475
-3235
-2584
-2410
-2864
-2810
-2431
-2261
-2277
-2020
-1223
-475
-108
250
1047
2037
2456
2314
2314
2557
2628
2548
2645
2829
2676
2137
1530
1109
716
104
-500
-953
-1364
-1684
-1747
-1521
-1323
-1380
-1445
-1247
-867
-533
-121
445
981
1190
1099
1312
1753
1938
1915
1794
1791
1744
1452
1153
929
648
54
-495
-623
-606
-636
-807
-944
-935
-951
-931
-739
-391
-137
-2
258
648
1082
1337
1419
1526
1557
1498
1514
1586
1510
1266
1034
889
729
471
138
-162
-415
-599
-840
-1015
-990
-1026
-944
-825
-785
-668
-653
-537
-238
0
61
-300
-1004
-1504
-1702
-2256
-3160
-3626
-3388
-2766
-2577
-3096
-3144
-2646
-2455
-2449
-2135
-1175
-176
278
689
1515
2418
2733
2558
2626
2911
2957
2847
2861
2970
2701
1944
1205
709
160
-572
-1100
-1386
-1684
-2002
-2152
-1908
-1599
-1613
-1578
-1128
-524
-23
446
1059
1692
1872
1656
1769
2197
2381
2239
2016
1994
1859
1330
805
470
131
-488
-1091
-1163
-1048
-1084
-1247
-1280
-1060
-953
-909
-705
-280
103
287
610
1096
1544
1741
1744
1831
1824
1663
1515
1431
1364
1170
900
721
508
160
-180
-530
-836
-1099
-1278
-1188
-1009
-917
-908
-878
-705
-489
-319
-160
173
431
356
101
-513
-1211
-1590
-2278
-3223
-3701
-3764
-3369
-3006
-3327
-3513
-3212
-2950
-2712
-2316
-1394
-287
339
874
1654
2587
3124
3064
3046
3210
3294
3181
3064
3051
2751
1986
1072
379
-185
-862
-1482
-1847
-2124
-2355
-2388
-2193
-1850
-1630
-1477
-985
-266
365
962
1589
2174
2477
2321
2181
2416
2603
2463
2152
1887
1619
1103
451
-74
-454
-991
-1620
-1786
-1602
-1417
-1361
-1383
-1178
-911
-779
-477
34
528
807
1073
1526
1931
2150
2122
2034
1957
1756
1563
1434
1272
1053
753
409
105
-236
-515
-760
-1039
-1264
-1526
-1412
-1033
-887
-682
-653
-581
-148
-21
240
723
917
969
418
-312
-984
-1704
-2168
-3231
-4294
-4467
-4253
-3643
-3625
-4195
-4003
-3598
-3261
-2774
-1990
-560
615
1158
1738
2659
3613
3840
3642
3681
3829
3866
3629
3400
3140
2409
1244
87
-601
-1153
-1824
-2344
-2709
-2927
-3010
-2871
-2374
-1894
-1551
-1037
-236
697
1443
2159
2858
3260
3202
2811
2911
3212
3052
2709
2176
1722
1142
181
-571
-1028
-1497
-2178
-2575
-2278
-1895
-1729
-1719
-1570
-1072
-682
-317
279
983
1531
1738
2060
2545
2769
2792
2598
2359
2187
1821
1547
1328
965
596
94
-263
-514
-873
-1225
-1468
-1613
-1752
-1623
-1382
-1046
-839
-772
-306
99
492
771
687
1168
1432
1084
438
-857
-1754
-2327
-3433
-4699
-5378
-5136
-4505
-4410
-5065
-5157
-4323
-3711
-3364
-2702
-1225
459
1275
1826
2885
4136
4586
4151
4013
4441
4601
4169
3655
3332
2757
1520
150
-676
-1238
-1991
-2787
-3143
-3269
-3333
-3140
-2799
-2122
-1539
-1018
-71
894
1788
2552
3127
3684
3871
3557
3364
3466
3326
2763
2100
1526
896
24
-913
-1650
-2124
-2605
-3030
-2896
-2422
-2053
-1809
-1460
-847
-225
246
685
1301
1962
2316
2578
2923
3154
3115
2748
2383
2163
1887
1487
1027
642
262
-177
-561
-900
-1201
-1553
-1797
-1886
-1942
-1703
-1499
-1210
-773
-621
-9
546
724
1208
1289
1457
1651
1434
1060
-116
-1421
-2519
-3397
-4238
-5588
-6170
-5816
-5201
-5120
-5809
-5460
-4370
-3585
-2910
-2030
-234
1472
2210
2883
3941
5103
5385
4857
4773
4997
4868
4253
3472
2886
1934
517
-739
-1637
-2246
-3015
-3657
-3810
-3879
-3674
-3290
-2676
-1808
-1094
-193
913
2037
2895
3449
4069
4383
4422
4277
3950
3730
3193
2476
1771
858
-130
-1266
-2240
-2847
-3302
-3554
-3604
-3226
-2591
-2154
-1650
-998
-197
556
1053
1686
2356
2864
3149
3228
3333
3318
3047
2627
2194
1857
1442
886
407
60
-284
-711
-1158
-1441
-1578
-1732
-1859
-1967
-1826
-1455
-1095
-507
-21
353
826
1027
1333
1623
1704
1791
1752
1799
1109
-434
-2012
-3324
-3906
-5030
-6600
-7042
-6673
-5788
-5652
-6179
-5513
-4365
-3574
-2963
-1786
347
2097
2972
3647
4692
5770
5851
5363
5306
5336
4989
4118
3224
2622
1526
60
-1314
-2326
-2998
-3773
-4202
-4260
-4191
-3919
-3510
-2644
-1651
-786
260
1433
2573
3313
3933
4635
4934
4875
4585
4198
3732
3015
2170
1444
738
-442
-1755
-2676
-3444
-3917
-4151
-4057
-3383
-2713
-2245
-1601
-703
234
933
1455
2074
2752
3236
3491
3653
3632
3409
3001
2507
2122
1739
1236
686
184
-214
-478
-815
-1165
-1529
-1828
-1764
-1876
-1891
-1732
-1680
-1026
-443
69
850
1054
1354
1635
1780
2092
1891
1703
1447
671
-594
-2348
-3543
-4183
-5437
-6965
-7607
-7067
-5997
-5704
-6253
-5860
-4517
-3323
-2462
-1381
639
2592
3499
4001
4959
6149
6353
5700
5267
5228
5052
4202
3136
2253
1158
-397
-1915
-2868
-3435
-3905
-4397
-4591
-4402
-3997
-3313
-2443
-1460
-453
693
1947
3003
3853
4558
5069
5288
5122
4807
4530
3899
2968
1994
1023
207
-960
-2324
-3178
-3955
-4580
-4768
-4488
-3586
-2817
-2230
-1444
-498
585
1334
1961
2620
3086
3593
3864
3994
3985
3556
3075
2497
1929
1528
1017
536
-1
-514
-778
-1097
-1424
-1720
-1991
-2082
-2168
-2019
-1630
-1394
-896
-478
-46
900
1244
1438
1745
1828
2259
2125
1711
1577
901
-361
-2242
-3772
-4459
-5491
-6765
-7573
-7294
-6201
-5903
-6285
-5872
-4596
-3331
-2508
-1403
629
2654
3760
4259
5058
6129
6424
5907
5387
5299
5143
4288
3160
2143
1066
-376
-1908
-2986
-3710
-4135
-4474
-4702
-4504
-4081
-3380
-2418
-1423
-363
828
2080
3181
4021
4750
5301
5520
5376
4967
4709
4212
3039
1851
887
1
-948
-2254
-3318
-3891
-4420
-4886
-4957
-4284
-3263
-2378
-1507
-567
520
1414
1947
2607
3290
3795
4025
4015
4070
3897
3314
2612
1916
1320
771
248
-180
-549
-856
-1203
-1626
-1925
-2147
-2192
-2093
-2050
-1850
-1502
-853
-141
405
991
1389
1761
2019
2164
2410
2375
2090
1632
1002
-120
-1947
-3740
-4844
-5677
-6923
-7800
-7628
-6639
-5943
-6374
-6176
-4844
-3479
-2373
-1449
335
2577
3860
4509
5232
6293
6711
6073
5552
5391
5203
4445
3125
2023
1022
-468
-2012
-3120
-3839
-4328
-4782
-4946
-4717
-4158
-3441
-2594
-1458
-383
762
2080
3260
4186
4844
5353
5645
5582
5238
4843
4361
3398
2080
929
-124
-1138
-2206
-3315
-3988
-4460
-4925
-5019
-4569
-3732
-2845
-1875
-773
334
1356
2077
2714
3363
3777
4034
4141
4153
4048
3624
2951
2180
1491
844
168
-325
-678
-996
-1280
-1623
-1990
-2182
-2262
-2316
-2117
-1768
-1350
-703
-250
300
982
1337
1958
2265
2351
2595
2416
2257
1922
1206
-64
-1952
-3507
-4681
-5776
-6889
-7728
-7604
-6915
-6503
-6550
-6130
-4882
-3594
-2599
-1524
258
2310
3663
4453
5310
6284
6710
6305
5770
5548
5254
4416
3206
2132
1162
-256
-1766
-3011
-3870
-4360
-4892
-5025
-4790
-4260
-3454
-2668
-1621
-464
721
1989
3113
4106
4865
5431
5762
5640
5308
4982
4415
3416
2167
1026
35
-1137
-2532
-3676
-4294
-4680
-4943
-4918
-4370
-3474
-2623
-1739
-737
348
1284
1979
2689
3305
3737
3938
4000
4037
3821
3439
2862
2191
1613
962
317
-190
-639
-968
-1244
-1581
-1895
-2200
-2290
-2315
-2298
-1934
-1556
-876
-84
316
984
1552
1906
2283
2184
2253
2415
2238
1955
1164
-91
-1791
-3502
-4525
-5513
-6655
-7479
-7662
-6813
-6077
-6172
-5849
-4806
-3470
-2389
-1500
157
2234
3720
4420
5056
6115
6705
6332
5664
5315
5114
4334
3064
2029
1095
-194
-1716
-2973
-3743
-4312
-4778
-5025
-4776
-4161
-3485
-2647
-1603
-473
659
1790
2936
3983
4737
5229
5516
5546
5219
4787
4291
3415
2261
1087
17
-948
-2188
-3562
-4345
-4718
-4925
-5004
-4692
-3691
-2645
-1761
-851
189
1293
2021
2625
3315
3825
4116
4170
4122
4005
3579
2888
2153
1536
950
340
-151
-578
-889
-1170
-1588
-1939
-2104
-2186
-2201
-2167
-1980
-1465
-848
-205
470
1082
1578
1908
2050
2199
2391
2388
2213
1821
1045
-226
-1823
-3421
-4648
-5678
-6792
-7487
-7381
-6668
-6050
-6040
-5722
-4615
-3395
-2383
-1374
255
2227
3599
4384
5142
6139
6615
6157
5583
5236
4948
4163
3008
2068
1116
-165
-1648
-2884
-3652
-4229
-4804
-5001
-4746
-4133
-3387
-2576
-1502
-467
590
1735
2795
3787
4571
5156
5478
5479
5224
4774
4220
3380
2234
1060
25
-956
-1955
-2962
-3897
-4719
-5288
-5204
-4553
-3663
-2771
-1960
-969
80
1081
1927
2537
3108
3525
3872
4164
4284
4149
3624
2895
2126
1518
1028
448
-72
-522
-879
-1090
-1341
-1702
-2095
-2382
-2338
-2131
-1828
-1351
-877
-153
465
875
1496
1906
2192
2473
2447
2450
2322
1899
1079
-473
-2178
-3740
-4859
-5826
-7023
-7508
-7104
-6308
-6019
-6260
-5598
-4285
-3198
-2459
-1422
649
2614
3687
4437
5420
6491
6588
5833
5378
5294
4995
4045
2899
2139
1223
-202
-1805
-3055
-3804
-4497
-5061
-5204
-4854
-4077
-3382
-2600
-1557
-532
595
1637
2633
3592
4433
5201
5524
5494
5301
4948
4326
3148
1875
1013
191
-867
-2107
-3244
-3880
-4297
-4627
-4573
-4136
-3425
-2679
-1858
-794
244
1052
1625
2144
2757
3306
3672
3871
3933
3838
3536
3028
2422
1781
1139
566
69
-310
-564
-852
-1287
-1731
-2100
-2312
-2360
-2349
-2104
-1540
-881
-187
422
927
1363
1576
1867
2135
2326
2347
1985
1598
650
-886
-2425
-3738
-4752
-5947
-6925
-6992
-6324
-5749
-5917
-5775
-4735
-3640
-2927
-2363
-986
969
2344
3262
4294
5595
6310
5951
5474
5314
5060
4400
3444
2691
2016
984
-288
-1582
-2603
-3509
-4412
-4880
-4958
-4594
-3880
-3095
-2174
-1289
-309
778
1723
2527
3272
4111
4808
5125
5202
5183
5003
4305
3126
1920
891
33
-1017
-2171
-2995
-3580
-4002
-4300
-4276
-3831
-3286
-2725
-1984
-985
54
879
1492
2048
2590
3096
3447
3673
3793
3701
3429
2980
2449
1938
1395
819
304
-124
-412
-724
-1185
-1661
-2043
-2266
-2395
-2318
-1982
-1481
-896
-348
210
767
1290
1638
1810
2068
2190
2091
1798
928
-341
-1650
-2762
-3834
-5116
-6133
-6552
-6233
-5806
-5912
-5708
-4897
-3967
-3271
-2798
-1732
-94
1295
2264
3230
4538
5619
5824
5549
5351
5248
4762
3874
3169
2583
1812
746
-504
-1562
-2455
-3381
-4212
-4704
-4675
-4272
-3604
-2818
-2005
-1010
-25
856
1629
2332
3120
3803
4307
4646
4873
5010
4514
3533
2654
1857
1038
-42
-1222
-2019
-2475
-2935
-3454
-3667
-3491
-3226
-2982
-2564
-1811
-923
-155
464
1113
1850
2476
2891
3159
3380
3546
3475
3199
2891
2523
2077
1531
973
580
234
-218
-748
-1197
-1499
-1778
-2146
-2253
-2069
-1834
-1386
-1003
-531
28
481
1027
1320
1607
1881
1781
1616
913
-205
-1218
-2287
-3199
-4348
-5452
-5862
-5743
-5379
-5447
-5405
-4690
-3904
-3285
-2948
-2170
-768
439
1430
2381
3623
4888
5277
5181
5134
5078
4819
4040
3363
2906
2272
1475
374
-586
-1422
-2416
-3295
-4036
-4323
-4162
-3826
-3220
-2498
-1599
-609
224
935
1489
2181
2895
3381
3745
4070
4431
4364
3796
3217
2599
1862
815
-403
-1095
-1487
-1988
-2526
-2870
-2778
-2626
-2622
-2499
-2083
-1456
-961
-475
169
881
1632
2188
2552
2919
3195
3241
3066
2826
2582
2335
1988
1514
1136
864
488
-37
-597
-1084
-1398
-1713
-2070
-2118
-1945
-1618
-1214
-1007
-578
-18
384
679
826
1104
1383
1343
835
-104
-1034
-1764
-2636
-3798
-4769
-5235
-5209
-4977
-5075
-4968
-4268
-3559
-3086
-2886
-2312
-1162
-197
554
1431
2615
3869
4512
4616
4793
4955
4731
4105
3432
2956
2508
1875
1035
257
-411
-1191
-2049
-2944
-3558
-3749
-3704
-3443
-3016
-2236
-1258
-401
299
860
1484
2077
2413
2646
3006
3501
3755
3561
3337
3227
2873
1997
867
-42
-657
-1234
-1866
-2243
-2264
-2142
-2082
-2043
-1863
-1504
-1231
-1064
-799
-304
442
1122
1678
2184
2696
3056
3059
2872
2633
2404
2060
1631
1378
1292
1202
873
327
-53
-459
-972
-1470
-1949
-1993
-1839
-1627
-1325
-1013
-486
-129
55
298
443
632
518
-71
-741
-1466
-1987
-2591
-3497
-4159
-4539
-4570
-4513
-4625
-4350
-3692
-3113
-2753
-2485
-1875
-983
-232
341
1055
2111
3100
3703
4022
4319
4643
4544
4032
3489
3043
2622
1950
1188
560
-12
-631
-1349
-2056
-2623
-2979
-3136
-3177
-2981
-2487
-1813
-980
-321
296
1006
1570
2000
2200
2481
2896
3169
3065
2727
2725
2685
2292
1585
629
111
-312
-941
-1330
-1632
-1649
-1634
-1754
-1609
-1337
-1073
-930
-900
-682
-190
335
782
1285
1845
2315
2569
2608
2571
2515
2269
1871
1525
1279
1163
961
588
229
-97
-432
-809
-1216
-1491
-1549
-1614
-1585
-1264
-905
-488
-151
-52
140
309
158
-319
-1116
-1868
-2348
-2927
-3570
-4060
-4254
-4050
-3937
-4005
-3741
-3167
-2589
-2321
-2253
-1742
-903
-244
323
1018
1950
2857
3384
3679
3992
4238
4200
3823
3337
2943
2556
1993
1330
762
229
-292
-894
-1565
-2095
-2451
-2663
-2812
-2810
-2493
-1940
-1295
-710
-144
514
1089
1520
1774
2024
2416
2679
2735
2558
2464
2526
2232
1720
1112
503
125
-360
-869
-1117
-1232
-1279
-1390
-1420
-1209
-970
-904
-905
-721
-400
-24
342
730
1248
1703
2036
2230
2302
2348
2193
1902
1590
1303
1128
952
658
366
176
-51
-364
-747
-1083
-1221
-1332
-1418
-1389
-1181
-769
-525
-326
-71
42
39
-475
-1234
-1764
-2340
-2910
-3455
-3896
-3917
-3736
-3627
-3545
-3252
-2717
-2260
-2084
-2001
-1572
-949
-475
-2
563
1392
2242
2697
3116
3570
3869
3917
3552
3189
3001
2677
2177
1571
1051
677
236
-332
-883
-1261
-1590
-1901
-2167
-2345
-2222
-1960
-1631
-1206
-789
-229
329
730
1129
1507
1849
2057
2125
2215
2196
2048
1916
1671
1372
1025
536
178
-56
-271
-417
-598
-766
-774
-771
-818
-755
-710
-662
-509
-357
-63
314
610
944
1228
1464
1696
1795
1794
1684
1475
1271
1113
894
692
517
254
-3
-277
-534
-702
-856
-982
-1055
-1074
-960
-765
-511
-283
-155
-62
-130
-400
-919
-1536
-1990
-2486
-3010
-3490
-3768
-3615
-3462
-3377
-3103
-2754
-2332
-2079
-1991
-1680
-1252
-836
-496
-118
547
1321
1989
2483
2960
3434
3681
3681
3451
3201
2972
2594
2110
1580
1175
873
459
-38
-514
-862
-1138
-1476
-1772
-1944
-1913
-1802
-1689
-1423
-1085
-590
-75
272
650
1051
1411
1664
1735
1756
1748
1644
1498
1387
1315
1174
922
656
486
431
287
41
-172
-321
-394
-540
-668
-648
-593
-507
-430
-269
72
394
599
751
925
1094
1235
1276
1187
1146
1025
808
648
507
427
276
-29
-264
-416
-511
-544
-685
-741
-678
-626
-488
-403
-306
-50
18
-270
-695
-1145
-1468
-1877
-2544
-3086
-3379
-3418
-3377
-3453
-3252
-2792
-2397
-2132
-2026
-1783
-1374
-1092
-929
-646
-121
518
1127
1681
2292
2906
3301
3421
3382
3315
3177
2868
2424
1994
1650
1334
970
568
219
-105
-441
-807
-1145
-1410
-1548
-1601
-1674
-1632
-1424
-1132
-785
-466
-131
315
706
994
1236
1406
1530
1490
1397
1362
1334
1214
952
778
762
696
525
382
307
245
107
-93
-262
-334
-379
-444
-455
-379
-155
76
204
357
556
747
849
876
874
881
877
756
603
494
413
270
89
-68
-220
-330
-475
-582
-629
-657
-585
-489
-389
-269
-155
11
26
-165
-449
-847
-1186
-1668
-2196
-2593
-2966
-3064
-3124
-3204
-2987
-2699
-2386
-2126
-1978
-1742
-1510
-1264
-1093
-875
-440
12
560
1118
1671
2305
2758
3035
3139
3166
3132
2844
2536
2183
1808
1525
1188
900
634
332
81
-187
-476
-766
-1009
-1160
-1345
-1410
-1366
-1243
-993
-766
-490
-127
224
508
716
923
1119
1203
1136
1056
1082
1021
867
741
649
680
671
598
564
497
421
251
16
-100
-162
-242
-287
-278
-197
-59
75
188
346
479
574
628
595
626
644
520
403
327
291
263
109
-47
-137
-255
-392
-487
-608
-597
-520
-536
-380
-290
-173
43
104
223
185
-47
-329
-760
-1193
-1665
-2130
-2505
-2815
-2942
-3039
-2938
-2659
-2440
-2115
-1943
-1774
-1531
-1435
-1254
-1066
-867
-520
-62
541
1152
1735
2261
2612
2878
2942
2898
2820
2565
2281
1972
1672
1404
1111
919
687
455
235
-57
-263
-442
-625
-827
-1021
-1108
-1102
-1003
-847
-690
-430
-191
11
280
525
800
912
887
880
801
752
670
552
520
498
508
545
576
591
537
469
311
149
55
-70
-145
-171
-160
-85
33
153
258
393
439
436
446
356
317
316
275
247
250
215
116
71
-75
-233
-284
-428
-481
-387
-369
-331
-292
-210
-67
10
141
225
297
329
166
-112
-475
-880
-1390
-1826
-2212
-2606
-2771
-2876
-2868
-2624
-2430
-2172
-1892
-1761
-1633
-1531
-1382
-1236
-1024
-681
-284
222
755
1353
1918
2288
2551
2644
2638
2627
2433
2215
1966
1642
1401
1162
977
818
620
458
254
56
-127
-249
-373
-590
-716
-801
-837
-783
-711
-555
-364
-153
89
309
544
721
807
809
693
576
488
419
349
290
265
294
400
450
467
473
371
264
174
38
-30
-53
-87
-76
-28
80
207
286
299
277
292
257
265
318
296
289
253
194
162
105
-7
-116
-210
-283
-304
-299
-282
-268
-211
-126
-78
28
169
276
394
431
351
187
-142
-520
-950
-1480
-1874
-2251
-2604
-2748
-2856
-2802
-2561
-2366
-2101
-1874
-1720
-1558
-1416
-1264
-1108
-882
-611
-250
226
707
1257
1761
2116
2399
2549
2594
2541
2374
2165
1882
1568
1325
1072
869
742
604
443
312
212
83
-64
-224
-385
-557
-691
-752
-775
-726
-552
-373
-181
77
312
524
684
755
743
669
506
365
285
199
155
148
150
229
321
346
352
321
249
193
104
12
-37
-72
-87
-78
-6
110
200
250
310
364
356
352
346
306
284
255
213
173
130
69
-41
-84
-89
-142
-148
-181
-156
-95
-104
-3
94
186
309
358
375
245
48
-257
-649
-1079
-1621
-1988
-2345
-2722
-2866
-2968
-2873
-2595
-2367
-2059
-1782
-1563
-1377
-1247
-1070
-901
-688
-469
-158
312
775
1301
1798
2154
2448
2595
2663
2616
2389
2142
1848
1508
1202
942
754
618
470
332
266
201
44
-126
-301
-473
-631
-811
-911
-879
-782
-644
-450
-206
81
329
516
662
749
706
629
536
349
263
163
64
145
170
252
419
441
483
500
447
338
176
77
-13
-77
-119
-92
20
120
229
298
322
368
391
405
368
338
338
280
253
252
192
131
100
34
-33
-61
-88
-107
-61
-28
-27
39
83
173
290
311
277
115
-140
-478
-946
-1488
-1977
-2348
-2719
-3001
-3134
-3165
-2897
-2564
-2290
-1936
-1649
-1419
-1224
-1051
-838
-618
-438
-207
181
651
1176
1700
2085
2430
2689
2786
2741
2563
2324
1985
1599
1216
884
638
455
324
194
59
-44
-125
-243
-388
-564
-734
-887
-1003
-1000
-903
-743
-517
-268
54
375
658
904
1012
1033
918
775
542
295
260
178
156
222
281
476
592
603
613
474
299
135
-71
-208
-232
-247
-228
-119
-11
174
352
430
517
545
516
503
469
458
451
354
310
313
259
231
167
40
-10
-68
-105
-63
-36
3
47
96
172
261
213
66
-162
-611
-1097
-1679
-2286
-2621
-2969
-3316
-3467
-3507
-3230
-2814
-2440
-1997
-1590
-1256
-1053
-849
-586
-340
-69
80
385
890
1376
1940
2384
2719
3000
3025
2908
2724
2405
1994
1511
1038
613
304
72
-114
-234
-365
-425
-475
-548
-618
-755
-875
-971
-1081
-1053
-905
-733
-442
-104
253
639
995
1260
1336
1278
1163
910
619
411
244
181
119
81
216
405
514
553
519
395
221
-1
-178
-256
-321
-344
-298
-149
100
346
507
606
717
779
766
747
710
684
643
533
444
416
412
333
162
34
-33
-106
-134
-125
-67
22
19
36
58
-3
-110
-398
-815
-1282
-1892
-2509
-2973
-3317
-3555
-3679
-3683
-3444
-2978
-2503
-2010
-1531
-1127
-755
-528
-302
35
283
479
765
1136
1637
2155
2585
2930
3127
3161
2982
2678
2307
1821
1264
674
187
-186
-454
-626
-738
-753
-786
-867
-899
-900
-907
-956
-1008
-988
-857
-640
-387
-48
367
761
1138
1456
1638
1665
1542
1304
1028
759
476
242
88
32
59
95
198
294
272
190
73
-93
-235
-334
-441
-443
-344
-205
-2
260
521
726
881
999
1073
1076
1057
1026
958
867
765
638
520
432
318
140
-60
-178
-239
-277
-290
-265
-187
-159
-163
-173
-328
-522
-856
-1422
-1992
-2637
-3170
-3450
-3714
-3869
-3874
-3675
-3169
-2598
-2025
-1447
-949
-584
-327
-77
210
537
773
992
1344
1759
2231
2699
3018
3210
3241
3045
2666
2164
1623
1045
437
-170
-644
-876
-1025
-1100
-1055
-1021
-1000
-997
-973
-896
-843
-818
-779
-614
-352
-28
413
829
1215
1599
1868
1960
1892
1749
1480
1113
645
186
-27
-164
-274
-298
-292
-163
-83
-99
-60
-80
-174
-282
-390
-415
-287
-107
29
266
585
820
1045
1196
1319
1434
1405
1289
1183
1082
940
774
596
447
296
100
-103
-234
-332
-434
-503
-530
-432
-325
-242
-227
-374
-523
-714
-1136
-1673
-2344
-3045
-3460
-3774
-3959
-3969
-3904
-3544
-2970
-2426
-1817
-1165
-631
-251
-13
191
519
897
1103
1335
1716
2171
2682
3019
3222
3364
3245
2884
2352
1736
1106
458
-209
-839
-1227
-1401
-1467
-1388
-1258
-1147
-1009
-913
-858
-764
-645
-529
-388
-131
204
635
1120
1552
1919
2180
2261
2167
1906
1504
1137
644
67
-361
-671
-768
-751
-758
-665
-474
-320
-230
-190
-193
-190
-199
-235
-136
99
354
633
892
1180
1423
1527
1588
1616
1588
1478
1258
1053
918
746
511
294
106
-100
-248
-418
-643
-691
-661
-653
-540
-418
-318
-224
-183
-293
-499
-775
-1383
-2185
-2963
-3520
-3811
-4109
-4311
-4297
-3964
-3267
-2583
-1910
-1231
-659
-175
46
243
598
965
1234
1416
1734
2235
2795
3224
3442
3567
3441
3014
2414
1732
1047
271
-508
-1167
-1663
-1856
-1843
-1750
-1538
-1332
-1107
-902
-705
-488
-383
-280
-112
186
593
1034
1535
1971
2342
2534
2424
2183
1798
1392
896
254
-315
-849
-1123
-1138
-1122
-992
-854
-674
-465
-355
-235
-112
-53
-41
-7
165
473
828
1108
1345
1588
1745
1849
1895
1856
1732
1511
1265
1032
775
505
200
-91
-333
-548
-715
-868
-904
-871
-848
-692
-468
-209
12
6
-72
-174
-391
-836
-1608
-2495
-3283
-3790
-4130
-4420
-4432
-4249
-3827
-3155
-2487
-1734
-1014
-509
-152
84
403
827
1189
1488
1825
2265
2735
3228
3566
3664
3590
3173
2518
1815
1063
326
-428
-1191
-1735
-2026
-2130
-2003
-1758
-1509
-1295
-1090
-834
-480
-195
9
288
583
1005
1518
1969
2434
2788
2922
2857
2553
2068
1385
724
103
-658
-1249
-1690
-1920
-1810
-1695
-1520
-1220
-933
-632
-361
-114
135
326
443
629
926
1225
1522
1735
1859
2021
2091
2017
1950
1842
1620
1294
986
750
454
125
-229
-599
-880
-1117
-1345
-1445
-1391
-1215
-885
-549
-216
298
649
689
604
297
-73
-609
-1630
-2799
-3695
-4206
-4477
-4648
-4733
-4508
-3808
-3063
-2355
-1640
-1107
-581
-257
-120
254
772
1346
1828
2287
2905
3530
4039
4194
4065
3757
3098
2233
1299
390
-392
-1173
-1818
-2202
-2357
-2264
-2063
-1789
-1551
-1375
-1144
-885
-521
-112
271
714
1250
1861
2439
2930
3293
3428
3354
3027
2469
1633
661
-33
-798
-1567
-2060
-2517
-2528
-2222
-2075
-1767
-1329
-916
-520
-239
45
456
798
957
1216
1553
1847
2144
2217
2196
2292
2231
2022
1851
1670
1452
1202
869
528
252
-116
-556
-916
-1292
-1537
-1617
-1689
-1466
-1059
-668
-205
307
884
1184
1158
875
367
-94
-1024
-2493
-3834
-4593
-4801
-5040
-5292
-5180
-4508
-3453
-2676
-2051
-1330
-675
-235
-241
-70
657
1397
1889
2249
2850
3702
4277
4332
4089
3819
3190
2011
828
-58
-746
-1467
-2221
-2546
-2424
-2206
-1963
-1652
-1254
-917
-687
-475
-47
603
1029
1344
1872
2540
3122
3430
3520
3474
3219
2721
1932
1071
210
-859
-1788
-2448
-2962
-3142
-3197
-3099
-2600
-2033
-1391
-639
18
541
997
1374
1666
1948
2085
2166
2254
2218
2200
2141
1967
1831
1630
1372
1159
1025
866
625
319
-60
-373
-693
-1026
-1241
-1432
-1516
-1386
-1093
-644
-175
369
890
1367
1866
1840
1548
1093
188
-565
-1823
-3657
-4921
-5666
-5824
-5782
-5986
-5720
-4725
-3514
-2664
-2036
-1282
-486
97
165
517
1553
2465
3002
3210
3596
4352
4580
4121
3460
2762
1823
461
-756
-1509
-1893
-2292
-2893
-2948
-2539
-2088
-1667
-1384
-817
-254
48
555
1240
2038
2583
2866
3330
3783
4038
3888
3448
2987
2306
1429
515
-273
-1013
-1847
-2435
-2913
-3266
-3324
-3396
-3141
-2533
-1894
-1110
-282
557
1390
1997
2340
2608
2787
2611
2360
2189
1938
1778
1588
1397
1374
1225
979
790
561
295
-47
-433
-714
-926
-1120
-1257
-1262
-1132
-889
-624
-334
224
783
1230
1639
1867
2104
2126
1492
696
0
-943
-2397
-4314
-5763
-6125
-6058
-6227
-6404
-5960
-4697
-3386
-2579
-1859
-834
114
444
538
1145
2345
3278
3401
3459
3946
4363
4174
3368
2536
1754
553
-861
-1772
-2054
-2230
-2610
-2931
-2719
-2100
-1599
-1273
-822
-211
341
775
1366
2234
2986
3371
3500
3661
3897
3739
3190
2560
1872
1182
399
-367
-1082
-1740
-2124
-2429
-2645
-2771
-2929
-2748
-2245
-1705
-1070
-383
346
1137
1736
2094
2422
2558
2375
2091
1821
1651
1547
1306
1147
1166
1092
968
790
568
412
100
-343
-632
-735
-751
-800
-859
-724
-457
-251
-25
276
653
1019
1318
1450
1664
1867
1572
930
279
-436
-1434
-3012
-4870
-5927
-6122
-6112
-6199
-6168
-5492
-4134
-2939
-2063
-1122
-178
501
739
847
1525
2614
3203
3262
3317
3555
3717
3326
2448
1595
642
-536
-1601
-2129
-2195
-2185
-2309
-2393
-1991
-1356
-938
-598
-149
341
782
1197
1809
2622
3193
3384
3384
3413
3381
3001
2309
1573
926
314
-267
-673
-1029
-1414
-1659
-1858
-2029
-2078
-2109
-2002
-1584
-1112
-590
83
773
1424
1894
2071
2146
2130
1875
1526
1280
1139
1068
1030
1008
1057
1051
855
637
451
218
-82
-445
-686
-675
-568
-473
-393
-235
-40
149
322
379
606
820
990
1199
1344
1430
1222
590
-101
-783
-1777
-3247
-4919
-5954
-6113
-5884
-5784
-5638
-4889
-3604
-2496
-1756
-1039
-177
419
556
727
1423
2490
3122
3191
3231
3369
3301
2755
1867
1036
185
-803
-1647
-1896
-1649
-1465
-1578
-1665
-1369
-910
-689
-565
-238
200
666
1141
1817
2693
3274
3341
3186
3036
2813
2325
1611
967
564
284
-12
-242
-464
-835
-1212
-1400
-1597
-1902
-2098
-2094
-1658
-863
-185
455
1128
1613
1826
1791
1689
1620
1347
937
770
838
1022
1169
1185
1126
992
710
352
133
-9
-254
-457
-517
-331
-22
47
-4
-36
11
110
135
178
460
819
1028
1286
1570
1654
1360
468
-484
-1205
-2284
-3872
-5449
-6153
-5794
-5291
-5294
-5142
-4215
-2977
-2221
-1899
-1371
-446
138
176
538
1658
2908
3334
3078
2977
3172
2944
2032
1111
521
-74
-836
-1405
-1247
-781
-729
-1118
-1357
-1114
-871
-879
-765
-271
371
903
1431
2235
3044
3269
2936
2615
2460
2217
1679
1072
773
730
571
331
153
-259
-737
-1201
-1679
-2011
-2226
-2155
-1675
-935
-178
447
1008
1417
1571
1448
1218
1123
975
802
761
897
1210
1354
1283
1181
1006
724
297
15
-65
-108
-155
-150
10
180
184
17
-175
-274
-236
-217
-156
119
589
1040
1305
1519
1656
1438
818
-125
-922
-1570
-2507
-3808
-5070
-5346
-4946
-4640
-4608
-4571
-4011
-3236
-2622
-2157
-1527
-587
-94
186
775
1726
2789
3043
2777
2627
2487
2194
1564
996
723
281
-257
-641
-552
-309
-579
-1072
-1319
-1214
-967
-850
-527
82
619
1079
1502
2133
2598
2523
2211
1925
1912
1831
1526
1336
1217
1151
940
623
177
-497
-968
-1321
-1580
-1707
-1842
-1627
-1060
-388
118
386
717
914
977
912
874
1005
948
899
972
1124
1356
1304
1098
962
785
520
253
224
271
253
195
125
126
84
-72
-282
-466
-446
-331
-237
-10
331
732
1029
1126
1225
1174
885
240
-425
-816
-1449
-2478
-3816
-4706
-4653
-4357
-4310
-4502
-4373
-3678
-3072
-2554
-2067
-1326
-534
-387
-102
695
1760
2507
2361
2192
2299
2270
1986
1436
1160
870
290
-196
-353
-34
-9
-512
-917
-1037
-857
-741
-683
-237
254
652
981
1435
2126
2307
2053
1814
1739
1870
1716
1460
1438
1384
1244
922
523
21
-485
-855
-1207
-1311
-1423
-1573
-1280
-744
-272
56
235
388
543
644
694
832
914
887
927
1012
1186
1244
1094
1006
886
642
431
383
485
453
288
192
175
169
-6
-242
-426
-502
-425
-358
-195
69
367
662
843
1044
1084
926
618
-74
-453
-893
-1868
-2833
-3936
-4366
-4184
-4122
-4156
-4287
-3811
-3288
-2938
-2297
-1909
-1148
-717
-712
74
900
1791
2206
1933
2160
2184
1970
1760
1368
1324
855
309
214
212
421
48
-591
-751
-872
-778
-680
-508
102
378
616
1007
1477
1912
1716
1565
1601
1649
1780
1568
1540
1620
1457
1237
751
265
-226
-720
-980
-1102
-1172
-1216
-1143
-817
-386
-172
-82
112
215
307
385
472
678
750
799
868
965
1144
1142
1059
1007
876
764
682
693
642
492
379
257
127
9
-165
-314
-424
-427
-308
-246
-84
70
193
402
577
725
741
698
454
15
-210
-825
-1855
-2960
-3867
-3949
-3834
-3896
-4012
-4016
-3487
-3079
-2760
-2331
-1957
-1389
-1250
-875
75
883
1653
1820
1767
1969
1893
1783
1603
1433
1273
844
613
685
797
655
97
-349
-573
-716
-647
-548
-248
102
268
613
1022
1373
1507
1314
1265
1407
1535
1608
1612
1718
1706
1407
959
544
279
-27
-403
-671
-801
-917
-944
-775
-543
-352
-264
-231
-84
140
256
310
358
385
482
582
740
942
1086
1106
1045
1035
968
923
898
733
622
557
422
357
236
18
-203
-344
-420
-407
-331
-292
-238
-67
117
302
520
461
391
390
204
197
-158
-1108
-2136
-3192
-3401
-3246
-3430
-3576
-3951
-3724
-3282
-3162
-2589
-2300
-1940
-1675
-1793
-861
134
857
1382
1210
1495
1680
1575
1746
1630
1547
1214
802
1038
1196
1183
846
213
-56
-384
-541
-352
-160
114
84
187
654
969
1148
999
893
1067
1182
1328
1483
1695
1690
1297
932
772
769
624
277
-10
-192
-300
-422
-436
-284
-265
-333
-413
-326
-89
-1
25
-57
-65
69
144
343
540
734
869
863
1011
1093
1073
1015
829
731
652
611
578
395
258
87
-78
-151
-295
-404
-460
-478
-443
-327
-94
93
144
59
-11
0
89
249
-64
-948
-2105
-2931
-2979
-2937
-3079
-3273
-3318
-2971
-2903
-2860
-2338
-1886
-1659
-1859
-1803
-983
-113
508
801
1039
1277
1214
1185
1335
1489
1371
941
874
1181
1415
1341
1018
765
372
-72
-230
-113
157
183
111
327
633
881
826
638
683
718
761
842
1002
1204
1145
1048
1015
1011
965
685
473
386
235
122
27
-19
12
-46
-117
-159
-158
-106
-58
-64
-120
-97
-87
-6
153
342
551
680
780
824
807
780
710
614
552
518
483
408
335
248
153
29
-151
-327
-489
-527
-499
-433
-302
-270
-252
-245
-266
-240
-256
-183
-35
-86
-464
-1182
-1889
-2050
-1816
-1772
-2154
-2645
-2723
-2389
-2119
-1977
-1899
-1868
-1833
-1913
-1723
-1092
-451
22
76
6
207
519
927
1085
906
733
720
1079
1528
1638
1532
1268
971
824
732
725
734
660
552
499
617
750
751
594
390
293
298
375
444
496
507
564
697
759
745
694
652
637
565
469
414
387
401
367
306
301
279
297
261
129
86
-5
-101
-107
-73
8
38
52
119
161
169
182
125
59
33
4
37
110
100
54
18
-33
-7
-54
-194
-262
-295
-234
-146
-116
-100
-107
-97
-53
-39
-48
-61
-89
-71
-92
-335
-670
-767
-751
-724
-821
-1229
-1515
-1560
-1482
-1284
-1320
-1501
-1660
-1886
-1802
-1448
-1125
-948
-1110
-1307
-1174
-835
-448
-260
-399
-475
-341
-1
486
735
723
617
603
784
982
1095
1088
1015
1008
1040
1087
1168
1136
1016
934
860
839
843
822
784
766
787
807
779
732
752
813
764
679
591
476
483
518
539
597
505
358
339
342
369
312
175
91
43
83
178
239
246
187
91
25
5
10
0
-28
-66
-86
-76
-83
-95
-114
-164
-200
-219
-239
-235
-205
-176
-143
-120
-133
-176
-183
-148
-115
-40
-33
-126
-413
-788
-898
-833
-796
-938
-1290
-1596
-1695
-1559
-1331
-1388
-1666
-1939
-2116
-1862
-1426
-1221
-1176
-1342
-1449
-1177
-801
-492
-368
-515
-567
-344
105
588
803
792
689
685
942
1201
1307
1271
1178
1209
1290
1320
1355
1281
1090
965
924
959
967
910
833
783
821
841
779
702
630
618
630
559
530
535
483
476
468
415
375
257
148
128
126
153
116
41
65
63
39
54
41
65
52
21
29
8
23
51
45
36
19
-25
-69
-51
-20
-43
-67
-99
-154
-179
-154
-117
-123
-190
-252
-280
-249
-172
-149
-152
-203
-404
-674
-840
-872
-786
-788
-1036
-1304
-1470
-1445
-1255
-1200
-1342
-1554
-1748
-1701
-1368
-1068
-978
-1101
-1255
-1115
-776
-468
-314
-402
-506
-420
-96
355
632
666
630
640
785
983
1059
1068
1002
948
1016
1118
1157
1078
918
799
761
758
739
694
683
682
667
661
634
584
547
540
564
588
585
560
526
508
486
427
424
411
325
281
269
268
273
216
169
181
153
138
141
135
160
129
29
-34
-19
32
54
49
12
-60
-58
-68
-101
-88
-136
-209
-237
-254
-247
-209
-176
-217
-318
-379
-380
-332
-295
-317
-337
-345
-389
-462
-561
-662
-718
-732
-738
-822
-966
-1026
-975
-898
-901
-1014
-1123
-1133
-1060
-891
-773
-813
-853
-888
-814
-600
-464
-410
-435
-444
-311
-89
131
269
277
264
330
449
596
649
629
632
649
698
752
747
709
666
626
634
646
633
623
634
659
676
682
658
638
639
674
730
717
658
603
583
614
653
654
586
500
424
376
375
392
355
297
238
205
241
231
207
167
88
31
3
21
60
35
2
-41
-90
-66
-58
-84
-120
-180
-205
-207
-241
-257
-277
-282
-278
-306
-345
-367
-371
-357
-367
-405
-391
-381
-389
-438
-512
-558
-579
-585
-608
-667
-778
-853
-833
-801
-809
-825
-917
-989
-952
-872
-797
-793
-840
-852
-796
-682
-533
-462
-444
-412
-321
-165
-36
61
148
207
258
330
409
482
534
550
552
586
648
673
665
656
644
664
676
639
617
606
604
616
646
668
656
663
678
698
703
670
640
630
615
618
612
570
504
438
406
406
410
389
333
291
280
267
293
258
173
126
54
35
70
66
50
4
-46
-66
-106
-135
-142
-153
-166
-209
-263
-277
-294
-306
-312
-355
-385
-391
-378
-387
-411
-403
-426
-459
-470
-446
-402
-402
-442
-511
-543
-545
-548
-560
-625
-668
-681
-681
-692
-673
-669
-747
-774
-756
-706
-636
-645
-649
-584
-521
-427
-354
-342
-287
-226
-167
-58
46
119
156
164
210
286
355
410
400
394
429
466
517
542
531
522
521
520
558
579
552
533
519
527
565
595
584
577
566
579
596
582
581
570
548
526
511
535
506
440
433
408
393
406
369
364
354
290
278
256
217
215
177
125
98
71
49
-7
-46
-59
-124
-178
-211
-234
-237
-252
-316
-357
-364
-375
-358
-371
-426
-433
-413
-404
-387
-401
-437
-440
-414
-391
-372
-388
-429
-437
-418
-396
-423
-478
-540
-577
-549
-523
-531
-565
-625
-672
-626
-585
-573
-549
-563
-553
-468
-374
-347
-297
-272
-283
-219
-137
-75
-42
-16
45
128
184
223
237
229
266
329
362
387
403
421
472
500
517
518
462
450
485
517
542
544
552
551
555
565
565
558
525
504
514
530
534
526
500
475
450
444
443
421
403
362
306
298
298
290
287
246
206
177
125
76
45
3
-31
-79
-144
-166
-138
-113
-131
-168
-218
-293
-324
-298
-307
-323
-343
-364
-372
-364
-370
-396
-368
-378
-413
-372
-341
-315
-288
-341
-377
-360
-350
-327
-350
-405
-408
-425
-453
-445
-444
-468
-486
-500
-517
-500
-456
-435
-424
-406
-418
-389
-340
-330
-284
-260
-280
-226
-148
-117
-48
1
-5
27
70
132
200
226
265
315
322
347
377
379
394
406
420
455
460
462
469
482
486
455
466
510
510
474
476
485
478
461
451
480
492
458
424
429
435
419
389
355
344
367
368
343
317
293
264
217
172
134
97
68
33
-8
-14
-29
-60
-107
-158
-172
-190
-225
-220
-228
-267
-267
-282
-315
-320
-345
-367
-357
-369
-389
-389
-379
-354
-337
-345
-350
-340
-342
-356
-361
-355
-346
-338
-336
-349
-374
-399
-396
-388
-390
-369
-374
-369
-342
-336
-333
-324
-318
-340
-360
-319
-265
-229
-205
-203
-202
-173
-127
-97
-47
-3
16
56
120
163
186
215
245
258
278
330
358
362
370
375
395
426
415
411
422
425
428
431
429
404
432
465
459
463
457
441
456
458
449
454
424
413
413
406
409
399
367
305
247
224
188
151
130
99
67
55
49
10
-18
-42
-101
-123
-136
-158
-149
-174
-198
-196
-217
-235
-245
-273
-290
-291
-285
-300
-327
-354
-362
-353
-364
-385
-385
-367
-377
-382
-354
-322
-314
-315
-317
-319
-307
-288
-282
-266
-256
-239
-214
-221
-228
-241
-267
-269
-258
-252
-245
-234
-233
-238
-212
-181
-189
-202
-211
-200
-140
-74
-48
-29
4
21
41
52
94
167
168
189
264
280
304
324
317
344
346
355
377
367
383
410
420
439
443
428
432
441
442
465
480
465
441
421
428
433
412
386
365
313
264
249
202
158
127
77
76
93
56
28
2
-46
-58
-76
-93
-87
-97
-114
-132
-128
-141
-162
-170
-194
-191
-192
-222
-222
-201
-229
-257
-275
-309
-304
-313
-329
-317
-318
-326
-316
-306
-304
-273
-255
-258
-254
-237
-206
-187
-185
-196
-204
-197
-172
-153
-154
-166
-190
-197
-200
-202
-199
-197
-184
-186
-181
-161
-151
-133
-100
-87
-80
-45
-20
-10
28
63
77
91
109
133
156
167
186
190
188
202
205
219
247
251
247
255
272
285
288
277
263
289
319
340
356
358
357
350
339
319
304
301
283
256
216
187
184
160
128
128
129
110
94
81
70
61
43
15
-21
-24
-16
-34
-31
-30
-38
-45
-76
-106
-100
-109
-121
-128
-157
-184
-201
-212
-222
-248
-273
-256
-240
-247
-245
-225
-225
-228
-211
-188
-159
-144
-123
-97
-94
-99
-104
-126
-153
-140
-124
-126
-131
-155
-158
-157
-198
-201
-184
-210
-193
-156
-164
-121
-98
-102
-75
-94
-80
-43
-35
8
45
44
41
44
67
85
87
95
87
95
98
79
99
103
83
96
90
97
144
157
161
184
196
212
222
228
258
273
259
248
245
220
177
165
162
148
165
158
117
122
120
98
101
95
84
90
74
48
79
107
87
73
61
49
44
37
24
7
-4
-5
-11
-31
-47
-70
-96
-117
-148
-161
-170
-175
-171
-166
-159
-157
-162
-148
-115
-100
-100
-74
-45
-38
-35
-48
-59
-60
-72
-82
-78
-79
-103
-131
-146
-138
-134
-148
-180
-200
-176
-163
-164
-138
-110
-91
-77
-76
-67
-33
-4
-12
-6
10
6
28
38
36
52
46
34
22
6
3
8
12
28
32
24
30
44
61
67
68
85
95
101
114
120
139
162
161
127
105
100
83
63
47
51
73
57
34
45
44
49
26
21
45
36
43
58
64
87
91
81
103
106
102
101
70
56
58
41
25
-1
-14
-5
-39
-61
-55
-64
-57
-67
-85
-62
-49
-50
-38
-23
17
41
13
4
12
16
25
25
36
46
12
-20
-32
-51
-57
-70
-97
-106
-139
-158
-138
-131
-135
-146
-148
-132
-106
-83
-82
-77
-49
-34
-26
-22
-11
17
1
-11
12
25
28
16
8
15
7
-10
5
20
14
-11
-20
6
7
4
25
25
26
47
68
74
61
62
64
55
47
28
26
25
-2
-2
2
-22
-23
-10
-24
-23
-12
-23
-19
-11
-19
-4
17
32
62
67
59
65
62
54
60
55
47
51
39
37
35
0
-15
-16
-38
-53
-59
-43
-21
-26
-27
-26
-24
-1
29
43
74
92
86
69
56
59
65
69
48
27
27
37
6
-36
-51
-69
-67
-83
-88
-67
-60
-65
-80
-79
-64
-46
-52
-53
-42
-22
2
3
-11
7
30
20
15
6
16
28
11
9
15
19
21
3
-9
-3
5
0
5
14
14
13
9
9
15
44
56
44
23
15
1
-17
-15
-18
-30
-37
-32
-33
-48
-55
-60
-75
-91
-91
-78
-55
-42
-32
-12
2
29
43
32
19
22
23
16
39
39
36
51
40
29
29
18
-16
-30
-31
-36
-8
-5
-27
-2
-7
-33
17
36
35
58
61
52
41
58
72
75
61
51
49
34
24
2
-9
-5
-25
-38
-30
-28
-34
-44
-51
-48
-40
-25
-20
-17
-17
-26
-14
3
4
9
16
13
4
16
21
14
14
11
16
8
-3
12
-5
-23
-12
-9
7
9
4
17
13
7
17
26
33
51
51
34
21
-2
-6
5
-9
-30
-30
-17
-16
-26
-25
-46
-54
-54
-73
-62
-54
-62
-47
-16
-11
-3
9
13
8
6
15
23
39
42
33
44
34
16
8
-9
-19
-29
-30
-31
-44
-43
-40
-49
-30
-20
-15
13
23
24
30
22
6
18
36
38
48
52
42
30
15
9
14
3
-25
-25
-13
-16
-1
10
6
-1
-4
3
5
15
12
13
15
-2
6
35
32
22
17
3
7
-2
-10
6
-3
-23
-20
-15
-15
-27
-46
-40
-20
-19
