14
22
28
33
44
43
51
59
51
50
57
63
65
60
62
69
67
66
59
57
54
44
47
46
41
42
37
36
28
23
29
24
13
14
23
16
14
13
5
10
6
3
10
3
2
4
-9
-9
-7
-8
-9
-15
-13
-12
-16
-8
-17
-25
-20
-29
-19
-8
-31
-39
-26
-29
-28
-26
-32
-25
-36
-37
-33
-41
-25
-28
-46
-36
-40
-37
-28
-42
-38
-40
-46
-26
-21
-29
-18
-20
-23
-14
-17
-20
-13
-12
-11
-7
-5
1
-3
-14
-25
-32
-31
-28
-31
-31
-35
-45
-49
-43
-44
-53
-57
-61
-53
-43
-35
-32
-33
-23
-12
-13
1
18
26
34
43
58
73
86
92
94
93
102
116
116
115
120
117
113
112
104
95
89
79
73
69
60
46
36
34
27
18
12
15
13
0
-3
-5
-1
1
-10
-10
-5
-7
-3
-2
-5
-6
-6
-9
-10
-6
-12
-15
-14
-20
-15
-18
-30
-27
-35
-33
-24
-40
-33
-27
-44
-34
-28
-25
-40
-38
-22
-26
-35
-37
-34
-30
-34
-41
-36
-31
-29
-41
-32
-45
-48
-21
-47
-39
-22
-39
-30
-43
-38
-29
-42
-15
-24
-23
8
-24
-10
8
-27
7
13
-1
15
16
21
26
35
28
21
23
9
-2
-12
-20
-16
-25
-29
-31
-45
-33
-46
-58
-45
-63
-65
-76
-74
-42
-41
-41
-31
-24
-23
-14
4
15
30
40
48
71
92
98
101
102
114
106
104
110
104
115
119
114
114
113
103
75
78
76
55
57
41
43
41
22
36
26
19
28
1
12
21
11
8
7
0
-8
13
13
-29
5
-4
-37
7
-11
-34
-37
-26
-21
-34
-16
-29
-50
-6
-41
-92
-22
-37
-49
-14
-80
-43
8
-64
-33
-30
-68
-7
-51
-39
8
-51
-40
-42
-69
-33
-28
-31
-66
-93
-48
-72
-67
-39
-79
-65
-37
-61
-52
-73
-55
-23
-25
-21
-10
15
-22
6
34
22
46
49
40
47
41
6
-14
-30
-29
-28
-38
-68
-77
-57
-76
-109
-103
-119
-129
-146
-152
-110
-115
-108
-97
-87
-66
-51
-32
-13
23
48
56
84
137
171
193
208
223
230
235
236
238
238
225
238
230
223
221
191
172
156
151
136
91
87
72
62
57
5
29
38
-23
-1
-1
-19
9
-26
-11
8
4
10
-14
-14
16
-15
-47
8
-21
-96
-8
-24
-92
-4
-60
-75
-24
-72
-71
-56
-40
-54
-82
-65
-65
-38
-47
-84
-41
-73
-64
-69
-121
-39
-103
-112
-40
-144
-97
-43
-126
-111
-106
-95
-107
-131
-72
-113
-105
-56
-115
-122
-52
-62
-80
-34
-69
-88
28
-17
-36
34
-13
20
60
71
69
64
78
91
36
-12
-46
-72
-14
-12
-72
-120
-114
-95
-156
-171
-148
-183
-221
-229
-205
-158
-117
-134
-160
-110
-92
-87
-36
16
53
67
93
170
257
301
297
304
353
362
352
336
349
372
379
384
346
349
331
245
243
242
191
169
148
141
88
42
58
29
17
27
-15
-13
39
27
7
14
-8
-4
32
19
-12
22
44
-69
-42
25
-60
-71
-97
-69
-94
-152
-52
-101
-147
-77
-222
-121
-32
-216
-135
-97
-131
-78
-102
-90
-103
-132
-44
-88
-135
-78
-123
-82
-129
-115
-90
-179
-79
-117
-192
-154
-140
-193
-171
-112
-173
-177
-74
-143
-130
-50
-128
-71
-16
-41
-8
-23
30
30
-37
96
58
60
158
50
73
80
-70
-48
-70
-55
-11
-117
-116
-140
-144
-166
-216
-228
-260
-279
-318
-273
-200
-180
-178
-192
-164
-89
-97
-68
33
85
134
187
273
359
420
451
467
471
491
505
484
488
537
533
482
494
459
415
337
280
268
200
197
162
101
127
76
-20
66
61
21
21
1
58
51
25
62
37
107
79
-29
89
2
-1
42
-82
-20
-34
-127
-64
-107
-108
-164
-205
-61
-190
-176
-179
-246
-84
-218
-243
-24
-236
-180
-58
-225
-36
-122
-263
-110
-68
-180
-161
-139
-214
-148
-109
-279
-235
-135
-274
-251
-208
-188
-186
-194
-211
-210
-160
-108
-222
-133
-29
-130
-49
-38
-30
11
6
4
68
46
48
95
72
73
138
13
-60
12
-155
-118
-36
-163
-178
-174
-230
-190
-194
-224
-262
-293
-283
-325
-253
-164
-143
-129
-120
-86
-27
38
123
165
223
293
338
447
505
522
527
554
563
529
568
577
580
568
519
463
415
422
384
268
256
215
180
224
131
105
128
29
56
188
40
32
147
52
83
202
74
42
113
47
38
26
33
-34
-93
23
-122
-165
-57
-218
-116
-70
-278
-128
-150
-296
-178
-226
-170
-242
-250
-69
-161
-232
-76
-182
-205
-126
-129
-163
-242
-115
-185
-239
-108
-255
-290
-89
-333
-306
-130
-253
-271
-208
-275
-246
-182
-264
-222
-179
-205
-163
-158
-135
-28
-144
-122
62
-39
19
66
-21
50
8
69
143
90
130
68
-48
-21
-111
-151
-39
-92
-145
-155
-211
-195
-163
-218
-262
-260
-304
-269
-207
-180
-134
-140
-91
-50
16
78
114
198
261
340
389
495
575
557
570
580
512
595
672
591
554
561
509
446
421
430
361
258
281
217
227
230
148
87
113
98
114
84
175
152
70
187
106
88
169
172
1
145
117
-36
74
-14
-72
26
-177
-175
-42
-276
-160
-198
-218
-219
-228
-145
-232
-265
-244
-198
-256
-233
-217
-211
-191
-190
-212
-230
-169
-141
-277
-102
-237
-389
19
-291
-524
-66
-160
-510
-146
-248
-486
-220
-186
-293
-307
-139
-225
-351
-88
-123
-323
9
-98
-98
54
-79
-17
8
70
-64
-55
117
131
19
55
141
-6
-84
-3
-150
-179
44
-122
-228
-82
-169
-224
-149
-234
-217
-223
-216
-238
-178
7
-98
-10
38
2
137
167
212
323
424
439
438
552
557
550
579
543
566
572
536
531
463
452
479
294
355
422
174
228
280
166
251
138
108
259
166
178
189
151
285
138
72
278
172
91
289
29
131
285
-111
107
40
-90
96
-213
-178
20
-364
-145
-109
-392
-126
-298
-259
-271
-414
-161
-204
-316
-262
-239
-298
-143
-215
-328
-150
-108
-383
-170
-106
-542
-221
-134
-427
-296
-240
-360
-256
-309
-310
-276
-353
-312
-244
-237
-167
-228
-299
-133
-112
-264
-108
41
-163
60
82
-48
52
90
-20
-37
159
39
-9
73
23
-38
43
-21
-199
-117
-56
-208
-135
-87
-262
-157
-147
-254
-159
-150
-215
-119
-99
-42
34
56
104
143
204
257
335
346
412
515
474
545
579
486
561
531
491
534
535
472
416
447
347
300
317
283
256
290
217
124
257
175
163
248
143
176
243
211
144
247
239
61
282
127
-29
361
13
-33
185
31
-25
-207
134
-15
-372
-40
-216
-260
-69
-293
-256
-220
-215
-220
-347
-198
-252
-376
-126
-279
-340
-147
-337
-352
-229
-226
-444
-331
-152
-394
-325
-221
-424
-301
-310
-328
-268
-387
-249
-291
-296
-233
-234
-176
-199
-215
-108
-69
-209
-64
39
-103
9
21
23
66
-5
0
34
7
52
92
-65
82
31
-85
-7
-154
-190
-110
-124
-183
-101
-162
-237
-174
-185
-198
-165
-118
-98
-92
-53
35
55
154
210
124
274
318
328
493
479
482
523
529
556
520
519
494
452
469
427
359
400
392
274
260
245
233
317
254
224
268
207
194
155
252
280
109
223
289
80
294
173
24
366
62
-30
289
130
-18
8
78
-20
-164
-35
-114
-198
-185
-154
-13
-403
-194
-84
-524
64
-323
-519
61
-449
-299
-79
-499
-212
-136
-392
-213
-337
-354
-235
-348
-325
-217
-285
-386
-193
-439
-407
-276
-325
-191
-413
-285
-92
-463
-206
35
-434
-105
-99
-297
113
-71
-95
55
-69
43
-51
35
124
46
-12
42
67
-17
94
-59
-65
90
-20
-120
-47
-100
-103
-85
-118
-119
-168
-97
-148
-114
-8
-85
-115
3
1
25
150
140
174
207
221
193
358
413
339
423
401
451
402
431
496
405
459
392
335
430
373
285
320
296
256
288
284
205
292
271
178
206
168
297
189
51
302
160
217
264
0
243
74
18
221
112
48
-19
45
40
-200
-30
-33
-123
-30
-239
-105
-222
-262
-90
-267
-275
-274
-202
-162
-353
-213
-226
-405
-144
-293
-277
-164
-489
-84
-251
-421
-158
-464
-238
-261
-396
-113
-396
-331
-146
-448
-201
-243
-360
-192
-215
-223
-180
-164
-220
-97
-108
-246
19
3
-93
107
-111
-20
43
-35
67
-19
9
114
-56
10
104
-80
-9
-135
-151
-29
-92
-135
-69
-68
-110
-98
-163
-137
-35
-137
-117
37
19
140
54
96
248
158
209
273
341
348
420
415
430
480
396
341
449
487
332
454
372
316
412
315
278
367
290
218
272
261
275
264
160
158
277
178
158
176
216
198
207
192
109
320
178
-88
284
119
-86
157
-6
-44
-73
-59
-147
-20
-38
-275
-273
-48
-89
-382
-187
-192
-248
-207
-216
-404
-201
-154
-445
-198
-207
-394
-143
-324
-291
-220
-516
-88
-321
-449
-109
-347
-313
-225
-346
-292
-351
-163
-270
-320
-148
-314
-92
-153
-303
-131
-119
-109
-31
-192
32
3
-62
130
-85
41
-3
28
74
-18
109
-22
-3
75
-128
-59
-14
-117
-57
-122
-104
-141
-142
-135
-211
-104
-86
-158
-63
-40
-79
61
10
11
122
156
176
196
271
347
375
398
390
396
462
424
433
434
447
421
442
373
312
458
320
250
372
332
224
268
288
238
216
196
190
204
246
182
190
186
119
168
201
126
161
201
68
91
116
55
60
-60
70
12
-138
-16
-19
-111
-165
-102
-191
-134
-222
-243
-178
-204
-297
-225
-187
-333
-268
-139
-274
-444
-54
-294
-499
-185
-295
-391
-276
-255
-383
-328
-196
-445
-275
-204
-490
-234
-169
-346
-234
-161
-180
-173
-195
-34
-278
-136
135
-133
-11
-8
-68
50
-8
35
40
-52
153
-11
-32
107
-41
58
-28
-101
-121
-103
-106
-173
-71
-119
-272
-156
-122
-255
-163
-159
-133
-74
-128
-28
-39
53
54
15
196
182
280
316
323
453
375
389
469
424
510
443
421
567
417
423
484
365
402
385
293
367
314
264
290
175
311
260
156
215
142
179
216
152
236
187
150
164
95
183
30
77
191
-29
-33
50
26
86
-225
-108
71
-218
-18
-216
-180
-16
-355
-34
-118
-423
-27
-241
-289
-158
-218
-106
-385
-135
-157
-488
-135
-263
-367
-124
-388
-309
-225
-411
-282
-371
-255
-272
-414
-139
-375
-441
-122
-292
-239
-235
-207
-142
-258
-45
-100
-180
-14
-24
-68
44
53
-40
-39
103
90
-19
34
-10
4
21
-112
-141
-96
-170
-153
-141
-141
-226
-250
-140
-251
-221
-178
-251
-179
-103
-129
-104
-24
16
8
77
165
190
275
354
358
364
478
489
453
540
577
533
600
543
521
592
463
435
483
400
429
443
368
405
266
309
287
250
312
214
201
233
218
252
210
165
220
142
192
190
170
182
187
72
61
33
41
-81
-38
13
-210
-61
-208
-176
-41
-306
-239
-42
-345
-204
-183
-361
-253
-258
-299
-339
-274
-366
-292
-326
-381
-393
-357
-392
-339
-332
-384
-354
-395
-288
-429
-372
-254
-369
-298
-183
-333
-268
-248
-278
-225
-178
-142
-197
-59
-176
-62
-1
-82
-23
-12
23
43
43
14
-16
-139
-99
-184
-238
-213
-263
-347
-320
-300
-403
-371
-383
-501
-403
-345
-386
-255
-260
-185
-146
-130
-32
48
161
241
297
448
507
551
675
680
769
783
768
820
881
841
797
841
744
683
709
595
465
643
481
329
527
274
224
397
132
183
422
92
187
195
46
292
83
100
282
56
248
187
47
402
-16
35
256
-165
178
148
-226
130
23
-333
-31
-12
-325
-170
-128
-313
-316
-177
-304
-436
-334
-86
-364
-532
-51
-437
-560
-171
-410
-476
-240
-453
-525
-342
-326
-532
-364
-370
-660
-438
-262
-390
-490
-248
-308
-575
-167
-73
-592
-118
9
-205
6
19
-94
-15
139
-51
-171
-118
-121
-343
-149
-223
-443
-400
-423
-520
-602
-424
-582
-625
-468
-669
-729
-400
-433
-540
-349
-193
-234
-142
151
100
209
460
432
535
804
868
926
1031
1113
1045
1052
1200
1179
1205
1248
1045
1012
1074
811
805
753
498
596
549
411
359
233
285
174
71
229
172
65
102
33
49
125
172
127
35
185
156
93
305
243
62
95
235
49
4
361
29
-176
86
-100
-133
-49
-112
-162
-289
-324
-400
-560
-230
-349
-591
-277
-476
-669
-446
-562
-681
-447
-574
-597
-586
-650
-606
-554
-690
-435
-477
-793
-415
-608
-650
-109
-469
-556
-210
-442
-180
-186
-223
-44
-88
-110
-108
-256
-383
-276
-326
-456
-503
-578
-705
-615
-820
-856
-780
-931
-792
-946
-991
-697
-791
-730
-564
-645
-394
-239
-174
82
303
377
510
766
907
1160
1303
1320
1549
1588
1578
1758
1666
1720
1714
1573
1629
1490
1370
1247
1020
936
881
693
642
579
442
336
192
101
76
96
-38
4
-27
-15
47
-40
39
66
109
363
193
160
460
127
252
436
233
366
344
158
331
134
22
193
-106
30
-48
-294
-59
-413
-520
-233
-645
-534
-549
-746
-694
-971
-617
-660
-921
-684
-957
-1002
-701
-801
-531
-741
-911
-677
-873
-582
-453
-709
-555
-507
-604
-388
-357
-291
-380
-480
-672
-735
-514
-550
-730
-924
-967
-898
-974
-1014
-1080
-1179
-950
-1158
-1320
-1022
-852
-775
-792
-825
-570
-369
-196
-12
159
409
501
567
886
1237
1360
1486
1599
1717
1835
1890
1887
2061
2095
1933
1843
1776
1759
1665
1494
1348
1264
1154
938
750
635
559
493
281
205
185
131
128
-44
-106
3
-97
-87
76
108
124
50
115
272
317
285
320
402
366
380
286
318
446
251
252
288
104
179
-56
-230
-48
-271
-314
-264
-555
-499
-489
-637
-588
-772
-895
-934
-962
-992
-847
-898
-1064
-1034
-1071
-1072
-965
-937
-755
-769
-929
-717
-885
-972
-1102
-1251
-1064
-1066
-1297
-1350
-1520
-1467
-1314
-1646
-1638
-1452
-1449
-1416
-1471
-1437
-1136
-1129
-1151
-944
-660
-426
-236
-101
142
453
543
825
1128
1304
1532
1646
1807
2139
2075
2018
2080
2075
2223
2151
2067
2153
1977
1718
1643
1555
1579
1486
1135
977
893
704
627
514
425
453
256
93
162
61
46
59
-35
122
165
103
297
309
310
357
286
464
569
550
551
441
474
608
567
492
430
363
235
223
217
173
116
-192
-299
-238
-363
-463
-598
-743
-788
-951
-914
-977
-1145
-1023
-1150
-1174
-1054
-1217
-1165
-1099
-1241
-1192
-1333
-1523
-1603
-1689
-1650
-1812
-2025
-2031
-1986
-1999
-2020
-2172
-2217
-1962
-1803
-1864
-1891
-1702
-1433
-1270
-1226
-989
-544
-229
-133
-21
322
824
1051
1162
1470
1769
2014
2157
2213
2289
2425
2396
2393
2395
2411
2385
2218
2002
1799
1691
1520
1401
1296
1095
810
548
403
379
285
155
90
-9
-95
-191
-212
-137
-51
22
12
88
278
333
339
435
558
715
859
908
950
1007
969
938
1003
1076
1123
1023
917
861
666
496
400
310
363
187
-151
-273
-490
-597
-745
-850
-690
-878
-1153
-1296
-1436
-1179
-1132
-1369
-1401
-1668
-1812
-1958
-2092
-1937
-1878
-2084
-2651
-2954
-2673
-2340
-2248
-2602
-2968
-2695
-2538
-2396
-2212
-2115
-1661
-1598
-1762
-1333
-825
-266
19
-143
273
821
1218
1517
1667
1958
2228
2264
2394
2717
2920
2874
2770
2648
2563
2557
2314
2347
2347
1910
1578
1190
1083
1172
814
508
320
112
69
-223
-416
-350
-433
-497
-569
-564
-418
-346
-457
-454
-242
-10
193
280
320
530
600
660
912
1026
1197
1255
1135
1259
1388
1357
1424
1351
1306
1235
1003
857
824
801
528
326
121
-84
-138
-269
-509
-537
-902
-967
-1020
-1252
-1029
-1029
-1195
-1658
-2433
-2651
-2026
-1818
-2039
-3052
-3791
-3468
-2822
-2775
-3132
-3494
-3505
-3199
-3330
-3225
-2663
-2193
-2269
-2390
-2318
-1352
-587
-461
-353
-73
533
1182
1454
1860
2442
2486
2651
2827
3307
3766
3682
3277
3240
3416
3532
3486
3065
2756
2398
2046
1837
1848
1553
1023
410
20
105
48
-292
-639
-949
-1158
-1185
-1253
-1144
-1068
-1218
-1319
-1211
-894
-545
-473
-495
-198
109
386
571
719
1013
1175
1226
1446
1767
1931
1918
1730
1725
1874
2053
1931
1712
1525
1286
1155
1009
792
760
355
-90
-195
-512
-441
-666
-1101
-1186
-1398
-1606
-1356
-1594
-1835
-2253
-2973
-2808
-2288
-2418
-3026
-3939
-4359
-3425
-3126
-3456
-3813
-3989
-3670
-3489
-3828
-3376
-2489
-2306
-2373
-2624
-2065
-781
-347
-455
-80
475
1383
1812
1807
2389
3045
3161
3274
3547
3957
4455
4022
3604
3920
4087
4121
3842
3139
3050
2851
2312
2168
1800
1436
1070
355
-5
-33
-412
-781
-1123
-1395
-1320
-1507
-1874
-1877
-1811
-1767
-1589
-1552
-1316
-1004
-1092
-904
-475
-113
325
390
446
923
1192
1466
1773
1911
2245
2325
2186
2278
2404
2502
2480
2151
1987
1966
1753
1472
1238
907
752
544
51
-134
-492
-809
-870
-1124
-1301
-1374
-1967
-2104
-2137
-2537
-2756
-3310
-3248
-2733
-3219
-4263
-4841
-4705
-3611
-3425
-4265
-4637
-4470
-4092
-3930
-3911
-3402
-2495
-2398
-2724
-2507
-1631
-543
-105
-276
367
1363
1872
2091
2160
2817
3726
3804
3821
4303
4567
4645
4122
3913
4494
4774
4409
3764
3314
3226
3130
2561
2228
2118
1695
1017
326
-186
-269
-484
-969
-1244
-1588
-1851
-2190
-2481
-2362
-2118
-2114
-2187
-2203
-2040
-1755
-1607
-1274
-727
-284
-180
-145
157
761
1391
1641
1903
2247
2419
2502
2527
2748
3166
3247
3039
2781
2503
2494
2305
2070
1876
1557
1288
673
138
-80
-259
-391
-609
-1151
-1567
-1846
-2210
-2057
-2078
-2532
-2795
-3107
-3239
-3086
-3532
-3666
-3489
-3895
-4287
-4479
-4102
-3452
-3603
-4580
-4740
-3902
-3073
-2852
-3309
-3290
-2421
-1975
-1950
-1504
-696
143
381
136
854
1993
2358
2510
2499
3246
4153
4060
3797
3953
4294
4466
4287
4052
4270
4278
3609
3037
2972
3043
2978
2222
1431
1379
1139
661
124
-413
-386
-506
-1228
-1564
-1676
-1791
-1831
-2187
-2119
-1736
-1851
-2125
-2077
-1723
-1115
-801
-899
-638
-257
3
358
685
1145
1628
1616
1634
2041
2435
2755
2674
2559
2776
2860
2658
2347
2233
2264
2177
1847
1343
1086
829
486
175
-62
-259
-483
-936
-1361
-1330
-1514
-1653
-2080
-2502
-2605
-2444
-2442
-2464
-3158
-3970
-3877
-3452
-2962
-3497
-4476
-4662
-3774
-3527
-3883
-4427
-4052
-3057
-2946
-3496
-3377
-2367
-1666
-1652
-1913
-1041
304
674
227
467
1435
2634
2796
2502
3036
3721
3912
3695
3787
4415
4850
4184
3701
3790
4106
3995
3317
2936
2948
2753
1986
1504
1365
1305
784
-93
-450
-257
-416
-1011
-1578
-1762
-1479
-1642
-2030
-2071
-1818
-1692
-1841
-1957
-1596
-1093
-982
-979
-746
-163
342
475
501
899
1402
1618
1697
1873
2336
2559
2484
2425
2477
2749
2689
2314
2091
2071
2082
1838
1305
988
833
574
236
-212
-267
-372
-706
-1161
-1440
-1434
-1603
-2014
-2450
-2446
-2083
-2138
-2914
-3685
-3952
-3409
-2897
-3301
-4175
-4667
-4259
-3698
-3776
-4244
-4249
-3625
-3303
-3515
-3458
-2866
-2138
-1941
-2038
-1291
-250
280
186
208
1132
2271
2680
2721
2922
3411
3807
3817
4035
4481
4729
4362
4020
3974
4183
4151
3561
3094
2974
2770
2361
1839
1420
1344
914
230
-200
-320
-321
-699
-1393
-1747
-1620
-1537
-1746
-2066
-2131
-1915
-1772
-1825
-1664
-1370
-1184
-999
-839
-398
128
316
384
602
1027
1568
1801
1795
1984
2205
2393
2435
2383
2395
2501
2396
2205
2091
1911
1735
1425
930
748
660
435
313
-361
-820
-796
-994
-1125
-1341
-1996
-2103
-2263
-2389
-2147
-2532
-3375
-3827
-3714
-3228
-3101
-4094
-4648
-4312
-3811
-3776
-4168
-4364
-3657
-3175
-3520
-3549
-2998
-2222
-1738
-1967
-1756
-496
234
376
354
778
1927
2634
2581
2772
3361
3797
3953
3866
4115
4643
4550
4069
3965
4074
4195
3869
3176
2974
2892
2459
2012
1607
1345
1075
350
-121
-124
-230
-626
-1290
-1769
-1661
-1526
-1764
-2021
-2155
-2106
-1904
-1897
-1799
-1509
-1381
-1281
-1054
-658
-128
135
180
426
913
1373
1562
1628
1857
2204
2412
2480
2475
2539
2573
2475
2290
2258
2213
1977
1572
1171
929
937
796
370
-130
-504
-602
-740
-1017
-1445
-1795
-2052
-2315
-2235
-2311
-2968
-3600
-4101
-3765
-3206
-3683
-4513
-4869
-4563
-4017
-4188
-4620
-4348
-3764
-3676
-3953
-3765
-2888
-2081
-2115
-2239
-1423
-300
215
203
306
1316
2424
2653
2735
3029
3631
4192
4092
4217
4707
4943
4720
4261
4182
4531
4544
3934
3315
3048
2904
2582
2085
1683
1439
898
269
-36
-175
-351
-872
-1530
-1724
-1618
-1646
-1878
-2185
-2216
-2071
-2007
-1951
-1856
-1640
-1452
-1266
-1012
-597
-166
-2
166
454
877
1319
1476
1622
1889
2142
2351
2375
2334
2482
2584
2464
2290
2170
2122
1956
1568
1134
991
924
778
414
-150
-455
-602
-834
-994
-1468
-1904
-2009
-2234
-2161
-2473
-3396
-4011
-4096
-3581
-3165
-3923
-4927
-5086
-4677
-4286
-4346
-4527
-4175
-3812
-4172
-4286
-3588
-2617
-1952
-2063
-2172
-1174
-195
126
359
697
1809
2766
2731
2797
3259
3919
4441
4457
4576
5085
5113
4630
4316
4432
4799
4732
3979
3315
3122
2876
2636
2197
1693
1338
708
158
-57
-294
-598
-1053
-1595
-1692
-1728
-1995
-2259
-2384
-2265
-2089
-2076
-2130
-1978
-1790
-1604
-1312
-957
-495
-165
-133
31
451
943
1418
1634
1790
2032
2169
2278
2469
2659
2804
2721
2475
2248
2269
2313
2105
1635
1228
1204
956
622
182
-212
-160
-452
-1010
-1308
-1754
-2034
-2081
-2299
-2581
-3264
-4106
-4334
-3705
-3542
-4206
-5028
-5431
-4973
-4624
-4752
-4774
-4383
-4294
-4521
-4535
-3830
-2749
-2313
-2423
-2139
-1279
-348
2
204
958
1898
2680
2818
3020
3500
4199
4494
4540
4914
5209
5280
4830
4531
4754
5067
4786
4145
3539
3231
3065
2643
2276
1920
1412
743
185
-158
-239
-548
-1177
-1676
-1853
-1893
-2082
-2349
-2545
-2385
-2291
-2336
-2385
-2218
-1882
-1673
-1477
-1137
-637
-278
-141
-27
390
997
1486
1691
1811
2058
2298
2421
2538
2759
2930
2872
2592
2379
2431
2488
2179
1788
1524
1280
1119
638
179
86
-26
-388
-880
-1419
-1817
-1917
-2157
-2197
-2515
-3384
-4308
-4692
-4171
-3417
-3836
-5120
-5940
-5869
-4888
-4333
-4614
-4910
-4872
-4814
-4375
-3905
-3304
-2439
-2178
-2060
-1553
-821
58
710
979
1659
2603
3259
3590
3708
3933
4641
5078
5267
5509
5399
5155
4900
4811
5014
5116
4471
3763
3196
2837
2790
2434
1949
1395
644
-16
-281
-571
-757
-1120
-1768
-2130
-2277
-2409
-2480
-2617
-2768
-2617
-2564
-2451
-2257
-2082
-1776
-1448
-1161
-717
-261
-50
184
478
967
1597
1944
2042
2237
2419
2628
2884
2990
3129
3141
2872
2690
2653
2429
2426
2141
1701
1377
935
715
603
247
-196
-590
-1138
-1308
-1688
-2069
-2140
-2271
-3018
-4011
-4997
-4851
-3729
-3559
-4571
-5997
-6580
-5885
-4766
-4688
-4825
-5007
-5181
-5076
-4714
-3935
-2648
-2075
-2232
-2130
-1592
-398
649
1086
1524
2434
2960
3475
3736
4087
4881
5273
5397
5636
5785
5533
5283
4857
5058
5453
5123
4321
3414
2796
2645
2557
2124
1743
936
10
-655
-932
-896
-937
-1547
-2299
-2712
-2959
-2853
-2841
-2873
-2780
-2757
-2860
-2689
-2352
-1916
-1518
-1376
-1001
-444
-49
195
461
903
1620
2173
2368
2444
2586
2771
3014
3213
3367
3587
3395
2937
2670
2609
2680
2618
2083
1428
1245
821
566
512
-95
-324
-699
-1511
-1542
-1753
-2347
-2216
-2785
-3575
-4308
-5234
-4825
-3645
-3912
-5285
-6617
-7009
-5614
-4512
-4835
-5264
-5376
-5500
-5039
-4635
-3759
-2118
-1807
-2266
-2081
-1414
255
1516
1548
2189
2859
3355
3882
4123
4754
5784
5844
5536
5769
5841
5962
5628
4999
5190
5543
4846
4085
3213
2502
2497
1940
1449
1368
585
-544
-1446
-2080
-1674
-1373
-2022
-2758
-3424
-3804
-3601
-3293
-3043
-2571
-2675
-3100
-2981
-2584
-1724
-853
-680
-404
2
230
720
1144
1748
2600
2916
2844
2954
3133
3436
3687
3630
3778
3922
3550
3028
2586
2457
2665
2456
1798
1233
768
369
-103
-384
-418
-380
-771
-1893
-2599
-2763
-2540
-2184
-2776
-4147
-5262
-5860
-4917
-3699
-4091
-5569
-7100
-7120
-5689
-4791
-4819
-4989
-5250
-5308
-5287
-4628
-2953
-1400
-1271
-2018
-2030
-853
1003
2110
2362
2911
3438
3755
4178
4679
5735
6377
5929
5511
5630
6172
6375
5644
4814
4819
4930
4505
3702
2908
2323
1779
952
482
645
222
-886
-2062
-2765
-2457
-2105
-2486
-2910
-3415
-3879
-3925
-3715
-2998
-2230
-2276
-2623
-2539
-2091
-1225
-444
-73
520
913
937
1282
1799
2514
3246
3312
3284
3577
3704
3714
3629
3552
3848
3921
3435
2865
2416
2116
1975
1620
1284
996
555
-222
-840
-991
-860
-809
-1305
-2215
-2830
-3044
-3112
-2790
-3312
-4484
-5633
-5930
-4800
-3794
-4644
-6168
-7114
-6609
-5220
-4798
-4796
-4658
-4741
-5207
-5259
-4168
-1977
-558
-907
-1718
-1399
-65
1583
2556
3138
3924
4044
3810
4128
5156
6356
6768
5890
5399
5625
5917
5853
5232
4838
4707
4246
3377
2864
2511
2014
1034
30
-218
-45
-603
-1726
-2552
-2991
-2906
-2962
-3065
-2985
-3187
-3777
-4031
-3598
-2622
-1878
-1886
-1965
-1676
-1212
-649
74
817
1565
1760
1587
1933
2634
3334
3736
3711
3818
4025
3913
3739
3600
3672
3764
3462
2862
2438
2134
1703
1183
713
630
465
17
-822
-1279
-1266
-1306
-1509
-1979
-2537
-2767
-2941
-3100
-3358
-4521
-5535
-5736
-4669
-3676
-4375
-6111
-7254
-6751
-5444
-4848
-4650
-4377
-4589
-5122
-5542
-4454
-2077
-452
-453
-1273
-1357
-245
1109
2379
3423
4210
4441
3942
3915
4801
6167
6764
6114
5439
5379
5665
5646
5044
4599
4380
3808
3073
2522
2427
1993
699
-556
-914
-693
-739
-1479
-2480
-2997
-3386
-3758
-3521
-2910
-2603
-2918
-3697
-3701
-2794
-1967
-1431
-1054
-716
-387
-277
86
1082
2020
2427
2426
2516
3024
3517
3641
3690
3957
4155
4049
3731
3409
3426
3233
2813
2479
2218
2057
1547
759
258
25
-213
-331
-739
-1008
-1182
-1520
-1791
-2205
-2470
-2615
-2670
-2661
-3261
-4506
-5401
-5651
-4542
-3656
-4309
-5559
-6749
-6670
-5743
-5044
-4471
-4089
-4297
-4795
-5141
-4272
-2406
-836
-380
-664
-654
-15
1074
2275
3333
4127
4330
4077
4346
4919
5818
6210
5738
5252
4958
5033
5192
5054
4558
3830
2858
2186
1987
2002
1694
695
-635
-1443
-1563
-1591
-1662
-2113
-2711
-3182
-3659
-3561
-3014
-2734
-2541
-2619
-2678
-2190
-1666
-1125
-536
-141
180
563
1050
1676
2228
2437
2576
2932
3290
3697
3903
3792
3786
3616
3404
3448
3387
3280
2980
2356
1845
1485
1279
1080
705
242
-176
-461
-834
-1023
-1187
-1347
-1254
-1604
-2065
-2385
-2769
-2523
-2534
-3437
-4496
-5389
-5041
-3818
-3523
-4446
-5837
-6600
-6003
-5070
-4561
-4261
-4050
-4123
-4518
-4763
-3888
-1848
-380
-280
-781
-861
159
1635
2438
3190
3826
4081
4089
3932
4521
5601
5993
5382
4530
4207
4610
4940
4655
4074
3389
2501
1758
1511
1611
1660
882
-485
-1432
-1727
-1598
-1533
-1878
-2241
-2510
-2934
-3180
-2952
-2497
-2123
-2029
-2113
-1857
-1314
-851
-455
-192
105
546
1030
1629
2128
2286
2363
2522
2891
3371
3636
3689
3627
3462
3159
2939
2926
2956
2829
2314
1699
1246
907
669
435
97
-297
-703
-1041
-1180
-1279
-1453
-1564
-1653
-1972
-2252
-2460
-2443
-2490
-3351
-4357
-4623
-4047
-3015
-3057
-4234
-5065
-5199
-4625
-4188
-4179
-3793
-3323
-3313
-3734
-3940
-2966
-1557
-821
-958
-1172
-552
488
1278
1677
2068
2719
2939
2891
3165
3745
4625
4733
4092
3629
3482
3772
4091
3974
3715
3183
2474
1889
1547
1651
1679
1258
537
-180
-528
-505
-638
-775
-843
-1282
-1537
-1518
-1551
-1331
-1238
-1283
-1066
-971
-848
-498
-199
135
368
400
551
790
1186
1380
1128
951
1041
1229
1336
1176
998
981
917
753
447
235
341
629
443
60
-140
-260
-107
-182
-466
-475
-484
-501
-405
-506
-633
-714
-809
-832
-820
-719
-617
-604
-589
-662
-852
-1075
-1231
-1199
-1004
-934
-1073
-1197
-1386
-1460
-1410
-1483
-1511
-1522
-1593
-1517
-1431
-1364
-1155
-966
-798
-739
-724
-599
-367
-173
-169
-127
28
208
376
440
446
500
572
626
623
682
822
920
918
774
730
796
858
904
849
764
753
810
883
927
930
960
1007
1055
1030
890
781
763
823
858
795
754
765
747
654
538
479
488
555
572
558
504
394
342
300
259
326
394
372
323
262
249
256
219
183
169
131
109
123
76
-10
-94
-220
-321
-293
-247
-257
-347
-444
-475
-503
-522
-529
-527
-490
-460
-473
-504
-542
-593
-632
-657
-671
-649
-663
-718
-838
-950
-975
-1011
-1039
-1118
-1237
-1342
-1440
-1462
-1429
-1389
-1333
-1323
-1318
-1296
-1292
-1239
-1151
-1028
-863
-709
-576
-437
-296
-171
-98
-27
150
357
492
579
656
696
772
883
979
1079
1129
1142
1159
1159
1188
1247
1296
1346
1340
1306
1247
1202
1200
1222
1233
1167
1106
1063
989
944
915
884
884
813
699
613
565
555
536
507
458
398
359
331
324
313
261
170
104
75
40
27
22
27
5
-88
-149
-182
-232
-246
-294
-375
-376
-355
-356
-378
-474
-523
-536
-591
-611
-597
-589
-635
-712
-764
-779
-768
-786
-865
-949
-1008
-1027
-963
-940
-1030
-1124
-1257
-1376
-1387
-1319
-1215
-1148
-1193
-1243
-1217
-1147
-1047
-930
-782
-675
-602
-560
-487
-330
-197
-79
45
156
252
309
364
423
467
529
594
674
795
855
810
750
759
841
933
1009
1056
1047
1024
1017
1025
1065
1122
1169
1158
1082
1028
1010
1019
1048
1026
1009
997
878
760
728
711
683
612
509
447
417
360
350
314
248
188
110
69
38
5
17
-1
-97
-192
-210
-149
-149
-209
-294
-378
-391
-377
-421
-489
-520
-520
-501
-516
-561
-571
-596
-662
-690
-651
-591
-529
-501
-519
-542
-572
-576
-527
-489
-462
-514
-617
-626
-619
-607
-625
-695
-747
-802
-856
-882
-844
-799
-786
-798
-825
-769
-674
-649
-641
-606
-508
-400
-343
-267
-155
-75
-40
-6
72
199
280
290
306
372
445
510
585
648
710
747
728
707
722
793
860
888
928
946
967
953
881
835
808
837
889
860
874
937
935
882
768
652
587
545
543
492
411
320
210
200
209
197
160
90
44
-4
-46
-55
-32
-14
-40
-104
-139
-134
-151
-166
-282
-399
-310
-130
43
-1
-249
-381
-321
-114
30
-128
-399
-545
-441
-181
-101
-247
-405
-413
-342
-323
-430
-588
-635
-621
-562
-521
-592
-670
-737
-801
-797
-740
-765
-885
-1041
-1129
-1101
-1005
-864
-717
-714
-844
-917
-893
-727
-568
-494
-363
-275
-220
-155
-18
187
291
242
-5
-240
-171
240
751
1031
1000
790
710
971
1318
1534
1445
1149
1108
1127
1138
1285
1161
768
380
103
289
759
842
685
462
98
36
260
376
374
376
106
-166
-80
46
280
313
-71
-272
-111
89
142
109
75
78
74
2
-98
-125
141
180
-167
-251
-207
-171
-164
-367
-429
-280
-181
-162
-177
126
437
377
241
-76
-157
492
920
813
580
167
10
364
801
774
444
201
-59
103
269
-321
-841
-1316
-1634
-1426
-1309
-1476
-1875
-2115
-2155
-2119
-2049
-2196
-2358
-2285
-2094
-1929
-1776
-1562
-1180
-788
-638
-597
-504
-180
345
909
1297
1393
1508
1647
1902
2183
2203
2131
1984
1824
1852
1915
1918
1908
1607
1133
926
860
725
572
321
32
-125
-235
-330
-330
-356
-521
-771
-944
-1003
-922
-692
-647
-747
-720
-638
-522
-316
-209
-177
-40
48
26
125
332
593
747
632
443
439
701
985
1038
854
815
1084
1295
1291
1089
823
839
1077
1200
1035
699
450
457
485
274
12
-43
142
250
168
13
-196
-126
78
114
32
-192
-243
-288
-662
-1288
-2295
-3046
-3205
-3032
-2616
-2768
-3360
-3812
-3980
-3627
-3341
-3482
-3713
-3831
-3386
-2534
-1618
-755
-321
-50
138
352
1062
1812
2562
3249
3616
4069
4305
4462
4601
4362
4029
3540
3081
2888
2763
2729
2397
1726
927
72
-386
-730
-1133
-1483
-1961
-2173
-2292
-2501
-2510
-2616
-2710
-2780
-2756
-2371
-1976
-1465
-1009
-749
-374
-60
451
1043
1431
1802
1971
2176
2499
2639
2715
2499
2206
1999
1735
1761
1716
1587
1458
1092
824
532
269
169
21
-65
-148
-159
-92
-99
-114
-254
-323
-234
-152
29
224
511
768
871
900
770
805
776
522
189
-761
-1879
-2811
-3714
-3899
-3893
-4059
-4363
-5288
-5753
-5620
-5310
-4711
-4801
-5011
-4830
-4397
-3119
-1801
-686
205
613
1320
2058
2940
3900
4327
4910
5328
5613
6119
6298
6443
6095
5222
4330
3219
2504
2006
1493
1137
416
-363
-1134
-1937
-2511
-3179
-3683
-4048
-4310
-4122
-3869
-3459
-3021
-2829
-2562
-2332
-1852
-1217
-690
87
791
1476
2136
2597
3131
3406
3531
3602
3448
3359
3220
3041
2878
2520
2068
1537
1058
703
342
89
-183
-446
-587
-763
-834
-847
-864
-789
-660
-443
-170
56
274
449
663
947
1159
1424
1722
1899
2051
2110
2005
1908
1386
378
-945
-2608
-3968
-4735
-5101
-5250
-5767
-6480
-7047
-7288
-6973
-6644
-6366
-6338
-6361
-5777
-4799
-3331
-1652
-276
1057
2134
3117
4124
4941
5712
6161
6501
6872
7108
7488
7622
7409
6914
5769
4376
2875
1451
400
-496
-1142
-1722
-2425
-3046
-3642
-4140
-4606
-5132
-5525
-5746
-5600
-5041
-4059
-2881
-1851
-907
-223
435
1200
1763
2414
3064
3558
4252
4753
5078
5275
5006
4592
4022
3262
2461
1668
1006
464
122
-147
-429
-595
-900
-1217
-1387
-1598
-1693
-1644
-1478
-1051
-505
111
729
1276
1788
2075
2250
2395
2495
2651
2850
2956
3025
3120
3105
2777
1837
-76
-2586
-4905
-6517
-7211
-7550
-7995
-8584
-8991
-8734
-8076
-7523
-7365
-7700
-7824
-7308
-6079
-4184
-2070
57
2025
3682
5068
6123
6881
7344
7656
7881
7894
7904
7893
7909
7871
7318
6187
4543
2562
671
-1026
-2480
-3500
-4242
-4789
-5015
-5137
-5183
-5209
-5374
-5510
-5460
-5195
-4624
-3705
-2532
-1108
477
1938
3193
4082
4609
4989
5212
5215
5039
4798
4624
4512
4360
4010
3382
2561
1551
466
-633
-1708
-2520
-2894
-2886
-2597
-2157
-1767
-1433
-1062
-742
-507
-272
65
526
1189
1935
2699
3455
4091
4498
4707
4594
4306
3897
3264
2602
2142
1762
1114
-166
-2200
-4550
-6699
-8011
-8972
-9837
-10640
-11446
-11388
-10303
-9046
-7801
-7017
-6572
-5758
-4659
-3331
-1758
3
1919
3928
5876
7443
8531
9401
9895
9964
9566
8646
7508
6572
5805
5062
4175
3028
1573
126
-1348
-2988
-4401
-5609
-6607
-7047
-7070
-6839
-6246
-5565
-4833
-3839
-2957
-2198
-1236
-274
771
1998
3048
3970
4915
5661
6295
6662
6563
6132
5395
4502
3544
2530
1541
595
-197
-852
-1441
-2015
-2608
-3125
-3433
-3520
-3406
-3139
-2691
-2022
-1242
-403
411
1280
2188
2954
3574
3967
4235
4452
4593
4675
4647
4445
4158
3857
3387
2741
2044
1093
108
-1154
-3183
-5393
-7610
-9321
-10058
-10694
-11337
-11644
-11581
-10399
-8642
-7157
-6065
-5332
-4382
-3075
-1704
-288
1181
2867
4828
6621
7943
8916
9616
10060
10180
9528
8205
6734
5294
4078
3046
1754
470
-697
-1873
-2851
-3918
-5027
-5894
-6622
-6957
-6985
-6818
-6224
-5255
-4002
-2567
-1289
-86
1113
2318
3485
4348
4935
5335
5757
6130
6277
6170
5816
5308
4574
3613
2539
1349
226
-823
-1827
-2696
-3410
-3861
-4053
-4094
-3983
-3748
-3310
-2660
-1891
-1039
-225
550
1345
2137
2927
3603
4220
4767
5083
5289
5208
4972
4705
4146
3521
2775
1887
1181
420
-290
-919
-1915
-3289
-5168
-7255
-8881
-9797
-10310
-10816
-11312
-11294
-10188
-8147
-6153
-4621
-3391
-2207
-735
589
1597
2544
3634
4968
6136
6901
7495
8140
8843
9221
8762
7461
5891
4401
2962
1399
-335
-1969
-3203
-4124
-4715
-5113
-5434
-5531
-5504
-5426
-5268
-5032
-4616
-3749
-2674
-1587
-425
735
2159
3777
4984
5901
6422
6553
6644
6394
5810
5087
4238
3408
2585
1644
700
-139
-835
-1453
-2247
-3092
-3688
-4072
-4246
-4279
-4224
-3870
-3117
-2083
-967
144
1114
1991
2813
3451
3940
4232
4471
4639
4642
4520
4283
4052
3760
3336
2663
1815
1073
350
-347
-1076
-1950
-2672
-3711
-5247
-6755
-8236
-8881
-8887
-9326
-9685
-9682
-8883
-6914
-4927
-3544
-2489
-1404
-33
1375
2461
3152
3966
4908
5628
6078
6178
6547
7212
7400
6913
5593
4121
3169
2236
992
-649
-2337
-3593
-4390
-4842
-5238
-5464
-5396
-5165
-4723
-4220
-3570
-2630
-1684
-870
-193
502
1406
2524
3779
4757
5332
5714
5943
6077
5962
5423
4567
3561
2580
1622
645
-283
-1048
-1624
-2167
-2745
-3155
-3288
-3224
-3107
-3190
-3244
-2968
-2325
-1388
-483
334
1169
2078
3015
3733
4202
4484
4614
4567
4280
3819
3388
3019
2632
2101
1404
825
352
-17
-439
-1135
-1805
-2426
-3383
-4605
-6022
-7384
-7985
-8303
-8865
-9220
-9101
-8045
-6060
-4178
-2835
-1682
-519
768
2042
2851
3237
3665
4176
4640
4988
5218
5691
6253
6381
5934
4955
3965
3192
2231
845
-960
-2677
-3846
-4521
-4908
-5201
-5325
-5164
-4706
-4003
-3232
-2443
-1598
-878
-313
213
811
1610
2546
3367
3923
4422
4939
5464
5811
5712
5132
4230
3291
2337
1356
328
-716
-1637
-2251
-2619
-2823
-2847
-2782
-2637
-2562
-2582
-2477
-2102
-1503
-871
-306
287
1029
1974
2913
3570
3999
4248
4368
4381
4171
3708
3163
2605
1973
1365
763
143
-217
-482
-884
-1216
-1570
-2082
-2963
-4291
-5701
-6767
-7299
-7847
-8617
-9023
-8742
-7463
-5576
-3921
-2539
-1231
156
1547
2604
3241
3616
3931
4124
4194
4321
4584
5062
5410
5363
4986
4436
3953
3373
2345
840
-905
-2506
-3694
-4489
-5066
-5485
-5611
-5415
-4869
-3882
-2785
-1803
-919
-251
309
871
1427
1987
2545
3008
3364
3728
4212
4770
5120
5091
4709
4070
3331
2545
1593
438
-719
-1651
-2272
-2662
-2965
-3028
-2852
-2611
-2346
-2071
-1736
-1272
-735
-353
-19
502
1140
1842
2498
2977
3367
3716
4001
4086
3864
3507
2989
2300
1648
938
207
-305
-783
-1150
-1333
-1609
-1746
-1829
-2414
-3410
-4460
-5481
-6076
-6517
-7324
-8015
-8097
-7438
-6014
-4406
-3115
-1786
-368
1049
2391
3304
3743
4030
4104
3968
3879
3871
4053
4324
4325
4111
3880
3703
3493
2915
1842
462
-934
-2174
-3174
-3998
-4746
-5301
-5483
-5167
-4395
-3346
-2261
-1343
-495
299
1022
1664
2118
2409
2558
2626
2787
3041
3405
3750
3813
3644
3395
3151
2813
2245
1346
244
-720
-1413
-1976
-2476
-2764
-2789
-2631
-2362
-2017
-1485
-855
-340
76
447
861
1367
1831
2148
2414
2646
2899
3122
3239
3213
3020
2715
2285
1788
1304
716
60
-502
-1052
-1378
-1539
-1782
-1860
-1824
-2213
-3082
-3966
-4688
-5081
-5439
-6386
-7222
-7226
-6614
-5464
-4271
-3296
-2139
-767
668
1955
2864
3383
3683
3783
3691
3623
3603
3687
3769
3507
3235
3215
3244
3165
2707
1830
797
-219
-1168
-2113
-3018
-3889
-4682
-5057
-4954
-4360
-3425
-2542
-1656
-757
182
1204
1943
2416
2649
2609
2608
2639
2682
2780
2765
2628
2455
2468
2615
2475
2010
1353
656
22
-565
-1140
-1758
-2291
-2567
-2592
-2405
-2057
-1598
-1042
-458
54
566
1186
1713
2042
2245
2351
2512
2695
2734
2666
2505
2363
2214
1990
1749
1359
839
304
-193
-595
-980
-1315
-1579
-1876
-1910
-2098
-2899
-3635
-4217
-4623
-4777
-5445
-6236
-6273
-5822
-5006
-4111
-3288
-2322
-1265
-125
995
1975
2660
3078
3365
3389
3374
3378
3400
3455
3185
2850
2747
2763
2673
2337
1819
1193
456
-374
-1184
-1864
-2586
-3449
-4050
-4145
-3814
-3271
-2739
-2125
-1337
-507
373
1144
1689
1985
2056
2181
2296
2248
2186
2158
2122
2013
1931
2012
2024
1817
1445
982
573
107
-437
-919
-1356
-1705
-1922
-1957
-1776
-1504
-1134
-674
-170
414
977
1450
1808
2048
2144
2221
2359
2403
2350
2167
1951
1872
1744
1459
1184
877
549
266
-108
-437
-753
-1057
-1337
-1537
-1630
-2329
-3274
-3777
-4198
-4395
-4826
-5771
-5954
-5631
-5259
-4472
-3611
-2697
-1739
-817
187
1328
2243
2547
2763
3014
3134
3291
3216
3235
3315
2965
2761
2822
2774
2562
2108
1562
970
309
-447
-1173
-1837
-2633
-3332
-3636
-3596
-3258
-2902
-2516
-1843
-1108
-312
485
1083
1514
1696
1750
1926
2041
1975
1838
1773
1737
1698
1761
1810
1720
1455
1052
782
540
79
-386
-820
-1209
-1490
-1677
-1626
-1427
-1244
-1003
-582
-11
531
986
1339
1605
1854
2026
2157
2259
2223
2051
1853
1775
1682
1528
1285
929
697
469
169
-66
-381
-716
-944
-1202
-1257
-1414
-2244
-3113
-3616
-3933
-4148
-4839
-5713
-5762
-5400
-4987
-4248
-3389
-2482
-1635
-862
187
1421
2188
2390
2592
2836
3053
3091
2982
3107
3117
2796
2580
2680
2775
2566
2102
1634
1199
589
-175
-876
-1475
-2166
-2861
-3217
-3145
-2860
-2594
-2311
-1840
-1132
-348
289
805
1131
1287
1474
1606
1656
1690
1623
1536
1481
1463
1586
1640
1484
1205
1033
937
606
100
-358
-716
-979
-1249
-1398
-1299
-1186
-1072
-873
-458
69
478
790
1073
1414
1679
1808
1945
2030
1955
1752
1580
1575
1537
1293
997
771
611
460
224
-95
-347
-629
-911
-1025
-1078
-1261
-1967
-2812
-3181
-3474
-3752
-4341
-5235
-5414
-5150
-4771
-4155
-3459
-2635
-1825
-989
27
1168
2022
2266
2430
2675
2900
3033
2865
2795
2743
2459
2303
2394
2503
2381
2010
1616
1264
882
316
-396
-1072
-1803
-2424
-2783
-2881
-2697
-2562
-2435
-1962
-1263
-452
239
638
992
1314
1546
1701
1698
1643
1537
1342
1221
1268
1389
1350
1191
1075
1024
953
698
291
-42
-304
-618
-949
-1131
-1170
-1176
-1130
-974
-563
-65
283
607
959
1307
1632
1794
1882
1931
1823
1644
1518
1484
1373
1117
826
620
465
269
36
-206
-426
-669
-849
-960
-1058
-1128
-1516
-2280
-2765
-3003
-3254
-3644
-4414
-4871
-4704
-4473
-4113
-3499
-2724
-1954
-1270
-434
622
1597
1975
2041
2324
2572
2653
2513
2318
2248
2037
1856
1941
2119
2140
1929
1645
1406
1171
791
193
-442
-1085
-1710
-2130
-2343
-2376
-2303
-2212
-1953
-1390
-684
-45
505
866
1093
1329
1476
1482
1414
1275
1071
936
933
1055
1156
1082
985
957
946
873
641
354
109
-176
-499
-701
-792
-876
-905
-833
-572
-168
158
426
730
1045
1273
1399
1524
1585
1499
1331
1145
1079
1002
770
559
407
300
179
8
-180
-374
-526
-673
-773
-815
-870
-1007
-1449
-1924
-2173
-2421
-2718
-3166
-3674
-3868
-3756
-3550
-3260
-2775
-2211
-1689
-1092
-330
510
1045
1256
1457
1670
1800
1796
1659
1587
1521
1410
1415
1501
1626
1615
1498
1439
1392
1253
940
535
113
-360
-784
-1106
-1327
-1387
-1449
-1469
-1206
-811
-408
-60
190
357
512
712
796
758
660
502
397
448
627
758
750
722
755
866
981
918
744
547
365
229
81
-57
-175
-310
-373
-253
-11
234
392
516
674
835
974
1004
968
934
798
631
573
530
430
281
144
67
13
-51
-169
-269
-315
-389
-451
-511
-604
-738
-984
-1267
-1439
-1642
-1903
-2150
-2372
-2468
-2504
-2467
-2298
-2029
-1699
-1440
-1115
-648
-219
135
325
456
608
700
776
782
798
833
788
786
849
947
1011
980
987
988
918
819
640
381
107
-136
-320
-481
-628
-710
-695
-646
-592
-431
-223
-90
32
154
227
269
294
323
375
388
384
447
515
566
619
652
735
809
793
758
737
683
605
503
418
346
301
304
297
342
405
442
480
510
544
578
563
559
539
459
406
339
259
148
14
-51
-118
-154
-186
-244
-262
-311
-343
-311
-308
-352
-404
-427
-396
-363
-454
-551
-596
-705
-815
-952
-1148
-1305
-1452
-1658
-1774
-1769
-1738
-1707
-1640
-1487
-1258
-1015
-800
-558
-334
-143
14
153
291
385
469
559
655
770
883
996
1077
1117
1167
1172
1134
1048
896
685
433
150
-129
-321
-520
-740
-834
-864
-845
-694
-567
-465
-323
-175
-3
175
311
406
492
578
710
848
884
944
1056
1126
1210
1255
1246
1246
1221
1136
1031
915
774
585
381
251
127
22
-35
-103
-122
-118
-136
-136
-119
-74
-48
-76
-79
-35
-36
-21
17
14
56
110
115
102
88
67
29
-9
-59
-137
-184
-301
-491
-624
-817
-1026
-1194
-1396
-1532
-1661
-1841
-1915
-1872
-1787
-1713
-1629
-1445
-1181
-902
-697
-503
-282
-103
122
315
415
479
574
685
741
769
808
893
961
955
897
855
792
611
424
213
-53
-246
-402
-569
-703
-819
-834
-755
-690
-575
-394
-194
-9
196
382
563
729
803
882
990
1059
1086
1079
1066
1101
1148
1127
1116
1097
994
900
794
655
544
405
223
77
-31
-126
-173
-156
-138
-136
-112
-31
72
139
180
199
227
292
318
314
323
299
261
240
198
105
51
41
-35
-153
-250
-341
-409
-493
-632
-759
-876
-998
-1093
-1232
-1397
-1491
-1527
-1557
-1557
-1495
-1414
-1340
-1217
-1045
-859
-658
-493
-309
-109
20
120
229
305
319
349
397
409
426
459
480
461
450
426
341
256
178
75
-55
-167
-260
-366
-505
-598
-581
-483
-385
-317
-172
6
156
353
550
690
793
815
875
947
975
1029
1000
995
1053
1039
1027
1036
997
925
835
756
661
531
367
175
61
18
-32
-73
-87
-61
-12
35
85
182
233
217
220
244
249
240
254
227
174
114
67
43
2
-31
-91
-133
-183
-241
-274
-355
-453
-540
-624
-728
-811
-885
-970
-1033
-1086
-1080
-1075
-1088
-1056
-1005
-954
-878
-830
-769
-611
-518
-472
-401
-346
-264
-198
-129
-19
53
98
133
153
155
138
134
99
60
21
-40
-122
-188
-223
-269
-250
-257
-266
-202
-136
-39
37
96
198
315
431
503
543
623
692
735
766
795
853
899
889
924
967
932
902
869
788
709
666
591
490
396
286
192
140
126
119
105
123
143
156
195
226
241
235
208
207
203
184
156
101
75
78
46
16
-22
-62
-84
-146
-221
-253
-291
-297
-314
-385
-441
-482
-543
-599
-636
-685
-700
-719
-748
-750
-745
-749
-770
-781
-754
-697
-651
-597
-571
-578
-534
-500
-466
-376
-329
-292
-275
-279
-210
-141
-143
-134
-99
-69
-69
-98
-105
-84
-54
-73
-138
-159
-77
-38
-50
21
130
206
303
388
434
528
555
586
656
657
647
679
697
688
706
708
733
790
761
732
715
673
634
566
496
457
416
332
230
189
194
168
156
172
166
173
190
162
139
137
124
107
92
84
53
56
43
23
1
-21
-14
-73
-126
-132
-126
-157
-189
-185
-207
-227
-272
-336
-371
-399
-399
-428
-482
-520
-527
-528
-579
-628
-644
-652
-658
-689
-693
-674
-685
-682
-665
-635
-596
-549
-510
-469
-431
-377
-315
-284
-222
-176
-167
-146
-125
-91
-48
-45
-27
20
43
52
89
170
242
266
306
345
359
383
405
433
433
413
462
516
515
530
563
627
662
638
639
666
656
612
576
539
503
441
361
344
368
349
311
299
312
309
246
198
225
232
170
118
97
83
79
49
29
12
5
-9
-36
-51
-79
-94
-75
-91
-144
-153
-147
-129
-122
-166
-182
-163
-174
-232
-256
-276
-336
-353
-375
-414
-421
-497
-580
-563
-572
-587
-579
-607
-617
-611
-636
-634
-624
-611
-581
-556
-511
-488
-480
-418
-363
-322
-266
-219
-150
-93
-58
-7
36
74
100
113
156
206
218
227
241
250
281
325
348
346
347
372
417
435
438
482
509
486
479
506
529
526
517
516
522
511
492
496
485
453
424
422
417
380
332
289
260
227
170
121
100
71
48
50
25
20
20
-6
8
-9
-23
-13
-51
-109
-143
-148
-134
-131
-150
-150
-120
-112
-123
-122
-126
-131
-153
-212
-264
-307
-333
-374
-455
-493
-498
-524
-539
-555
-572
-540
-536
-523
-483
-475
-474
-485
-467
-418
-416
-400
-352
-351
-307
-257
-239
-170
-138
-108
-77
-57
-5
32
50
53
65
94
98
104
131
133
175
209
234
277
311
374
407
418
463
496
511
532
523
500
476
455
464
458
443
452
437
411
384
367
394
412
388
353
314
299
266
177
124
111
87
58
35
32
43
20
-1
20
21
-19
-21
-42
-86
-86
-108
-133
-144
-158
-152
-145
-133
-134
-131
-96
-92
-132
-163
-156
-177
-232
-281
-340
-359
-373
-423
-479
-504
-492
-474
-481
-499
-444
-417
-438
-429
-423
-397
-375
-368
-364
-352
-350
-325
-280
-266
-227
-173
-110
-53
-21
20
58
95
101
109
144
152
147
139
112
149
203
193
222
253
302
379
373
377
427
431
423
404
407
425
386
364
360
351
329
312
333
361
355
348
359
348
323
305
270
248
244
206
152
106
73
69
69
31
43
54
9
-2
3
-36
-43
-69
-104
-107
-91
-87
-145
-135
-120
-136
-107
-106
-102
-80
-111
-90
-82
-133
-145
-176
-217
-260
-292
-315
-360
-404
-430
-446
-468
-492
-480
-488
-489
-426
-386
-363
-357
-370
-362
-318
-278
-244
-207
-173
-162
-158
-133
-123
-82
-52
-52
2
41
38
61
51
35
52
72
93
107
107
125
177
233
260
279
336
371
369
384
388
389
403
380
371
387
396
398
406
395
388
401
376
366
385
330
284
284
262
241
199
151
106
82
72
69
82
77
28
28
31
-13
-36
-58
-64
-74
-91
-87
-99
-126
-131
-124
-119
-103
-100
-95
-85
-82
-72
-101
-106
-97
-130
-142
-188
-239
-260
-314
-345
-343
-347
-361
-381
-404
-427
-421
-411
-399
-370
-384
-392
-357
-332
-315
-287
-267
-252
-221
-188
-176
-155
-110
-46
-16
-12
23
57
72
88
102
98
103
112
102
117
126
124
143
164
189
196
205
231
258
278
302
301
277
278
276
283
289
298
305
324
349
356
344
318
327
352
342
303
309
312
277
259
229
194
185
164
120
86
55
41
26
9
-22
-56
-75
-88
-88
-98
-93
-79
-92
-104
-95
-96
-110
-123
-107
-87
-110
-120
-134
-136
-124
-150
-167
-169
-189
-219
-264
-271
-291
-343
-346
-370
-403
-380
-389
-430
-407
-391
-405
-381
-335
-297
-260
-222
-219
-197
-136
-98
-69
-48
-10
18
24
47
63
80
90
94
107
108
113
129
83
71
121
116
111
100
96
129
132
114
112
124
127
136
167
186
196
205
219
247
296
320
338
366
363
382
409
408
383
350
309
295
286
226
211
228
187
115
78
37
-5
-4
-23
-37
-40
-76
-86
-93
-124
-110
-68
-89
-107
-51
-36
-50
-26
-29
-41
-33
-28
-20
-32
-48
-60
-92
-120
-133
-167
-216
-222
-217
-253
-297
-312
-330
-358
-375
-379
-374
-359
-344
-331
-326
-318
-273
-264
-280
-244
-184
-129
-102
-80
-23
-7
-11
20
31
49
86
90
91
74
61
61
48
38
34
17
7
15
31
46
42
28
14
39
78
82
95
132
153
165
192
215
222
260
326
330
326
358
364
390
390
381
398
345
317
309
250
203
179
152
112
71
21
11
12
-29
-37
-42
-59
-35
-20
-43
-23
-3
-23
-1
7
13
26
-13
22
57
2
-5
-3
-36
-46
-49
-81
-121
-162
-195
-227
-239
-241
-290
-309
-306
-332
-335
-326
-340
-348
-331
-287
-252
-235
-235
-241
-192
-154
-144
-122
-107
-85
-64
-68
-39
-13
-23
-4
-3
-9
21
11
-23
-38
-48
-35
-28
-39
-42
-46
-33
-13
-17
-17
1
38
57
72
73
94
153
140
152
184
189
218
232
254
285
281
294
318
301
298
321
296
271
274
248
245
232
179
144
131
126
89
46
30
33
30
0
17
42
38
49
51
51
49
51
49
56
62
42
27
17
20
23
-2
-27
-35
-74
-97
-101
-119
-155
-189
-187
-223
-260
-261
-247
-230
-238
-242
-264
-275
-236
-232
-249
-231
-183
-154
-144
-150
-142
-118
-118
-111
-87
-95
-91
-67
-91
-97
-97
-102
-97
-98
-102
-118
-101
-90
-92
-74
-48
-39
-42
-55
-57
-20
24
42
54
58
54
76
80
86
138
184
212
210
200
238
266
255
252
259
262
257
255
256
240
219
219
211
178
147
117
98
115
113
94
76
70
64
36
36
53
61
78
88
91
86
74
88
98
89
79
72
54
32
21
19
17
-3
-28
-48
-55
-90
-129
-152
-165
-178
-192
-217
-226
-226
-245
-241
-223
-222
-220
-226
-237
-204
-178
-158
-135
-122
-106
-72
-80
-82
-64
-86
-74
-55
-67
-82
-78
-83
-85
-93
-96
-94
-118
-120
-131
-145
-119
-99
-102
-98
-78
-43
-28
-22
3
8
46
84
104
158
188
186
193
202
201
190
198
204
198
198
210
205
199
184
144
131
134
134
98
59
72
88
73
37
25
44
55
70
73
94
125
117
122
127
118
125
112
99
127
120
103
118
79
54
57
22
-11
-38
-41
-52
-93
-110
-113
-140
-147
-137
-153
-156
-147
-162
-163
-158
-153
-168
-157
-139
-143
-125
-114
-92
-61
-59
-89
-90
-76
-77
-63
-77
-84
-74
-86
-82
-102
-135
-101
-81
-105
-116
-122
-132
-115
-108
-109
-99
-87
-60
-52
-52
-33
-10
18
44
76
64
63
121
137
126
136
138
154
175
148
149
160
124
119
117
116
111
76
52
38
33
36
28
19
36
47
37
31
76
124
117
107
113
102
120
158
144
138
157
150
149
122
114
127
82
60
43
15
6
-17
-46
-51
-75
-110
-112
-118
-102
-100
-132
-125
-110
-117
-102
-93
-88
-77
-84
-97
-98
-80
-80
-66
-55
-49
-38
-42
-52
-59
-58
-74
-87
-85
-86
-117
-130
-133
-112
-86
-131
-155
-148
-139
-115
-97
-119
-115
-59
-49
-53
-11
26
36
44
57
69
85
113
127
137
116
96
113
116
113
77
47
84
96
81
69
38
39
46
10
1
15
31
49
42
56
68
58
73
96
78
89
110
105
117
129
114
127
132
108
104
77
66
74
44
-3
1
3
-39
-47
-33
-23
-43
-82
-76
-54
-45
-55
-71
-45
-28
-32
-44
-51
-31
-26
-33
-42
-24
-7
-44
-43
-32
-56
-69
-94
-92
-79
-82
-82
-90
-90
-96
-111
-116
-131
-136
-110
-123
-145
-127
-92
-55
-59
-66
-43
-36
-19
-11
-11
32
49
26
29
50
73
73
49
66
98
81
64
63
67
53
20
22
38
48
42
24
36
73
56
25
29
44
59
41
41
59
58
86
103
97
111
94
83
111
111
93
95
93
62
39
48
39
18
17
16
13
-3
-2
-11
-38
-5
3
-32
-17
-14
-18
-5
-5
8
15
17
23
13
-3
-12
-33
-52
-65
-57
-48
-73
-102
-117
-123
-120
-133
-145
-127
-149
-159
-141
-159
-154
-133
-136
-119
-99
-110
-101
-91
-74
-36
-39
-34
-6
1
11
26
38
39
63
90
70
62
66
69
67
58
62
68
52
33
65
58
16
28
37
45
43
20
49
81
69
59
54
54
70
72
65
91
100
73
67
83
86
79
76
66
53
46
45
60
38
2
14
11
-16
-23
-10
2
9
-9
-16
11
30
33
19
-5
3
35
18
10
40
55
50
36
36
33
24
-1
-21
-22
-38
-57
-61
-68
-96
-109
-129
-155
-132
-146
-168
-130
-140
-173
-157
-148
-137
-121
-135
-137
-127
-109
-76
-68
-48
6
19
-7
-23
-12
32
39
48
56
30
44
43
28
36
28
14
20
18
22
26
24
21
27
45
35
41
78
91
64
44
50
60
77
67
61
96
101
74
82
96
86
83
79
69
85
85
51
30
19
7
-3
-8
4
17
13
1
-2
24
45
40
37
29
35
50
74
73
28
25
40
40
49
44
29
35
19
-8
-20
-36
-28
-33
-74
-102
-93
-95
-114
-116
-118
-141
-143
-143
-153
-149
-151
-159
-141
-113
-119
-115
-118
-128
-106
-81
-53
-63
-83
-62
-46
-17
7
-3
-2
5
-10
-6
23
49
51
37
41
17
11
36
29
31
39
41
60
50
54
82
67
77
97
73
97
106
82
103
101
94
90
93
117
108
95
112
104
90
102
102
80
59
56
58
53
37
29
27
31
53
49
17
25
56
39
23
28
13
33
42
1
-3
31
39
20
-11
-33
-18
-19
-25
-51
-89
-91
-113
-122
-112
-136
-158
-156
-162
-175
-194
-204
-196
-204
-211
-209
-206
-181
-161
-166
-164
-139
-125
-128
-115
-87
-75
-79
-55
-38
-49
-48
-25
17
45
48
43
58
83
109
104
109
128
103
108
122
112
132
142
135
137
117
108
127
134
137
125
121
133
145
133
122
121
88
77
93
97
105
97
87
82
88
94
62
56
56
31
30
31
14
8
19
20
25
18
12
26
10
-3
-3
-16
-14
0
12
11
2
0
-21
-51
-53
-46
-43
-52
-65
-51
-62
-74
-81
-106
-89
-91
-131
-132
-135
-143
-148
-144
-142
-155
-158
-159
-165
-168
-171
-163
-149
-141
-123
-124
-135
-118
-92
-81
-67
-59
-56
-55
-33
-18
-5
44
54
38
44
48
51
75
82
86
95
87
83
73
65
79
82
89
90
81
91
86
67
69
74
58
62
70
79
77
75
80
91
103
103
104
95
106
116
120
118
101
100
95
84
96
90
84
91
90
79
79
71
54
48
48
45
38
23
7
15
-4
-26
-23
-15
-22
-45
-46
-27
-44
-76
-85
-90
-79
-80
-108
-105
-108
-121
-127
-147
-145
-150
-162
-154
-157
-164
-168
-190
-189
-170
-166
-174
-184
-159
-141
-148
-140
-138
-123
-109
-98
-66
-48
-33
-15
-18
3
31
30
41
51
54
86
105
99
102
110
105
110
125
129
133
133
128
139
143
125
114
107
114
116
108
118
120
108
98
114
114
108
113
100
105
126
122
116
124
119
105
105
97
93
89
70
68
69
48
20
14
16
-1
-24
-30
-57
-84
-89
-99
-105
-115
-127
-121
-121
-133
-144
-152
-163
-177
-152
-151
-158
-149
-152
-145
-147
-164
-154
-137
-146
-135
-127
-129
-118
-101
-86
-94
-93
-69
-62
-45
-34
-21
7
11
-2
7
24
45
59
63
74
86
114
122
118
127
125
130
125
137
160
141
133
136
109
111
125
99
85
97
106
103
99
76
74
71
51
34
30
47
44
31
27
34
46
36
23
28
41
39
49
31
32
66
64
59
52
50
37
20
20
26
21
-7
-13
-21
-46
-60
-82
-106
-102
-91
-107
-127
-132
-140
-145
-164
-174
-159
-166
-171
-159
-170
-171
-166
-165
-166
-167
-160
-169
-152
-130
-162
-167
-146
-144
-119
-113
-119
-94
-90
-100
-73
-45
-53
-28
-7
-1
9
18
47
73
80
83
110
136
143
153
167
191
205
193
196
202
213
220
200
203
208
194
189
186
165
148
142
144
134
124
110
93
91
75
62
54
39
32
54
60
54
51
40
48
52
30
10
19
23
27
35
22
30
31
-4
-18
-12
-17
-29
-45
-63
-71
-60
-64
-98
-123
-122
-120
-130
-139
-146
-135
-134
-144
-135
-150
-152
-128
-127
-128
-114
-88
-79
-79
-80
-69
-52
-64
-75
-76
-79
-59
-64
-87
-69
-66
-77
-65
-72
-74
-61
-61
-59
-70
-66
-42
-33
-30
-24
-11
17
11
15
50
42
48
68
63
72
87
91
92
87
73
67
74
85
93
82
70
57
56
81
65
42
55
66
55
41
24
29
57
66
61
52
54
74
100
85
73
81
92
110
108
98
109
103
92
83
70
66
56
53
45
28
17
12
-1
-19
-19
-24
-21
-28
-38
-41
-56
-59
-53
-56
-64
-59
-47
-47
-44
-43
-65
-63
-46
-35
-31
-41
-53
-56
-44
-46
-59
-60
-61
-66
-79
-77
-67
-73
-79
-77
-64
-54
-65
-56
-44
-54
-57
-55
-41
-31
-28
-13
-7
-12
-12
-17
-13
3
-5
-21
-9
7
8
17
15
9
13
6
-2
14
24
5
4
-2
-8
17
27
16
7
-3
11
22
12
14
17
30
34
17
17
33
41
56
72
69
62
49
47
68
75
75
73
59
53
45
34
36
24
19
13
-2
-9
-20
-9
-11
-33
-39
-44
-51
-54
-45
-44
-33
-13
-12
-10
-15
-23
-19
-7
16
13
4
6
18
29
19
10
5
4
3
-6
-15
-15
-7
-13
-22
-20
-23
-29
-31
-37
-40
-34
-26
-22
-17
-15
-5
13
8
1
13
30
47
42
47
50
48
58
55
59
78
66
44
42
40
50
38
22
17
-2
10
10
-5
-11
-8
-3
-2
5
2
6
9
8
4
13
21
20
22
36
38
33
39
27
25
20
3
13
14
-3
-4
-4
-31
-45
-38
-51
-60
-55
-53
-54
-57
-71
-84
-74
-84
-97
-80
-88
-70
-45
-62
-64
-66
-62
-45
-45
-38
-18
-21
-12
-15
-38
-38
-49
-33
-23
-24
-16
-16
-36
-55
-38
-44
-50
-52
-58
-47
-45
-39
-22
-36
-44
-25
-22
-22
-13
13
36
33
37
59
59
46
63
77
78
85
84
77
76
84
78
71
56
41
56
45
30
46
42
36
40
37
47
60
58
53
62
65
82
92
76
82
91
96
105
102
106
105
87
87
83
64
61
46
41
45
35
35
27
2
-7
-15
-31
-28
-43
-36
-31
-51
-57
-60
-56
-68
-83
-72
-58
-57
-60
-48
-45
-54
-65
-56
-32
-37
-52
-63
-74
-71
-73
-81
-77
-71
-80
-98
-109
-107
-105
-115
-106
-91
-99
-104
-98
-96
-83
-83
-88
-79
-57
-31
-27
-31
-24
-2
-5
-18
-6
-2
13
19
15
39
42
13
7
18
13
12
19
24
29
35
32
22
16
6
14
38
44
60
63
56
85
84
77
99
115
126
119
114
125
116
117
130
108
106
105
80
80
74
60
59
50
37
47
40
25
33
28
13
1
-7
-2
-3
-6
13
11
-9
-12
-18
-27
-14
0
8
1
5
7
-12
-14
-28
-40
-36
-43
-49
-44
-51
-65
-67
-68
-79
-81
-59
-60
-63
-61
-68
-52
-52
-61
-57
-50
-38
-34
-32
-16
-29
-41
-23
-28
-37
-32
-21
-12
-4
-7
-35
-35
-40
-58
-47
-35
-46
-56
-54
-48
-34
-32
-37
-27
-12
-21
-17
5
-4
10
30
14
24
43
32
42
53
58
60
59
60
64
67
57
50
49
45
32
27
16
15
23
12
8
8
6
6
13
0
-2
27
13
1
21
15
19
33
15
23
20
17
37
21
14
14
7
11
-3
-4
20
2
-18
-14
-35
-22
-4
-30
-22
-3
-6
-29
-39
-22
-9
1
-3
2
15
3
3
14
9
13
22
26
30
