-21
-22
-18
-12
8
6
-16
-11
1
13
10
-27
-8
-9
-17
29
-2
-13
18
-17
6
2
-23
11
-23
23
37
-41
7
-9
-10
65
-5
-26
15
-34
-17
13
-29
5
24
-13
26
36
-25
-6
11
-25
12
7
-34
14
20
12
9
-22
-7
-31
9
35
-27
15
-7
-38
39
11
-7
-2
-14
30
5
19
9
-44
-7
46
1
-25
23
-42
-22
95
-12
-18
70
-67
12
44
-54
71
21
-27
40
-51
-2
41
-35
16
-2
-45
8
17
3
29
-15
-64
13
10
-36
3
-20
-4
27
-43
-11
8
-8
35
14
-23
-1
-4
-18
35
9
-16
-7
-12
-47
16
14
-20
39
3
6
-1
-49
31
62
-34
-1
-4
-32
71
47
-61
17
21
-49
26
20
-36
30
-5
-31
51
-4
-26
22
-44
-22
35
-23
9
-2
-24
15
-20
1
42
-14
26
5
-58
57
4
-42
36
-36
12
29
-51
62
6
-13
32
-62
24
60
-47
-4
1
-48
38
-11
-22
43
-29
-58
44
1
-2
93
-64
-75
39
-49
-16
57
-45
13
0
-44
30
20
28
-12
-40
10
-4
29
11
-24
29
-2
26
29
-41
-7
2
-41
28
-4
-1
14
0
58
20
9
21
-29
-43
-26
-21
-3
-10
32
-28
-58
29
47
76
31
-17
-36
-7
60
-5
-38
3
-24
3
56
-11
-3
21
16
-7
-14
-57
-15
21
-10
39
-2
-23
-3
-29
7
28
-43
-7
-13
-32
-4
12
15
29
-20
-2
11
3
34
-33
-16
-6
20
-5
-21
-24
0
61
-6
5
3
-19
26
-3
-8
13
-35
-7
-6
-27
39
-5
5
14
-33
7
31
2
6
-3
-12
-4
-43
6
-2
-10
14
-11
14
41
20
12
18
-48
-18
36
-14
19
33
-30
27
39
-33
21
1
-42
11
-38
-29
15
-43
1
-4
-13
36
26
31
-16
-50
-39
3
10
43
6
-40
25
9
31
90
17
4
-1
-70
-11
3
5
2
-49
-30
-6
-2
43
30
-31
9
-6
-27
23
0
-6
-3
-41
-17
41
8
23
24
-10
-8
-9
32
33
49
14
-80
-24
4
-35
59
16
-25
20
-19
-26
20
-9
2
-5
-37
-26
-16
-17
-5
5
-37
-5
16
66
42
28
10
-66
-25
33
17
-10
25
-9
-15
37
-30
-43
31
1
43
72
-49
-33
-49
-55
49
-23
-23
28
-32
26
50
-21
15
10
17
48
-2
-5
-58
-32
-50
-47
23
1
25
38
35
24
4
4
27
-32
-56
-48
-35
47
39
-18
-16
7
17
36
68
16
-3
-2
-33
-10
-47
-30
-11
-12
62
29
-28
17
2
-4
26
-29
-12
28
50
-2
9
8
-65
22
3
-71
27
3
-17
44
-77
-69
21
43
62
59
6
-47
-37
20
-12
-6
-21
-72
31
51
-27
35
41
-35
64
50
-54
-24
18
-33
-12
-19
-46
20
14
13
18
12
34
-21
-25
5
-45
-16
-1
13
16
0
16
-8
-11
18
29
-1
-19
10
-26
-53
-1
-30
8
41
-20
15
15
12
54
-4
-4
2
-38
-8
-27
-33
-9
-2
0
12
45
49
16
-12
8
41
0
0
2
-35
-24
-9
-26
25
31
-53
-7
13
30
72
13
-15
-50
-68
-2
-4
-6
1
-8
4
6
25
17
-25
-17
4
-28
-1
40
22
-20
1
-16
-21
47
44
39
14
-9
-23
-41
-22
-21
-3
37
-8
-28
-4
-15
9
24
10
30
26
11
19
2
-31
-36
-39
-41
2
7
-2
35
44
40
24
12
17
-8
-30
-37
-45
-16
-24
-29
-3
7
27
41
35
23
-6
-38
-6
-1
-25
10
-15
-44
14
57
44
31
6
-30
-9
-4
-18
-12
-20
-21
16
-6
12
27
-26
-1
27
-17
-2
19
-26
-12
-11
-38
-22
-18
20
43
13
36
25
24
15
-38
-16
24
12
-19
-19
-15
-30
-11
42
61
45
-6
-31
-2
-37
-65
-33
-31
-27
50
21
-20
24
6
27
56
23
-16
-7
-23
-26
4
-10
-38
-11
30
31
40
27
-25
1
15
-13
-7
-37
-15
26
13
-17
-32
-25
-8
16
29
17
8
-6
-17
29
54
5
-19
-14
-24
-13
-18
-32
-15
-5
-3
47
39
-4
20
19
-14
-10
4
-11
7
-3
-22
2
3
6
22
-5
-9
9
9
6
-10
8
19
3
-18
-22
-13
-7
-2
18
22
-5
-9
5
38
36
-7
-33
-37
-18
-3
4
-3
-3
6
2
21
36
-3
-14
-31
-67
-58
-41
-36
-34
-14
-1
18
47
37
24
37
-8
-46
-30
-42
-19
-11
-20
-12
12
71
90
64
66
26
-7
17
-33
-53
-29
-63
-44
-16
-32
-11
10
30
48
61
41
30
43
39
30
7
-1
7
-11
-31
-13
7
12
26
16
7
28
12
-16
-13
-27
-57
-66
-56
-52
-48
-21
-11
-23
0
-9
-23
3
-33
-46
-19
-18
-9
5
15
22
16
5
11
-9
-42
-54
-74
-67
-47
-57
-56
-38
-22
10
8
-1
-14
-36
-26
-18
-28
-24
-18
-21
12
21
13
31
30
23
49
61
50
69
37
-5
19
20
3
7
7
10
6
16
42
66
86
95
111
125
142
153
159
145
116
85
78
58
20
16
-11
-42
-40
-42
-57
-49
-57
-44
-10
-11
-15
-26
-39
-42
-40
-61
-62
-67
-64
-54
-96
-137
-194
-243
-272
-327
-387
-392
-401
-404
-385
-386
-340
-312
-291
-218
-146
-68
-11
47
118
163
206
221
296
383
434
504
536
535
520
520
520
520
497
491
482
436
379
299
259
232
193
178
170
156
156
163
153
132
134
150
178
198
206
224
229
228
220
203
193
173
119
83
82
53
40
37
-25
-53
-78
-109
-123
-159
-160
-165
-208
-216
-186
-168
-122
-140
-140
-77
-49
22
69
117
234
158
-178
-546
-982
-1278
-1463
-1977
-2534
-2859
-3048
-2977
-2734
-2477
-2077
-1558
-1129
-710
-195
236
578
782
802
853
935
1009
1153
1223
1271
1415
1537
1684
1915
2058
2073
1978
1663
1227
885
520
1
-457
-882
-1294
-1457
-1438
-1333
-1085
-792
-462
-39
347
628
875
1089
1174
1182
1181
1208
1304
1307
1225
1202
1201
1218
1219
1140
1047
877
623
390
150
-96
-336
-532
-698
-825
-860
-793
-671
-541
-434
-323
-138
37
137
265
372
370
371
446
558
625
609
567
565
561
483
360
246
57
-178
-364
-525
-702
-807
-878
-909
-789
-1107
-1775
-2293
-2798
-2929
-3062
-3955
-4689
-4757
-4618
-4238
-3788
-3276
-2394
-1371
-695
1
958
1773
2363
2532
2391
2410
2465
2483
2503
2275
2090
2132
2240
2379
2479
2483
2391
2192
1759
1173
737
283
-431
-1181
-1825
-2212
-2347
-2341
-2229
-1980
-1615
-1169
-555
31
469
887
1219
1452
1631
1707
1820
1933
1906
1818
1764
1779
1811
1721
1544
1347
1069
799
522
274
62
-228
-459
-638
-762
-734
-616
-528
-448
-317
-122
134
308
372
489
595
649
673
703
810
881
843
706
622
559
431
302
100
-189
-390
-566
-742
-788
-881
-989
-936
-949
-865
-702
-1191
-2036
-2754
-3388
-3655
-4142
-5316
-6055
-6022
-5703
-5187
-4658
-3879
-2632
-1362
-437
516
1659
2607
3197
3299
3134
3137
3160
3105
3010
2759
2583
2685
2878
2948
2940
2862
2629
2272
1651
803
142
-538
-1454
-2335
-3049
-3391
-3366
-3172
-2841
-2325
-1651
-889
-49
650
1157
1668
2004
2199
2314
2218
2192
2266
2217
2131
2117
2140
2124
2079
1924
1674
1370
919
479
166
-194
-616
-970
-1227
-1278
-1190
-1090
-890
-569
-250
95
469
710
877
1074
1191
1208
1138
1040
1070
1098
990
843
626
368
151
-77
-243
-392
-687
-1009
-1156
-1223
-1264
-1225
-1184
-1129
-1000
-946
-1158
-1689
-2413
-3017
-3461
-3975
-4688
-5518
-5949
-5674
-5131
-4587
-3934
-3034
-1860
-674
330
1167
1978
2675
2990
2974
2863
2832
2896
2848
2597
2340
2310
2544
2801
2840
2639
2427
2244
1780
1037
228
-491
-1080
-1769
-2522
-2957
-2988
-2744
-2391
-2019
-1438
-589
251
944
1443
1770
2075
2228
2206
2160
2073
1938
1836
1727
1614
1598
1640
1640
1601
1443
1165
891
596
228
-163
-547
-887
-1124
-1218
-1159
-1020
-770
-455
-109
296
711
1073
1307
1436
1496
1488
1429
1287
1058
904
790
625
464
292
217
155
-41
-294
-502
-615
-738
-918
-1149
-1395
-1458
-1485
-1612
-1650
-1771
-2024
-2470
-3208
-3796
-4108
-4322
-4630
-5214
-5606
-5271
-4452
-3625
-2955
-2165
-1091
38
949
1626
2359
3039
3356
3288
3069
3056
3139
3100
2847
2413
2224
2268
2319
2260
1900
1494
1143
694
136
-567
-1201
-1658
-2106
-2528
-2790
-2660
-2219
-1745
-1198
-631
82
960
1608
2042
2310
2425
2551
2539
2342
2134
1954
1805
1623
1402
1178
1105
1162
1051
807
518
272
136
-100
-413
-665
-878
-958
-976
-943
-706
-370
-6
378
709
1066
1438
1660
1711
1700
1619
1499
1286
993
760
528
319
90
-118
-234
-377
-526
-674
-833
-933
-956
-1004
-1123
-1176
-1194
-1238
-1107
-1092
-1388
-1914
-2846
-3663
-4046
-4409
-4976
-5864
-6568
-6366
-5501
-4603
-3860
-2935
-1672
-273
998
1958
2900
3753
4134
4078
3783
3628
3671
3522
3164
2610
2197
2187
2277
2316
2052
1598
1210
787
237
-483
-1291
-1983
-2587
-3165
-3574
-3567
-3172
-2603
-1896
-1175
-260
923
1943
2657
3047
3210
3394
3444
3259
2923
2453
2038
1727
1421
1157
1000
945
870
687
417
145
7
-207
-580
-940
-1280
-1455
-1461
-1396
-1246
-930
-492
-13
561
1154
1641
1994
2172
2245
2280
2124
1818
1500
1136
735
387
99
-164
-372
-527
-683
-805
-863
-955
-1060
-1124
-1174
-1184
-1146
-1155
-1161
-1112
-1215
-1549
-2265
-3239
-3998
-4469
-4862
-5513
-6283
-6509
-6087
-5243
-4252
-3310
-2127
-795
479
1598
2525
3413
3999
4207
4114
3828
3611
3447
3250
2933
2514
2240
2195
2268
2251
1977
1528
1037
555
-70
-908
-1718
-2438
-3033
-3508
-3821
-3659
-3112
-2394
-1564
-674
401
1536
2448
3094
3434
3568
3609
3501
3197
2742
2279
1888
1524
1171
866
721
695
617
420
148
-26
-144
-390
-721
-1080
-1355
-1448
-1426
-1349
-1110
-707
-232
309
863
1399
1950
2329
2469
2485
2342
2164
1895
1444
1010
571
165
-132
-422
-565
-671
-824
-915
-1051
-1127
-1069
-1025
-1066
-1128
-1105
-1037
-893
-923
-1307
-2000
-2945
-3676
-4185
-4732
-5322
-6224
-6866
-6628
-5952
-4957
-3966
-3107
-1857
-339
1046
2167
3067
3819
4309
4405
4148
3947
3929
3725
3326
2786
2324
2276
2400
2395
2161
1696
1169
674
232
-422
-1271
-2057
-2900
-3525
-3785
-3803
-3422
-2892
-2275
-1416
-388
831
1987
2814
3310
3568
3752
3800
3656
3278
2691
2201
1779
1383
1091
854
716
552
318
123
-18
-89
-263
-578
-924
-1255
-1391
-1399
-1363
-1184
-914
-533
-12
575
1181
1743
2166
2378
2483
2506
2395
2174
1776
1303
882
436
78
-204
-513
-691
-910
-1117
-1096
-1104
-1134
-1142
-1238
-1206
-1066
-1008
-917
-897
-1060
-1456
-2333
-3278
-3838
-4316
-4944
-5846
-6824
-6998
-6324
-5511
-4773
-3988
-2889
-1378
168
1360
2381
3357
4070
4410
4317
4131
4181
4132
3781
3204
2643
2497
2636
2693
2477
2024
1603
1229
776
119
-748
-1547
-2319
-3109
-3682
-3958
-3781
-3338
-2920
-2321
-1392
-141
1146
2118
2775
3220
3635
3905
3898
3703
3247
2765
2372
1981
1564
1179
920
725
516
264
80
40
-87
-396
-787
-1141
-1284
-1333
-1387
-1350
-1186
-871
-411
160
763
1319
1794
2112
2306
2452
2473
2313
1983
1500
1046
684
338
34
-305
-630
-839
-1004
-1102
-1118
-1183
-1165
-1209
-1324
-1125
-1019
-976
-830
-1136
-1487
-2069
-3157
-3753
-4236
-4902
-5595
-6679
-7285
-6845
-5975
-5071
-4306
-3407
-2065
-359
1165
2223
3254
4052
4523
4773
4596
4480
4496
4211
3729
3086
2626
2617
2742
2652
2149
1618
1210
798
440
-340
-1292
-2085
-2972
-3571
-3913
-3988
-3696
-3313
-2766
-2018
-851
527
1653
2575
3111
3533
4034
4218
4192
3857
3221
2691
2206
1752
1302
888
580
273
70
-105
-190
-175
-379
-685
-1000
-1227
-1237
-1247
-1293
-1276
-1135
-753
-227
347
948
1475
1910
2225
2492
2666
2641
2433
1980
1509
1100
651
264
-182
-620
-867
-1103
-1243
-1295
-1371
-1300
-1250
-1200
-1070
-970
-837
-715
-784
-1135
-1775
-2736
-3555
-4052
-4722
-5470
-6411
-7208
-7016
-6376
-5605
-4710
-3885
-2663
-1032
505
1842
2958
3807
4381
4670
4653
4590
4581
4351
3904
3327
2837
2655
2718
2694
2394
1915
1425
1063
684
77
-779
-1713
-2612
-3334
-3790
-4024
-3940
-3645
-3242
-2544
-1557
-293
1005
1991
2690
3220
3799
4233
4309
4072
3581
3061
2582
2079
1629
1229
838
520
209
-33
-86
-123
-265
-493
-829
-1084
-1191
-1276
-1311
-1306
-1248
-1005
-560
-41
504
1039
1518
1913
2241
2536
2677
2569
2260
1852
1483
1110
697
274
-207
-586
-855
-1063
-1179
-1289
-1329
-1291
-1293
-1265
-1185
-1107
-907
-921
-1193
-1654
-2639
-3477
-3962
-4661
-5310
-6181
-7107
-7159
-6598
-5820
-4980
-4174
-3074
-1486
191
1522
2656
3640
4326
4814
4862
4681
4702
4524
4123
3521
2834
2588
2662
2665
2399
1907
1451
1117
861
375
-452
-1295
-2221
-3019
-3523
-3890
-3919
-3766
-3522
-2984
-2143
-930
381
1435
2224
2827
3518
4132
4424
4365
3908
3417
2988
2568
2138
1602
1130
708
342
103
-63
-130
-232
-445
-749
-1040
-1135
-1180
-1253
-1329
-1371
-1176
-762
-251
282
763
1230
1638
2017
2394
2553
2557
2376
2031
1711
1348
941
485
5
-410
-715
-941
-1100
-1192
-1251
-1320
-1296
-1270
-1192
-1023
-961
-1061
-1429
-2209
-3205
-3915
-4458
-5036
-5803
-6952
-7624
-7294
-6509
-5588
-4844
-4047
-2617
-816
761
2013
3084
4004
4723
5062
4997
4958
4968
4687
4147
3419
2847
2783
2857
2694
2236
1712
1405
1144
762
75
-810
-1613
-2447
-3208
-3701
-4006
-4011
-3832
-3572
-3005
-2042
-758
535
1535
2236
2929
3728
4314
4532
4331
3859
3464
3091
2630
2101
1521
1008
576
224
-14
-152
-192
-357
-616
-867
-1123
-1147
-1130
-1271
-1343
-1333
-1117
-666
-156
358
829
1253
1691
2136
2487
2621
2574
2400
2104
1732
1335
977
538
-15
-469
-773
-957
-1107
-1275
-1439
-1470
-1362
-1343
-1285
-1121
-1118
-1238
-1548
-2428
-3316
-3820
-4473
-5113
-5912
-7027
-7364
-6898
-6243
-5415
-4731
-3840
-2317
-643
836
2095
3201
4089
4753
5074
5003
5012
4965
4609
4069
3390
2935
2884
2830
2538
2081
1620
1330
1128
700
-49
-814
-1590
-2421
-3047
-3643
-4048
-3973
-3861
-3564
-2908
-2063
-873
346
1303
2092
2844
3622
4252
4573
4367
3911
3586
3212
2795
2227
1552
1089
713
333
34
-188
-302
-432
-656
-914
-1110
-1131
-1154
-1263
-1335
-1334
-1056
-599
-183
267
710
1162
1642
2055
2333
2459
2454
2295
2070
1764
1324
948
552
69
-364
-736
-979
-1123
-1285
-1429
-1431
-1359
-1323
-1196
-1086
-1158
-1309
-1817
-2751
-3544
-4152
-4717
-5338
-6433
-7490
-7584
-6940
-6009
-5210
-4603
-3468
-1755
-30
1459
2648
3662
4588
5167
5287
5246
5247
5126
4704
3982
3213
2846
2887
2855
2474
1868
1373
1205
1062
534
-286
-1143
-1946
-2608
-3253
-3851
-4083
-4067
-3941
-3578
-2965
-1954
-645
537
1422
2142
2942
3787
4431
4596
4315
3906
3599
3294
2846
2190
1495
1025
651
270
-71
-243
-322
-495
-790
-1073
-1184
-1160
-1211
-1369
-1463
-1350
-1018
-596
-164
261
670
1132
1632
2074
2386
2513
2433
2282
2080
1785
1456
1010
547
87
-333
-611
-888
-1059
-1206
-1372
-1295
-1291
-1295
-1135
-1169
-1299
-1670
-2557
-3423
-4048
-4663
-5338
-6245
-7261
-7699
-7269
-6517
-5761
-4973
-3995
-2440
-634
899
2220
3335
4318
5114
5424
5442
5463
5361
4974
4316
3593
3078
2947
2861
2501
2035
1573
1294
1146
720
-23
-814
-1574
-2301
-2912
-3521
-3950
-4036
-4000
-3778
-3258
-2422
-1273
-81
895
1703
2533
3430
4168
4560
4495
4153
3883
3572
3119
2547
1855
1257
816
373
-8
-251
-453
-617
-794
-1043
-1208
-1259
-1314
-1341
-1412
-1468
-1234
-807
-397
31
424
826
1331
1829
2215
2439
2463
2366
2210
1955
1658
1284
837
361
-85
-476
-747
-917
-1071
-1247
-1416
-1410
-1288
-1169
-1071
-1099
-1304
-1703
-2474
-3315
-3937
-4495
-5189
-6138
-7108
-7474
-7035
-6278
-5615
-4945
-3900
-2340
-554
975
2206
3284
4259
5023
5406
5445
5419
5306
4933
4291
3547
3126
2991
2837
2481
1918
1473
1322
1201
789
18
-794
-1504
-2177
-2768
-3392
-3900
-4044
-3967
-3719
-3209
-2428
-1391
-293
683
1508
2388
3321
3992
4326
4277
3986
3751
3514
3121
2543
1841
1250
818
414
40
-243
-400
-531
-706
-944
-1115
-1155
-1201
-1292
-1390
-1374
-1115
-724
-379
-12
383
826
1347
1831
2170
2368
2418
2336
2201
1961
1648
1263
814
363
-60
-448
-742
-976
-1168
-1265
-1367
-1337
-1161
-1071
-957
-946
-1222
-1666
-2489
-3325
-3838
-4510
-5368
-6448
-7452
-7604
-7134
-6493
-5812
-5109
-3919
-2232
-497
990
2292
3520
4532
5271
5587
5591
5630
5487
4977
4260
3519
3216
3147
2898
2426
1873
1602
1482
1199
670
-107
-857
-1534
-2279
-2939
-3575
-4010
-4170
-4180
-3856
-3292
-2469
-1430
-376
629
1498
2450
3452
4138
4460
4346
4138
4019
3647
3116
2455
1781
1244
745
307
-43
-271
-465
-680
-835
-1041
-1172
-1200
-1303
-1367
-1466
-1447
-1166
-855
-486
-95
315
808
1300
1781
2141
2353
2449
2381
2246
2028
1685
1269
776
343
-68
-460
-738
-1020
-1181
-1289
-1436
-1408
-1281
-1113
-947
-879
-967
-1261
-1894
-2775
-3373
-3858
-4652
-5555
-6659
-7308
-7006
-6496
-5919
-5322
-4541
-3070
-1312
260
1597
2750
3876
4765
5310
5512
5545
5560
5274
4681
3957
3392
3215
3060
2679
2139
1656
1500
1303
903
272
-569
-1208
-1898
-2626
-3215
-3834
-4141
-4210
-4116
-3644
-3024
-2117
-1037
-41
929
1823
2831
3683
4199
4370
4194
4065
3909
3515
2910
2150
1558
1143
718
283
-141
-335
-451
-676
-855
-1036
-1134
-1172
-1340
-1453
-1489
-1374
-1027
-719
-415
-64
384
934
1418
1831
2104
2292
2348
2247
2082
1779
1452
1061
568
119
-282
-579
-859
-1110
-1243
-1377
-1359
-1237
-1131
-916
-814
-910
-1077
-1562
-2337
-3040
-3659
-4345
-5169
-6203
-7065
-7124
-6626
-6055
-5481
-4749
-3541
-1908
-258
1193
2403
3487
4422
5126
5524
5535
5449
5260
4821
4178
3515
3159
3035
2828
2373
1780
1483
1400
1120
541
-285
-1013
-1638
-2324
-2981
-3574
-4037
-4277
-4212
-3835
-3237
-2438
-1492
-438
582
1475
2442
3355
3988
4281
4205
4069
4002
3655
3046
2360
1716
1277
876
414
38
-220
-449
-631
-765
-904
-1021
-1129
-1265
-1375
-1439
-1396
-1155
-882
-592
-258
159
708
1208
1641
1975
2181
2309
2298
2175
1934
1579
1189
736
312
-97
-453
-737
-1035
-1165
-1248
-1316
-1206
-1088
-902
-751
-827
-916
-1160
-1838
-2665
-3281
-3911
-4649
-5545
-6646
-7159
-6845
-6350
-5757
-5112
-4191
-2702
-1118
345
1686
2825
3838
4671
5168
5335
5339
5270
4994
4444
3755
3237
3117
3010
2668
2183
1726
1563
1382
905
202
-570
-1275
-1999
-2666
-3310
-3884
-4142
-4201
-4019
-3528
-2874
-1950
-883
111
1055
2015
2916
3637
4092
4192
4094
3995
3781
3347
2757
2078
1522
1091
640
235
-65
-272
-449
-625
-824
-1026
-1106
-1216
-1397
-1464
-1475
-1355
-1104
-853
-498
-79
375
907
1391
1769
2028
2218
2299
2238
2058
1760
1413
991
535
124
-296
-652
-928
-1110
-1199
-1311
-1278
-1190
-1087
-857
-758
-731
-842
-1261
-1894
-2656
-3237
-3830
-4682
-5589
-6503
-6866
-6566
-6138
-5514
-4837
-3904
-2447
-889
565
1790
2854
3824
4522
4980
5135
5144
5119
4766
4250
3706
3289
3206
3032
2646
2179
1763
1604
1385
878
107
-713
-1401
-2133
-2884
-3515
-4030
-4242
-4222
-3965
-3376
-2588
-1647
-677
343
1287
2170
3098
3730
4048
4149
3994
3814
3542
3058
2495
1903
1421
1033
656
276
-50
-230
-435
-682
-835
-989
-1124
-1287
-1479
-1524
-1474
-1361
-1142
-810
-386
67
560
1066
1523
1876
2093
2249
2288
2180
2000
1685
1250
855
457
40
-327
-655
-866
-1011
-1127
-1197
-1171
-1049
-936
-827
-791
-835
-999
-1491
-2217
-2917
-3599
-4304
-5149
-5996
-6601
-6809
-6437
-5836
-5141
-4274
-3167
-1724
-181
1172
2284
3226
4046
4675
4967
4990
4901
4714
4379
3879
3395
3104
2979
2852
2498
2050
1721
1479
1098
440
-347
-1153
-1942
-2680
-3356
-3847
-4190
-4325
-4124
-3629
-2823
-1864
-912
93
1120
2020
2831
3525
3985
4170
4091
3840
3536
3206
2702
2090
1563
1171
836
485
173
-68
-245
-451
-699
-922
-1098
-1266
-1408
-1529
-1599
-1510
-1277
-935
-533
-86
389
873
1378
1806
2096
2267
2324
2257
2043
1746
1387
960
515
82
-269
-575
-867
-1077
-1160
-1149
-1193
-1193
-1059
-933
-767
-698
-824
-1080
-1561
-2220
-2915
-3639
-4389
-5097
-5745
-6256
-6351
-6058
-5516
-4733
-3813
-2720
-1411
-26
1263
2350
3184
3801
4241
4509
4566
4502
4301
3968
3650
3344
3142
3023
2838
2582
2281
1879
1467
991
324
-468
-1376
-2264
-3032
-3604
-3983
-4219
-4195
-3867
-3235
-2370
-1389
-385
610
1581
2379
3032
3537
3779
3913
3802
3463
3177
2824
2392
1947
1502
1137
848
583
347
151
-112
-394
-638
-940
-1206
-1426
-1643
-1720
-1642
-1535
-1320
-918
-405
102
569
1053
1534
1923
2157
2265
2269
2103
1842
1534
1149
818
421
32
-266
-574
-768
-941
-1079
-1061
-1120
-1097
-967
-924
-734
-796
-1071
-1333
-1977
-2724
-3305
-3946
-4637
-5314
-5979
-6342
-6161
-5653
-5031
-4207
-3229
-2042
-651
605
1726
2719
3387
3902
4242
4392
4439
4311
4101
3781
3488
3310
3171
3113
2964
2590
2132
1664
1221
638
-230
-1181
-2081
-2892
-3546
-3988
-4197
-4171
-3883
-3399
-2578
-1494
-471
517
1360
2094
2793
3308
3617
3670
3503
3250
2962
2705
2406
2060
1705
1340
1076
831
569
339
68
-270
-653
-1020
-1312
-1547
-1754
-1908
-1922
-1705
-1354
-951
-452
113
679
1172
1583
1958
2212
2279
2202
2029
1808
1535
1231
864
524
167
-200
-404
-614
-798
-899
-1012
-1058
-1073
-1126
-1042
-921
-854
-908
-1249
-1636
-2103
-2736
-3270
-3915
-4678
-5252
-5765
-5967
-5644
-5140
-4499
-3654
-2704
-1584
-325
862
1860
2688
3273
3652
3982
4141
4127
4001
3754
3579
3403
3256
3245
3145
2925
2542
2004
1519
941
160
-777
-1792
-2607
-3309
-3839
-4067
-4123
-3918
-3446
-2714
-1735
-748
169
1044
1848
2507
2916
3158
3252
3249
3137
2859
2584
2389
2192
1975
1730
1468
1238
996
690
329
-49
-501
-936
-1317
-1648
-1873
-2044
-2015
-1794
-1520
-1132
-577
72
636
1060
1468
1834
2092
2211
2123
1962
1765
1504
1222
898
614
340
62
-200
-379
-529
-701
-802
-953
-1064
-1092
-1110
-1106
-1050
-1040
-1180
-1387
-1721
-2332
-2935
-3416
-3961
-4478
-5074
-5593
-5626
-5232
-4661
-3964
-3206
-2302
-1129
45
1059
1961
2660
3154
3518
3657
3713
3767
3709
3612
3484
3325
3277
3271
3190
2937
2404
1757
1153
542
-306
-1290
-2172
-2916
-3466
-3792
-3864
-3668
-3211
-2593
-1842
-942
-12
865
1609
2097
2403
2632
2763
2801
2741
2542
2356
2269
2162
2054
1938
1759
1548
1288
906
458
26
-469
-970
-1429
-1813
-1990
-2038
-1981
-1789
-1475
-1009
-474
73
622
1078
1445
1686
1864
1956
1885
1791
1640
1445
1235
1003
796
614
403
168
-54
-295
-555
-736
-945
-1126
-1199
-1307
-1280
-1181
-1052
-896
-963
-1151
-1474
-2023
-2607
-3209
-3846
-4451
-5042
-5529
-5596
-5184
-4553
-3760
-2884
-1943
-846
224
1231
2093
2639
2980
3188
3295
3389
3388
3349
3365
3324
3318
3340
3369
3358
3062
2485
1773
1011
215
-730
-1766
-2681
-3329
-3733
-3913
-3737
-3343
-2741
-1947
-1100
-157
673
1319
1809
2048
2183
2273
2274
2258
2237
2201
2171
2196
2301
2325
2239
2079
1786
1357
794
203
-336
-913
-1490
-1964
-2230
-2230
-2084
-1798
-1396
-903
-393
84
554
954
1264
1472
1528
1575
1642
1573
1498
1458
1334
1204
1083
935
792
513
165
-135
-450
-767
-1091
-1334
-1413
-1446
-1443
-1369
-1168
-824
-637
-601
-768
-1256
-1816
-2500
-3265
-3891
-4520
-5130
-5514
-5524
-5012
-4216
-3317
-2359
-1387
-358
561
1374
2046
2397
2526
2561
2616
2751
2900
3098
3318
3487
3570
3609
3682
3625
3241
2478
1505
545
-447
-1430
-2341
-3127
-3607
-3794
-3624
-3126
-2485
-1755
-1010
-276
375
901
1285
1479
1578
1564
1476
1567
1732
1956
2226
2382
2585
2767
2790
2622
2244
1683
1015
290
-448
-1037
-1490
-1851
-2069
-2070
-1861
-1536
-1166
-716
-266
28
291
544
792
994
1062
1133
1235
1361
1501
1584
1648
1620
1469
1275
1036
732
322
-84
-460
-842
-1161
-1435
-1516
-1451
-1325
-1134
-1050
-766
-377
-243
-244
-599
-1118
-1667
-2512
-3245
-3874
-4473
-4884
-5253
-5192
-4622
-3847
-2979
-2162
-1345
-601
61
722
1243
1593
1735
1839
2132
2428
2793
3229
3622
4016
4101
4055
3985
3669
3175
2270
1172
178
-815
-1655
-2355
-2884
-3141
-3205
-2984
-2541
-1923
-1295
-855
-418
-54
242
477
607
809
988
1177
1508
1898
2396
2814
3040
3181
3120
2900
2513
1953
1282
555
-110
-720
-1124
-1341
-1492
-1487
-1422
-1297
-1094
-898
-659
-496
-390
-262
-145
115
438
700
1002
1286
1559
1798
1890
1918
1805
1548
1269
908
517
150
-181
-445
-670
-867
-1057
-1106
-1020
-981
-980
-947
-847
-754
-614
-621
-947
-1235
-1746
-2487
-3003
-3532
-3957
-4219
-4603
-4701
-4321
-3724
-2963
-2208
-1559
-904
-285
235
798
1335
1611
1821
2082
2398
2834
3223
3532
3811
3898
3789
3563
3246
2792
2053
1122
86
-808
-1440
-2005
-2364
-2580
-2706
-2538
-2251
-1843
-1329
-957
-626
-297
-53
209
541
817
1110
1463
1753
2123
2573
2860
3033
3012
2776
2458
1993
1492
952
383
-131
-572
-871
-1039
-1091
-1074
-1093
-1122
-1132
-1053
-897
-796
-686
-514
-268
60
415
823
1199
1471
1672
1787
1838
1809
1627
1383
1094
699
387
138
-94
-262
-441
-647
-799
-893
-1008
-976
-953
-1065
-975
-860
-771
-581
-681
-894
-1143
-1819
-2454
-2891
-3444
-3881
-4236
-4572
-4494
-3947
-3270
-2543
-1793
-1223
-620
2
398
895
1277
1416
1669
1951
2356
2891
3320
3681
3938
3950
3716
3341
2888
2214
1358
390
-559
-1222
-1687
-1987
-2133
-2200
-2103
-1968
-1757
-1407
-1084
-862
-732
-539
-274
81
519
891
1308
1767
2161
2559
2875
2977
2910
2666
2276
1822
1394
975
512
133
-220
-480
-595
-731
-805
-852
-986
-1143
-1271
-1249
-1103
-928
-713
-447
-85
371
782
1127
1413
1574
1641
1600
1523
1453
1320
1117
850
593
401
200
32
-132
-362
-614
-803
-982
-1109
-1080
-1133
-1091
-872
-806
-564
-453
-740
-911
-1462
-2214
-2767
-3345
-3707
-3990
-4294
-4305
-3896
-3122
-2397
-1748
-1161
-686
-222
-13
288
735
973
1217
1571
2089
2741
3258
3684
3958
3976
3680
3110
2555
1976
1241
449
-360
-839
-1127
-1412
-1474
-1512
-1540
-1603
-1654
-1573
-1453
-1284
-1159
-930
-515
-59
503
1076
1556
1957
2221
2370
2444
2434
2300
2043
1788
1511
1231
1003
766
573
369
27
-289
-516
-749
-910
-1032
-1172
-1246
-1212
-1063
-815
-529
-230
59
312
523
791
1020
1180
1303
1359
1415
1406
1327
1232
1065
828
548
287
65
-158
-351
-580
-728
-840
-959
-969
-948
-928
-784
-686
-632
-497
-630
-896
-1196
-1932
-2583
-2968
-3393
-3557
-3710
-3874
-3633
-3049
-2454
-1923
-1399
-1033
-721
-452
-284
163
701
1059
1501
2018
2554
3108
3445
3574
3588
3368
2870
2296
1817
1311
805
276
-242
-519
-754
-1007
-1136
-1336
-1557
-1797
-1911
-1823
-1591
-1208
-849
-378
157
569
1041
1416
1607
1768
1829
1852
1886
1841
1812
1842
1790
1652
1443
1187
885
553
133
-287
-573
-786
-918
-927
-947
-966
-917
-850
-748
-643
-490
-294
-84
152
446
791
1042
1267
1418
1462
1450
1300
1158
1025
782
533
362
213
39
-86
-241
-390
-535
-724
-857
-966
-993
-939
-864
-839
-770
-747
-867
-1104
-1797
-2500
-2855
-3169
-3342
-3540
-3776
-3492
-2898
-2382
-1839
-1314
-880
-586
-429
-282
124
650
974
1317
1813
2353
2850
3128
3261
3276
3050
2585
2097
1718
1319
870
451
81
-202
-477
-797
-1028
-1268
-1549
-1752
-1782
-1642
-1393
-1045
-663
-255
195
547
879
1111
1213
1410
1517
1589
1745
1781
1808
1822
1735
1640
1451
1155
774
367
24
-283
-503
-646
-738
-731
-756
-787
-760
-756
-734
-656
-532
-371
-110
187
458
769
1028
1184
1314
1367
1354
1253
1068
893
765
632
472
323
153
-26
-160
-307
-515
-696
-906
-1044
-1037
-994
-873
-766
-700
-626
-725
-1222
-2016
-2613
-2918
-3056
-3271
-3594
-3515
-3002
-2498
-2080
-1640
-1158
-738
-604
-580
-359
89
437
752
1252
1853
2390
2701
2871
2997
2972
2713
2296
1899
1548
1166
816
563
377
145
-203
-535
-804
-1143
-1443
-1623
-1650
-1522
-1364
-1078
-636
-158
257
546
774
922
976
995
1082
1242
1395
1554
1698
1810
1842
1718
1461
1133
815
460
70
-266
-444
-487
-507
-497
-474
-471
-526
-616
-682
-678
-592
-484
-268
55
387
722
940
1108
1248
1270
1160
998
847
700
597
472
371
390
314
149
-72
-336
-489
-691
-873
-908
-980
-945
-820
-744
-613
-471
-363
-736
-1633
-2404
-2908
-3020
-2934
-3100
-3077
-2817
-2567
-2094
-1435
-872
-694
-875
-966
-656
-181
59
362
931
1513
2085
2429
2662
2850
2640
2309
2125
1925
1590
1158
988
1043
910
557
184
-44
-335
-876
-1334
-1517
-1558
-1534
-1346
-972
-618
-319
-51
212
416
317
149
262
522
816
1069
1309
1588
1784
1881
1843
1628
1248
823
528
305
93
-2
-18
26
69
35
-69
-249
-484
-689
-786
-806
-702
-503
-223
188
497
645
798
876
834
760
631
530
461
428
532
660
742
643
440
204
-69
-298
-531
-733
-827
-840
-752
-618
-519
-453
-375
-337
-856
-1751
-2422
-3028
-3168
-2885
-2844
-2762
-2618
-2341
-1804
-1238
-905
-1029
-1147
-1003
-772
-325
54
313
794
1372
1968
2462
2588
2361
2104
1977
1824
1698
1547
1374
1382
1317
1124
966
668
192
-258
-666
-1016
-1257
-1370
-1331
-1053
-741
-581
-335
-207
-225
-182
-260
-333
-250
-12
381
825
1181
1381
1571
1694
1607
1409
1167
872
674
552
480
550
577
545
551
527
346
13
-348
-640
-760
-762
-685
-432
-164
43
288
385
339
289
210
172
132
112
150
281
477
572
629
632
504
251
-33
-244
-395
-475
-534
-505
-373
-302
-212
-158
-164
-269
-788
-1492
-2102
-2668
-2767
-2530
-2402
-2175
-1988
-1870
-1570
-1304
-1296
-1345
-1370
-1409
-1159
-652
-283
100
527
847
1332
1781
1874
1825
1696
1443
1380
1541
1614
1687
1743
1665
1633
1523
1172
733
264
-218
-458
-503
-543
-512
-434
-405
-344
-313
-439
-560
-706
-888
-904
-772
-535
-197
136
419
711
940
1003
950
835
740
667
673
772
883
1007
1120
1133
1116
1018
734
378
15
-215
-277
-283
-233
-108
31
143
160
71
-45
-209
-370
-429
-421
-370
-247
-70
70
129
92
-8
-109
-280
-436
-526
-586
-541
-460
-358
-223
-156
-161
-184
-259
-341
-415
-536
-623
-713
-838
-932
-980
-926
-839
-799
-805
-795
-804
-841
-813
-830
-860
-797
-692
-538
-334
-210
-129
-43
32
152
247
299
429
589
678
839
949
961
963
897
857
832
741
620
540
483
442
414
406
447
436
376
315
223
119
28
-57
-114
-102
-60
-21
54
116
132
144
146
162
235
259
247
272
263
289
327
353
433
470
416
322
192
115
44
-33
-4
-9
37
143
144
126
85
-26
-107
-176
-262
-281
-270
-239
-168
-123
-70
-52
-138
-208
-253
-302
-389
-442
-416
-341
-213
-126
-99
-98
-111
-196
-273
-321
-334
-300
-262
-211
-125
-62
-71
-64
-46
-82
-135
-221
-303
-327
-359
-345
-328
-314
-234
-208
-189
-176
-213
-236
-315
-383
-381
-350
-245
-130
-48
39
81
84
56
17
20
48
84
177
260
324
395
435
442
416
385
323
275
247
189
138
175
287
353
357
343
299
250
174
87
50
53
102
173
263
348
361
341
319
244
169
95
66
97
94
70
106
141
126
127
124
64
19
11
-5
-11
-27
-40
-18
6
15
39
28
11
-49
-121
-170
-207
-160
-82
-49
-35
14
5
-52
-110
-174
-212
-255
-283
-240
-192
-141
-98
-96
-58
-51
-139
-230
-262
-259
-237
-180
-150
-120
-79
-98
-102
-107
-155
-172
-174
-205
-218
-201
-175
-150
-132
-115
-96
-125
-176
-184
-187
-165
-149
-155
-111
-64
-51
-23
12
12
-4
-8
-34
-43
-10
-12
14
76
108
154
178
171
159
145
138
115
139
198
225
278
323
305
302
298
258
253
236
205
243
249
200
193
184
164
145
129
103
51
45
61
58
51
39
39
60
56
31
37
30
23
30
17
8
-14
-54
-45
-3
1
33
46
17
25
-6
-31
-46
-61
-26
-24
-41
-24
-9
-10
8
-7
-33
-16
-37
-54
-44
-77
-99
-98
-93
-87
-83
-80
-130
-198
-188
-139
-142
-152
-172
-190
-160
-191
-227
-158
-126
-122
-96
-119
-151
-134
-109
-81
-44
-40
-64
-76
-52
-33
-34
-36
-62
-100
-113
-115
-101
-84
-72
-68
-59
-55
-69
-63
-12
32
27
31
41
64
110
138
164
189
185
180
154
120
97
85
66
104
167
121
82
75
70
126
93
22
68
110
104
98
55
27
92
130
137
107
56
105
181
168
160
139
59
82
138
119
182
183
41
29
37
-9
25
44
12
18
1
-18
41
29
-19
-10
-2
47
38
-54
-68
-96
-102
-49
-96
-104
-23
-44
-26
-6
-147
-161
-141
-190
-68
-36
-116
-87
-117
-172
-138
-97
-40
-47
-146
-114
-50
-49
-44
-115
-147
-69
-62
-112
-100
-142
-163
-92
-142
-193
-166
-143
-77
-38
-43
-54
-49
-70
-101
-56
-3
36
85
138
157
109
45
23
69
131
137
92
25
35
53
16
44
48
0
16
11
-17
10
33
-3
-12
18
59
127
149
91
10
-2
53
88
118
173
190
172
158
135
99
111
103
94
136
166
162
107
46
42
69
106
131
61
-15
-63
-89
18
57
-28
-52
-51
-48
-70
-129
-115
-32
-36
-75
-101
-98
42
-2
-212
-322
-387
-231
28
35
-18
-8
-18
115
221
219
237
209
207
210
135
76
67
42
37
-3
-94
-120
-124
-128
-140
-212
-295
-307
-246
-201
-210
-234
-238
-230
-220
-167
-67
4
-10
14
78
100
118
97
76
82
45
32
58
95
113
45
-28
-82
-122
-75
-4
-1
-35
-67
-125
-159
-149
-112
-80
-47
-37
-27
1
16
51
60
57
95
147
153
168
162
137
142
134
113
110
135
155
146
99
59
75
49
18
6
4
101
113
66
50
-16
-17
19
10
55
68
26
71
65
14
56
14
-32
54
76
68
52
-50
-29
45
25
30
40
45
39
6
20
-2
-46
-39
-68
-62
-23
-55
-91
-53
-71
-191
-190
-117
-117
-65
-76
-120
-71
-99
-117
-62
-46
-25
5
-4
-2
-9
-1
-3
-1
18
4
31
6
-95
-88
-64
-49
28
-28
-116
-105
-106
-101
-88
-139
-158
-124
-97
-35
-25
-79
-73
-60
-57
-34
-9
29
38
24
12
27
47
61
70
91
105
82
90
88
90
112
75
68
108
120
123
100
85
90
78
78
100
88
66
61
59
79
72
51
59
71
62
14
-1
9
-1
12
28
16
50
73
63
112
89
23
10
18
56
101
133
129
96
60
13
-14
8
4
-18
-4
-36
-55
-34
-34
-71
-127
-147
-106
-75
-97
-111
-138
-132
-85
-66
-42
-29
-52
-78
-115
-131
-115
-103
-78
-60
-95
-117
-104
-120
-118
-93
-77
-48
-65
-75
-73
-101
-89
-46
-32
-22
-33
-55
-17
-25
-43
-21
-15
-8
6
6
19
41
29
39
62
83
62
39
67
62
52
60
37
24
72
117
145
116
71
60
31
44
63
59
85
81
50
82
96
86
105
87
53
24
-33
-42
-3
14
48
69
71
84
62
70
85
50
56
73
83
105
88
45
59
94
90
89
38
-32
-47
-68
-61
-45
-40
-7
-20
-45
-47
-65
-51
-68
-114
-91
-64
-27
24
13
-2
-34
-50
-19
-38
-69
-107
-150
-118
-83
-121
-126
-87
-93
-80
-80
-143
-115
-96
-133
-81
-63
-66
-34
-66
-73
-31
-8
28
46
41
51
13
-28
25
45
48
54
3
1
25
9
-5
-33
-52
-34
-19
-6
-5
-21
-23
-36
-38
25
69
66
65
30
19
50
57
82
96
76
102
135
117
76
31
11
12
23
33
47
48
44
57
73
89
74
39
57
67
47
57
37
53
87
75
90
64
5
-10
-33
-19
5
-36
-43
-11
-16
-9
9
-21
-45
-64
-66
-28
3
16
13
4
6
19
34
62
47
-3
-11
-26
-66
-47
-34
-50
-47
-49
-55
-56
-74
-120
-149
-151
-126
-87
-87
-99
-95
-86
-92
-75
-34
-43
-34
-11
-30
-29
-10
14
45
59
55
56
84
77
25
28
37
4
18
37
14
19
6
-29
-34
-16
14
0
-36
-34
-8
2
-3
-19
-36
-5
44
26
10
28
37
26
13
23
31
44
72
64
44
29
-5
0
42
65
78
77
42
22
10
22
37
23
14
-4
-8
-8
-40
-15
19
-8
-10
-16
-18
-8
-10
-4
8
20
35
36
60
60
24
48
59
29
20
3
15
55
40
2
-23
-24
-25
-29
-15
-38
-68
-79
-99
-102
-109
-108
-66
-54
-74
-114
-105
-60
-74
-64
-37
-34
-18
-11
-7
38
66
69
82
71
77
75
63
67
55
67
67
29
17
17
25
40
19
12
6
-17
-15
-13
-30
-49
-58
-70
-57
-8
-17
-60
-61
-57
-48
-22
6
21
15
1
-10
-3
11
18
15
35
76
71
54
37
35
53
39
7
-2
-19
-2
6
-38
-27
-7
-10
7
-5
-6
-16
-60
-57
-39
-30
-9
4
35
53
53
43
31
36
31
31
22
12
10
8
19
30
22
-1
0
-6
-12
-21
-41
-61
-89
-72
-54
-20
-17
-50
-57
-61
-63
-29
5
-1
-18
-10
27
43
34
20
21
56
74
51
59
83
85
56
24
28
46
41
11
-22
-45
-46
-46
-40
-23
-24
-44
-50
-39
-65
-84
-66
-61
-42
-11
-3
-25
-11
29
29
24
27
21
37
54
55
62
45
49
72
73
70
47
32
9
3
18
3
-21
-46
-45
-23
-33
-52
-40
-20
-16
-33
-55
-66
-55
-41
-32
-3
26
19
-1
5
28
54
57
47
44
28
20
19
16
17
6
23
35
15
-9
-28
-36
-33
-16
-8
-18
-25
-46
-50
-55
-67
-54
-63
-58
-24
-3
-4
8
31
33
38
34
39
42
22
30
41
40
42
39
56
72
38
8
1
3
-11
-29
-33
-36
-28
-43
-55
-56
-46
-58
-71
-55
-61
-59
-72
-73
-42
-26
2
41
38
38
44
42
53
62
69
77
74
63
66
53
35
51
46
38
37
19
11
-3
-17
-20
-31
-35
-43
-51
-39
-58
-71
-48
-45
-53
-42
-34
-25
-17
-12
-4
17
54
74
82
85
73
83
68
18
22
37
22
19
23
20
23
11
-13
-25
-34
-34
-42
-58
-62
-69
-66
-68
-57
-23
-2
-33
-57
-48
-27
-5
3
7
23
37
48
48
26
32
44
47
38
19
12
25
33
34
28
14
12
5
-27
-59
-57
-54
-66
-63
-57
-56
-58
-72
-68
-61
-74
-74
-43
-29
-11
9
32
66
69
72
72
67
80
79
58
47
52
46
34
28
22
18
-5
-23
-26
-39
-64
-68
-68
-69
-55
-59
-60
-45
-44
-39
-10
-18
-19
27
49
65
83
95
112
120
117
116
104
102
96
75
56
40
27
15
16
7
-11
-26
-20
-35
-75
-90
-80
-76
-84
-92
-110
-98
-85
-78
-63
-54
-55
-44
-25
-19
2
22
35
34
42
69
74
68
75
83
88
86
67
66
71
55
61
42
10
14
-7
-32
-52
-80
-80
-70
-91
-105
-95
-110
-113
-105
-126
-123
-111
-107
-79
-65
-51
-10
18
33
48
47
52
71
68
68
75
84
102
94
86
79
67
49
16
-8
-33
-42
-50
-53
-30
-24
-22
-39
-43
-31
-56
-61
-41
-20
7
27
39
65
82
65
100
131
114
98
80
99
111
70
83
101
56
18
5
-4
1
-38
-86
-64
-90
-112
-95
-108
-106
-94
-97
-88
-67
-68
-58
-37
-27
-26
-11
13
30
34
49
68
65
64
63
57
61
87
87
85
90
73
51
16
-5
-2
-14
-34
-32
-34
-33
-51
-79
-81
-82
-88
-97
-105
-103
-106
-104
-92
-89
-70
-38
-28
-19
18
31
21
43
57
46
56
65
62
77
72
68
65
57
57
45
33
29
13
-3
-16
-37
-52
-46
-46
-56
-57
-67
-76
-72
-41
-22
-15
6
5
8
22
20
38
60
53
57
61
63
85
72
70
84
55
46
52
49
46
19
5
5
-5
-25
-26
-19
-28
-50
-56
-32
-22
-40
-39
-40
-36
-14
-10
-13
-7
0
7
29
21
15
42
51
45
47
57
61
46
34
15
10
35
17
-16
-21
-24
-33
-50
-85
-83
-76
-92
-96
-96
-94
-92
-105
-93
-74
-75
-59
-41
-32
-32
-18
6
27
46
49
61
65
62
58
66
77
67
71
68
52
56
35
9
9
-8
-17
-8
-30
-37
-41
-55
-47
-35
-35
-41
-45
-30
-7
10
8
11
36
58
58
60
68
57
52
62
61
68
61
40
62
54
35
19
1
15
14
2
-12
-28
-25
-33
-58
-48
-43
-38
-24
-36
-30
-14
-18
-17
-5
11
14
-10
-18
19
32
15
9
11
17
11
-1
-4
6
6
-13
0
5
-11
-4
-11
-17
-18
-39
-51
-64
-66
-61
-70
-65
-65
-78
-84
-72
-68
-58
-50
-40
-23
-18
8
16
23
52
47
48
76
81
82
89
72
66
69
66
62
46
36
18
-1
-7
-31
-28
-31
-49
-46
-41
-23
-31
-37
-38
-35
-7
-7
-5
3
16
39
46
50
67
70
60
60
59
80
95
57
35
48
55
52
30
1
-2
-4
-29
-36
-38
-32
-24
-29
-49
-46
-27
-30
-37
-23
-16
-23
-13
-15
-28
-14
-13
-7
9
3
13
21
21
18
1
20
49
16
4
8
-2
11
13
-9
-12
-20
-61
-75
-82
-82
-62
-81
-90
-79
-83
-82
-103
-103
-78
-76
-45
-24
-25
1
7
7
26
44
50
67
73
58
83
89
73
75
57
55
46
26
27
19
18
-1
-16
-12
-25
-28
-30
-28
-11
-27
-33
-6
-5
-8
5
15
32
34
36
59
67
67
67
68
75
72
69
72
67
63
60
58
58
67
46
13
3
-25
-35
-35
-42
-35
-28
-40
-59
-60
-54
-70
-74
-59
-52
-34
-15
-32
-33
-9
-24
-22
-4
-24
5
14
-16
7
15
13
27
14
7
26
19
-3
15
15
-15
-13
-18
-43
-40
-57
-76
-75
-69
-65
-64
-63
-78
-76
-59
-62
-57
-51
-48
-3
20
7
21
29
22
32
23
36
53
52
68
61
55
62
49
47
42
22
36
18
-6
-9
-25
-21
-8
-19
-20
-8
2
10
-4
-21
-10
0
9
35
61
65
56
69
78
78
70
41
42
55
52
56
58
48
37
35
37
9
-11
-13
-20
-40
-59
-42
-26
-32
-30
-26
-19
-12
-18
-29
-25
-29
-37
-42
-35
-13
-7
-6
-10
-17
-12
-5
-2
-1
7
6
10
12
-1
-6
-23
-42
-54
-47
-34
-38
-41
-47
-59
-58
-57
-61
-40
-40
-58
-50
-52
-52
-36
-23
-3
2
-1
12
28
31
24
30
51
63
70
66
67
80
57
54
69
40
17
6
13
21
6
-20
-31
-29
-40
-58
-46
-39
-50
-38
-30
-25
-14
0
10
38
47
37
54
61
64
70
60
76
79
63
77
68
54
82
54
29
35
4
-2
-7
-15
1
-24
-59
-46
-47
-44
-36
-45
-32
-28
-52
-50
-36
-30
-38
-33
-22
-19
-11
-9
1
7
-1
-7
4
17
11
5
15
18
5
-3
5
-5
-23
-26
-21
-17
-34
-35
-37
-42
-41
-61
-52
-40
-44
-44
-49
-36
-38
-23
-6
-12
3
8
22
39
28
34
57
57
55
47
41
59
49
33
41
41
42
28
3
-1
-15
-19
-38
-50
-23
-4
-16
-30
-35
-28
-18
-28
-23
-4
11
22
7
12
43
37
35
43
45
53
68
56
25
43
49
40
29
16
18
4
-15
-17
-26
-31
-34
-39
-32
-25
-22
-32
-31
-19
-18
-13
-13
-12
-13
-7
0
-15
-9
8
0
7
13
14
32
24
17
18
15
16
5
-2
-4
-4
-6
-10
-4
-14
-32
-32
-37
-41
-35
-39
-29
-30
-41
-34
-29
-34
-40
-24
-17
-12
14
8
9
18
6
11
15
22
37
27
25
46
45
34
20
17
24
8
-5
-11
1
9
-16
-23
-10
-4
-8
-16
-13
-5
-2
-4
1
12
5
3
13
14
26
