0
-1
0
0
0
0
0
0
-1
0
0
-1
-2
-2
-2
-3
-2
-3
-3
-3
-2
-1
0
0
1
2
3
4
4
5
5
6
6
6
8
8
7
7
6
4
4
3
2
1
1
1
-1
-1
-2
-3
-3
-4
-4
-5
-4
-4
-3
-2
-2
-2
-1
-2
-1
-1
-1
0
-1
0
0
0
-1
1
3
1
2
1
3
4
3
4
5
5
5
4
3
2
1
1
-3
-4
-6
-9
-11
-14
-18
-19
-22
-25
-29
-31
-31
-33
-32
-32
-33
-31
-32
-28
-26
-21
-15
-14
-10
-9
-11
-9
-6
-4
-2
0
7
11
15
16
13
13
11
5
2
-2
12
44
74
91
83
69
70
81
94
95
88
87
88
91
87
83
82
73
52
22
-2
-20
-33
-40
-55
-70
-79
-88
-95
-100
-108
-116
-122
-124
-122
-111
-97
-77
-54
-39
-25
-15
-6
7
22
28
37
46
57
67
69
69
66
65
62
51
34
19
5
-14
-31
-45
-59
-72
-93
-113
-128
-145
-148
-166
-186
-187
-200
-202
-194
-190
-170
-163
-161
-147
-137
-105
-77
-46
-20
0
50
82
120
166
191
247
283
305
336
366
424
453
460
467
436
438
438
410
403
362
323
265
188
170
121
102
133
95
66
37
20
5
-81
-145
-184
-194
-150
-152
-145
-96
-55
-5
-168
-521
-858
-1049
-967
-793
-804
-986
-1145
-1139
-1055
-1038
-1053
-1091
-1048
-972
-961
-868
-621
-272
22
243
402
502
683
889
1020
1149
1237
1328
1473
1599
1707
1794
1773
1648
1460
1180
895
669
457
278
126
-67
-271
-416
-569
-766
-965
-1180
-1342
-1411
-1426
-1360
-1201
-992
-726
-515
-362
-172
32
270
470
628
847
1080
1328
1570
1744
1890
1969
2010
1936
1762
1586
1367
1236
1189
1098
1006
925
823
691
450
196
13
-96
-201
-322
-474
-673
-865
-1014
-1114
-1116
-1480
-2457
-3282
-3601
-3444
-3133
-3353
-3805
-3870
-3559
-3201
-3130
-2942
-2732
-2558
-2262
-2208
-1917
-1176
-392
475
976
1261
1688
2158
2743
2982
3077
3173
3195
3385
3428
3379
3504
3358
3022
2657
2163
1694
1217
742
287
-146
-495
-831
-1072
-1202
-1427
-1700
-1953
-2211
-2346
-2373
-2324
-2117
-1879
-1644
-1315
-921
-527
-111
310
620
821
1043
1285
1496
1749
1958
2099
2257
2339
2302
2214
2064
1868
1692
1536
1362
1206
1190
1223
1216
1082
817
619
566
483
312
136
9
61
173
245
347
397
492
571
301
-35
-426
-755
-963
-1776
-2947
-3733
-4086
-3954
-3988
-4463
-4840
-4946
-4570
-4319
-4339
-4107
-4029
-3792
-3361
-3208
-2582
-1692
-766
279
866
1413
2139
2835
3542
3829
4020
4224
4279
4463
4496
4399
4373
4148
3822
3461
2960
2348
1692
1069
426
-201
-825
-1263
-1547
-1866
-2145
-2423
-2575
-2598
-2841
-3039
-3052
-2932
-2529
-2267
-2080
-1711
-1356
-740
-140
291
774
1100
1545
1929
2063
2249
2346
2513
2710
2635
2597
2533
2434
2468
2380
2184
2020
1881
1803
1690
1470
1233
1027
925
806
632
445
308
195
122
45
-22
40
108
142
165
113
-78
-265
-662
-1082
-1742
-2874
-3921
-4629
-4844
-4779
-5196
-5681
-5722
-5327
-4659
-4530
-4422
-4046
-3789
-3333
-3094
-2886
-2084
-1231
-261
624
1262
2210
3213
4099
4688
4840
5021
5127
5073
4943
4623
4386
4254
3957
3546
3076
2574
2072
1537
858
80
-683
-1366
-1838
-2258
-2658
-2930
-3128
-3122
-3067
-3135
-3082
-2928
-2623
-2274
-2164
-1979
-1688
-1228
-570
-33
554
1106
1622
2231
2602
2818
2969
2995
3128
3031
2729
2512
2343
2368
2334
2162
2046
1961
1942
1822
1593
1312
1004
754
476
174
-53
-202
-200
-179
-202
-183
-111
107
273
309
319
235
103
-113
-528
-1030
-1901
-2978
-3795
-4353
-4542
-4763
-5306
-5582
-5531
-5182
-4804
-4721
-4446
-4185
-3948
-3604
-3415
-2881
-2115
-1346
-461
218
972
1973
2960
3890
4418
4712
5038
5216
5266
5140
4882
4678
4404
3941
3482
3077
2603
2132
1666
1074
417
-305
-922
-1384
-1897
-2374
-2749
-3009
-3084
-3179
-3206
-3033
-2850
-2577
-2315
-2102
-1747
-1452
-1097
-662
-211
371
840
1328
1873
2244
2667
2936
3024
3162
3058
2910
2727
2468
2342
2207
2020
1886
1777
1715
1676
1577
1409
1236
1074
811
512
245
63
-63
-216
-300
-312
-150
83
275
531
600
662
663
418
106
-406
-1227
-2350
-3471
-4184
-4585
-4905
-5462
-6005
-5980
-5659
-5300
-5165
-4945
-4444
-4222
-4118
-4011
-3685
-2874
-2273
-1716
-983
-156
1036
2095
3051
3925
4560
5178
5443
5422
5396
5292
5217
4854
4243
3806
3601
3356
2886
2383
1985
1623
1038
225
-475
-957
-1443
-2090
-2641
-2960
-3183
-3266
-3261
-3157
-2907
-2635
-2384
-2107
-1831
-1569
-1289
-989
-636
-204
270
781
1254
1682
2188
2655
3004
3157
3114
3118
2999
2756
2541
2321
2200
2029
1899
1942
1922
1894
1833
1700
1552
1282
961
658
366
85
-193
-379
-533
-490
-330
-128
144
315
557
535
309
83
-329
-811
-1961
-3369
-4150
-4631
-4832
-5545
-6340
-6274
-5929
-5321
-5177
-5128
-4339
-3923
-3723
-3772
-3941
-3119
-2440
-2060
-1625
-1132
195
1574
2554
3383
4104
5104
5794
5807
5658
5626
5683
5419
4616
3836
3580
3466
3103
2591
2119
1981
1792
1116
371
-271
-766
-1298
-2113
-2848
-3276
-3543
-3595
-3648
-3698
-3395
-2936
-2490
-2104
-1846
-1478
-1131
-892
-608
-333
94
550
946
1453
1957
2452
2887
3133
3311
3364
3320
3242
3034
2774
2489
2254
2125
1952
1865
1816
1795
1750
1540
1345
1088
889
662
203
-80
-395
-636
-642
-746
-547
-338
-164
102
22
49
-65
-327
-795
-2165
-3378
-4075
-4600
-4924
-5890
-6682
-6577
-6189
-5565
-5342
-4983
-4106
-3629
-3336
-3317
-3224
-2419
-1906
-1692
-1442
-969
200
1406
2408
3276
4110
5124
5822
6048
6079
6148
6157
5733
4879
4006
3530
3232
2728
2160
1752
1480
1261
824
320
-28
-528
-1142
-1847
-2541
-2966
-3438
-3709
-3828
-3953
-3709
-3458
-2982
-2402
-2010
-1445
-1127
-770
-274
14
482
738
977
1451
1760
2208
2530
2816
3181
3243
3291
3243
3208
3190
2892
2656
2388
2096
1972
1741
1598
1513
1350
1161
891
724
542
269
-26
-377
-504
-562
-607
-609
-600
-390
-215
-173
-228
-360
-381
-852
-1948
-2983
-3781
-4140
-4611
-5655
-6361
-6500
-6176
-5701
-5650
-5237
-4382
-3764
-3303
-3187
-2925
-2095
-1509
-1218
-1083
-770
266
1329
2086
2811
3611
4679
5513
5802
6008
6270
6440
6152
5295
4419
3946
3537
2851
2012
1324
1009
828
428
-21
-339
-592
-909
-1573
-2226
-2597
-3017
-3295
-3613
-3957
-3890
-3780
-3434
-2895
-2521
-1977
-1472
-926
-301
187
711
1067
1345
1627
1830
2169
2429
2654
2858
2942
3048
3077
3162
3190
3109
3008
2771
2561
2318
2006
1794
1551
1276
961
648
445
257
63
-197
-428
-517
-560
-617
-585
-455
-343
-237
-322
-393
-322
-423
-606
-1418
-2544
-3152
-3712
-4022
-4705
-5856
-6164
-6090
-5709
-5443
-5559
-4782
-3982
-3597
-3273
-3222
-2450
-1540
-1285
-1149
-1028
-335
729
1509
2136
2769
3715
4710
5345
5639
5938
6393
6365
5810
5031
4328
4070
3527
2569
1764
1163
925
646
98
-209
-423
-707
-1053
-1643
-2073
-2403
-2861
-3213
-3647
-3960
-3975
-3811
-3423
-3073
-2672
-2152
-1590
-926
-355
267
817
1155
1523
1770
2118
2483
2606
2761
2792
2878
3056
3072
3202
3206
3084
3020
2757
2560
2345
2042
1846
1515
1148
785
510
331
72
-115
-358
-548
-612
-681
-599
-523
-398
-295
-322
-254
-241
-227
-222
-640
-1538
-2542
-3164
-3491
-3903
-4802
-5803
-6078
-5971
-5701
-5630
-5568
-4767
-4087
-3700
-3366
-3085
-2140
-1366
-1226
-1117
-940
-168
835
1493
2006
2610
3562
4483
5085
5392
5780
6330
6269
5660
4904
4431
4255
3544
2518
1720
1175
940
520
-18
-256
-447
-702
-1081
-1543
-1836
-2077
-2411
-2836
-3344
-3620
-3600
-3489
-3285
-3090
-2707
-2167
-1677
-1132
-512
218
774
1046
1330
1697
2088
2363
2411
2488
2640
2753
2852
2923
3038
3095
3041
2944
2777
2664
2552
2304
2007
1598
1227
966
707
421
83
-166
-363
-493
-565
-612
-561
-520
-438
-339
-247
-199
-283
-294
-391
-670
-1419
-2473
-3063
-3474
-3872
-4620
-5786
-6150
-5981
-5748
-5584
-5752
-5159
-4327
-3935
-3574
-3371
-2548
-1566
-1290
-1212
-1044
-276
753
1460
1916
2372
3339
4291
4897
5270
5590
6231
6362
5859
5246
4764
4658
4130
3035
2126
1501
1141
785
170
-288
-490
-710
-1022
-1455
-1805
-2018
-2290
-2638
-3114
-3424
-3436
-3383
-3268
-3166
-2877
-2411
-1973
-1422
-826
-118
573
919
1265
1666
2121
2574
2628
2671
2784
2830
2984
2962
2958
3021
2972
2910
2759
2624
2505
2347
2062
1635
1323
1000
703
416
-9
-260
-434
-646
-749
-832
-853
-700
-637
-577
-408
-320
-276
-292
-365
-414
-865
-1832
-2569
-3075
-3449
-3943
-5099
-5922
-5969
-5820
-5604
-5782
-5618
-4689
-4077
-3765
-3488
-2935
-1940
-1321
-1234
-1110
-578
255
1076
1539
1835
2634
3590
4332
4883
5131
5719
6269
6045
5615
5154
4935
4733
3808
2710
2012
1570
1163
577
-31
-323
-501
-842
-1172
-1447
-1682
-1904
-2218
-2646
-3028
-3243
-3332
-3302
-3289
-3213
-2914
-2525
-1984
-1394
-828
-129
385
779
1330
1837
2282
2504
2551
2695
2785
2851
2915
2946
2962
2920
2846
2781
2782
2719
2575
2432
2113
1797
1533
1157
834
443
12
-285
-562
-758
-851
-946
-950
-882
-785
-623
-474
-407
-371
-359
-467
-635
-1272
-2207
-2781
-3251
-3673
-4407
-5539
-5975
-5841
-5692
-5578
-5680
-5216
-4360
-3843
-3452
-3095
-2373
-1485
-1072
-1027
-858
-204
622
1233
1524
1866
2778
3736
4330
4725
5065
5695
6073
5749
5302
4994
4827
4373
3347
2384
1849
1456
976
292
-260
-430
-578
-889
-1198
-1388
-1539
-1747
-2080
-2496
-2789
-2987
-3124
-3132
-3180
-3062
-2714
-2406
-1950
-1366
-719
-10
504
947
1492
1970
2319
2461
2500
2598
2677
2678
2651
2670
2681
2717
2714
2644
2703
2690
2585
2495
2173
1875
1654
1276
886
424
-22
-342
-645
-913
-1072
-1105
-1092
-1008
-907
-728
-479
-406
-380
-343
-448
-540
-1098
-2034
-2602
-3047
-3458
-4153
-5230
-5707
-5556
-5401
-5351
-5388
-4985
-4186
-3672
-3444
-3071
-2376
-1611
-1185
-1189
-1029
-406
317
924
1255
1549
2333
3218
3826
4261
4645
5288
5746
5528
5129
4939
4870
4530
3632
2652
2084
1722
1256
657
96
-187
-313
-566
-855
-1068
-1263
-1413
-1637
-2093
-2449
-2627
-2828
-2926
-3070
-3095
-2829
-2638
-2295
-1734
-1114
-421
67
481
1044
1642
2064
2237
2353
2480
2611
2624
2524
2574
2637
2618
2637
2610
2672
2755
2694
2599
2357
2049
1876
1617
1176
714
233
-138
-420
-769
-1010
-1124
-1209
-1185
-1091
-932
-687
-541
-479
-414
-432
-491
-887
-1707
-2395
-2837
-3207
-3797
-4843
-5573
-5573
-5413
-5347
-5431
-5172
-4367
-3762
-3486
-3168
-2578
-1718
-1146
-1072
-1012
-563
147
761
1062
1206
1839
2749
3398
3878
4263
4885
5502
5518
5206
5000
4978
4791
3999
2973
2341
1980
1541
864
207
-63
-169
-427
-794
-1020
-1036
-1133
-1456
-1911
-2265
-2398
-2538
-2710
-2918
-3052
-2875
-2686
-2487
-2093
-1526
-850
-313
68
563
1255
1822
2088
2205
2377
2587
2682
2639
2574
2580
2629
2660
2572
2533
2637
2703
2630
2406
2198
2080
1881
1472
941
514
209
-150
-549
-879
-1028
-1107
-1192
-1186
-1089
-879
-690
-607
-541
-507
-518
-833
-1497
-2211
-2711
-3040
-3651
-4671
-5517
-5694
-5541
-5516
-5648
-5468
-4762
-4042
-3651
-3291
-2671
-1803
-1138
-983
-926
-509
236
870
1129
1281
1812
2666
3413
3873
4236
4838
5487
5658
5417
5235
5257
5119
4388
3349
2638
2228
1701
959
267
-130
-326
-614
-955
-1172
-1251
-1317
-1543
-1911
-2245
-2398
-2475
-2702
-3011
-3159
-3036
-2804
-2675
-2437
-1896
-1203
-605
-169
371
1092
1710
2074
2268
2475
2728
2892
2862
2735
2690
2712
2728
2723
2673
2650
2730
2722
2544
2318
2139
1984
1667
1160
688
345
26
-401
-833
-1061
-1186
-1295
-1320
-1215
-999
-835
-768
-685
-596
-608
-902
-1544
-2205
-2652
-3073
-3665
-4603
-5486
-5710
-5627
-5597
-5663
-5549
-4835
-4069
-3645
-3304
-2735
-1843
-1142
-891
-792
-429
274
838
1109
1306
1774
2630
3327
3744
4173
4729
5382
5586
5346
5223
5208
5060
4442
3480
2742
2273
1774
1090
310
-172
-382
-624
-948
-1222
-1282
-1297
-1438
-1783
-2136
-2305
-2385
-2576
-2904
-3086
-3015
-2783
-2616
-2423
-1960
-1312
-703
-233
267
934
1613
2015
2210
2408
2634
2834
2841
2737
2683
2699
2704
2659
2625
2631
2691
2722
2605
2395
2257
2085
1778
1328
850
478
72
-348
-747
-1074
-1206
-1323
-1425
-1326
-1200
-1053
-919
-913
-797
-669
-895
-1456
-2134
-2613
-2921
-3492
-4407
-5243
-5553
-5492
-5464
-5531
-5426
-4814
-4029
-3542
-3144
-2570
-1743
-986
-717
-648
-340
301
901
1094
1217
1627
2340
3045
3454
3806
4365
4980
5312
5187
5018
5108
5032
4504
3632
2857
2386
1900
1172
374
-110
-322
-559
-881
-1184
-1287
-1252
-1323
-1611
-1968
-2140
-2192
-2360
-2660
-2902
-2864
-2677
-2608
-2484
-2116
-1533
-919
-459
42
747
1425
1863
2096
2310
2566
2770
2823
2743
2667
2654
2671
2651
2566
2530
2611
2640
2549
2392
2237
2118
1861
1425
940
556
239
-210
-738
-1121
-1291
-1407
-1460
-1400
-1298
-1127
-958
-854
-728
-686
-857
-1322
-1946
-2363
-2768
-3352
-4114
-4962
-5337
-5325
-5398
-5435
-5319
-4831
-4104
-3627
-3195
-2550
-1762
-1094
-809
-682
-374
239
771
1012
1193
1480
2121
2816
3246
3703
4267
4830
5160
5090
5008
5064
4965
4455
3651
2966
2479
1962
1251
466
-66
-354
-597
-874
-1175
-1284
-1279
-1395
-1572
-1868
-2074
-2136
-2337
-2606
-2844
-2840
-2628
-2536
-2433
-2141
-1605
-981
-466
102
729
1357
1871
2155
2388
2604
2769
2856
2757
2623
2611
2619
2600
2489
2431
2513
2537
2489
2343
2189
2071
1797
1389
891
462
133
-290
-733
-1077
-1279
-1393
-1447
-1393
-1263
-1131
-997
-913
-777
-667
-856
-1265
-1861
-2417
-2784
-3287
-4018
-4780
-5198
-5198
-5207
-5299
-5185
-4700
-4036
-3560
-3144
-2516
-1779
-1125
-812
-662
-321
207
739
995
1135
1484
2087
2735
3185
3576
4093
4624
4922
4922
4887
4962
4864
4385
3635
2944
2480
1975
1304
604
91
-184
-471
-784
-1006
-1159
-1183
-1260
-1468
-1675
-1857
-1921
-2065
-2385
-2597
-2623
-2509
-2429
-2332
-2008
-1536
-988
-508
-8
633
1208
1626
1885
2125
2374
2508
2583
2526
2442
2437
2381
2330
2303
2296
2324
2331
2303
2195
2062
1932
1687
1336
917
507
198
-169
-597
-935
-1153
-1225
-1298
-1278
-1162
-1064
-884
-795
-691
-581
-745
-1110
-1710
-2254
-2628
-3167
-3858
-4633
-5110
-5174
-5258
-5271
-5116
-4748
-4141
-3663
-3222
-2611
-1890
-1221
-872
-652
-354
138
707
980
1154
1473
2004
2671
3176
3579
4053
4592
4990
5053
5010
5013
4891
4477
3775
3061
2535
2068
1437
685
119
-193
-474
-731
-986
-1181
-1194
-1277
-1469
-1679
-1850
-1917
-2087
-2327
-2502
-2596
-2516
-2417
-2336
-2074
-1600
-1048
-564
-64
521
1091
1558
1858
2098
2327
2454
2514
2476
2375
2342
2309
2269
2209
2140
2171
2245
2240
2104
1997
1929
1697
1369
964
569
249
-143
-531
-876
-1158
-1307
-1368
-1309
-1186
-1060
-899
-809
-700
-660
-805
-1122
-1688
-2192
-2599
-3110
-3742
-4516
-5050
-5149
-5180
-5180
-5080
-4754
-4141
-3619
-3180
-2620
-1927
-1201
-778
-600
-357
122
669
1012
1254
1531
2003
2661
3180
3569
4028
4522
4946
5077
4967
4922
4864
4511
3845
3117
2573
2103
1502
778
206
-106
-379
-657
-943
-1146
-1169
-1242
-1409
-1576
-1755
-1837
-1960
-2238
-2473
-2572
-2493
-2386
-2309
-2071
-1609
-1066
-618
-148
425
987
1470
1764
1977
2215
2331
2377
2379
2297
2258
2210
2151
2117
2076
2106
2147
2153
2108
1988
1865
1664
1338
955
566
244
-118
-516
-841
-1089
-1217
-1289
-1304
-1205
-1064
-954
-862
-746
-724
-852
-1199
-1766
-2236
-2642
-3153
-3782
-4519
-4990
-5066
-5087
-5093
-4986
-4652
-4044
-3477
-3046
-2508
-1779
-1097
-696
-473
-188
304
790
1075
1289
1572
2081
2679
3117
3521
3998
4474
4796
4867
4833
4811
4694
4319
3663
3028
2535
2014
1394
701
163
-162
-468
-718
-941
-1113
-1143
-1206
-1352
-1539
-1689
-1795
-1941
-2189
-2412
-2440
-2372
-2298
-2184
-1982
-1591
-1071
-599
-121
380
899
1370
1659
1894
2113
2225
2227
2169
2111
2075
2062
2051
1997
1979
1998
2008
2047
1981
1892
1812
1616
1365
1020
678
338
-60
-387
-696
-941
-1079
-1164
-1117
-1004
-894
-782
-715
-595
-612
-773
-1080
-1659
-2098
-2524
-3104
-3685
-4408
-4889
-4977
-5076
-5066
-4941
-4615
-4029
-3486
-2990
-2440
-1742
-1129
-765
-460
-175
280
782
1046
1300
1624
2040
2589
3064
3430
3840
4288
4646
4788
4720
4659
4573
4234
3622
2986
2477
1962
1337
675
196
-120
-422
-693
-921
-1087
-1147
-1214
-1313
-1460
-1645
-1740
-1892
-2111
-2322
-2409
-2340
-2306
-2211
-1959
-1584
-1125
-670
-219
297
817
1248
1507
1748
2003
2147
2180
2107
2075
2054
1991
1953
1917
1918
1946
1943
1968
1964
1887
1784
1617
1382
1067
740
423
67
-263
-585
-805
-969
-1073
-1059
-1028
-872
-741
-710
-639
-680
-771
-1035
-1588
-2047
-2495
-2993
-3552
-4247
-4686
-4812
-4857
-4853
-4773
-4416
-3826
-3270
-2812
-2335
-1639
-993
-617
-306
-3
398
833
1073
1278
1597
2048
2563
2963
3285
3708
4186
4481
4548
4522
4513
4450
4105
3467
2885
2438
1929
1323
649
145
-137
-418
-720
-981
-1108
-1146
-1293
-1425
-1554
-1706
-1760
-1926
-2145
-2288
-2349
-2318
-2277
-2210
-1991
-1603
-1171
-756
-326
171
683
1089
1353
1620
1874
1981
2036
2007
1981
2018
1952
1910
1912
1916
1927
1944
1981
1942
1895
1823
1645
1419
1100
777
518
178
-215
-493
-708
-869
-945
-1020
-961
-828
-796
-757
-785
-840
-989
-1461
-1928
-2293
-2720
-3237
-3935
-4468
-4628
-4714
-4777
-4745
-4496
-3989
-3463
-2997
-2497
-1844
-1183
-694
-358
-93
326
807
1119
1317
1514
1885
2391
2756
3045
3423
3900
4297
4392
4385
4423
4421
4184
3616
3021
2542
2090
1557
925
345
-47
-349
-692
-956
-1109
-1217
-1307
-1407
-1546
-1646
-1700
-1844
-2044
-2219
-2328
-2266
-2155
-2161
-2038
-1693
-1296
-924
-535
-57
453
886
1195
1469
1729
1911
1997
1996
1967
1944
1912
1908
1867
1853
1914
1921
1930
1914
1826
1750
1627
1429
1155
855
645
369
-14
-357
-612
-763
-867
-918
-928
-951
-935
-862
-817
-861
-1103
-1475
-1821
-2177
-2530
-3038
-3687
-4138
-4342
-4437
-4520
-4537
-4286
-3826
-3383
-2971
-2464
-1818
-1192
-721
-368
-32
392
802
1036
1221
1494
1837
2205
2583
2908
3227
3630
3922
4059
4142
4192
4176
3944
3490
2971
2533
2077
1501
942
445
51
-288
-647
-901
-1056
-1145
-1234
-1424
-1541
-1565
-1640
-1744
-1880
-2006
-2065
-2075
-2045
-2017
-1866
-1590
-1303
-951
-569
-119
359
738
1064
1383
1620
1741
1838
1907
1902
1885
1878
1864
1848
1810
1737
1735
1761
1744
1740
1678
1542
1371
1150
881
624
381
95
-180
-415
-595
-702
-744
-806
-853
-837
-831
-813
-915
-1225
-1623
-1960
-2256
-2673
-3271
-3812
-4077
-4189
-4283
-4367
-4272
-3921
-3478
-3076
-2676
-2089
-1446
-948
-582
-258
130
536
887
1116
1317
1588
1925
2307
2597
2854
3206
3563
3777
3825
3849
3913
3826
3480
3005
2566
2189
1736
1148
591
200
-109
-447
-756
-901
-973
-1139
-1306
-1437
-1482
-1461
-1560
-1694
-1800
-1866
-1893
-1881
-1861
-1796
-1580
-1313
-993
-611
-241
184
564
815
1058
1312
1529
1666
1723
1762
1783
1754
1708
1680
1685
1668
1640
1641
1639
1657
1637
1501
1347
1190
978
772
540
272
20
-192
-364
-510
-623
-703
-704
-740
-769
-733
-915
-1220
-1522
-1842
-2057
-2455
-3073
-3521
-3768
-3882
-3990
-4131
-4067
-3740
-3349
-3041
-2646
-2065
-1475
-979
-655
-401
35
481
762
941
1097
1398
1791
2072
2260
2554
2938
3204
3357
3468
3585
3699
3580
3180
2817
2508
2118
1642
1100
663
309
-12
-335
-603
-728
-891
-1007
-1091
-1267
-1285
-1284
-1416
-1523
-1637
-1699
-1648
-1644
-1671
-1545
-1359
-1199
-942
-619
-269
133
428
634
934
1194
1364
1482
1521
1550
1540
1531
1515
1509
1541
1528
1561
1551
1490
1531
1513
1415
1291
1137
993
803
554
305
101
-88
-254
-401
-493
-522
-578
-618
-603
-704
-1025
-1311
-1552
-1782
-2087
-2689
-3198
-3417
-3619
-3796
-3929
-3917
-3672
-3380
-3089
-2739
-2241
-1675
-1242
-928
-630
-274
139
455
644
820
1070
1424
1724
1931
2197
2565
2884
3027
3150
3325
3435
3405
3130
2782
2542
2225
1750
1294
879
517
208
-145
-436
-568
-681
-827
-932
-1061
-1099
-1077
-1159
-1252
-1366
-1407
-1373
-1431
-1463
-1373
-1172
-1011
-918
-687
-324
47
317
467
728
1048
1197
1277
1295
1325
1400
1388
1368
1346
1351
1348
1279
1254
1279
1308
1275
1185
1105
1040
941
764
544
362
207
50
-111
-297
-363
-385
-436
-532
-566
-568
-880
-1190
-1391
-1620
-1822
-2284
-2836
-3034
-3163
-3398
-3545
-3563
-3395
-3139
-2910
-2629
-2203
-1686
-1262
-967
-695
-378
30
365
507
594
809
1102
1357
1608
1827
2149
2497
2641
2736
2884
3006
3033
2864
2583
2396
2190
1839
1408
983
637
318
-14
-267
-427
-562
-685
-804
-881
-936
-981
-1001
-1061
-1113
-1118
-1089
-1098
-1108
-1040
-909
-738
-632
-490
-210
57
260
426
626
890
1049
1096
1128
1192
1236
1195
1163
1159
1158
1139
1097
1096
1063
1022
1012
932
872
793
715
633
429
270
171
52
-96
-213
-254
-287
-340
-397
-443
-639
-929
-1100
-1318
-1523
-1819
-2353
-2672
-2769
-2964
-3137
-3197
-3149
-2970
-2737
-2525
-2240
-1805
-1414
-1103
-804
-552
-249
84
291
408
543
779
1033
1264
1432
1640
1994
2184
2280
2473
2651
2723
2630
2387
2191
2074
1816
1457
1114
739
390
160
-59
-313
-469
-606
-741
-747
-788
-807
-757
-808
-849
-835
-797
-785
-820
-795
-673
-516
-446
-336
-91
121
273
387
545
773
883
936
1007
1017
1029
1030
1034
1077
1062
974
926
917
865
816
797
758
698
607
506
451
332
201
111
26
-64
-186
-261
-240
-255
-343
-355
-491
-756
-962
-1162
-1309
-1581
-2062
-2350
-2401
-2544
-2720
-2758
-2698
-2574
-2413
-2251
-1961
-1522
-1231
-1040
-759
-524
-269
26
185
275
395
566
773
953
1070
1255
1564
1742
1805
2006
2186
2245
2174
1964
1834
1768
1577
1261
971
744
456
225
31
-213
-315
-414
-521
-505
-564
-604
-535
-583
-635
-597
-539
-473
-469
-478
-414
-289
-231
-208
-39
162
274
388
495
625
783
838
859
941
945
906
929
909
848
775
707
717
677
581
528
474
410
320
271
240
155
74
-24
-97
-107
-141
-197
-221
-227
-258
-260
-407
-651
-773
-908
-1042
-1261
-1667
-1855
-1886
-2046
-2201
-2287
-2202
-2081
-1987
-1825
-1615
-1332
-1089
-925
-715
-514
-318
-98
27
115
233
389
568
683
805
1026
1236
1337
1407
1549
1698
1766
1712
1599
1528
1470
1281
992
790
621
388
192
88
-45
-183
-274
-353
-378
-400
-399
-369
-379
-389
-369
-301
-282
-290
-264
-230
-130
-66
-24
119
237
316
396
530
696
749
755
787
834
852
816
777
728
652
595
540
495
438
348
253
269
233
91
75
38
-49
-85
-166
-209
-193
-245
-311
-337
-341
-300
-328
-422
-516
-606
-673
-805
-1003
-1271
-1463
-1502
-1607
-1727
-1742
-1700
-1623
-1532
-1422
-1250
-1022
-825
-703
-552
-396
-260
-80
30
71
144
275
425
527
595
724
919
1054
1115
1216
1358
1400
1327
1243
1173
1109
967
728
540
439
300
144
2
-122
-167
-223
-241
-207
-214
-175
-149
-152
-102
-86
-69
-28
-38
-70
-60
-10
49
119
204
295
377
437
524
650
702
709
744
767
751
711
677
609
525
428
370
335
229
131
81
58
0
-89
-120
-126
-182
-250
-287
-318
-374
-418
-430
-399
-399
-403
-351
-375
-445
-541
-630
-651
-768
-927
-1020
-1090
-1147
-1246
-1289
-1240
-1226
-1213
-1136
-999
-837
-728
-629
-484
-381
-310
-164
-43
16
69
125
255
348
402
506
644
785
864
947
1065
1111
1075
1010
989
962
838
675
544
436
289
154
59
-27
-90
-140
-140
-123
-86
-51
-31
34
36
19
59
80
56
18
20
60
94
117
124
185
277
310
407
519
592
633
618
636
669
618
565
550
476
393
339
270
198
119
57
31
-20
-75
-111
-120
-182
-263
-307
-345
-395
-423
-451
-456
-437
-477
-475
-431
-401
-412
-435
-441
-459
-477
-547
-654
-713
-813
-907
-938
-969
-960
-925
-892
-826
-743
-629
-541
-506
-426
-323
-201
-124
-108
-76
-18
63
129
222
325
390
489
572
634
730
802
818
841
811
726
666
583
508
409
321
235
146
89
26
28
38
8
18
75
106
118
120
132
133
103
113
145
152
149
145
148
185
223
261
351
430
448
474
510
541
528
505
499
469
420
356
296
255
220
147
75
44
8
-18
-51
-107
-162
-186
-202
-246
-297
-303
-330
-396
-391
-408
-474
-473
-442
-417
-351
-344
-385
-376
-403
-472
-513
-550
-587
-623
-683
-721
-721
-727
-741
-764
-717
-614
-534
-484
-413
-324
-258
-197
-158
-96
-31
18
72
110
133
209
317
357
390
454
530
563
541
532
561
575
547
472
389
356
304
213
146
114
99
70
36
19
39
71
77
93
141
165
144
154
180
193
207
209
242
277
264
288
326
361
408
410
430
459
455
447
437
409
378
355
311
255
202
178
143
106
76
16
5
-19
-68
-113
-173
-212
-256
-308
-335
-365
-437
-472
-463
-444
-440
-456
-411
-385
-388
-382
-378
-357
-354
-377
-417
-446
-474
-492
-521
-542
-547
-541
-509
-498
-471
-423
-374
-322
-314
-261
-182
-147
-133
-103
-43
15
43
61
102
152
204
234
295
366
412
434
446
447
399
390
414
384
340
275
217
212
185
150
116
70
74
77
50
70
85
76
107
130
156
192
198
212
231
257
248
259
284
297
321
313
323
340
347
351
358
336
313
323
314
284
252
229
204
166
115
50
22
9
-31
-47
-88
-155
-175
-231
-275
-262
-322
-362
-348
-386
-411
-401
-423
-417
-402
-399
-368
-382
-394
-349
-346
-334
-320
-376
-399
-395
-388
-381
-378
-359
-339
-305
-288
-291
-279
-260
-199
-156
-155
-108
-52
-44
-35
11
62
66
106
179
194
206
229
229
248
281
275
295
313
295
278
257
245
214
157
130
116
119
110
57
68
114
107
106
125
121
146
187
192
206
228
236
256
272
265
250
248
241
251
256
254
260
258
273
280
256
226
212
210
184
128
98
78
82
86
58
51
16
-33
-77
-104
-125
-161
-193
-204
-225
-267
-302
-316
-323
-359
-362
-331
-328
-336
-332
-319
-320
-325
-311
-270
-247
-255
-272
-292
-264
-258
-269
-240
-217
-198
-186
-181
-158
-154
-166
-149
-126
-102
-86
-75
-69
-59
-43
-20
-4
24
46
63
82
82
102
124
139
151
153
160
152
147
144
138
147
167
153
111
95
118
140
125
106
131
160
152
155
152
145
186
215
218
254
272
270
255
253
282
288
268
254
259
251
240
227
189
185
197
202
175
156
143
101
90
87
64
22
3
-36
-61
-75
-118
-145
-156
-164
-175
-200
-222
-206
-220
-261
-265
-265
-268
-288
-302
-291
-276
-270
-271
-258
-243
-216
-213
-215
-170
-142
-139
-126
-132
-122
-118
-113
-92
-106
-123
-131
-117
-90
-94
-103
-105
-119
-121
-107
-90
-80
-77
-84
-77
-46
-35
-49
-37
-18
-15
0
-8
14
47
46
73
119
132
122
107
116
139
140
150
179
185
197
193
215
271
261
228
239
264
252
268
271
258
269
240
245
270
266
249
204
193
201
187
183
173
154
141
124
94
69
38
24
17
-15
-11
-4
-34
-61
-70
-71
-77
-103
-118
-113
-117
-135
-178
-202
-196
-215
-222
-205
-216
-237
-235
-240
-235
-213
-196
-186
-191
-189
-166
-126
-112
-114
-90
-81
-73
-83
-120
-65
-25
-72
-67
-64
-79
-52
-56
-84
-58
-56
-82
-80
-90
-101
-115
-113
-94
-119
-135
-113
-106
-138
-141
-84
-77
-95
-71
-33
-2
-7
1
42
70
91
97
117
166
177
165
181
210
254
273
267
277
278
282
277
289
294
285
294
292
271
249
232
229
224
209
195
163
126
105
70
61
65
34
14
15
28
20
-7
-26
-31
-38
-55
-42
-30
-58
-55
-53
-75
-70
-66
-80
-104
-120
-132
-117
-118
-130
-115
-122
-145
-168
-170
-151
-144
-150
-145
-149
-147
-135
-121
-133
-148
-129
-124
-135
-121
-115
-122
-112
-137
-111
-56
-86
-90
-81
-71
-43
-72
-129
-109
-84
-85
-80
-98
-89
-87
-110
-97
-54
-48
-52
-48
-47
-18
2
10
48
39
8
50
83
92
90
113
143
136
142
161
187
210
194
197
239
241
216
213
213
218
242
237
221
218
211
186
167
171
150
129
137
131
93
84
88
55
13
-5
8
22
-13
-24
-18
-25
-27
-44
-63
-50
-34
-82
-85
-77
-109
-133
-123
-117
-126
-129
-119
-90
-105
-113
-93
-95
-102
-73
-69
-67
-58
-67
-78
-86
-73
-66
-93
-93
-81
-90
-69
-75
-83
-84
-99
-84
-70
-86
-90
-91
-97
-105
-108
-115
-119
-92
-87
-89
-62
-38
-38
-58
-49
-10
-5
2
26
17
15
8
-3
27
33
30
56
69
65
92
122
97
92
106
104
114
128
113
116
145
123
133
157
145
157
141
149
170
145
139
146
162
160
93
60
89
83
45
6
-10
4
-8
-4
-3
-10
10
-9
-11
-14
-50
-56
-60
-66
-94
-119
-98
-69
-70
-62
-60
-78
-87
-78
-44
-20
-18
-23
-33
-55
-69
-51
-20
-32
-43
-16
-9
-28
-19
0
-14
-4
12
9
-15
-32
-40
-54
-79
-80
-97
-124
-123
-110
-74
-90
-101
-74
-66
-71
-62
-55
-42
-35
-37
-24
-37
-36
-14
-6
8
15
26
52
53
52
61
58
69
80
48
64
80
72
104
91
55
69
83
88
89
92
107
96
98
99
101
123
111
99
110
85
63
57
38
19
2
15
-11
-29
-7
-18
-24
-37
-51
-47
-68
-84
-61
-56
-53
-61
-72
-60
-63
-72
-75
-67
-62
-51
-19
-8
-16
-8
-4
-10
-8
0
0
-2
6
-2
-12
-4
7
5
1
7
9
23
24
3
2
10
2
-23
-39
-48
-65
-64
-57
-70
-72
-58
-66
-82
-88
-79
-74
-74
-52
-43
-41
-17
9
12
3
14
17
3
7
8
19
57
55
53
66
65
71
93
78
68
77
87
114
111
98
81
89
97
83
77
52
44
71
79
75
78
74
77
77
53
27
2
1
5
-4
-33
-47
-28
-44
-60
-56
-57
-67
-81
-89
-95
-97
-106
-121
-111
-93
-101
-111
-99
-93
-84
-85
-88
-64
-53
-27
1
2
0
27
42
23
27
29
23
42
47
54
47
50
71
53
26
30
20
9
23
26
11
-22
-50
-51
-46
-50
-45
-40
-55
-53
-36
-54
-50
-24
-18
-4
6
3
5
12
-5
8
20
12
17
20
49
46
54
68
23
20
48
46
43
56
69
64
33
33
56
77
70
40
65
80
63
68
73
78
79
63
51
51
61
52
17
12
5
-24
-38
-19
-23
-75
-78
-64
-66
-71
-103
-105
-102
-104
-124
-122
-91
-93
-107
-104
-76
-80
-85
-84
-65
-16
-6
-8
0
7
17
24
39
65
71
56
56
49
39
27
29
41
35
34
19
32
38
13
-6
-26
-20
-18
-30
-5
-1
-33
-63
-66
-65
-44
-21
-26
-16
-13
-16
-8
9
12
16
33
29
25
18
22
22
31
39
30
50
50
28
31
44
51
30
25
54
66
67
60
44
53
49
43
69
60
36
26
34
59
58
48
36
33
13
-21
-11
1
-32
-40
-55
-69
-51
-76
-100
-91
-93
-97
-93
-90
-97
-95
-79
-77
-79
-86
-79
-78
-70
-57
-43
-1
5
17
10
-1
28
40
43
73
78
75
78
51
57
61
42
40
42
42
37
36
20
-7
8
17
-18
-20
1
-16
-46
-47
-24
-38
-57
-54
-57
-41
-17
-15
-16
4
16
13
10
8
25
31
34
25
8
29
43
25
31
39
25
11
2
13
24
40
51
42
47
44
25
38
31
36
42
44
58
42
48
63
62
26
5
20
22
19
13
-6
-14
-12
-63
-82
-59
-76
-81
-57
-80
-90
-66
-99
-117
-92
-88
-99
-87
-64
-64
-58
-49
-54
-51
-34
-25
-30
-19
5
4
24
42
35
68
77
61
51
37
42
64
78
62
46
54
43
24
17
19
21
4
5
-7
0
12
-34
-54
-34
-48
-61
-50
-52
-38
-16
-42
-45
-28
-34
-14
-6
10
50
39
49
73
52
55
65
65
61
47
50
58
69
69
69
69
63
56
65
50
28
44
44
28
36
30
10
17
24
7
14
23
9
15
-7
-16
-13
-18
-23
-44
-48
-63
-87
-81
-82
-103
-104
-112
-120
-100
-99
-104
-89
-86
-75
-78
-78
-64
-66
-63
-51
-51
-47
-24
-15
-6
9
8
16
33
23
36
59
68
77
62
75
94
84
87
88
54
35
40
31
29
18
-3
-19
-32
-35
-18
-6
-42
-56
-40
-55
-50
-24
-35
-23
3
-3
-17
-24
2
32
41
36
32
45
66
81
74
36
45
77
78
69
44
35
38
40
51
53
62
55
28
11
-4
6
28
18
31
25
-2
12
15
2
6
7
-3
3
1
-7
2
17
13
-8
-16
-14
-45
-83
-82
-86
-93
-89
-103
-84
-65
-102
-118
-92
-87
-81
-62
-73
-86
-66
-53
-48
-28
-31
-34
4
9
-14
5
23
33
64
62
54
75
80
68
78
76
58
43
26
31
33
19
-4
4
-2
-21
-23
-34
-25
-8
-18
-26
-15
-24
-39
-39
-44
-37
-20
-8
-8
-9
9
19
44
66
41
40
54
57
64
55
75
90
73
77
66
56
45
44
32
24
47
40
38
33
29
5
-21
-6
3
-5
-11
-14
-23
-36
-49
-33
-12
-3
-5
-18
-19
-13
-25
-41
-50
-49
-44
-51
-43
-47
-79
-83
-87
-82
-71
-64
-53
-44
-42
-51
-41
-28
-15
-29
-27
4
9
12
22
17
13
36
29
29
36
40
42
47
59
58
58
54
48
33
18
14
15
20
18
3
-3
-4
-15
-19
-14
-25
-22
-17
-26
-32
-34
-41
-38
-18
-3
9
8
15
17
26
25
34
58
67
65
66
76
57
54
57
37
24
15
5
-1
12
20
-2
-6
-10
-28
-14
-5
-23
-2
10
-7
-11
-25
-22
-8
-29
-36
-14
-25
-28
-9
-29
-56
-38
-32
-36
-38
-66
-70
-56
-65
-67
-75
-70
-54
-70
-64
-58
-61
-48
-31
-11
-1
-2
-2
9
26
22
20
50
60
49
58
64
83
105
78
55
63
72
79
68
64
64
29
18
26
22
19
-6
-17
-13
-10
-9
-21
-17
-1
-7
-13
-7
-8
-8
-9
-12
-8
-7
-11
-6
13
20
19
19
18
9
18
26
16
38
45
31
29
42
37
19
20
15
7
7
-8
-11
3
-17
-27
-22
-23
-13
-29
-36
-28
-41
-50
-47
-47
-40
-26
-29
-33
-48
-58
-43
-36
-41
-37
-30
-37
-53
-57
-32
-20
-34
-38
-31
-34
-41
-39
-41
-35
-16
-9
-16
-9
12
13
16
16
34
44
31
33
34
51
67
57
70
80
71
68
57
55
56
52
37
24
27
33
40
35
14
4
10
1
-27
-23
-9
-13
-32
-38
-13
-6
-5
-14
-17
-1
-8
-31
-32
-21
-3
6
-2
11
30
26
18
23
28
23
30
26
15
38
37
12
18
14
13
14
-16
-21
-3
-8
-20
-14
-9
-34
-35
-26
-20
-4
0
-3
-1
-11
-16
2
-5
-16
-23
-28
-28
-28
-40
-48
-36
-44
-69
-70
-65
-49
-34
-53
-45
-29
-40
-31
-43
-51
-25
-22
-6
8
-4
-5
2
9
19
25
27
25
32
42
34
42
57
43
26
31
34
25
31
39
30
35
29
17
33
30
0
3
8
5
11
2
9
26
25
13
18
30
27
18
20
31
15
13
36
28
21
15
3
5
4
5
17
12
10
18
12
3
4
6
5
-6
2
2
-8
10
6
-24
-22
-17
-10
-1
-25
-30
-21
-23
-20
-25
-36
-34
-27
-33
-34
-13
-11
-39
-51
-28
-13
-26
-22
-1
0
-19
-42
-45
-14
5
-33
-47
-20
-16
-2
-8
-26
-3
6
-2
6
8
18
37
34
23
23
25
38
36
24
25
24
13
3
9
26
30
18
21
8
-10
-19
-16
-12
-19
-16
-13
-19
-24
-20
-27
-44
-50
-31
-8
-8
-11
-10
10
17
11
19
22
18
15
16
23
38
32
9
18
41
37
37
37
35
40
26
11
13
22
22
12
21
34
25
-3
-24
-23
-12
-13
-20
-13
-22
-21
-3
-6
-13
-30
-37
-29
-38
-27
-15
-29
-34
-35
-24
-33
-55
-47
-30
-10
-16
-35
-37
-28
-3
2
-20
-16
1
-2
-9
0
17
14
27
31
27
36
43
41
46
64
56
43
37
34
48
47
28
29
38
19
4
10
14
10
2
