-2
-1
0
2
4
6
5
6
9
13
16
15
16
18
20
23
25
24
29
28
29
31
30
30
28
29
29
28
30
28
29
30
27
25
23
25
24
20
16
13
13
13
10
5
2
-4
-10
-13
-12
-16
-18
-24
-30
-34
-39
-38
-40
-44
-46
-55
-62
-60
-57
-56
-63
-66
-66
-69
-71
-74
-74
-75
-77
-81
-90
-101
-115
-110
-108
-119
-134
-152
-160
-149
-144
-135
-138
-154
-153
-149
-138
-120
-123
-122
-105
-87
-60
-37
-28
-15
-4
12
44
74
91
96
100
119
145
176
195
193
188
189
210
238
257
259
239
234
245
265
286
282
260
246
254
267
266
260
250
236
235
239
232
227
214
191
182
170
158
152
124
92
82
75
55
31
13
2
-13
-30
-38
-40
-58
-86
-109
-114
-116
-125
-146
-159
-170
-183
-185
-199
-209
-212
-217
-216
-216
-225
-224
-222
-223
-220
-225
-222
-213
-210
-201
-195
-191
-185
-183
-185
-186
-209
-243
-258
-253
-237
-252
-295
-331
-351
-328
-295
-293
-305
-339
-368
-332
-253
-212
-221
-260
-272
-212
-117
-39
-9
-12
-15
23
116
192
218
223
222
254
316
372
404
382
356
371
412
451
466
437
398
386
403
434
453
432
385
355
359
381
395
390
356
312
304
314
317
301
270
247
233
221
207
189
168
137
105
99
95
77
49
12
-14
-24
-34
-54
-73
-104
-129
-148
-160
-160
-165
-190
-212
-220
-231
-232
-232
-234
-236
-247
-255
-253
-243
-236
-233
-232
-233
-220
-218
-222
-207
-194
-178
-161
-160
-162
-158
-162
-166
-155
-138
-135
-163
-217
-260
-267
-232
-215
-272
-372
-441
-427
-358
-318
-364
-455
-523
-506
-406
-314
-310
-381
-439
-385
-236
-101
-57
-89
-115
-63
65
200
275
269
238
262
357
461
526
526
479
439
467
553
605
579
505
458
481
528
559
530
459
408
414
447
467
453
405
361
356
376
375
352
307
266
253
253
262
255
209
155
125
110
97
75
32
-3
-17
-37
-56
-83
-121
-151
-164
-156
-164
-200
-233
-249
-247
-245
-257
-252
-250
-266
-278
-281
-262
-247
-253
-266
-261
-228
-200
-197
-201
-192
-175
-161
-138
-123
-128
-129
-117
-100
-107
-125
-117
-103
-135
-244
-349
-348
-273
-261
-381
-552
-654
-640
-539
-490
-568
-708
-827
-797
-635
-502
-482
-593
-688
-613
-410
-190
-99
-152
-205
-154
49
272
368
358
308
328
464
614
726
734
642
600
661
766
832
805
721
659
648
692
748
748
671
577
538
562
606
611
545
453
402
413
458
467
426
339
262
271
313
317
276
195
131
116
125
114
72
17
-46
-76
-76
-89
-123
-171
-216
-240
-240
-253
-278
-299
-321
-334
-334
-326
-327
-340
-355
-347
-327
-309
-291
-284
-269
-244
-220
-204
-204
-198
-177
-142
-111
-109
-103
-104
-105
-82
-76
-84
-82
-108
-196
-329
-414
-391
-330
-350
-530
-733
-816
-760
-655
-643
-762
-935
-1034
-962
-778
-631
-633
-781
-858
-728
-452
-209
-166
-257
-296
-159
116
330
404
380
346
423
582
743
842
813
728
725
803
918
975
929
846
792
813
855
868
830
744
666
645
664
689
671
570
486
462
479
495
448
396
354
327
316
296
281
250
182
135
121
112
82
20
-43
-69
-67
-65
-115
-177
-195
-210
-242
-260
-259
-259
-280
-329
-342
-311
-289
-300
-335
-349
-317
-293
-271
-255
-263
-241
-208
-180
-166
-172
-149
-121
-95
-54
-52
-65
-90
-112
-100
-77
-71
-122
-244
-395
-470
-435
-375
-438
-664
-882
-945
-834
-720
-779
-954
-1123
-1162
-1024
-840
-760
-821
-960
-981
-774
-473
-272
-283
-377
-349
-147
125
308
372
358
362
463
646
824
899
861
799
822
921
1015
1050
995
900
845
871
957
988
906
788
711
703
750
760
715
609
504
499
533
557
531
453
352
296
307
336
327
250
141
80
90
117
92
18
-64
-112
-100
-74
-100
-156
-218
-254
-248
-247
-228
-246
-297
-323
-329
-298
-267
-274
-296
-312
-303
-264
-233
-222
-222
-215
-196
-169
-148
-134
-111
-88
-68
-46
-49
-71
-92
-99
-89
-81
-155
-323
-449
-475
-429
-419
-576
-816
-954
-953
-866
-830
-948
-1130
-1271
-1260
-1070
-901
-869
-985
-1106
-1016
-744
-453
-323
-372
-419
-323
-72
213
371
386
352
389
575
791
928
948
867
845
933
1049
1135
1116
1016
942
925
974
1037
1030
949
819
734
752
799
811
739
607
498
458
492
541
519
399
261
191
231
297
281
192
71
-17
-6
43
54
-5
-112
-175
-160
-120
-107
-146
-220
-269
-273
-238
-213
-225
-270
-306
-295
-259
-238
-247
-266
-261
-221
-188
-168
-159
-158
-152
-124
-70
-23
-12
-20
-19
-9
1
-2
-8
-28
-55
-83
-170
-308
-419
-472
-465
-472
-623
-839
-992
-1032
-962
-939
-1039
-1212
-1343
-1311
-1163
-1034
-1008
-1083
-1136
-1042
-811
-559
-425
-439
-445
-319
-80
180
345
375
363
422
575
786
952
956
908
909
955
1082
1167
1141
1071
995
984
1030
1050
1027
960
871
801
768
766
757
705
618
536
472
447
455
441
383
301
220
183
194
198
162
86
3
-37
-33
-19
-20
-78
-153
-178
-173
-142
-124
-170
-234
-259
-233
-183
-171
-199
-227
-248
-230
-182
-159
-150
-155
-176
-159
-122
-89
-55
-47
-65
-54
-23
11
35
26
6
-17
-27
-43
-70
-82
-131
-262
-411
-522
-540
-511
-579
-781
-1012
-1124
-1074
-1007
-1039
-1176
-1342
-1399
-1316
-1156
-1031
-1041
-1132
-1136
-971
-700
-485
-420
-428
-377
-202
72
305
397
401
414
532
723
883
970
963
913
932
1037
1138
1162
1104
1046
1022
1018
1025
1046
1037
958
863
811
792
777
746
691
618
547
482
438
431
408
353
272
182
140
143
145
116
38
-54
-89
-69
-43
-48
-94
-168
-216
-189
-150
-143
-156
-214
-261
-235
-193
-167
-156
-183
-216
-210
-174
-128
-82
-91
-133
-128
-72
-16
2
-1
-4
21
59
76
71
49
23
-8
-44
-56
-77
-179
-337
-491
-580
-576
-586
-719
-937
-1139
-1204
-1131
-1096
-1191
-1362
-1476
-1447
-1325
-1185
-1111
-1148
-1186
-1122
-929
-661
-482
-438
-418
-326
-97
178
349
400
428
495
639
817
944
991
975
975
1032
1134
1205
1196
1141
1090
1082
1099
1110
1095
1047
993
915
849
812
773
739
664
576
525
459
411
394
353
293
195
104
87
98
95
50
-52
-128
-129
-96
-65
-81
-148
-211
-223
-190
-125
-91
-125
-174
-180
-131
-65
-33
-57
-104
-128
-94
-21
34
37
18
-2
-15
-2
36
60
76
64
52
82
118
101
30
-83
-126
-6
44
-212
-662
-995
-967
-754
-778
-1111
-1512
-1702
-1633
-1525
-1552
-1668
-1784
-1767
-1546
-1247
-1030
-966
-1028
-1040
-818
-437
-136
-41
-110
-116
148
513
722
698
522
433
570
823
992
960
832
789
889
1049
1124
1091
990
882
876
949
1022
1073
1069
1012
933
825
739
689
639
630
642
634
575
480
433
415
361
262
161
110
95
83
66
18
-65
-123
-141
-110
-76
-92
-124
-133
-100
-16
57
69
47
59
131
226
275
234
150
120
137
183
200
159
142
150
186
232
215
194
187
146
89
51
-11
-154
-385
-634
-814
-955
-1338
-2065
-2682
-2733
-2300
-1942
-2074
-2407
-2399
-2020
-1629
-1398
-1153
-888
-739
-543
-53
635
1062
891
488
382
612
867
796
499
271
197
264
339
278
81
-161
-269
-121
180
436
535
566
699
924
1128
1219
1236
1249
1240
1251
1284
1292
1211
1006
762
575
443
306
145
-12
-165
-266
-265
-190
-134
-134
-112
-30
115
276
351
366
366
340
343
369
373
295
181
133
144
152
95
2
-48
-62
-56
-30
47
170
232
226
238
251
224
169
130
187
289
352
385
392
395
419
381
287
231
200
175
109
56
-69
-408
-833
-1129
-1234
-1674
-2795
-3768
-3707
-2727
-1942
-2155
-2601
-2418
-1806
-1377
-1256
-836
-187
89
146
494
1331
1871
1452
683
273
383
523
284
92
41
-93
-253
-373
-240
-157
-370
-435
-142
454
961
1081
1191
1374
1511
1559
1526
1576
1527
1354
1161
971
891
699
344
38
-231
-319
-289
-314
-345
-343
-226
-88
20
170
291
413
564
708
829
835
767
663
532
373
170
6
-33
-35
-88
-123
-95
-87
-123
-98
-41
44
124
213
334
411
409
355
315
330
340
328
327
380
450
432
450
495
472
395
275
150
49
-55
-141
-433
-808
-1016
-1204
-1701
-2925
-4113
-4238
-3437
-2546
-2451
-2737
-2384
-1682
-1190
-1141
-961
-249
180
340
662
1338
2041
1735
828
269
140
235
-110
-515
-473
-419
-391
-404
-288
-27
-126
-267
-28
544
1229
1496
1598
1815
1954
2037
1904
1738
1637
1311
1009
809
714
645
263
-150
-452
-539
-349
-323
-329
-313
-290
-37
167
348
493
497
599
693
822
866
730
615
388
198
114
3
-55
-169
-222
-141
-43
116
162
180
232
239
335
439
585
668
532
428
372
399
455
344
257
254
358
462
422
483
474
354
220
146
188
94
-175
-703
-1209
-1240
-1296
-2164
-3878
-5156
-4900
-3669
-2684
-2796
-3079
-2440
-1504
-1034
-985
-512
355
593
482
841
1776
2392
1660
485
-34
3
-44
-622
-946
-734
-615
-589
-443
-18
334
107
-27
342
981
1601
1732
1827
2103
2188
2130
1886
1712
1431
857
518
352
362
321
-32
-306
-542
-516
-244
-172
-75
2
87
326
535
744
775
710
753
748
805
788
662
498
222
74
-16
-98
-129
-216
-178
-25
161
295
304
350
349
301
364
496
664
663
493
382
373
414
318
165
59
198
475
565
538
349
263
302
312
222
14
11
-339
-963
-1255
-1409
-2190
-4268
-5866
-5513
-3996
-2644
-2898
-3354
-2376
-1067
-446
-772
-432
726
950
735
902
1951
2779
1762
301
-357
-301
-277
-1136
-1559
-1067
-786
-686
-551
15
620
308
30
346
1014
1722
1688
1819
2261
2308
2278
1855
1586
1295
506
131
-9
142
282
-82
-235
-356
-262
-16
-85
54
159
275
492
596
911
893
663
676
614
703
676
500
428
218
128
23
-87
53
16
-50
73
274
522
515
469
466
454
518
511
573
592
489
394
281
303
302
154
78
157
417
459
380
271
294
430
310
237
156
-6
-345
-1074
-1537
-1671
-2744
-4683
-5960
-5517
-3962
-2924
-3019
-3099
-2073
-760
-371
-450
92
922
1131
788
952
1983
2364
1456
196
-515
-466
-755
-1451
-1584
-1202
-727
-561
-317
367
818
715
441
631
1217
1563
1675
1832
2107
2267
2048
1658
1291
869
289
-185
-220
12
114
23
-45
-60
74
198
135
205
383
470
576
794
949
862
698
532
424
484
505
388
280
219
163
84
-16
19
20
36
238
423
575
646
607
510
436
450
522
544
494
369
291
284
317
277
120
70
177
328
366
260
183
325
428
478
369
156
5
-578
-1262
-1568
-2150
-3728
-5598
-6141
-5048
-3499
-2806
-3060
-2661
-1359
-446
-256
-109
717
1293
934
692
1320
2254
2097
764
-410
-801
-845
-1271
-1770
-1508
-939
-624
-337
254
1000
1208
822
689
990
1399
1648
1644
1876
2102
2052
1803
1355
969
403
-235
-445
-310
-19
117
145
236
218
331
393
300
371
363
399
598
790
881
707
577
469
282
242
253
268
198
122
130
40
-6
41
87
229
382
526
660
733
721
583
455
468
495
443
348
297
259
275
281
269
166
127
323
284
325
399
303
391
497
475
388
238
-120
-847
-1449
-1842
-3032
-4915
-6147
-5841
-4392
-3133
-2862
-2742
-1820
-567
15
-23
437
1116
1103
716
774
1661
2138
1315
47
-851
-1024
-1239
-1867
-1887
-1383
-855
-407
164
1028
1577
1357
1005
1059
1302
1441
1428
1585
1896
2080
1932
1514
1139
585
-224
-650
-624
-377
-62
125
382
486
507
655
578
463
416
314
386
639
799
703
498
448
307
138
164
154
154
124
131
263
232
212
286
282
414
591
667
701
667
589
418
305
349
392
395
393
396
377
295
184
117
143
281
320
264
282
326
438
381
309
421
337
150
-434
-1343
-1758
-2245
-3820
-5723
-6396
-5476
-3875
-2899
-2791
-2350
-1039
76
286
343
931
1409
1095
529
823
1728
1714
691
-457
-1075
-1177
-1594
-2042
-1806
-1175
-594
-68
679
1563
1895
1576
1262
1225
1283
1236
1270
1587
1893
1960
1739
1309
860
195
-485
-743
-623
-315
-67
315
719
815
907
846
608
422
160
115
370
641
717
541
417
359
272
186
91
177
196
127
263
321
356
368
287
315
432
576
706
700
694
581
357
337
369
403
390
315
294
321
357
299
166
196
163
137
272
223
430
546
406
502
362
267
-92
-1012
-1668
-2209
-3572
-5788
-7065
-6376
-4706
-3179
-2876
-2817
-1451
3
527
495
845
1502
1335
572
570
1583
2088
1242
-162
-1138
-1301
-1511
-2092
-2092
-1395
-683
-155
533
1517
2287
2145
1660
1464
1343
1302
1220
1394
1853
2007
1897
1543
1070
445
-383
-808
-790
-607
-333
48
672
1071
1182
1186
888
627
365
60
127
447
657
597
414
380
309
127
85
80
29
40
172
291
336
423
392
285
411
553
666
792
774
693
534
430
436
392
333
354
346
317
433
533
504
441
444
457
287
228
363
439
567
740
637
420
123
-839
-1841
-2443
-4239
-6832
-8041
-7423
-5344
-3479
-3074
-2742
-1430
105
699
594
1009
1592
1456
632
586
1774
2193
1269
-278
-1512
-1629
-1832
-2440
-2268
-1569
-743
-39
705
1947
2785
2603
2051
1591
1342
1122
973
1295
1775
2051
1968
1581
1257
613
-283
-847
-919
-619
-338
141
893
1356
1542
1513
1207
781
307
14
-58
83
346
282
158
353
466
263
63
89
80
50
268
414
406
490
528
465
456
565
681
671
600
562
399
265
329
342
293
352
419
434
353
340
388
349
436
421
303
341
399
591
613
658
798
479
215
-420
-1509
-2050
-2914
-5095
-7428
-8267
-7083
-4978
-3488
-3072
-2423
-737
514
776
904
1411
1808
1204
283
661
1734
1850
798
-673
-1442
-1571
-2037
-2465
-2135
-1248
-398
246
1252
2462
3073
2810
2139
1669
1219
844
864
1285
1848
2078
1947
1670
1263
507
-389
-842
-819
-620
-286
360
1124
1589
1764
1583
1170
696
153
-93
-124
-6
247
205
248
508
510
340
98
-19
-79
-22
299
439
542
684
662
624
618
701
704
490
416
394
282
307
310
334
334
239
332
357
406
414
209
260
432
416
413
345
297
450
543
635
670
513
86
-702
-1592
-2045
-3190
-5924
-8052
-8111
-6542
-4408
-3298
-2864
-1795
-221
780
790
1107
1745
1593
690
75
916
1985
1590
325
-1020
-1622
-1628
-2283
-2540
-1811
-995
-203
488
1624
2934
3151
2571
1904
1366
1078
779
870
1427
1900
2109
1811
1465
1023
180
-526
-925
-836
-466
-104
640
1288
1594
1783
1444
1005
629
83
-165
-132
57
229
186
266
399
351
164
-24
-60
-89
44
266
335
530
641
552
542
590
689
643
483
496
455
264
266
282
173
197
228
292
417
438
301
262
358
417
416
296
453
821
933
843
719
542
408
-31
-704
-1614
-2352
-3522
-6292
-8109
-7776
-6216
-4161
-3356
-3023
-1657
-54
1050
1063
1199
1815
1474
666
205
992
2043
1411
128
-1006
-1642
-1658
-2295
-2541
-1708
-988
-230
586
1744
3026
3065
2466
1890
1240
962
707
856
1495
1801
1902
1597
1288
1017
187
-551
-917
-837
-375
47
860
1521
1717
1848
1555
1262
763
14
-201
-124
93
297
200
235
328
249
57
-66
67
67
102
291
463
626
599
497
493
477
570
625
514
513
366
91
55
166
168
162
318
459
553
463
220
205
206
282
368
276
372
541
660
752
736
595
413
172
-439
-1463
-2065
-2692
-4970
-7543
-8344
-7205
-4871
-3324
-3001
-2208
-586
798
940
809
1568
1839
1017
37
366
1824
1985
786
-718
-1615
-1519
-2043
-2663
-2025
-1001
-169
339
1180
2626
3241
2770
2088
1490
1090
743
634
1178
1833
2144
1902
1451
1175
450
-398
-807
-846
-491
-150
402
1239
1665
1861
1746
1219
677
163
-103
-60
104
188
31
120
433
338
105
64
71
18
-31
192
521
651
649
503
485
681
756
632
490
507
412
130
46
235
310
227
268
355
418
531
435
245
319
500
470
205
244
441
512
708
784
607
487
337
-229
-1310
-2116
-2643
-4600
-7163
-8138
-7411
-5379
-3490
-2953
-2529
-1135
424
812
646
1263
1719
1164
330
414
1591
2043
1072
-431
-1628
-1762
-2007
-2691
-2188
-1038
-152
392
1087
2393
3086
2683
1988
1374
1116
1045
987
1407
1937
2166
1896
1346
1068
518
-293
-744
-729
-346
90
594
1131
1381
1579
1522
1237
992
496
86
31
126
205
93
6
35
-25
-162
-273
-79
160
160
280
508
672
672
484
474
570
596
647
574
483
443
175
-125
-94
73
26
41
233
419
592
580
346
200
291
421
425
528
785
835
682
519
396
300
263
217
-152
-883
-1705
-2342
-3544
-5869
-7558
-7609
-6196
-4060
-2970
-2524
-1359
87
848
674
751
1311
1201
590
284
940
1918
1587
220
-1146
-1859
-1958
-2417
-2420
-1410
-428
330
959
1808
2748
2684
2071
1531
1134
1151
1130
1371
1956
2184
2039
1451
868
487
-202
-696
-688
-376
57
399
918
1353
1539
1551
1215
1046
952
540
213
48
14
37
-80
-47
32
-62
-94
-29
148
335
381
401
375
396
468
439
555
671
572
492
386
297
109
-124
-122
-55
-20
71
248
488
499
353
192
124
526
790
607
512
442
426
621
756
822
673
436
207
-159
-524
-1279
-2208
-2763
-4314
-6662
-7676
-6985
-4858
-3081
-2795
-2403
-1199
202
652
363
893
1495
1260
563
397
1575
2086
907
-668
-1877
-1961
-1940
-2402
-1783
-541
251
682
995
1812
2444
2089
1563
1290
1408
1628
1574
1876
2190
2034
1596
913
585
291
-208
-294
-97
228
389
525
925
1043
1044
1077
1018
1097
886
374
151
99
42
-54
-87
5
-26
-39
98
295
494
425
221
228
229
262
332
485
765
757
619
531
411
234
-124
-344
-276
-72
121
210
431
606
462
303
125
147
347
437
530
538
737
818
653
702
501
234
152
-106
-327
-859
-1754
-2228
-3104
-5240
-7101
-7392
-6031
-3944
-2923
-2784
-1985
-524
380
288
505
1287
1570
1097
467
1018
1983
1596
169
-1384
-1855
-1577
-1898
-1925
-1057
-100
404
526
1022
1841
2017
1626
1318
1372
1721
1776
1743
2066
2168
1837
1140
609
574
337
15
-146
-59
232
259
352
532
729
1045
988
951
1132
970
630
304
89
14
-20
18
-28
33
220
269
278
261
296
298
165
222
340
475
742
774
595
508
417
202
-73
-266
-259
-121
72
209
310
433
423
283
115
86
219
372
512
592
663
816
762
531
412
260
193
153
-67
-302
-737
-1508
-2169
-2837
-4601
-6682
-7237
-6239
-4234
-2767
-2583
-2106
-990
-67
122
92
945
1667
1311
737
936
1873
1955
633
-900
-1661
-1578
-1677
-1888
-1152
-84
337
271
464
1212
1684
1424
1193
1352
1784
1974
1811
1989
2227
2021
1432
844
750
722
421
200
199
293
222
157
258
457
771
857
814
981
1003
671
184
-7
23
-4
146
246
283
411
390
214
70
150
154
-36
11
217
433
598
588
545
432
294
79
-243
-237
-39
82
167
225
298
338
317
256
127
45
48
164
557
661
699
798
503
554
624
336
286
158
109
86
-376
-959
-1823
-2283
-3239
-5694
-7147
-6856
-5200
-3150
-2723
-2610
-1796
-840
-153
-410
151
1456
1620
1185
874
1660
2542
1523
6
-1066
-1513
-1323
-1718
-1473
-367
48
66
-101
335
1186
1121
963
1231
1744
2237
2086
2127
2341
2245
1991
1278
1004
1069
673
361
179
175
180
-130
-121
83
348
696
741
863
1071
1077
832
358
62
75
133
277
381
281
126
-8
-81
-125
-147
-67
-107
-115
215
440
587
602
407
234
-13
-114
-78
-81
63
156
67
94
140
146
128
173
203
114
192
338
556
701
724
707
534
391
367
424
468
459
362
167
-15
-453
-1250
-1863
-2257
-3578
-5949
-7246
-6494
-4360
-2464
-2352
-2670
-2011
-1029
-588
-594
302
1615
1749
1242
1151
2096
2597
1321
-406
-1466
-1471
-1207
-1345
-918
-23
169
-334
-682
-164
699
886
923
1434
2143
2659
2577
2448
2518
2277
1899
1385
1216
1352
934
469
144
-74
-168
-421
-374
-177
91
510
650
866
997
926
714
280
403
642
542
590
466
204
72
-75
-228
-361
-218
-154
-315
-98
153
196
207
116
105
102
137
364
356
230
205
13
-132
-115
-58
59
185
400
451
326
375
396
303
329
402
599
805
860
836
647
431
294
193
144
89
-414
-1363
-2088
-2241
-3183
-5353
-6760
-6460
-4536
-2536
-2434
-2883
-2315
-1292
-874
-1076
-148
1561
2142
1574
1051
1689
2342
1376
-238
-1237
-1073
-613
-960
-878
-175
-67
-627
-1187
-715
398
889
1159
1619
2228
2734
2472
2136
2143
2154
2059
1709
1720
1879
1415
708
118
-168
-245
-440
-419
-229
139
524
553
712
857
762
642
549
517
592
682
653
546
368
44
-325
-453
-282
-258
-384
-360
-275
-145
-74
25
154
245
371
259
114
150
16
-169
-236
-175
-61
3
183
311
381
353
156
96
160
298
428
537
833
987
838
562
228
222
276
243
376
417
421
-12
-904
-1523
-1824
-1976
-3557
-6041
-6505
-5069
-2762
-1670
-2622
-2952
-2482
-1918
-1640
-1280
704
2091
1673
956
832
2019
2168
467
-700
-1009
-411
-103
-553
-112
101
-531
-1205
-1362
-138
901
996
1227
1495
2025
2170
1803
1988
2140
2272
2313
2052
2183
1899
1079
348
-147
7
128
87
197
88
232
327
159
195
240
414
536
579
687
744
889
710
227
-149
-428
-401
-212
-93
-16
-69
-215
-418
-499
-337
-207
-169
-49
85
163
179
112
-46
-180
-126
-6
90
302
528
549
335
187
245
412
523
555
537
471
586
572
414
285
104
93
263
558
682
506
330
-21
-587
-1188
-1509
-1466
-2599
-4676
-5706
-5070
-3000
-1894
-2866
-3772
-3469
-2439
-1938
-1488
234
1634
1597
613
90
1184
1751
867
-42
-271
519
821
128
5
-52
-568
-1265
-1464
-330
807
1072
1061
1015
1324
1454
1223
1469
1885
2342
2563
2475
2616
2286
1428
681
281
488
705
635
490
150
1
-125
-342
-211
-78
118
313
350
534
537
389
237
11
68
258
422
519
343
134
-230
-621
-737
-732
-515
-201
15
87
39
11
-116
-348
-388
-181
118
337
504
602
588
438
163
-43
26
241
370
492
521
522
486
345
360
353
261
300
283
471
750
677
473
208
33
-323
-995
-1291
-1205
-2059
-4226
-5776
-5138
-3005
-1775
-2661
-3791
-3582
-2702
-2339
-2239
-703
1124
1247
361
-83
980
1955
1125
190
215
790
1131
459
233
495
-72
-884
-1196
-373
730
786
570
531
790
1128
993
1328
2020
2436
2599
2282
2223
2210
1627
1129
887
1102
1408
1123
704
254
-75
-323
-716
-611
-183
54
160
-8
-65
58
-61
-85
-5
175
415
409
448
376
132
-99
-402
-379
-217
-120
49
-56
-113
-152
-340
-291
-236
-137
27
103
184
102
6
8
-27
45
220
410
618
685
598
434
297
301
309
442
609
645
603
423
282
185
95
134
45
-99
-154
-445
-727
-989
-997
-1344
-3113
-4717
-4767
-3263
-1542
-1898
-3188
-3539
-3199
-2615
-2454
-1497
306
694
82
-511
-54
1353
1380
736
687
947
1473
1064
449
539
235
-155
-399
-132
769
882
517
346
282
662
787
933
1586
1969
2194
2070
1818
1850
1575
1348
1299
1332
1594
1464
1009
541
95
-83
-196
-154
70
103
18
-283
-593
-677
-608
-315
-68
45
65
17
72
85
-16
-33
82
219
248
199
197
128
-74
-257
-279
-174
-129
-166
-230
-217
-146
-199
-194
-12
152
234
220
218
372
502
533
541
552
598
567
403
371
398
360
298
181
236
276
213
140
82
32
-84
-430
-764
-783
-663
-662
-1783
-3633
-4288
-3462
-1997
-1565
-2813
-3681
-3622
-3157
-2577
-1973
-564
324
-298
-964
-845
428
1445
1063
873
1065
1309
1405
897
780
776
182
-30
294
885
1161
523
77
81
213
635
858
1223
1595
1502
1485
1498
1652
1830
1653
1642
1658
1608
1615
1359
1011
593
281
264
260
269
94
-236
-421
-524
-556
-609
-592
-376
-129
-75
-205
-272
-199
-67
97
144
150
195
63
-3
59
95
89
-22
-67
-115
-271
-388
-418
-368
-351
-335
-184
-26
119
77
-139
-152
11
225
418
459
518
556
493
445
351
452
593
513
510
559
554
456
218
160
177
-26
-182
-443
-624
-670
-780
-946
-2035
-3555
-3859
-2872
-1530
-1536
-3001
-3751
-3523
-2830
-2180
-1549
-243
68
-1015
-1577
-979
637
1550
1058
925
1051
1092
1010
665
907
984
407
336
697
1094
1002
225
-25
184
464
926
1143
1291
1260
974
1037
1367
1726
1939
1650
1352
1329
1346
1363
1288
1035
832
760
664
569
373
145
-76
-302
-263
-94
44
-27
-519
-795
-627
-352
-153
-258
-307
-271
-370
-312
-257
-166
-64
-187
-148
-48
11
54
-209
-366
-401
-378
-167
-158
-213
-237
-304
-233
-141
-73
85
204
259
248
241
335
427
464
455
460
549
610
628
636
559
473
408
301
230
293
265
134
-38
-242
-399
-473
-604
-637
-985
-2145
-3227
-3234
-2061
-1075
-1670
-3069
-3749
-3430
-2553
-1990
-1341
-563
-852
-1654
-1795
-830
679
1118
680
576
653
931
1086
1066
1263
1115
775
841
1101
1303
1065
553
406
544
821
1051
977
830
692
655
953
1366
1513
1361
1033
919
1195
1516
1636
1465
1077
949
1027
1047
1071
835
534
318
153
153
103
-63
-332
-759
-954
-848
-610
-414
-601
-921
-1003
-880
-629
-426
-380
-309
-298
-310
-195
-51
79
46
-93
-122
-50
20
-47
-236
-249
-172
-143
-73
-51
-21
53
40
87
194
243
332
356
362
413
412
420
431
461
578
550
535
496
393
368
240
187
213
47
-76
-226
-348
-330
-534
-915
-1784
-2790
-2812
-1842
-949
-1320
-2819
-3652
-3327
-2532
-1818
-1341
-818
-957
-1785
-1951
-1012
339
922
482
250
443
656
873
1025
1272
1236
847
800
1088
1301
1115
705
639
787
932
996
905
880
831
885
1185
1400
1354
1093
895
1012
1290
1582
1633
1312
920
643
720
962
1002
869
540
225
72
-35
-46
-24
-144
-362
-601
-719
-758
-820
-801
-696
-663
-772
-894
-849
-657
-500
-393
-380
-358
-284
-235
-158
-27
56
91
66
-1
-30
-25
41
102
58
40
71
75
70
54
102
174
226
253
174
128
165
207
262
297
361
401
360
318
351
400
414
361
387
386
277
80
-7
77
26
-274
-484
-736
-1426
-2077
-2032
-1269
-942
-1839
-3085
-3376
-2698
-1945
-1702
-1525
-1320
-1660
-2178
-1961
-826
301
395
-79
-215
49
503
832
1104
1354
1272
1055
1107
1265
1350
1278
1133
1172
1238
1189
1041
853
749
792
953
1087
1040
814
620
585
778
1135
1344
1266
973
683
661
844
1041
1159
1042
747
411
201
244
315
257
25
-245
-433
-563
-693
-755
-704
-655
-705
-830
-932
-1014
-987
-745
-424
-268
-328
-465
-510
-348
-68
136
241
128
-108
-224
-140
95
228
117
-55
-208
-282
-239
-143
-29
-18
-67
-96
-81
-42
-6
102
236
341
376
347
329
340
473
675
706
646
573
489
444
332
346
435
311
73
-183
-380
-325
-580
-1282
-1778
-1736
-1191
-1070
-1825
-2550
-2699
-2274
-1727
-1634
-1499
-1416
-1839
-2046
-1582
-626
132
-37
-394
-313
-59
383
819
1103
1219
952
763
1013
1288
1396
1264
1097
1085
1044
1004
971
914
797
696
780
928
936
766
591
571
769
1050
1149
986
791
726
820
1012
1155
1084
785
460
338
453
597
540
277
-42
-281
-342
-299
-258
-326
-498
-713
-898
-875
-673
-581
-650
-765
-755
-587
-534
-553
-514
-432
-377
-368
-249
-70
-93
-245
-291
-182
-82
-93
-99
-52
-46
-112
-187
-152
-46
-34
-58
-33
49
118
126
140
177
264
371
414
432
429
399
417
460
536
620
571
419
331
298
281
238
175
110
-34
-245
-321
-354
-668
-1160
-1415
-1131
-816
-1226
-2006
-2269
-1934
-1485
-1383
-1395
-1277
-1453
-1814
-1689
-971
-169
-89
-524
-578
-305
67
433
693
846
686
392
482
879
1231
1241
1002
888
886
917
974
968
936
914
921
911
840
798
825
835
855
969
1034
955
755
612
712
898
1000
911
727
592
449
422
530
580
466
217
28
-7
-48
-96
-166
-293
-386
-525
-640
-659
-699
-722
-723
-709
-688
-798
-904
-814
-689
-569
-500
-527
-522
-525
-434
-265
-168
-127
-235
-355
-289
-130
37
80
-40
-177
-180
-78
40
127
187
178
84
45
134
284
351
342
346
406
433
405
392
400
422
442
451
443
379
284
231
238
312
287
126
-28
-117
-106
-213
-515
-791
-906
-782
-772
-1128
-1489
-1576
-1428
-1283
-1289
-1216
-1129
-1337
-1549
-1376
-865
-426
-439
-641
-611
-411
-143
207
492
557
376
183
334
686
883
859
748
660
641
685
836
959
921
830
748
786
912
991
1002
928
894
931
919
944
930
826
821
883
924
858
667
490
386
373
429
468
386
183
-63
-194
-148
-86
-89
-165
-338
-512
-600
-530
-397
-367
-471
-676
-810
-767
-653
-540
-521
-601
-656
-641
-565
-433
-345
-356
-421
-469
-401
-264
-135
-92
-145
-212
-191
-110
-57
-25
-5
4
57
125
153
183
198
199
206
237
306
354
336
293
277
293
315
331
357
294
196
190
221
244
246
229
227
179
60
-24
-5
-5
-176
-450
-617
-539
-453
-580
-833
-1044
-1133
-1150
-1151
-1042
-898
-965
-1199
-1331
-1142
-780
-566
-549
-548
-546
-497
-326
-25
280
349
250
228
366
557
706
765
758
754
745
769
846
903
914
835
715
713
769
796
763
674
654
687
662
651
667
667
610
516
483
541
576
516
456
450
468
399
303
268
252
209
114
34
34
9
-87
-203
-317
-372
-414
-479
-495
-536
-599
-659
-667
-608
-570
-554
-567
-563
-551
-532
-428
-290
-212
-211
-261
-290
-238
-150
-98
-109
-133
-119
-87
-49
-23
-5
-32
-96
-97
-21
76
89
38
39
72
75
77
107
161
186
157
122
122
134
133
141
193
227
207
184
153
128
109
92
94
72
-20
-135
-240
-289
-273
-269
-334
-455
-593
-669
-620
-508
-450
-464
-569
-692
-702
-607
-475
-419
-461
-486
-418
-317
-236
-148
-115
-160
-170
-112
0
116
169
194
193
152
183
285
368
421
411
397
411
431
473
558
652
740
764
716
695
722
778
834
863
828
779
748
729
744
774
751
631
494
431
397
360
328
288
222
114
16
-46
-105
-164
-206
-251
-283
-338
-372
-386
-426
-455
-487
-501
-487
-480
-469
-443
-443
-445
-415
-399
-396
-413
-418
-400
-397
-399
-381
-335
-310
-296
-302
-282
-248
-253
-229
-206
-167
-116
-102
-80
-38
-15
2
6
8
44
77
127
165
190
186
166
194
211
219
220
207
230
247
219
187
175
122
32
-44
-90
-87
-119
-227
-356
-417
-400
-347
-323
-373
-481
-565
-585
-508
-418
-412
-456
-520
-526
-436
-307
-238
-237
-243
-241
-200
-92
47
161
190
166
193
232
290
387
444
485
506
506
510
549
606
646
678
656
624
644
680
692
680
645
627
623
593
579
584
556
504
443
387
373
363
334
300
240
155
96
56
39
23
-57
-138
-173
-200
-216
-248
-285
-299
-361
-437
-448
-419
-407
-425
-467
-470
-444
-452
-481
-515
-503
-477
-447
-381
-348
-334
-345
-373
-333
-276
-232
-191
-164
-125
-99
-86
-69
-47
1
33
8
-8
-9
1
38
53
73
106
106
93
96
114
120
98
90
107
127
135
127
114
61
-26
-94
-104
-72
-70
-105
-167
-246
-300
-306
-285
-293
-331
-384
-410
-379
-343
-317
-305
-317
-308
-265
-203
-131
-94
-64
-35
-5
43
101
149
218
268
259
256
268
315
376
411
402
397
394
399
465
525
514
453
419
448
482
504
524
523
504
461
415
406
417
421
406
374
338
291
260
244
224
191
148
101
43
5
-34
-66
-101
-143
-169
-222
-249
-233
-244
-270
-292
-329
-341
-362
-384
-369
-356
-344
-357
-389
-400
-411
-412
-364
-330
-312
-296
-308
-294
-271
-261
-225
-208
-194
-147
-135
-137
-104
-70
-42
-12
-22
-26
-15
-13
34
95
123
99
74
86
98
107
113
137
163
154
124
125
150
155
122
67
28
-1
-22
-40
-52
-78
-130
-182
-223
-221
-237
-300
-323
-314
-313
-316
-292
-275
-271
-271
-262
-209
-161
-140
-110
-41
5
30
67
112
167
185
204
249
296
310
309
317
316
319
341
358
382
383
326
313
327
313
321
305
310
330
290
274
283
277
290
299
281
274
277
274
262
234
223
220
180
137
100
69
58
45
19
3
-35
-102
-139
-143
-154
-171
-214
-263
-280
-294
-316
-314
-300
-317
-329
-352
-365
-333
-299
-291
-278
-254
-237
-220
-213
-197
-190
-198
-175
-159
-134
-97
-101
-99
-87
-97
-92
-78
-85
-64
-29
-4
41
59
67
87
75
43
57
82
92
114
132
131
102
63
37
40
34
6
-5
-31
-42
-19
-30
-80
-129
-162
-176
-155
-131
-155
-180
-183
-193
-177
-150
-161
-180
-185
-175
-135
-85
-26
8
-2
10
51
86
131
148
173
232
256
258
261
254
243
236
217
207
225
231
219
203
192
187
174
155
149
144
150
162
175
187
195
191
186
203
215
210
185
173
174
166
149
120
80
59
65
67
61
49
20
-13
-37
-48
-57
-87
-116
-128
-131
-126
-131
-157
-159
-144
-161
-182
-184
-158
-144
-153
-163
-172
-153
-115
-125
-151
-145
-144
-141
-127
-121
-97
-81
-94
-109
-94
-92
-98
-81
-70
-41
-27
-34
-23
-29
-55
-66
-58
-49
-29
-2
17
9
-10
-18
-30
-33
-43
-73
-93
-103
-108
-118
-136
-165
-198
-226
-205
-189
-181
-159
-155
-132
-104
-99
-89
-62
-59
-54
-37
-7
33
66
89
87
100
119
119
123
138
135
156
199
189
173
159
152
190
199
182
178
179
184
188
193
204
211
219
229
216
215
213
206
214
196
188
205
216
209
192
179
179
180
162
124
94
78
57
51
63
32
-20
-38
-48
-62
-78
-107
-115
-104
-125
-134
-114
-104
-88
-100
-128
-107
-114
-136
-126
-115
-100
-90
-88
-96
-96
-99
-129
-126
-107
-115
-115
-129
-145
-111
-97
-119
-114
-128
-141
-111
-109
-119
-99
-83
-76
-64
-78
-83
-73
-70
-56
-46
-38
-22
-12
-18
-25
-40
-52
-56
-63
-56
-62
-61
-54
-85
-116
-130
-135
-128
-136
-135
-136
-160
-154
-123
-110
-115
-112
-99
-84
-78
-60
-31
-4
20
40
50
70
116
118
117
145
162
180
196
211
217
211
218
242
248
246
241
243
238
219
236
239
232
234
210
214
216
194
190
188
195
194
181
194
177
135
111
91
97
101
58
41
55
38
26
20
-1
-3
-1
-9
-5
-4
-23
-64
-85
-70
-59
-66
-66
-87
-88
-73
-99
-99
-95
-110
-122
-143
-149
-126
-138
-162
-161
-165
-146
-143
-162
-157
-156
-162
-143
-130
-135
-139
-137
-136
-131
-113
-90
-81
-76
-81
-92
-101
-112
-110
-85
-84
-95
-92
-109
-96
-97
-121
-128
-132
-123
-133
-152
-131
-116
-112
-105
-118
-111
-104
-102
-80
-75
-82
-79
-68
-52
-49
-45
-29
3
56
81
92
87
76
104
129
155
186
185
186
200
209
230
223
221
255
257
242
258
256
243
238
237
254
282
305
283
257
252
225
212
210
191
186
188
181
167
125
95
107
110
99
79
53
48
47
23
9
8
-8
-13
-29
-50
-42
-43
-62
-65
-66
-83
-91
-102
-128
-132
-143
-142
-124
-128
-140
-159
-171
-186
-197
-177
-170
-165
-151
-152
-155
-177
-189
-171
-170
-166
-167
-183
-169
-153
-151
-138
-133
-131
-126
-136
-130
-107
-100
-104
-93
-85
-81
-78
-83
-83
-73
-71
-78
-72
-75
-69
-57
-81
-102
-97
-80
-81
-90
-77
-42
-29
-48
-45
-23
-6
2
10
27
45
36
7
18
51
62
57
53
86
129
141
146
168
198
223
225
227
245
254
230
212
221
226
248
249
238
243
233
214
203
203
213
195
181
176
178
186
158
144
147
131
109
103
101
109
108
102
84
57
37
39
44
30
25
20
3
-20
-31
-23
-33
-63
-72
-80
-111
-127
-127
-140
-164
-189
-195
-178
-165
-172
-186
-197
-190
-172
-179
-204
-205
-201
-192
-187
-194
-190
-173
-170
-165
-159
-158
-155
-155
-148
-134
-124
-117
-101
-98
-112
-109
-84
-85
-82
-76
-76
-65
-45
-35
-46
-54
-36
-8
-13
-27
-29
-24
-15
-2
-5
-1
8
-7
-16
-4
-6
-12
18
44
55
62
54
35
29
36
51
75
71
76
104
105
95
97
106
116
127
117
129
166
167
158
174
183
171
152
151
163
179
191
198
213
208
184
176
182
188
181
164
148
139
139
149
137
116
114
105
91
84
67
54
57
56
37
23
26
21
9
-12
-20
-16
-34
-60
-79
-96
-94
-89
-96
-90
-101
-136
-153
-164
-162
-170
-176
-160
-170
-177
-181
-184
-185
-189
-186
-191
-205
-214
-206
-190
-169
-168
-177
-176
-164
-156
-148
-124
-110
-95
-106
-113
-93
-73
-60
-74
-83
-81
-53
-34
-29
-11
-7
5
5
9
26
26
20
26
28
39
44
50
64
52
36
33
29
27
26
29
26
11
7
26
27
16
13
11
26
49
64
83
102
94
82
87
101
115
120
123
144
133
110
133
161
169
167
178
187
181
160
137
148
172
192
183
159
143
133
135
140
140
136
126
121
109
83
63
60
53
44
41
25
25
23
4
10
6
-12
-34
-68
-69
-72
-78
-74
-91
-109
-126
-143
-138
-134
-141
-150
-164
-175
-187
-184
-161
-160
-169
-163
-166
-160
-161
-161
-153
-151
-137
-135
-135
-122
-119
-102
-95
-101
-87
-89
-87
-72
-72
-69
-58
-35
-14
-27
-35
-35
-36
-16
-14
-28
-31
-34
-15
-4
-21
-14
3
7
-6
-6
18
35
42
46
50
59
62
56
57
53
64
82
76
62
55
43
34
33
24
30
45
67
73
58
61
72
81
92
94
103
111
118
123
121
130
121
120
142
133
113
106
104
112
105
96
107
95
71
72
71
81
86
72
62
50
44
42
39
36
32
36
29
-10
-15
-1
-2
2
-5
-5
-5
-29
-51
-52
-53
-49
-37
-44
-64
-78
-74
-68
-80
-92
-99
-91
-95
-98
-104
-122
-117
-107
-121
-117
-94
-93
-95
-97
-98
-104
-100
-105
-113
-102
-96
-92
-82
-74
-77
-94
-88
-74
-70
-53
-39
-37
-32
-32
-31
-29
-45
-44
-27
-19
-23
-11
7
8
-6
-25
-15
1
13
23
22
27
45
57
41
33
46
45
34
42
53
64
70
57
44
48
58
60
59
61
66
75
85
88
86
82
73
67
66
58
64
67
54
59
81
90
73
50
53
45
32
46
65
83
68
39
37
53
60
51
47
40
40
55
50
48
62
46
26
17
23
26
7
6
23
23
11
-7
-26
-27
-17
-21
-20
-8
-18
-28
-46
-59
-51
-50
-57
-57
-66
-64
-47
-49
-54
-60
-72
-73
-74
-84
-75
-65
-66
-64
-67
-80
-91
-86
-93
-91
-80
-75
-70
-81
-90
-75
-69
-73
-69
-53
-36
-38
-52
-55
-47
-42
-51
-52
-34
-22
-14
-11
-13
1
-3
-26
-11
6
10
16
8
15
25
21
24
37
41
37
38
55
70
69
57
48
53
52
44
49
61
64
65
58
49
58
52
32
35
41
31
30
37
41
57
59
47
53
42
26
28
17
22
48
58
60
61
66
78
85
82
61
53
57
54
61
64
56
60
46
14
7
18
16
18
26
26
16
6
-15
-26
-17
-20
-9
-2
-14
-10
-15
-25
-32
-54
-61
-65
-71
-55
-49
-51
-68
-80
-78
-83
-96
-90
-65
-66
-78
-77
-80
-88
-90
-90
-83
-62
-56
-61
-69
-76
-70
-64
-62
-51
-41
-32
-42
-58
-54
-47
-31
-24
-23
-11
-18
-22
-17
-12
2
15
16
14
15
16
13
18
34
38
38
36
33
46
48
48
56
52
42
29
34
40
43
57
67
74
58
39
29
31
42
48
53
64
62
47
33
27
26
26
45
51
44
56
44
43
44
30
35
33
38
43
31
33
40
42
43
33
20
18
10
13
24
3
-12
-5
-9
-14
-10
-18
-17
-11
-24
-19
2
-7
-14
-17
-26
0
8
-17
-20
-24
-18
-22
-40
-30
-30
-44
-40
-46
-40
-37
-54
-59
-67
-66
-61
-63
-46
-52
-78
-79
-79
-69
-57
-40
-16
-24
-48
-53
-50
-36
-23
-30
-21
-16
-26
-30
-22
-12
-15
-16
-18
-19
3
6
-5
7
8
6
4
-3
11
22
25
41
38
27
32
34
35
50
56
39
47
48
31
45
57
38
31
29
31
42
34
26
24
18
20
34
51
51
41
51
53
36
32
32
49
67
55
49
50
38
25
20
18
21
17
-1
-10
-2
-1
-7
2
-7
-18
-11
-9
-21
-27
-20
-30
-40
-37
-40
-29
-21
-41
-42
-37
-47
-41
-35
-31
-24
-14
-3
-2
4
-3
-21
-21
-19
-15
-13
-13
-13
-23
-27
-38
-41
-26
-26
-38
-41
-26
-14
-10
-23
-32
-23
-22
-21
-16
-15
-6
0
0
7
5
-15
-14
-3
-13
-18
