-30
-8
61
-68
-6
67
-7
-50
71
38
-97
42
58
-53
23
3
13
18
-15
-8
6
62
-44
-36
90
-48
-39
69
-65
10
36
-49
65
-33
-45
80
-76
-5
70
-60
53
40
-55
18
6
-14
10
-2
-18
41
-4
-33
52
-13
-33
11
23
8
-18
-17
20
12
-8
9
-29
-3
47
-93
7
81
-176
56
72
-142
53
19
-51
41
-21
-33
46
10
-33
-24
26
6
-46
-21
21
8
-3
7
-5
8
13
-11
-6
98
11
-27
71
-43
5
24
-52
36
55
-28
-12
3
-38
29
8
-76
19
14
-65
9
5
-16
35
24
-14
8
7
-3
24
5
26
-15
14
64
-28
-9
7
-25
43
-10
-69
60
-16
-57
93
-15
-54
42
-10
10
-44
7
21
-44
24
16
2
-42
4
8
-43
48
3
-42
29
-10
-27
-18
20
14
25
-4
-42
30
-20
-38
5
8
-28
24
-11
-37
54
-47
30
53
-49
64
-31
-33
79
-21
21
16
-26
16
5
-39
-5
39
-41
-7
52
-36
-13
36
-48
-9
53
-42
-27
34
1
-19
-17
58
-45
-48
86
-81
4
102
-66
6
27
-5
-4
-64
35
4
-38
73
17
6
-1
-28
49
-54
-33
87
-18
-4
39
-15
5
-14
-29
22
-12
-11
13
-65
30
43
-76
42
8
-50
7
-8
37
1
-2
25
-39
50
26
-48
67
18
-63
25
25
8
9
-47
15
-30
-33
25
-40
11
6
-1
20
-71
32
79
-58
11
39
3
-56
11
47
-45
38
-18
-4
27
-82
37
68
-34
-18
-20
36
-34
-50
45
-59
18
40
-63
42
1
-43
84
-13
-6
34
-46
35
-20
-5
33
-15
15
-39
-7
4
-3
8
-40
29
-12
-19
58
-16
7
0
-34
24
7
-28
33
48
3
-11
0
-28
-40
11
26
32
-20
-40
54
-26
-39
43
-70
52
-11
-74
78
-105
5
104
-111
25
55
-25
-19
-51
80
43
-59
49
43
-33
62
-8
-34
25
-23
38
13
-29
20
30
-73
-10
37
-108
35
65
-64
68
-8
-32
63
-40
-16
18
30
33
-48
-1
68
-78
-38
69
-56
-25
68
-51
14
15
-59
28
-60
0
47
-85
56
98
-104
20
50
-90
109
34
-76
93
-15
-27
46
-48
16
28
-66
44
25
-74
-11
26
-4
19
8
-53
13
34
-41
-15
44
-2
-33
24
-9
-23
23
-25
9
12
-19
57
-9
-30
18
-18
11
-30
-22
7
12
37
-46
-24
40
-24
30
17
-17
57
10
-36
3
9
-26
-70
28
32
-101
51
12
-42
21
-57
17
12
-44
9
-5
34
-29
-25
24
-35
67
-4
-30
56
26
13
-45
39
21
-28
63
-29
-3
11
-33
14
-46
27
79
-101
36
89
-56
41
6
-6
57
-64
11
69
-104
58
40
-75
52
-8
-56
75
12
-89
78
-8
-46
18
-15
9
-26
54
-40
-37
78
-107
62
72
-148
121
8
-79
139
-117
-14
94
-123
-58
46
-5
-38
61
-27
-56
84
-6
-33
58
-48
-23
53
-37
9
4
-29
11
16
29
-58
60
22
-108
54
-26
-42
83
-30
-72
67
5
-127
72
15
-104
118
-74
-8
135
-108
29
75
-50
-4
8
-2
-24
51
5
-68
73
-36
-14
79
-46
22
50
-12
31
55
-55
-24
39
-32
-8
41
-23
19
39
-65
48
-51
-68
71
-60
11
35
-49
49
-23
13
11
-78
77
18
-64
33
29
-6
21
-4
-12
-26
-33
25
-5
-30
68
20
-72
60
11
-111
68
7
-75
53
19
-18
48
-22
2
73
-53
-1
4
-16
7
-34
-5
23
-35
9
-13
-43
83
-39
-30
76
-85
13
66
-120
67
78
-107
-25
-3
-4
29
-5
22
-5
-1
18
-78
-16
93
-20
-12
28
-65
72
-27
-66
84
-26
-12
48
-45
43
48
-97
55
5
-65
90
-56
-72
60
-37
13
30
-41
57
-1
-6
70
-55
22
65
-49
7
15
-45
43
7
-109
107
-8
-93
107
-66
-2
100
-144
15
107
-191
107
94
-179
127
17
-107
106
-16
-56
111
-32
-45
102
-84
52
56
-144
126
-11
-109
124
-49
-32
96
-79
8
16
-48
32
-40
-37
4
-20
8
36
-31
40
62
-12
2
-1
-1
-14
-6
9
7
-15
9
-64
-19
31
-68
44
39
-31
35
-46
1
21
-73
33
-35
-47
15
-12
32
15
-27
28
27
-32
42
27
-24
-12
-8
-3
-27
40
22
-19
47
-34
1
14
-27
81
-5
-29
55
-30
-47
46
-26
-42
5
31
36
-15
32
34
-31
-2
-39
26
20
-79
63
-1
-38
19
-32
9
29
-48
40
44
-99
13
57
-81
21
9
-11
77
-33
-22
-3
15
-50
-53
118
-53
-46
79
-37
-9
20
13
-25
43
24
-34
48
42
-13
-24
18
2
-6
-21
-56
59
-19
-82
133
-25
-76
112
-38
-48
76
-36
-22
33
-61
-14
30
-18
-28
35
-1
-10
18
-36
11
3
-36
31
21
-46
49
2
-51
29
52
-56
-35
60
-44
18
37
-27
-48
51
55
-112
19
57
-87
78
20
-126
126
-56
-53
133
-124
37
84
-100
58
35
-62
23
34
-42
-12
-12
6
41
-58
15
38
-34
-9
-10
39
39
-13
20
-21
-26
34
-44
-39
59
-17
4
44
-19
16
5
-17
-37
36
14
-112
67
-23
-49
126
-65
-7
41
-83
40
80
-40
15
61
-38
69
-17
-111
77
-32
-26
68
-13
3
-6
-40
83
5
-91
48
-19
-27
54
-20
-19
28
-30
-29
56
3
-35
-2
-44
31
-8
-80
37
-20
17
9
-46
45
-7
-13
-14
43
-6
-36
56
-64
-25
81
-34
16
75
-58
-10
24
33
13
-65
42
-16
-21
74
-74
41
72
-115
70
33
-69
50
-15
-50
48
7
-12
29
-62
-2
60
-49
15
32
-68
9
-14
22
29
-27
18
-46
55
20
-132
59
29
-3
29
-16
17
-35
12
-4
-52
68
14
-34
34
-34
-10
46
-76
13
130
-111
1
103
-73
9
19
-62
-9
64
-24
-32
76
-59
-54
61
-19
-19
8
-7
-44
41
-7
-34
19
-11
6
-60
119
-19
-50
97
-142
56
55
-116
87
-30
-33
57
-16
-61
63
38
-110
117
-12
-25
76
-66
38
26
-21
-3
27
28
-90
45
15
-56
46
-32
31
-21
-16
66
-75
1
17
-24
63
-33
-71
66
2
-26
30
-3
53
-28
-18
45
-53
60
13
-79
107
-11
-57
38
0
-11
-30
5
16
-21
-29
-24
60
21
-74
10
22
13
-22
-47
48
-2
-96
54
44
-75
19
69
-42
5
15
-40
75
-23
-94
98
15
-78
56
-38
-28
58
-45
-38
94
-59
-25
77
-40
40
-11
-33
32
-35
40
20
-47
0
-33
40
32
-18
-24
13
0
9
5
11
34
-13
38
-64
-6
17
-45
109
-56
-10
115
-97
-1
13
-44
41
-32
-28
9
-7
-5
21
-12
-45
34
-39
-17
57
-42
41
34
-117
40
37
-91
45
41
-37
35
-4
-43
28
-7
16
47
-5
-7
-18
17
17
-4
16
-10
16
25
12
-14
-14
-6
11
43
-45
30
7
-75
75
-19
-18
49
-41
2
16
-19
-46
1
31
-44
9
29
-67
24
24
-75
1
30
-2
0
-18
27
16
-18
-7
-6
73
-35
12
58
-82
65
0
-39
21
-13
38
-20
37
59
-135
37
90
-134
39
19
-57
56
-30
4
10
-64
1
5
38
-23
19
43
-103
-1
-13
25
48
-94
70
39
-65
51
-22
-59
48
46
13
2
-20
3
-19
6
8
-8
-4
5
45
-47
-10
24
-52
68
-21
-14
89
-66
6
22
-66
15
29
-59
24
78
-6
-2
-11
-24
-10
-6
-39
4
33
-38
-29
7
17
-22
3
21
-15
33
29
-53
15
42
-14
9
2
-10
8
7
-61
9
51
-46
39
30
-51
63
1
-63
52
-5
-25
26
-1
6
-22
-3
5
-4
4
-2
-2
10
5
-21
2
23
17
-7
-22
-19
29
-27
-12
50
-43
2
27
-51
21
22
-17
62
-4
-20
59
-17
-48
-13
46
0
-62
16
12
-24
52
-26
-55
72
-43
-19
34
-36
24
-11
10
30
-31
15
7
-10
-37
-16
73
-28
-23
73
-23
-22
29
-33
-2
41
-49
7
39
-52
-40
21
43
-24
-3
14
-6
7
-10
9
9
40
4
-12
69
-20
-27
56
-22
-26
47
-8
-6
25
-20
11
-13
-47
10
19
-14
-9
-2
7
-16
-25
6
-22
-9
13
-23
-29
12
-52
-61
45
-10
-45
15
-4
-2
-27
-22
40
3
8
-4
-25
16
-33
7
27
-54
29
4
-17
14
-43
27
17
-23
0
-19
0
-6
-17
-13
-22
7
-26
-26
37
3
-21
46
34
29
85
24
12
92
57
28
72
18
35
82
27
71
80
26
64
7
-45
-17
-38
-39
-39
-26
-70
-79
-27
-59
-99
-97
-75
-61
-45
-52
-66
-43
-51
-52
-14
-33
-28
-9
-29
-16
-5
-17
-7
14
-23
-68
-35
-56
-93
-77
-107
-104
-55
-83
-109
-54
-77
-102
-28
-50
-54
-12
-17
6
16
46
68
59
88
129
138
160
198
203
224
229
191
200
236
254
228
240
238
204
218
197
188
224
167
128
174
116
100
153
105
89
113
76
102
85
95
135
81
105
125
128
136
93
103
127
81
62
56
44
71
45
-13
-1
-51
-40
-75
-160
-160
-338
-703
-1015
-1108
-1084
-1007
-1109
-1316
-1227
-1183
-1205
-1133
-1150
-1166
-1238
-1192
-971
-578
-199
-161
-11
208
314
494
662
846
947
1020
1157
1418
1693
1624
1480
1362
1176
1042
920
821
691
411
149
91
34
-175
-485
-793
-961
-1087
-1112
-984
-846
-776
-796
-624
-348
-164
-9
80
303
577
786
1024
1198
1263
1265
1299
1344
1370
1344
1216
1112
965
827
731
539
325
140
14
-73
-126
-203
-313
-399
-489
-501
-446
-377
-292
-210
-123
-18
138
220
234
241
277
357
384
370
308
240
181
145
5
-348
-1025
-2091
-2682
-2703
-2677
-2555
-2894
-3144
-2906
-2847
-2647
-2543
-2520
-2456
-2449
-1905
-1090
-130
549
662
975
1298
1637
2062
2310
2546
2578
2590
2837
3157
3265
2867
2310
1784
1147
765
662
376
38
-414
-799
-785
-879
-1131
-1481
-1854
-2022
-2124
-1877
-1459
-1084
-802
-788
-503
-74
272
686
956
1213
1519
1774
2044
2260
2238
1968
1784
1664
1538
1469
1221
933
645
340
157
-5
-164
-310
-454
-426
-320
-217
-104
-197
-289
-181
-73
143
435
528
689
850
923
1067
1007
911
805
566
551
457
400
321
-81
-290
-550
-799
-1033
-1648
-2503
-3925
-4793
-4575
-4318
-3810
-4047
-4517
-4017
-3763
-3386
-2909
-2626
-2017
-1767
-1168
87
1442
2560
2627
2609
2938
3184
3633
3778
3832
3855
3429
3285
3245
2994
2515
1402
385
-470
-1100
-1104
-1323
-1559
-1991
-2606
-2479
-2343
-2302
-2222
-2388
-2120
-1700
-1176
-337
322
780
801
947
1563
2060
2555
2754
2745
2849
2630
2461
2429
2163
1651
997
701
544
368
183
-340
-694
-996
-1294
-1110
-980
-811
-598
-460
-70
253
555
743
777
1006
1155
1424
1829
1947
1925
1710
1610
1516
1208
1039
663
298
-23
-433
-500
-794
-1153
-1523
-2061
-2242
-2680
-3315
-4370
-5630
-5616
-5147
-4451
-3884
-4259
-3945
-3263
-2743
-2008
-1603
-813
-159
115
1036
2175
3471
3992
3520
3500
3455
3513
3637
3272
3207
2713
1895
1595
1214
873
73
-1068
-1766
-2401
-2503
-2398
-2417
-2249
-2516
-2537
-2030
-1574
-952
-602
-267
255
676
1434
2103
2555
2603
2138
2209
2495
2681
2822
2355
1910
1542
978
716
448
45
-503
-973
-961
-939
-843
-902
-1227
-1185
-1168
-964
-375
119
630
877
1139
1625
1909
2177
2180
2051
2045
1981
2094
2037
1707
1333
915
640
239
-194
-549
-938
-1216
-1531
-1596
-1552
-1704
-1756
-2014
-2203
-2142
-2437
-2597
-2999
-3987
-4390
-4150
-3391
-2537
-2566
-2721
-2302
-1801
-1265
-918
-591
-23
219
403
1134
2191
2901
2740
2302
2100
2057
2092
2023
1939
1696
1241
880
703
674
266
-549
-1200
-1588
-1696
-1489
-1159
-871
-851
-1076
-912
-376
140
444
596
906
1240
1507
1892
2135
2056
1666
1139
1057
1319
1354
1200
853
389
68
-215
-297
-249
-466
-716
-732
-520
-161
16
-111
-209
-126
-1
337
881
1278
1483
1602
1736
1942
2022
1899
1622
1381
1231
1092
1080
931
510
98
-222
-446
-634
-837
-1013
-1143
-1161
-1187
-1131
-902
-862
-1023
-1123
-1247
-1352
-1398
-1747
-2528
-3637
-4375
-4061
-3281
-2708
-2874
-3237
-2833
-2417
-2122
-1743
-1394
-701
-392
-144
1007
2240
2987
2807
2193
2202
2335
2493
2643
2618
2556
1981
1384
1220
929
433
-417
-1229
-1499
-1559
-1344
-1058
-1019
-1149
-1483
-1382
-719
-106
440
768
1029
1415
1611
2004
2152
1671
1291
852
959
1546
1412
1118
616
0
-155
-454
-459
-392
-626
-603
-529
-164
105
-46
-161
-348
-185
213
640
1199
1417
1590
1689
1770
1996
1872
1745
1524
1212
1259
1122
950
791
285
-133
-424
-598
-666
-837
-1020
-1094
-975
-955
-849
-734
-842
-771
-949
-936
-885
-1477
-1632
-2210
-3519
-4323
-4666
-3948
-3003
-3130
-3404
-3215
-2605
-2076
-2006
-1614
-855
-229
278
950
2227
3351
3298
2751
2417
2553
2900
2853
2748
2514
2092
1523
828
513
40
-737
-1335
-1847
-1872
-1642
-1563
-1371
-1443
-1538
-1248
-665
249
873
1143
1470
1722
1971
2106
2172
2148
1598
1162
1239
1353
1354
847
115
-245
-548
-787
-769
-698
-670
-745
-726
-400
-38
46
-92
-103
217
685
1071
1418
1739
1864
1853
1917
2004
2036
1889
1570
1292
1034
827
697
460
3
-454
-833
-1021
-1053
-1126
-1014
-985
-1089
-970
-863
-623
-496
-569
-370
-236
-21
-255
-1004
-1393
-2293
-3554
-4464
-4885
-4078
-3204
-3374
-3686
-3538
-2895
-2476
-2445
-2005
-1099
-53
675
1327
2594
3568
3517
3037
2679
2956
3301
3122
2888
2560
2095
1430
616
73
-498
-1154
-1732
-2193
-2193
-2006
-1886
-1745
-1747
-1598
-1101
-337
567
1178
1548
1929
2207
2376
2477
2595
2466
1992
1508
1168
1216
1008
322
-247
-774
-1041
-1091
-1154
-1005
-1008
-1023
-838
-560
-26
261
267
372
597
1006
1352
1640
1892
1933
1988
2038
2146
2214
1862
1369
947
688
673
495
142
-378
-855
-956
-1083
-1055
-939
-1127
-979
-933
-878
-402
-278
-3
125
65
555
547
35
-721
-1688
-2273
-3477
-4890
-5343
-4972
-3900
-3650
-4344
-4302
-3700
-3028
-2703
-2520
-1354
112
1005
1744
2687
3965
4434
3710
3203
3341
3784
3715
3036
2628
2185
1412
432
-546
-1047
-1592
-2371
-2835
-2975
-2691
-2264
-2109
-1857
-1541
-979
10
910
1692
2296
2654
2981
3142
3227
3332
3160
2689
2044
1444
1088
565
-352
-1193
-1644
-1851
-1950
-1983
-1890
-1628
-1408
-1163
-636
-13
478
812
978
1267
1719
1974
2077
2175
2307
2423
2391
2353
2268
1950
1439
907
577
383
85
-345
-697
-1040
-1279
-1197
-1295
-1334
-1190
-1296
-913
-457
-346
190
363
570
952
767
995
705
-357
-1132
-2132
-2945
-4284
-5966
-5868
-4920
-4166
-4330
-5265
-4675
-3498
-3149
-2837
-2160
-391
1204
1579
2471
3874
4982
4839
3543
3436
4006
4044
3584
2585
2242
1732
247
-785
-1442
-1825
-2277
-3262
-3539
-3167
-2679
-2230
-2160
-1664
-897
-100
1137
2077
2820
3391
3415
3579
3706
3644
3543
3047
2372
1608
921
371
-398
-1231
-2100
-2664
-2714
-2709
-2442
-2023
-1647
-1192
-785
-203
518
1092
1445
1597
1950
2408
2585
2615
2562
2568
2566
2369
2239
2049
1628
1056
376
43
-97
-321
-601
-1084
-1312
-1445
-1605
-1404
-1503
-1393
-928
-812
-162
414
672
1236
1095
896
1016
831
590
-462
-1712
-2481
-3735
-5221
-6414
-6456
-5362
-4850
-5235
-5457
-4655
-3367
-2797
-2483
-1451
266
1731
2417
3417
4904
5584
5079
4051
3788
4263
4027
3124
2313
1675
907
-365
-1525
-2079
-2638
-3322
-3862
-3877
-3191
-2541
-2157
-1700
-1074
-214
901
2109
3035
3595
3913
4054
4137
4120
3892
3499
2854
1945
989
192
-459
-1329
-2332
-3058
-3326
-3215
-2961
-2577
-2058
-1498
-968
-366
490
1357
1834
2093
2360
2694
2970
2937
2827
2794
2704
2521
2269
2008
1667
1042
350
-81
-323
-473
-776
-1244
-1553
-1725
-1640
-1563
-1598
-1342
-1121
-658
29
351
849
1105
1078
1346
1264
1192
1175
482
-502
-1678
-2936
-4128
-5680
-6964
-7018
-6067
-5081
-5107
-5504
-4759
-3479
-2658
-2220
-1334
601
2280
3011
3836
5088
5950
5488
4259
3756
4018
3909
2962
1914
1370
568
-836
-2107
-2754
-2952
-3402
-4008
-3874
-3082
-2314
-1810
-1387
-574
488
1493
2547
3551
4221
4379
4331
4306
4075
3691
3078
2208
1426
526
-373
-1034
-1865
-2698
-3346
-3690
-3515
-3081
-2512
-1844
-1146
-426
246
985
1807
2328
2521
2643
2863
3078
3072
2887
2656
2541
2362
1938
1548
1195
645
28
-487
-734
-817
-1049
-1404
-1625
-1655
-1591
-1451
-1384
-1101
-599
-217
380
929
1254
1615
1537
1268
1210
1139
1004
328
-974
-2279
-3419
-4811
-6590
-7616
-7102
-5903
-5275
-5617
-5567
-4185
-2951
-2488
-1996
-655
1521
2862
3423
4535
5810
6220
5236
3964
3774
3906
3381
2300
1355
765
-197
-1537
-2572
-3129
-3413
-3834
-4086
-3593
-2714
-1884
-1298
-765
106
1207
2428
3482
4133
4553
4704
4610
4344
3883
3365
2696
1710
559
-329
-957
-1764
-2678
-3527
-3966
-3844
-3544
-3096
-2262
-1287
-512
154
861
1775
2530
2774
2876
3083
3304
3321
3054
2774
2604
2322
1946
1607
1235
764
175
-401
-752
-929
-1094
-1391
-1668
-1663
-1592
-1495
-1362
-1080
-630
-216
266
797
1257
1539
1739
1701
1513
1472
1198
604
-462
-1841
-2912
-4130
-5746
-7403
-8100
-7046
-5688
-5354
-5749
-5515
-3950
-2616
-2124
-1301
426
2405
3332
3770
5064
6336
6237
4875
3686
3762
3812
2868
1744
845
200
-853
-2257
-2909
-3108
-3449
-3940
-4088
-3285
-2197
-1388
-735
-76
884
1923
2971
3975
4500
4713
4678
4403
4080
3585
2953
2152
1023
-70
-892
-1580
-2272
-3153
-3853
-4076
-3925
-3382
-2675
-1836
-797
73
765
1581
2431
3021
3169
3148
3267
3425
3306
2954
2611
2236
1903
1553
1113
716
319
-238
-745
-1013
-1084
-1115
-1306
-1493
-1550
-1475
-1199
-949
-545
-4
315
691
1171
1606
1941
1946
1605
1219
1175
751
-483
-1685
-3034
-3998
-5052
-7415
-8570
-7757
-6509
-5407
-5862
-6033
-4191
-2765
-2059
-1425
-173
2154
3370
3710
4817
6227
6911
5652
3954
3674
3738
3204
1830
675
284
-648
-1960
-2955
-3400
-3457
-4001
-4275
-3644
-2632
-1343
-651
-173
839
1782
2939
3893
4292
4787
4940
4760
4384
3693
3112
2375
1271
-27
-1107
-1545
-2046
-2839
-3703
-4326
-4174
-3887
-3513
-2575
-1425
-216
618
1303
2307
3061
3345
3211
3218
3544
3538
3298
2925
2556
2239
1588
1045
707
339
-73
-696
-1007
-967
-992
-1128
-1474
-1593
-1370
-1118
-792
-485
-259
126
618
1044
1477
1838
1884
1784
1697
1377
976
259
-1104
-2252
-3274
-4720
-6303
-8028
-8383
-7221
-6292
-5815
-5871
-5226
-3460
-2375
-1624
-549
953
2732
3657
4477
5838
6719
6485
5105
3907
3651
3261
2361
1166
231
-354
-1468
-2561
-3194
-3624
-3886
-4308
-4130
-3120
-2059
-994
-266
478
1611
2514
3483
4330
4738
4993
4923
4650
4151
3395
2622
1640
430
-782
-1668
-2107
-2750
-3669
-4210
-4154
-3640
-3101
-2534
-1671
-668
349
1193
1996
2852
3285
3314
3239
3279
3368
3124
2715
2317
2033
1803
1377
1002
566
-5
-407
-762
-1022
-1091
-1195
-1400
-1510
-1451
-1186
-958
-737
-422
-10
572
1114
1528
1723
1649
1674
1710
1478
1077
326
-688
-1870
-2970
-4018
-5529
-7317
-8532
-8151
-6608
-5649
-5578
-5298
-4132
-2583
-1593
-861
505
2256
3430
3965
4952
6323
6807
5867
4319
3489
3269
2510
1265
286
-415
-1167
-2232
-3119
-3421
-3569
-3907
-4138
-3590
-2406
-1225
-246
552
1436
2438
3298
4064
4623
4789
4814
4652
4218
3645
2957
2022
647
-721
-1700
-2186
-2414
-3082
-3746
-4062
-4155
-3718
-3092
-2217
-983
45
924
1882
2822
3511
3663
3425
3211
3246
3246
2996
2717
2324
1830
1357
844
476
132
-371
-851
-1200
-1280
-1166
-1180
-1330
-1447
-1345
-1058
-683
-282
90
482
790
1173
1639
1921
2094
1845
1392
1150
700
7
-1161
-2479
-3522
-5042
-7037
-8547
-8549
-7143
-5998
-5866
-5793
-4578
-2639
-1585
-1226
-320
1325
2952
3748
4577
6168
7134
6482
4832
3669
3490
2877
1480
233
-431
-711
-1499
-2556
-3109
-3447
-3929
-4452
-4189
-2961
-1646
-612
203
1177
2314
3167
3913
4437
4620
4737
4675
4474
4074
3330
2465
1389
-26
-1356
-2107
-2452
-2901
-3475
-3958
-4075
-3825
-3371
-2595
-1559
-480
484
1339
2326
3247
3648
3523
3209
3076
3060
2897
2668
2386
2008
1587
1138
742
331
-200
-757
-1192
-1277
-1113
-976
-1029
-1234
-1351
-1284
-1069
-670
-83
297
639
1068
1424
1938
2173
2040
1784
1367
1109
380
-927
-2053
-3209
-4621
-6730
-8652
-8686
-7535
-6491
-6237
-6236
-4896
-2989
-1918
-1372
-578
1078
2634
3403
4468
6059
7325
7004
5422
4368
3829
3138
1897
411
-303
-731
-1373
-2093
-2870
-3321
-3890
-4600
-4609
-3908
-2557
-1128
-96
1108
2281
3265
4056
4375
4574
4665
4643
4552
4241
3794
3067
2052
730
-807
-1886
-2633
-3279
-3689
-3997
-3863
-3448
-3131
-2584
-1838
-960
1
845
1704
2539
3175
3389
3315
3207
2978
2738
2506
2275
2168
1928
1550
1190
687
203
-317
-871
-1217
-1388
-1407
-1378
-1293
-1161
-1053
-1001
-841
-383
60
536
1038
1376
1765
1944
2113
2122
1563
1004
199
-879
-1927
-3159
-4388
-5979
-7810
-8468
-7804
-6768
-6273
-6259
-5372
-3576
-2070
-1276
-620
755
2312
3239
3988
5249
6715
6970
5889
4798
4148
3596
2467
878
-141
-753
-1348
-2027
-2655
-2931
-3402
-4027
-4279
-4029
-3078
-1834
-671
600
1811
2907
3849
4476
4784
4744
4604
4434
4100
3693
3122
2369
1349
-91
-1452
-2398
-3121
-3763
-4185
-4208
-3770
-3096
-2527
-1781
-827
-21
680
1329
2009
2741
3168
3233
3251
3189
3050
2802
2421
2173
2000
1694
1345
1037
680
271
-208
-740
-1121
-1314
-1519
-1605
-1581
-1469
-1226
-1054
-722
-181
288
662
1077
1365
1683
1950
1741
1547
1138
246
-736
-2002
-3049
-4155
-6216
-7863
-8143
-7453
-6498
-6343
-6204
-4968
-3351
-2234
-1603
-723
676
1916
2611
3518
5234
6666
6697
5887
5097
4687
4012
2527
1152
219
-463
-1084
-1827
-2166
-2411
-3065
-3837
-4346
-4048
-3209
-2278
-1242
-97
1296
2636
3681
4326
4567
4630
4483
4192
3950
3653
3320
2774
1786
587
-561
-1556
-2538
-3494
-4247
-4536
-4277
-3721
-2971
-2051
-1226
-422
429
1171
1907
2473
2785
3024
3153
3234
3301
3214
2980
2681
2346
1939
1554
1175
737
287
-175
-516
-745
-1080
-1399
-1608
-1796
-1758
-1659
-1499
-1078
-666
-212
363
850
1262
1671
1814
1731
1737
1487
683
-384
-1574
-2676
-3829
-5719
-7427
-7753
-7300
-6717
-6577
-6458
-5182
-3616
-2721
-2109
-1250
149
1380
2005
2944
4640
6240
6634
6141
5750
5440
4768
3344
1852
994
286
-492
-1215
-1662
-1863
-2453
-3427
-4104
-4194
-3772
-3233
-2555
-1399
23
1505
2785
3653
4148
4374
4338
4042
3804
3566
3241
2852
2135
1390
811
-101
-1194
-2289
-3240
-3674
-3824
-3765
-3338
-2549
-1646
-910
-236
483
1075
1497
1720
1947
2330
2664
2858
2972
3130
3221
3122
2801
2349
1887
1365
779
184
-199
-461
-818
-1207
-1429
-1453
-1556
-1720
-1814
-1755
-1407
-1016
-598
21
635
1249
1630
1691
1722
1591
1026
-75
-1170
-1972
-3010
-4573
-6179
-6765
-6402
-6156
-6293
-6319
-5449
-4064
-3269
-2815
-1985
-672
470
995
1723
3275
4918
5683
5635
5669
5855
5491
4496
3225
2286
1511
518
-319
-874
-1164
-1571
-2444
-3286
-3746
-3785
-3663
-3506
-2941
-1903
-502
858
1896
2814
3564
4002
3908
3563
3459
3365
3174
2732
2246
1984
1522
792
-130
-1090
-1778
-2448
-3024
-3212
-3055
-2583
-1996
-1417
-779
-75
466
749
959
1192
1474
1833
2080
2475
3014
3327
3481
3391
3079
2606
1896
1165
532
41
-322
-747
-1012
-1027
-1041
-1216
-1492
-1726
-1862
-1772
-1626
-1512
-1050
-400
296
929
1168
1322
1092
242
-649
-1675
-2916
-4258
-5436
-5794
-5488
-5222
-5182
-4926
-4113
-3251
-2849
-2720
-2311
-1441
-749
-244
755
2277
3800
4630
4877
5237
5467
5137
4226
3245
2591
1951
1261
667
406
257
-228
-1049
-2012
-2671
-3044
-3429
-3591
-3357
-2620
-1446
-295
731
1621
2325
2738
2716
2599
2538
2531
2430
2193
2251
2381
2235
1853
1211
552
-103
-944
-1684
-2136
-2298
-2177
-1892
-1441
-835
-310
-26
116
244
404
533
693
964
1444
2073
2668
3112
3332
3268
2918
2401
1699
1017
525
139
-196
-384
-401
-369
-412
-691
-1097
-1493
-1789
-1892
-1919
-1752
-1259
-742
-229
281
509
323
-231
-997
-1914
-3125
-4422
-5183
-5158
-4801
-4613
-4492
-3875
-2770
-2059
-1988
-2006
-1626
-1117
-920
-650
345
1874
3028
3536
3994
4748
5169
4740
3795
3042
2545
1840
1130
739
730
743
274
-396
-933
-1428
-1958
-2574
-3030
-3013
-2592
-1853
-965
-97
728
1423
1873
2035
2053
2065
1922
1578
1383
1470
1734
1910
1765
1478
1153
724
156
-500
-1004
-1236
-1426
-1509
-1232
-766
-329
-16
73
167
287
208
182
262
507
985
1516
2040
2539
2871
2813
2469
2024
1552
1045
446
-70
-308
-325
-315
-298
-319
-449
-718
-1078
-1313
-1491
-1623
-1591
-1404
-998
-460
-231
-294
-460
-875
-1667
-2855
-4018
-4584
-4630
-4662
-4677
-4309
-3487
-2431
-1724
-1522
-1265
-835
-646
-772
-652
122
1169
1904
2455
3267
4204
4667
4435
3891
3410
2835
2029
1240
743
638
571
236
-124
-366
-631
-1004
-1552
-2118
-2410
-2402
-2190
-1745
-1089
-358
356
914
1207
1487
1642
1583
1401
1122
1177
1421
1518
1522
1510
1509
1418
1066
562
179
-141
-519
-815
-836
-627
-419
-240
-69
124
268
212
94
94
245
435
708
1127
1573
1945
2138
2144
2023
1762
1342
828
334
-1
-190
-294
-295
-315
-333
-344
-563
-821
-984
-1181
-1269
-1308
-1219
-900
-695
-638
-704
-893
-1374
-2240
-3113
-3780
-4012
-4045
-4245
-4178
-3603
-2728
-2030
-1730
-1381
-959
-768
-838
-872
-409
336
904
1399
2094
2997
3675
3852
3719
3508
3247
2710
2009
1585
1315
1052
754
417
216
87
-161
-578
-1058
-1500
-1738
-1802
-1795
-1600
-1248
-810
-347
-1
344
744
1027
1012
831
876
1009
1128
1224
1161
1270
1427
1297
1197
1098
930
719
359
65
20
19
-84
-136
-100
-19
51
19
22
79
115
199
304
512
873
1140
1259
1369
1428
1331
1075
753
469
237
-8
-156
-223
-209
-180
-238
-345
-508
-613
-745
-913
-909
-823
-749
-645
-656
-678
-893
-1448
-2111
-2806
-3196
-3337
-3585
-3763
-3659
-3199
-2568
-2145
-1855
-1525
-1195
-1100
-1154
-1019
-667
-136
318
747
1454
2238
2860
3152
3241
3290
3135
2778
2308
1932
1743
1523
1204
939
849
787
520
117
-295
-666
-973
-1263
-1443
-1437
-1304
-1145
-1047
-854
-516
-201
-5
92
185
364
531
585
716
945
1093
1152
1174
1238
1309
1317
1235
1066
914
774
623
454
352
340
202
15
-93
-144
-77
-23
-18
78
286
473
610
742
801
846
793
597
478
374
234
105
-43
-118
-126
-152
-179
-207
-355
-487
-544
-667
-684
-617
-509
-305
-285
-355
-410
-760
-1279
-1861
-2421
-2682
-2911
-3213
-3268
-3062
-2646
-2176
-1941
-1775
-1485
-1277
-1290
-1327
-1174
-768
-384
-186
240
979
1725
2223
2430
2603
2768
2674
2331
2104
2040
1852
1624
1438
1346
1333
1141
818
552
339
28
-331
-600
-747
-862
-1025
-1185
-1214
-1081
-894
-769
-650
-407
-154
98
285
375
439
450
530
639
700
828
988
1125
1227
1254
1261
1220
1058
850
666
463
270
181
51
-86
-81
-27
62
177
244
315
436
502
526
533
501
473
388
204
117
83
-36
-119
-172
-244
-293
-364
-419
-413
-454
-506
-524
-508
-447
-312
-122
-1
-14
-114
-338
-723
-1226
-1792
-2194
-2409
-2634
-2822
-2831
-2587
-2154
-1858
-1754
-1563
-1351
-1309
-1375
-1365
-1135
-790
-566
-315
244
936
1500
1859
2030
2222
2351
2241
2075
2003
1958
1807
1550
1320
1261
1272
1107
859
654
437
236
-4
-287
-486
-651
-847
-972
-1025
-1017
-865
-654
-492
-293
-63
174
357
374
351
345
363
443
527
658
816
905
969
1051
1127
1092
969
755
498
310
159
97
76
3
-15
29
107
243
311
365
434
429
455
485
395
276
200
111
35
-44
-119
-167
-274
-386
-426
-434
-443
-475
-511
-435
-361
-346
-296
-223
-84
52
126
131
151
19
-408
-838
-1305
-1725
-1989
-2323
-2552
-2565
-2443
-2153
-1909
-1767
-1525
-1292
-1269
-1361
-1320
-1141
-949
-800
-597
-129
432
956
1434
1787
2115
2301
2260
2166
2069
1977
1800
1491
1244
1161
1151
1038
847
693
533
321
62
-152
-346
-591
-790
-891
-889
-838
-736
-557
-380
-225
-21
198
413
552
564
578
576
504
428
444
485
499
512
583
671
744
755
659
547
409
245
130
97
67
39
44
123
279
374
416
405
397
422
356
278
253
213
119
29
-63
-136
-173
-303
-396
-379
-392
-389
-432
-465
-363
-309
-310
-260
-216
-179
-84
28
186
263
212
165
-30
-402
-887
-1355
-1647
-1939
-2300
-2539
-2542
-2301
-1985
-1814
-1720
-1508
-1307
-1295
-1371
-1345
-1126
-896
-753
-431
148
801
1323
1626
1890
2144
2228
2131
2008
1943
1793
1546
1283
1114
1058
942
734
595
503
408
291
163
55
-145
-380
-560
-657
-656
-629
-566
-401
-207
-17
226
479
635
636
570
472
329
190
94
129
187
194
290
505
700
759
747
682
563
425
239
144
131
79
78
93
88
158
212
200
202
213
199
192
182
94
8
-5
-12
-75
-139
-211
-239
-234
-317
-310
-250
-263
-217
-190
-222
-181
-146
-125
-49
53
150
246
291
238
189
12
-394
-914
-1434
-1757
-2000
-2311
-2564
-2660
-2458
-2162
-1991
-1769
-1472
-1220
-1143
-1184
-1084
-836
-624
-517
-331
88
630
1128
1508
1839
2111
2219
2179
2071
1963
1798
1493
1191
1023
935
836
726
639
567
452
304
149
-13
-196
-388
-566
-702
-757
-727
-605
-430
-266
-102
130
383
561
634
678
657
509
390
283
257
330
363
442
584
732
836
845
787
662
434
159
-28
-134
-229
-262
-307
-266
-105
-30
42
115
158
202
213
200
194
201
138
108
142
112
113
96
13
-11
-39
-97
-58
-55
-146
-144
-130
-120
-61
-87
-67
62
119
77
-3
-81
-329
-803
-1382
-1871
-2121
-2348
-2633
-2817
-2751
-2393
-2023
-1778
-1517
-1186
-935
-954
-1026
-927
-695
-488
-415
-142
441
1028
1481
1790
2104
2400
2430
2284
2130
1973
1729
1374
1048
862
799
715
573
474
354
207
48
-141
-331
-567
-814
-974
-1034
-1048
-935
-702
-433
-133
170
510
843
1036
1075
978
828
677
513
378
369
423
458
530
598
697
785
672
409
189
-15
-239
-372
-456
-497
-456
-419
-326
-130
38
157
222
266
354
426
425
437
503
530
514
443
371
390
317
148
53
2
-5
-30
-101
-124
-145
-224
-234
-165
-81
5
-17
-140
-216
-303
-612
-1170
-1817
-2269
-2490
-2774
-3050
-3130
-2970
-2554
-2151
-1831
-1431
-1058
-852
-846
-905
-708
-349
-171
-67
297
952
1624
2086
2392
2699
2865
2727
2432
2169
1935
1622
1153
727
552
430
277
143
-28
-202
-375
-571
-771
-942
-1067
-1135
-1175
-1136
-893
-535
-191
117
413
773
1135
1390
1471
1427
1395
1292
1061
736
447
373
350
229
119
117
197
192
75
-32
-102
-257
-503
-662
-632
-522
-496
-414
-185
100
358
554
728
900
960
871
814
851
887
838
678
570
520
399
240
22
-144
-208
-324
-437
-450
-430
-413
-390
-327
-170
-62
-101
-209
-307
-420
-815
-1525
-2236
-2662
-2878
-3129
-3394
-3452
-3093
-2544
-2165
-1834
-1342
-872
-711
-760
-660
-293
104
329
561
1048
1679
2205
2578
2860
3033
3017
2728
2316
1991
1641
1127
574
132
-123
-282
-469
-607
-695
-817
-963
-1056
-1077
-1121
-1124
-1053
-899
-617
-279
137
609
992
1315
1646
1923
2034
1885
1627
1411
1095
660
260
39
-34
-142
-261
-266
-173
-107
-151
-280
-403
-485
-610
-723
-639
-403
-239
-117
102
427
768
996
1150
1271
1342
1346
1261
1126
1061
1004
797
549
371
210
-2
-268
-473
-583
-649
-709
-738
-635
-453
-341
-253
-111
30
24
-162
-345
-524
-1034
-1889
-2664
-3057
-3217
-3443
-3686
-3649
-3200
-2636
-2247
-1821
-1254
-748
-564
-579
-318
234
673
832
1066
1589
2215
2683
2927
3187
3309
3008
2487
1963
1524
1075
430
-196
-543
-757
-924
-968
-960
-1006
-1125
-1231
-1182
-1033
-925
-800
-583
-296
77
523
1061
1585
1906
2049
2114
2160
2032
1696
1257
816
404
-48
-361
-517
-632
-723
-759
-685
-550
-443
-427
-443
-409
-380
-365
-250
2
218
362
585
863
1105
1267
1379
1473
1496
1469
1417
1307
1152
955
725
463
189
-18
-239
-495
-703
-815
-828
-770
-654
-501
-351
-223
-60
71
193
175
-113
-364
-645
-1255
-2193
-3173
-3636
-3693
-3907
-4287
-4272
-3598
-2736
-2181
-1830
-1179
-410
-120
-200
-28
666
1332
1467
1572
2229
3055
3433
3393
3365
3378
2990
2113
1288
797
321
-455
-1216
-1482
-1400
-1414
-1553
-1445
-1209
-1148
-1214
-1147
-750
-343
-173
54
551
1181
1679
2023
2405
2686
2622
2349
2105
1805
1284
586
-78
-623
-1027
-1325
-1550
-1562
-1512
-1486
-1282
-927
-584
-270
-69
82
376
586
744
971
1127
1249
1350
1391
1479
1575
1558
1452
1355
1258
1128
948
657
409
196
-90
-368
-583
-735
-868
-1011
-1038
-885
-665
-401
-157
44
287
587
783
820
647
248
-143
-601
-1414
-2521
-3557
-4135
-4296
-4550
-4885
-4684
-3878
-3007
-2414
-1877
-1087
-297
46
43
395
1228
1818
1974
2171
2814
3563
3746
3508
3338
3121
2398
1304
410
-80
-579
-1365
-1998
-2089
-1887
-1797
-1786
-1559
-1151
-941
-911
-631
-47
445
724
1102
1675
2259
2633
2816
2981
2991
2675
2140
1644
1210
581
-244
-898
-1383
-1840
-2115
-2233
-2168
-1934
-1755
-1496
-908
-260
273
726
1039
1362
1651
1706
1750
1858
1817
1637
1485
1454
1452
1358
1145
935
725
447
200
-32
-278
-519
-795
-990
-991
-949
-922
-900
-767
-424
-89
197
536
803
1024
1219
1234
1204
983
415
-71
-666
-1785
-3158
-4376
-4985
-5073
-5283
-5626
-5396
-4387
-3317
-2593
-1927
-964
5
382
448
1021
2015
2669
2754
2818
3422
4079
4061
3545
3110
2690
1758
486
-459
-942
-1449
-2223
-2786
-2757
-2374
-2098
-1930
-1515
-1017
-695
-396
151
897
1468
1758
2131
2719
3211
3421
3418
3307
2986
2384
1615
923
386
-313
-1179
-1833
-2181
-2484
-2723
-2723
-2486
-2056
-1605
-1140
-403
467
1132
1590
1927
2196
2376
2342
2157
2043
1919
1637
1321
1155
1073
910
615
330
132
-85
-352
-620
-815
-951
-1041
-1066
-1013
-850
-638
-439
-222
92
471
785
1061
1329
1589
1709
1600
1418
994
239
-463
-1355
-2741
-4243
-5385
-5805
-5814
-5992
-6121
-5488
-4172
-2963
-2099
-1263
-177
747
942
1083
1872
2866
3346
3172
3189
3797
4201
3818
3009
2352
1641
507
-804
-1690
-2048
-2438
-3053
-3306
-2835
-2113
-1662
-1353
-834
-163
323
670
1293
2100
2580
2673
2897
3328
3557
3434
3035
2563
2028
1216
314
-375
-914
-1530
-2255
-2645
-2675
-2708
-2641
-2343
-1823
-1130
-498
137
1007
1771
2229
2496
2640
2705
2569
2198
1825
1571
1252
883
588
365
238
116
-36
-142
-277
-483
-683
-870
-957
-946
-952
-847
-560
-228
105
371
630
973
1206
1338
1418
1494
1575
1478
1213
858
184
-559
-1197
-2242
-3699
-5090
-5917
-5995
-5863
-5991
-5810
-4774
-3286
-2005
-1025
-27
1082
1766
1756
1862
2541
3178
3146
2717
2673
3003
2953
2293
1461
798
-14
-1179
-2152
-2526
-2553
-2719
-2948
-2673
-1822
-915
-303
128
695
1330
1690
1994
2481
2884
2986
2862
2805
2859
2708
2243
1638
985
279
-496
-1160
-1513
-1743
-2090
-2358
-2250
-1840
-1448
-1243
-917
-312
310
882
1406
1882
2305
2517
2539
2489
2334
1969
1430
907
498
225
16
-180
-288
-361
-409
-415
-418
-416
-476
-637
-746
-619
-463
-312
-98
190
544
833
1045
1240
1323
1318
1305
1132
1055
1040
725
296
-76
-609
-1160
-1693
-2594
-3790
-4974
-5708
-5656
-5326
-5227
-4980
-4129
-2706
-1261
-278
545
1493
2051
1999
1926
2325
2822
2760
2208
1883
2055
2099
1537
753
97
-632
-1479
-2196
-2437
-2329
-2282
-2268
-1842
-919
-40
529
896
1333
1756
1925
2079
2415
2751
2705
2373
2183
2186
2035
1481
767
146
-418
-987
-1405
-1564
-1614
-1710
-1792
-1640
-1233
-781
-444
-171
231
713
1138
1538
1960
2287
2343
2198
1977
1677
1271
774
260
-122
-322
-436
-466
-447
-425
-356
-343
-322
-272
-282
-341
-443
-364
-182
-22
188
463
763
969
1103
1151
1137
1068
945
819
674
544
314
29
-202
-639
-1135
-1614
-2423
-3542
-4678
-5255
-5101
-4743
-4598
-4355
-3360
-1912
-689
106
761
1521
1920
1738
1565
1893
2298
2190
1713
1508
1752
1770
1157
337
-283
-876
-1671
-2272
-2279
-1969
-1738
-1608
-1138
-240
563
956
1114
1344
1609
1736
1848
2116
2380
2375
2171
1987
1854
1588
990
265
-304
-779
-1255
-1470
-1410
-1258
-1111
-1076
-911
-545
-245
-62
140
365
670
1067
1495
1912
2206
2213
1987
1681
1290
818
267
-229
-515
-618
-606
-498
-341
-243
-158
-121
-175
-197
-243
-361
-404
-236
1
205
472
715
902
1015
1008
938
841
767
601
495
455
333
253
143
-82
-590
-1158
-1660
-2514
-3645
-4657
-5031
-4633
-4246
-4161
-3743
-2540
-1118
-200
229
675
1336
1480
1093
1030
1503
2016
1896
1423
1414
1682
1456
587
-236
-724
-1221
-1829
-2186
-1890
-1343
-1059
-836
-320
442
971
1039
1039
1234
1412
1484
1682
2093
2447
2381
2117
1923
1679
1202
460
-207
-677
-1041
-1309
-1317
-1026
-746
-695
-719
-568
-280
-93
-70
33
422
890
1302
1731
2069
2200
2010
1566
1101
675
153
-367
-638
-695
-579
-356
-231
-123
-37
-137
-266
-337
-391
-383
-363
-263
37
372
635
815
900
883
815
642
458
408
370
392
463
507
519
417
254
-49
-612
-1143
-1822
-2864
-3896
-4540
-4538
-4037
-3719
-3625
-3018
-1865
-824
-270
30
412
876
895
703
1053
1705
2024
1737
1369
1456
1527
1000
77
-596
-977
-1405
-1732
-1682
-1191
-718
-543
-354
83
584
770
725
827
1093
1295
1555
1953
2356
2496
2233
1884
1589
1194
536
-117
-515
-776
-881
-850
-678
-484
-601
-761
-670
-497
-374
-317
-201
190
835
1333
1644
1955
2030
1784
1392
922
518
90
-354
-548
-468
-264
-89
38
39
-47
-137
-269
-386
-466
-496
-393
-132
216
448
623
731
700
658
553
410
337
321
307
379
518
622
673
509
167
-129
-516
-924
-1367
-2257
-3316
-3983
-4058
-3693
-3380
-3385
-3184
-2354
-1369
-735
-308
114
548
722
636
945
1564
1905
1711
1275
1179
1240
973
309
-327
-668
-1055
-1356
-1334
-1013
-614
-482
-434
-198
189
443
505
607
843
1149
1520
1912
2249
2429
2225
1897
1604
1142
617
105
-279
-477
-519
-487
-425
-473
-731
-807
-719
-693
-624
-505
-226
269
781
1225
1609
1834
1769
1547
1230
899
589
129
-206
-258
-220
-134
-58
40
33
-121
-310
-371
-320
-377
-391
-292
-23
273
378
426
445
454
420
352
279
319
456
434
438
575
667
577
351
86
-188
-432
-712
-1066
-1776
-2728
-3436
-3620
-3360
-3258
-3363
-3190
-2467
-1522
-926
-503
-94
295
513
382
634
1230
1530
1490
1154
1071
1201
924
359
-209
-553
-831
-1148
-1146
-848
-481
-349
-366
-160
174
336
347
416
703
1057
1395
1856
2212
2388
2263
1917
1595
1156
710
251
-116
-210
-264
-299
-428
-654
-699
-671
-667
-721
-764
-587
-191
323
745
1094
1437
1553
1477
1326
1137
898
569
224
-3
-15
40
39
65
99
16
-137
-244
-254
-246
-299
-301
-176
87
292
302
248
214
282
282
192
245
293
335
375
466
609
551
464
264
-26
-136
-328
-565
-1083
-2065
-2928
-3383
-3267
-3075
-3245
-3273
-2915
-2064
-1259
-939
-545
-182
16
7
56
706
1315
1464
1222
1020
1217
1129
668
111
-383
-577
-819
-933
-618
-264
-89
-204
-294
-54
143
168
140
289
687
1076
1569
2048
2283
2306
1993
1663
1374
946
603
299
200
204
18
-157
-336
-516
-678
-829
-833
-834
-747
-390
39
491
847
1047
1162
1170
1118
973
840
685
434
258
197
169
171
148
109
51
-94
-194
-214
-203
-202
-209
-154
5
180
232
165
121
122
123
158
212
266
304
337
429
528
542
454
296
88
-64
-174
-387
-754
-1669
-2710
-3161
-3039
-2686
-2772
-3021
-2785
-2102
-1338
-1095
-884
-412
-275
-291
-278
341
1229
1336
1055
824
980
1076
555
102
-203
-393
-580
-742
-347
83
75
-162
-314
-171
-62
-91
53
315
617
941
1313
1869
2104
1922
1642
1384
1271
968
670
665
639
556
447
248
-72
-490
-806
-902
-862
-820
-785
-543
-57
372
598
719
808
841
798
777
809
814
701
484
386
347
271
194
96
97
2
-148
-90
8
-8
-95
-97
36
130
108
63
83
112
111
132
223
321
304
286
290
395
495
376
206
75
-32
-56
-105
-159
-449
-1401
-2433
-2960
-2816
-2501
-2709
-2964
-2784
-2135
-1489
-1280
-970
-614
-544
-662
-625
220
1020
1144
1008
854
1065
991
529
278
77
-161
-501
-526
-22
297
181
-139
-280
-182
-250
-317
-46
310
527
723
1147
1735
1948
1752
1455
1310
1192
918
829
898
911
789
379
71
-50
-327
-619
-744
-697
-643
-566
-287
65
304
373
368
599
789
815
829
823
830
691
509
442
400
318
192
129
173
140
55
22
13
-24
-124
-119
-4
50
47
-6
-43
12
79
79
71
87
145
190
240
371
451
380
245
156
81
7
-109
-300
-990
-2071
-2718
-2692
-2330
-2372
-2786
-2724
-2204
-1685
-1545
-1350
-837
-726
-853
-865
-206
789
954
785
778
900
921
534
321
336
111
-283
-342
176
544
365
-7
-157
-98
-215
-358
-157
224
405
508
864
1386
1614
1402
1205
1213
1225
1069
969
1132
1142
801
432
202
41
-204
-423
-446
-424
-463
-519
-396
-79
106
84
92
258
475
568
611
695
769
685
516
446
401
337
290
269
284
256
166
152
138
20
-77
-107
-83
-7
-29
-55
-17
17
15
-20
-19
-1
52
113
209
353
414
354
306
240
138
88
82
-14
-707
-1732
-2287
-2245
-1987
-2168
-2581
-2474
-2067
-1686
-1616
-1454
-927
-956
-1133
-1039
-448
395
498
507
651
733
759
528
576
609
218
-164
-88
413
642
383
132
121
-6
-202
-248
-28
177
129
271
695
1064
1103
972
974
1067
1041
885
1000
1222
1106
871
696
537
317
25
-152
-147
-144
-262
-291
-135
-65
-39
9
52
167
201
272
458
569
567
476
408
379
319
271
313
433
439
317
248
208
185
88
-11
-8
4
-11
-40
26
34
-14
-73
-113
-98
-123
-83
-52
38
181
189
170
119
91
67
-60
-58
-243
-859
-1477
-1758
-1613
-1511
-1801
-1973
-1836
-1644
-1515
-1480
-1188
-954
-1130
-1288
-1106
-480
-27
-6
109
209
281
310
301
473
436
106
27
316
638
677
495
409
375
247
131
166
256
236
210
389
651
750
667
632
674
688
630
601
778
892
824
713
680
648
418
264
247
234
226
129
81
106
86
53
55
144
186
158
205
236
281
272
219
218
208
214
189
165
195
211
172
126
105
77
56
-15
-29
14
-54
-89
-77
-77
-71
-112
-169
-164
-138
-112
-74
-36
12
18
-36
-31
-12
-47
-54
-76
-153
-301
-492
-627
-638
-609
-619
-729
-886
-911
-789
-663
-660
-812
-1016
-1101
-992
-759
-625
-657
-770
-821
-742
-599
-439
-408
-501
-525
-421
-217
29
91
34
63
124
202
312
427
437
392
430
559
629
602
589
580
607
654
683
739
749
698
692
659
634
614
551
528
548
550
486
452
464
427
345
306
313
370
437
416
390
353
348
365
317
321
297
206
192
234
261
242
160
103
68
61
81
75
74
50
4
0
5
16
33
-43
-94
-106
-154
-115
-60
-56
-57
-89
-105
-120
-130
-166
-353
-615
-739
-741
-686
-733
-984
-1152
-1152
-1027
-892
-950
-1079
-1216
-1273
-1064
-860
-780
-812
-965
-942
-734
-537
-446
-478
-557
-484
-298
-104
55
92
103
94
122
238
359
418
411
450
571
698
740
737
766
775
716
642
627
674
690
709
756
767
763
686
641
687
595
474
416
387
483
507
464
478
410
327
307
306
286
204
147
187
230
262
256
224
233
214
153
137
168
222
198
144
144
131
130
110
39
1
-7
-2
-1
-32
-42
-23
-29
-28
-48
-104
-119
-170
-197
-202
-178
-187
-386
-616
-724
-722
-685
-752
-980
-1152
-1192
-1111
-953
-958
-1081
-1204
-1255
-1079
-852
-712
-704
-845
-879
-694
-472
-318
-307
-389
-360
-282
-113
79
80
82
149
221
340
377
367
391
394
448
511
576
645
635
666
734
711
645
616
617
628
639
603
560
583
628
641
599
540
477
441
423
405
415
413
373
386
388
352
318
262
254
251
267
296
309
310
291
245
194
185
149
143
195
201
189
160
106
61
14
6
1
-48
-64
-75
-92
-97
-140
-137
-98
-135
-159
-179
-202
-179
-188
-241
-393
-617
-743
-690
-591
-638
-827
-1048
-1155
-1068
-919
-895
-1001
-1118
-1203
-1102
-881
-769
-745
-785
-798
-667
-464
-331
-305
-366
-361
-197
-4
143
177
151
206
237
255
305
350
423
435
425
457
443
451
479
489
564
595
594
632
653
721
723
623
572
518
535
605
604
557
503
512
540
528
477
400
376
384
377
393
405
370
325
301
287
304
322
313
264
209
237
267
211
160
120
74
64
61
38
38
37
6
-48
-89
-119
-155
-172
-190
-202
-174
-170
-193
-198
-254
-251
-220
-300
-418
-489
-534
-607
-637
-684
-796
-885
-922
-875
-819
-826
-919
-1022
-1040
-992
-876
-777
-755
-753
-755
-688
-536
-431
-403
-362
-342
-268
-88
38
106
153
168
170
210
277
276
279
325
393
447
436
466
474
476
514
476
451
495
557
608
641
634
596
603
646
667
595
502
517
557
580
578
550
512
459
416
413
449
423
357
334
322
352
349
311
323
296
250
230
182
163
183
188
179
152
87
39
8
-23
-42
-83
-98
-114
-163
-192
-217
-225
-228
-256
-279
-290
-312
-323
-346
-393
-439
-530
-593
-571
-552
-558
-652
-812
-847
-799
-761
-726
-787
-880
-907
-860
-752
-695
-723
-781
-768
-663
-537
-432
-401
-418
-372
-266
-139
-19
51
78
97
167
266
317
339
326
312
331
347
374
426
463
454
440
446
484
527
518
483
487
531
519
553
631
597
568
534
519
559
546
534
536
506
519
521
506
478
396
393
386
335
344
309
283
320
291
279
276
233
229
180
124
130
147
161
130
75
31
-9
-69
-128
-147
-165
-205
-247
-275
-284
-301
-362
-404
-415
-445
-476
-520
-564
-625
-669
-650
-628
-616
-648
-722
-735
-705
-660
-644
-702
-747
-757
-687
-592
-568
-612
-648
-610
-515
-425
-398
-393
-390
-344
-194
-81
-19
20
3
25
113
179
230
272
333
401
409
432
431
397
400
413
409
425
451
445
457
490
521
519
504
500
488
505
506
469
477
543
583
562
521
485
474
492
479
428
408
425
433
406
345
306
299
282
230
186
192
199
173
132
104
85
65
37
-8
-5
-7
-59
-46
-42
-74
-81
-138
-204
-254
-281
-296
-316
-337
-398
-414
-433
-460
-486
-555
-602
-627
-643
-652
-641
-689
-731
-680
-650
-618
-591
-640
-665
-612
-553
-511
-484
-465
-476
-468
-401
-374
-364
-327
-315
-258
-187
-137
-66
-5
43
65
101
150
168
194
244
295
337
383
414
423
432
421
446
458
426
437
451
463
481
486
475
480
493
500
513
514
493
482
480
455
434
449
471
469
450
421
410
392
362
367
365
314
268
252
220
184
158
113
100
94
40
30
23
6
25
-18
-98
-128
-103
-77
-85
-132
-180
-172
-167
-174
-190
-245
-281
-318
-336
-330
-347
-403
-455
-505
-549
-543
-559
-593
-652
-728
-717
-671
-624
-612
-645
-668
-620
-528
-481
-484
-496
-469
-425
-340
-242
-207
-216
-230
-218
-150
-52
-14
-12
35
91
133
189
245
242
236
251
262
305
328
304
306
352
373
415
430
383
362
338
357
408
421
416
391
372
401
413
414
447
433
415
411
375
372
396
394
356
332
349
332
312
301
261
259
244
223
222
199
167
124
100
71
30
-1
-35
-34
-6
-11
-38
-58
-117
-163
-150
-151
-142
-123
-158
-191
-204
-228
-217
-191
-240
-296
-307
-330
-340
-361
-401
-412
-416
-459
-494
-509
-516
-496
-489
-488
-482
-459
-449
-445
-410
-392
-377
-367
-353
-313
-281
-281
-243
-221
-196
-151
-134
-109
-110
-89
-23
-1
30
85
92
126
147
140
196
197
171
181
171
234
306
280
297
336
341
359
335
317
356
374
367
364
371
401
413
399
397
394
414
415
407
436
442
414
386
361
314
299
306
283
290
290
263
238
194
144
108
83
61
24
-25
-36
-26
-7
8
-49
-112
-159
-193
-168
-176
-189
-155
-183
-209
-188
-162
-162
-178
-205
-265
-286
-270
-275
-287
-297
-320
-352
-372
-408
-432
-437
-470
-498
-498
-477
-466
-468
-479
-466
-428
-398
-393
-373
-340
-325
-287
-240
-210
-211
-189
-131
-88
-53
-34
-26
19
71
122
165
158
153
192
216
224
243
248
235
251
262
244
239
255
274
296
313
307
317
323
311
320
344
345
343
345
321
326
356
389
405
384
354
344
331
309
291
282
295
276
248
234
220
218
201
150
123
103
86
84
53
26
-1
-9
-19
-60
-66
-71
-103
-124
-126
-158
-179
-160
-170
-198
-192
-175
-184
-210
-243
-249
-249
-276
-294
-292
-291
-291
-307
-344
-377
-376
-367
-380
-372
-392
-427
-403
-372
-364
-354
-361
-354
-339
-330
-296
-282
-277
-262
-247
-206
-142
-113
-107
-85
-72
-40
-2
-15
7
52
71
103
136
173
179
168
186
183
181
204
215
223
240
245
247
274
288
294
317
336
338
338
355
383
366
348
377
355
341
378
359
358
380
337
300
282
253
257
280
258
220
226
220
179
168
145
104
111
104
59
53
28
-16
-30
-58
-81
-88
-93
-110
-137
-146
-154
-185
-205
-224
-238
-232
-233
-234
-237
-239
-253
-278
-287
-283
-264
-276
-309
-310
-305
-289
-303
-365
-374
-337
-310
-301
-307
-314
-309
-298
-282
-287
-287
-230
-228
-248
-206
-195
-179
-142
-140
-143
-139
-112
-100
-81
-36
1
47
62
78
114
138
153
142
149
173
188
196
223
240
213
219
256
273
286
331
344
323
327
337
354
368
357
342
335
311
299
301
301
318
318
303
277
243
249
232
176
183
198
175
140
113
106
87
60
41
13
-5
-23
-40
-37
-41
-54
-40
-45
-76
-91
-126
-166
-152
-154
-185
-163
-151
-179
-191
-198
-193
-187
-202
-195
-198
-229
-240
-241
-247
-245
-238
-231
-256
-259
-259
-293
-286
-263
-258
-260
-261
-271
-279
-262
-248
-228
-217
-221
-213
-204
-188
-164
-113
-83
-76
-66
-53
-8
20
27
50
81
106
104
106
119
149
198
201
195
211
213
211
195
200
198
204
229
215
208
234
244
241
235
217
224
252
248
238
244
228
217
231
233
220
223
221
200
173
168
168
151
127
121
117
125
110
83
98
58
14
19
2
1
10
-39
-60
-52
-84
-75
-76
-99
-90
-117
-145
-141
-123
-120
-149
-167
-182
-189
-155
-151
-177
-161
-172
-206
-199
-218
-244
-207
-203
-236
-226
-226
-236
-235
-244
-238
-215
-201
-195
-181
-180
-203
-189
-170
-182
-163
-124
-113
-95
-73
-44
-7
1
10
27
43
32
36
71
76
97
113
103
118
126
125
154
165
168
148
116
133
126
127
155
148
148
164
170
177
183
172
176
177
166
191
203
180
150
147
160
173
186
162
148
156
131
132
154
127
134
132
84
91
109
92
72
46
13
0
-11
-33
-53
-26
-14
-43
-62
-83
-87
-78
-77
-101
-110
-107
-128
-139
-129
-113
-129
-143
-152
-158
-153
-159
-156
-155
-160
-154
-151
-156
-154
-148
-140
-128
-146
-158
-158
-152
-139
-145
-159
-160
-156
-151
-107
-87
-100
-110
-102
-82
-62
-47
-49
-13
-5
-9
26
57
66
61
70
85
88
85
93
113
142
127
90
104
116
85
89
101
85
105
103
84
108
114
111
131
112
91
104
103
113
126
103
110
124
117
132
133
117
136
106
82
111
86
58
52
43
35
37
25
10
16
5
-25
-48
-41
-21
-40
-43
-8
-15
-25
-31
-46
-36
-30
-38
-40
-48
-67
-60
-51
-54
-50
-70
-74
-74
-78
-56
-70
-100
-97
-101
-82
-60
-86
-87
-90
-116
-110
-101
-92
-71
-63
-88
-108
-93
-98
-93
-70
-79
-80
-73
-90
-88
-71
-64
-51
-26
-10
9
20
46
80
63
66
101
108
85
93
105
101
110
85
78
99
71
54
40
19
44
53
38
49
33
29
37
-5
5
50
39
47
59
35
51
52
25
30
40
56
69
63
53
40
27
34
8
-10
24
14
21
42
3
-1
-1
-20
-26
-24
-19
-18
-15
-21
-22
-30
-21
-14
-20
-19
-37
-28
-20
-10
-13
-30
-12
3
-8
-9
-27
-35
-32
-44
-41
-45
-35
-23
-43
-58
-36
-49
-44
-35
-51
-31
-32
-42
-33
-26
-35
-62
-56
-52
-85
-58
-39
-47
-4
-14
-22
20
21
28
40
33
57
71
70
70
66
75
62
50
66
70
64
71
54
22
40
34
-3
5
0
-9
10
-3
-17
-12
-25
-18
-2
-1
-6
4
17
17
19
22
-2
-5
13
3
14
13
27
33
2
-5
-17
-29
-9
1
0
1
-27
-40
-22
-50
-39
8
-14
-4
16
1
12
-10
-32
-16
-2
6
0
-11
-21
-3
0
-17
-3
-6
-30
-38
-36
-19
0
-25
-32
-1
2
-12
-13
-25
-12
0
-24
-5
8
-9
-14
-2
0
-18
-8
6
5
-11
-22
3
-8
-22
-9
-1
6
-8
11
36
47
47
45
57
72
66
66
68
46
51
58
62
51
36
29
14
26
7
-43
-22
-9
-34
-36
-24
1
1
-29
-24
-1
-2
-2
8
6
6
17
12
14
14
5
-10
-17
3
-1
-11
-41
-50
