27
3
8
46
-5
-14
30
18
2
2
25
29
5
14
8
18
38
-13
10
37
-11
19
11
-13
12
0
-17
7
3
-11
-2
-31
-21
-5
-38
-11
-15
-32
1
-45
-43
13
-26
-56
-16
-22
-27
-18
-25
-14
-22
-31
-29
-38
-5
-6
-39
2
-21
-38
2
-8
-6
-2
-5
16
-26
-5
12
-47
6
21
-21
-2
12
-6
-1
2
-3
-17
-8
-2
-21
-14
-17
-15
-22
-26
-20
-29
-27
-18
-29
-18
-3
-17
-10
-8
3
10
-15
4
26
2
12
22
17
48
30
30
49
55
69
36
28
84
76
29
59
61
65
71
27
67
81
38
38
57
58
31
46
36
24
40
21
27
19
-25
14
29
-29
-14
8
-4
-6
-6
-4
-40
-41
11
-32
-56
-38
-15
-3
-59
-29
-8
-57
-32
-6
-39
-48
-3
-56
-63
-10
-56
-57
-20
-28
-38
-49
-24
-14
-45
-28
-42
-44
10
-41
-51
-3
-30
-9
-30
-17
15
-36
1
8
-35
13
0
-58
-8
13
-40
-29
0
-28
-27
-21
-15
-8
-20
-21
-19
-8
-15
-16
-10
-7
-9
-8
-5
-7
14
4
0
11
22
29
25
26
51
43
23
46
44
46
68
39
43
73
33
52
60
45
52
33
49
45
46
51
34
64
48
45
51
27
58
37
31
49
25
40
40
22
24
20
31
17
28
25
-15
-4
5
23
-10
-46
31
12
-36
6
-29
-21
-9
-51
-10
-22
-31
-24
-57
-28
-46
-38
-23
-53
-31
-52
-62
-21
-65
-57
-34
-72
-32
-38
-86
-46
-43
-58
-32
-55
-38
-47
-69
-16
-14
-39
-33
-39
-9
10
-38
-16
16
-26
-1
-3
-7
44
-14
-34
23
-5
-21
21
-24
8
30
-50
1
13
-26
-8
-29
-30
15
-19
-47
-19
5
-12
-16
-9
-3
20
13
10
5
31
35
14
45
59
26
27
60
65
52
53
62
46
70
68
41
81
49
54
66
24
73
48
4
80
54
-7
43
60
27
22
50
72
5
-1
70
24
33
33
-7
53
28
-3
29
-6
19
13
-4
16
12
26
-66
-20
55
-42
-24
-34
-46
34
-50
-33
-9
-62
-23
-58
-46
-16
-44
-74
-35
-5
-82
-51
-23
-130
-16
-1
-126
-16
-35
-83
-66
-64
-26
-71
-44
-28
-88
-7
-41
-81
-11
-27
-34
-49
-2
-9
-49
8
-23
-10
28
-28
18
21
-10
18
15
17
-16
-2
5
-11
10
-15
-14
-1
-16
9
-35
-18
10
-67
-9
-5
-42
-12
-9
-12
-19
5
15
-12
15
-1
8
66
30
28
42
64
53
53
76
51
71
81
58
79
89
77
64
66
82
72
65
50
68
75
45
64
73
81
72
1
63
79
-29
104
92
-69
100
80
-56
70
51
-7
-6
53
38
-63
78
21
-97
61
-32
-46
47
-61
2
-32
-56
6
-77
-8
-5
-99
30
-28
-140
19
-50
-103
-2
-62
-92
-53
-77
-38
-57
-136
-40
-45
-121
-31
-87
-104
2
-133
-91
-3
-108
-37
-42
-104
-6
-60
-86
-8
-42
-33
-57
-39
36
-61
-46
29
-39
32
18
-35
59
20
-7
42
-2
-6
14
-24
-9
12
-7
-17
-9
-9
-5
-12
-30
-25
-48
-50
-7
-26
-21
-8
-47
-16
-9
-16
11
-3
15
28
45
72
46
76
95
33
66
124
80
65
139
98
58
171
108
44
133
90
78
113
57
131
100
31
117
69
94
96
6
105
69
34
96
18
63
57
1
75
36
16
57
-14
-24
49
0
-34
23
-12
-30
13
-17
-46
-42
-40
-24
-29
-79
-36
-11
-95
-77
0
-47
-114
-83
-49
-69
-74
-61
-103
-95
-37
-85
-111
-61
-85
-88
-108
-92
-42
-102
-87
-74
-107
-53
-61
-121
-64
-20
-77
-83
12
-28
-109
-20
-15
-38
24
-21
-69
-2
44
-35
-33
52
11
3
14
18
75
-6
-31
40
-18
11
49
-11
-3
9
-32
-37
-5
20
-21
-65
-22
-16
-21
-20
-14
7
-26
-13
14
5
21
31
39
24
70
83
65
105
93
61
78
120
100
97
130
106
105
144
98
102
136
99
109
96
80
125
104
62
76
55
62
95
98
43
26
76
48
45
51
-3
30
78
-35
-3
42
-63
19
-8
-59
13
-45
-33
-19
-64
4
-67
-55
-6
-121
-10
-60
-94
52
-135
-22
-12
-154
13
-145
-32
11
-221
-10
-98
-147
-2
-151
-75
-137
-98
-64
-223
23
-114
-215
57
-163
-137
41
-190
-70
-13
-135
-50
-30
9
-70
-56
49
-73
-23
51
-45
-11
72
-42
-54
109
41
6
89
3
58
79
-16
42
-8
-9
1
-33
13
3
-52
-34
5
-22
-41
-42
-42
-25
-12
-66
-20
21
-41
-25
14
4
4
46
45
40
107
72
20
147
156
54
140
161
45
129
216
98
127
179
91
155
189
106
100
166
93
62
185
72
104
212
-2
74
205
-8
89
157
-27
52
146
36
-11
79
36
-9
-2
22
-13
-32
42
-35
-74
-17
-63
-67
12
-81
-136
13
-53
-142
-26
-72
-116
-102
-25
-66
-150
-40
-102
-127
-128
-122
-64
-156
-103
-93
-194
-45
-134
-238
-44
-129
-202
-85
-146
-168
-45
-167
-142
-59
-104
-66
-102
-47
-75
-69
-27
-61
-27
11
-4
-23
-7
-1
2
20
5
42
56
27
60
49
81
54
7
23
33
5
-10
23
10
8
2
-52
10
0
-60
-30
-39
-35
-49
-13
-10
-3
-15
-26
23
22
12
30
82
59
96
150
85
100
169
128
98
178
122
125
208
96
162
230
88
106
194
174
117
112
141
157
128
57
146
132
41
135
89
55
138
29
50
125
-10
78
47
-23
102
1
-40
2
-43
62
-56
-86
-14
-102
8
-75
-111
-9
-77
-139
-23
-35
-164
-81
-43
-178
-32
-11
-177
-79
-123
-144
-56
-117
-137
-123
-160
-56
-179
-151
-80
-253
-95
-113
-218
-55
-174
-143
-45
-207
-46
-109
-183
-1
-99
-119
9
-127
-39
71
-119
-6
86
-61
-43
66
2
-7
71
24
31
102
44
0
2
0
-13
8
39
-9
-14
-29
-54
-14
-40
-71
-78
-75
-48
-38
-33
-5
7
-24
-14
35
45
40
94
82
119
155
108
161
187
137
143
159
165
174
176
172
151
173
184
135
132
161
150
152
114
124
185
131
89
104
152
102
94
153
62
117
128
60
97
56
55
60
53
40
-14
33
15
-65
11
-19
-127
-30
15
-156
-66
37
-154
-79
-36
-162
-46
-53
-167
-115
-97
-82
-97
-150
-109
-102
-117
-79
-133
-91
-103
-171
-171
-89
-108
-216
-95
-155
-200
-89
-125
-127
-107
-157
-155
-66
-66
-166
-56
-57
-136
20
-45
-144
14
-8
-44
-18
18
30
-3
22
42
60
17
48
47
-7
-27
-24
-68
19
0
-100
-44
-46
-19
-77
-73
-71
-86
-55
-107
-61
17
-41
-53
-6
-8
35
48
57
88
142
145
129
168
186
199
148
192
201
164
199
176
178
206
159
151
198
133
141
145
161
145
68
184
140
45
193
107
67
182
70
192
103
-23
206
57
43
135
-9
78
34
-2
64
-61
7
19
-86
14
-56
-112
-1
-50
-36
-97
-70
-29
-95
-60
-86
-77
-86
-55
-28
-171
-35
-17
-314
-28
-69
-287
-30
-150
-181
-74
-228
-172
-102
-178
-205
-171
-151
-158
-131
-154
-177
-115
-146
-145
-71
-147
-81
-59
-79
-43
-4
-32
-100
-13
12
-41
9
-22
-6
89
-23
51
51
-118
-75
-56
-18
-6
-67
-82
-98
-72
-112
-164
-111
-131
-167
-121
-113
-59
-38
-79
-67
-25
-14
-28
66
130
138
151
153
219
242
220
272
259
255
313
208
297
379
211
224
261
198
237
242
178
203
248
110
95
256
138
115
115
133
158
118
160
102
89
164
53
64
187
114
66
37
17
76
109
-36
-23
38
-41
9
14
-170
41
5
-209
11
-71
-109
-13
-231
-152
57
-156
-237
-54
-75
-250
-56
-107
-208
-53
-280
-203
-53
-144
-163
-290
-130
-111
-331
-131
-122
-313
-93
-170
-329
-74
-66
-315
-139
36
-235
-128
-9
-114
-38
11
-40
-88
-45
104
-70
-12
133
-44
-9
-105
-170
-130
-90
-94
-202
-141
-143
-286
-207
-203
-260
-252
-257
-271
-267
-150
-134
-179
-79
-76
-111
21
69
95
181
222
219
292
383
337
391
448
407
450
430
420
439
490
403
304
465
399
299
358
287
257
228
209
229
164
128
229
153
120
199
87
86
223
103
101
208
-27
85
258
37
17
159
19
24
91
-9
32
2
-112
43
-20
-206
107
108
-277
-105
37
-94
-121
-234
-19
-72
-302
9
-140
-330
-21
-198
-354
-168
-91
-257
-237
-43
-358
-336
-176
-456
-295
-209
-384
-346
-361
-267
-211
-323
-180
-324
-350
16
-184
-184
-42
-112
-47
-32
23
30
-62
43
67
-19
-177
-240
-269
-274
-31
-250
-362
-315
-429
-348
-530
-546
-313
-506
-542
-431
-399
-314
-298
-249
-288
-207
-73
-83
103
349
355
344
377
546
619
643
788
791
817
794
793
908
927
848
780
764
754
643
578
503
476
418
245
274
214
171
169
105
95
96
21
-62
13
189
52
-46
91
91
131
-47
68
142
-77
191
123
-88
194
2
-32
181
118
-93
-123
147
17
-93
-67
-199
-293
-49
147
-260
-270
123
-368
-289
20
-321
-222
-291
-371
-176
-347
-414
-499
-482
-273
-435
-394
-430
-497
-393
-379
-321
-511
-286
-83
-593
-315
-231
-356
-119
-227
-11
36
-140
26
73
129
-52
-396
-348
-367
-214
-103
-233
-356
-567
-655
-738
-752
-586
-690
-656
-680
-763
-578
-643
-474
-449
-548
-242
-199
12
285
300
426
441
595
700
841
1198
1231
1185
1117
1140
1237
1226
1342
1346
1205
1095
991
977
936
758
602
436
300
348
305
222
199
-33
-153
-123
-187
-49
60
-151
-147
-124
-145
-39
-14
22
66
65
174
239
259
232
160
254
223
270
321
221
298
223
-2
20
21
74
-59
-173
-43
-191
-216
-254
-421
-318
-507
-556
-303
-541
-481
-536
-820
-599
-585
-661
-574
-587
-510
-528
-637
-555
-546
-490
-461
-365
-318
-323
-238
-238
-166
-196
-250
-94
-74
-136
-350
-707
-679
-632
-494
-380
-690
-881
-934
-1058
-1098
-1128
-996
-939
-984
-1006
-1061
-781
-635
-621
-555
-460
-157
-12
185
514
655
688
750
954
1274
1461
1685
1752
1719
1745
1647
1751
1902
1913
1805
1650
1550
1409
1202
1060
936
777
544
376
323
263
127
-95
-270
-267
-368
-419
-285
-232
-307
-449
-478
-373
-195
-102
-30
71
88
193
254
261
496
465
440
556
432
681
706
398
548
368
142
328
186
164
168
-116
-195
-338
-357
-420
-579
-600
-750
-713
-791
-880
-831
-1072
-907
-726
-870
-647
-771
-986
-823
-794
-640
-557
-452
-435
-499
-334
-374
-336
-180
-340
-485
-667
-922
-930
-863
-578
-599
-1010
-1291
-1383
-1168
-1141
-1235
-1029
-1103
-1171
-1262
-1295
-849
-567
-542
-587
-376
-22
131
294
517
751
919
934
1185
1554
1821
1929
1768
1720
1816
1913
2045
2166
2230
2020
1745
1584
1427
1450
1366
1143
974
669
521
374
133
23
-96
-150
-265
-323
-274
-365
-429
-547
-624
-485
-283
-145
-84
-31
-61
-85
17
255
459
602
556
537
681
654
693
747
725
623
502
558
555
470
344
52
19
-102
-234
-98
-348
-483
-681
-974
-893
-990
-1143
-1040
-1009
-965
-998
-1172
-1268
-1153
-974
-917
-809
-721
-633
-612
-589
-541
-630
-804
-896
-1065
-1071
-1000
-919
-825
-1094
-1528
-1733
-1544
-1237
-1181
-1301
-1198
-1253
-1406
-1506
-1254
-730
-462
-419
-385
-60
190
319
459
676
992
1270
1395
1660
1925
2037
1924
1754
1856
1987
2186
2283
2197
2077
1822
1610
1463
1333
1375
1270
1102
880
643
510
273
87
54
38
52
-43
-149
-247
-389
-453
-508
-364
-128
-57
-63
-30
26
56
152
247
300
502
618
563
625
648
690
735
667
726
716
662
622
393
369
426
182
100
-29
-246
-271
-321
-441
-614
-832
-1066
-1124
-1100
-959
-874
-1039
-1146
-1332
-1391
-1115
-1019
-965
-814
-988
-1180
-1312
-1409
-1429
-1486
-1572
-1489
-1321
-1422
-1716
-2041
-1952
-1694
-1748
-1748
-1534
-1401
-1339
-1490
-1524
-1110
-714
-515
-279
-64
269
462
495
757
1054
1412
1677
1815
2018
2227
2192
2108
2087
2153
2366
2473
2297
2190
2096
1858
1628
1334
1320
1323
1138
876
466
267
197
8
-35
-105
-205
-303
-492
-493
-425
-401
-426
-444
-342
-229
-163
-88
15
144
239
337
447
580
675
699
743
857
1047
1159
1142
1038
912
822
843
836
852
799
545
346
58
-95
-170
-191
-223
-381
-536
-770
-935
-1155
-1299
-1227
-1021
-913
-1140
-1447
-1416
-1285
-1125
-1398
-1654
-1623
-1662
-1830
-2166
-2064
-1612
-1550
-2075
-2587
-2521
-1988
-1754
-1919
-2063
-1802
-1646
-1684
-1674
-1241
-644
-442
-548
-495
-3
474
804
824
1084
1562
1795
1889
2018
2281
2482
2350
2198
2337
2617
2734
2447
2229
2163
2084
1850
1609
1577
1479
1197
725
362
356
303
62
-167
-304
-284
-469
-726
-814
-813
-703
-746
-729
-510
-402
-400
-508
-421
-129
125
283
393
557
640
684
764
1004
1343
1480
1400
1283
1281
1309
1286
1245
1146
1089
1044
839
660
508
252
73
-113
-309
-366
-488
-692
-872
-1233
-1416
-1520
-1418
-1183
-1332
-1550
-1698
-1654
-1519
-1720
-2030
-2230
-2334
-2204
-2163
-1928
-1894
-2335
-2793
-2960
-2439
-1871
-1793
-1899
-2019
-2015
-1890
-1738
-1209
-599
-287
-343
-400
-80
456
914
1132
1353
1658
1940
2126
2271
2431
2575
2518
2488
2603
2792
2975
2725
2317
2094
2023
2042
1897
1656
1540
1214
688
287
149
268
251
-102
-451
-612
-716
-807
-893
-875
-760
-847
-978
-900
-732
-531
-487
-462
-220
26
191
311
390
568
731
904
1095
1249
1450
1452
1355
1356
1449
1525
1459
1389
1285
1141
989
792
678
534
262
143
-75
-242
-392
-677
-728
-1016
-1237
-1301
-1419
-1332
-1439
-1660
-1671
-1759
-1813
-1971
-1994
-2063
-2450
-2675
-2717
-2206
-1907
-2375
-2931
-3097
-2633
-2081
-2154
-2219
-2046
-1927
-1897
-1902
-1473
-715
-299
-326
-371
-52
553
945
1098
1303
1796
2150
2194
2235
2392
2732
2741
2502
2635
2926
3135
2848
2308
2243
2286
2248
2016
1768
1759
1454
894
476
351
439
227
-141
-334
-451
-648
-988
-1059
-928
-866
-940
-1162
-1102
-896
-811
-712
-647
-380
-147
-120
1
179
470
680
729
918
1183
1373
1396
1377
1507
1623
1705
1612
1514
1493
1383
1220
1016
881
790
574
302
137
-82
-258
-494
-691
-734
-1005
-1169
-1289
-1456
-1578
-1817
-1639
-1287
-1433
-2222
-3088
-3002
-2202
-1695
-2191
-3007
-3110
-2971
-2924
-2999
-2885
-2216
-2102
-2711
-3020
-2676
-1835
-1367
-1519
-1474
-906
-423
-195
-94
256
975
1303
1336
1622
2218
2666
2653
2366
2555
3120
3319
3276
3096
3050
3114
2741
2468
2679
2763
2584
1987
1511
1520
1398
1025
643
457
369
117
-367
-679
-795
-965
-1138
-1209
-1144
-1121
-1420
-1673
-1519
-1212
-920
-878
-938
-763
-625
-490
-220
136
566
716
652
756
1047
1385
1658
1747
1815
1879
1800
1703
1723
1771
1768
1659
1368
1133
928
688
517
286
3
-82
-317
-551
-740
-1129
-1219
-1264
-1283
-1393
-1806
-1941
-1770
-1592
-1530
-2014
-2506
-2905
-3149
-2773
-2146
-1616
-2072
-3408
-4119
-3610
-2475
-1851
-2219
-2634
-2711
-2708
-2684
-2263
-1348
-498
-448
-932
-952
-242
559
987
1177
1477
2048
2295
2284
2412
2739
3113
3089
2967
3291
3552
3462
2926
2458
2677
2959
2897
2525
2209
1991
1575
1107
911
1082
1056
541
-4
-363
-434
-490
-730
-849
-1035
-1378
-1692
-1807
-1589
-1345
-1365
-1476
-1527
-1317
-1049
-871
-670
-441
-163
9
180
528
858
1070
1156
1280
1609
1850
1970
1977
1979
2052
2024
1992
1934
1784
1647
1308
989
868
688
498
194
-301
-514
-743
-852
-869
-1139
-1322
-1540
-1636
-1698
-1901
-2008
-1912
-1614
-1327
-1605
-1994
-2746
-3384
-3043
-2019
-927
-1167
-2876
-4257
-4030
-2625
-1503
-1680
-2178
-2448
-2663
-2966
-2751
-1724
-452
-49
-846
-1406
-890
90
774
1011
1167
1751
2017
2049
2120
2422
3026
3086
2733
2884
3336
3536
3130
2474
2580
3025
3105
2626
2236
2090
1796
1353
1030
1289
1483
949
193
-284
-235
-113
-443
-629
-662
-803
-1169
-1743
-1859
-1518
-1199
-1131
-1265
-1386
-1460
-1494
-1275
-780
-250
-19
-117
-197
-2
443
806
1147
1520
1669
1617
1415
1435
1857
2230
2284
2074
1817
1643
1413
1269
1192
1111
1067
730
284
-237
-506
-567
-541
-569
-820
-1166
-1495
-1718
-1672
-1547
-1424
-1561
-1909
-1869
-1702
-1481
-1633
-2461
-3307
-3042
-1988
-916
-1136
-2849
-4074
-3818
-2645
-1547
-1561
-1960
-2113
-2640
-3121
-2817
-1627
-306
94
-764
-1242
-818
-102
675
1046
1393
1930
1925
1805
1977
2359
2874
3041
2880
3020
3322
3199
2961
2582
2609
2991
2873
2575
2322
2035
1796
1445
1131
1219
1222
842
408
-31
-262
-272
-539
-626
-523
-786
-1215
-1638
-1732
-1386
-1205
-1270
-1313
-1377
-1399
-1390
-1269
-795
-329
-217
-242
-207
-42
327
668
1010
1373
1433
1354
1253
1338
1773
2139
2159
1982
1655
1479
1423
1276
1266
1314
1121
759
199
-214
-314
-313
-267
-370
-748
-1113
-1470
-1695
-1451
-1231
-1141
-1261
-1828
-2048
-1831
-1614
-1292
-1465
-2266
-2993
-2870
-1920
-947
-1415
-3005
-3798
-3382
-2232
-1528
-1913
-2133
-2128
-2587
-2819
-2467
-1336
-75
-110
-1012
-1247
-738
164
934
1124
1525
1900
1818
1737
1870
2419
3152
3192
2758
2832
3009
3070
2900
2539
2755
3008
2584
2203
2041
2031
1950
1389
987
1094
1105
707
296
-12
-92
-185
-635
-759
-660
-886
-1163
-1475
-1545
-1233
-1287
-1461
-1413
-1387
-1244
-1215
-1177
-820
-485
-372
-323
-241
48
449
620
748
1068
1250
1332
1359
1411
1773
1990
1857
1732
1595
1608
1624
1338
1190
1165
975
729
365
-10
-33
-246
-354
-510
-772
-868
-1081
-1277
-1285
-1312
-1333
-1342
-1596
-1522
-1460
-1440
-1431
-1993
-2874
-2858
-2181
-1145
-1061
-2713
-3975
-3698
-2556
-1642
-1854
-2451
-2311
-2476
-2979
-2817
-1845
-570
-28
-990
-1498
-925
-139
695
1058
1271
1807
1910
1592
1828
2336
3092
3434
2946
2807
3112
3082
3063
2858
2824
3231
2923
2260
2072
2027
1940
1685
1107
1089
1156
567
82
-96
-146
-136
-588
-1072
-887
-917
-1348
-1641
-1791
-1497
-1205
-1466
-1575
-1484
-1478
-1292
-1159
-893
-394
-348
-465
-271
50
538
854
925
1211
1397
1361
1374
1454
1843
2276
2134
1860
1703
1585
1558
1431
1274
1276
1150
736
256
-38
-198
-88
-222
-572
-799
-1099
-1169
-1178
-1258
-1384
-1413
-1521
-1425
-1408
-1541
-1534
-1622
-2200
-2858
-2915
-2067
-930
-1297
-2991
-4080
-3531
-2248
-1547
-2083
-2529
-2336
-2581
-2976
-2817
-1648
-185
-80
-1081
-1445
-824
172
903
1070
1404
1993
1961
1760
1931
2534
3317
3292
2803
2825
3181
3248
3033
2704
2904
3217
2745
2108
1939
1967
1860
1372
891
1016
912
264
-149
-239
-202
-324
-956
-1222
-1034
-1191
-1453
-1672
-1646
-1410
-1544
-1780
-1561
-1244
-1088
-1135
-1208
-810
-337
-156
-16
191
453
727
792
1004
1507
1758
1748
1616
1547
1885
2170
2118
2026
1838
1649
1466
1167
1052
1058
869
551
168
-166
-383
-587
-639
-689
-821
-999
-1269
-1386
-1514
-1508
-1336
-1340
-1283
-1341
-1528
-1534
-2393
-3077
-2705
-1853
-782
-1374
-3311
-4090
-3505
-2377
-1754
-2158
-2336
-2217
-2685
-3285
-2855
-1654
-328
-116
-1138
-1322
-720
-92
683
1070
1557
2169
1882
1608
1964
2561
3297
3335
2838
3038
3310
3230
2976
2769
2953
3190
2769
2136
2152
2027
1664
1257
800
986
933
152
-177
-349
-487
-660
-1176
-1283
-1158
-1329
-1611
-1757
-1775
-1732
-1657
-1665
-1407
-1058
-1185
-1167
-976
-645
-84
41
192
560
667
855
1012
1325
1878
2091
2021
1891
1880
2030
2155
2151
2141
2106
1807
1475
1187
965
887
793
501
208
-99
-556
-697
-913
-951
-868
-1087
-1218
-1461
-1687
-1733
-1831
-1622
-1390
-1439
-1606
-2527
-3288
-3125
-2356
-1403
-1560
-2882
-3807
-3804
-3227
-2491
-2237
-2159
-2106
-2697
-3334
-2962
-1930
-680
-109
-643
-900
-588
-151
650
1297
1858
2455
2191
1956
2267
2756
3380
3444
3162
3234
3339
3212
3084
3031
3031
2922
2418
1977
2110
2014
1573
1084
497
463
386
-95
-230
-459
-789
-1087
-1603
-1670
-1424
-1455
-1537
-1675
-1885
-1962
-1853
-1573
-1028
-666
-831
-889
-776
-456
122
427
738
1141
1222
1284
1342
1603
2105
2319
2325
2320
2332
2334
2193
2045
2066
2042
1897
1517
1129
801
560
415
101
-88
-215
-554
-729
-1075
-1305
-1216
-1388
-1326
-1401
-1491
-1544
-2048
-2093
-1806
-1534
-1824
-3161
-3729
-2936
-1689
-1460
-2942
-4115
-3959
-3196
-2783
-2896
-2579
-2137
-2415
-3253
-3464
-2275
-757
-191
-527
-881
-493
105
516
1209
1972
2643
2638
2072
2215
2975
3658
3756
3246
3226
3494
3405
3088
2865
3128
3093
2424
1724
1607
1933
1577
810
353
160
77
-490
-898
-652
-741
-1198
-1853
-2102
-1721
-1636
-1750
-1718
-1607
-1540
-1691
-1618
-1097
-522
-275
-342
-173
165
522
796
1025
1560
1860
1877
1921
1931
2244
2485
2446
2505
2452
2379
2255
1940
1761
1696
1565
1270
948
604
305
46
-302
-545
-610
-838
-972
-1150
-1203
-1157
-1517
-1642
-1569
-1612
-1582
-1598
-1575
-1322
-1885
-3101
-3744
-3354
-2089
-1185
-2024
-3441
-4196
-4278
-3603
-2949
-2446
-1841
-2121
-3257
-3677
-3153
-1823
-439
-169
-380
-355
-362
33
812
1640
2581
2837
2518
2461
2776
3248
3656
3461
3298
3490
3360
3271
3193
3085
3010
2392
1600
1530
1753
1748
1237
360
-208
-396
-705
-830
-692
-767
-1098
-1791
-2292
-2050
-1798
-1782
-1671
-1574
-1433
-1445
-1621
-1306
-652
-236
60
245
452
818
937
1054
1493
1898
2296
2475
2294
2364
2488
2351
2379
2433
2534
2632
2198
1675
1481
1267
1185
978
586
353
64
-343
-569
-759
-961
-1024
-1194
-1285
-1266
-1421
-1562
-1519
-1545
-1679
-1799
-1801
-1390
-1308
-2477
-3547
-3694
-2708
-1315
-1717
-3118
-3837
-3985
-3431
-3064
-3028
-2231
-1946
-2676
-3201
-3129
-2147
-843
-539
-626
-301
-130
215
763
1241
2129
2588
2248
2381
2809
3306
3838
3431
2981
3074
2982
3097
3194
3132
3158
2562
1535
1040
1193
1489
1501
864
158
-139
-681
-1108
-989
-837
-666
-1069
-1815
-1897
-1840
-1889
-1789
-1635
-1242
-1022
-1233
-1206
-810
-462
-235
15
301
752
1054
1080
1297
1557
1837
2172
2244
2427
2579
2472
2443
2341
2262
2375
2260
2036
1779
1424
1198
927
582
271
9
-216
-433
-704
-991
-1167
-1263
-1327
-1421
-1614
-1645
-1607
-1611
-1542
-1628
-1546
-1523
-1508
-1713
-2548
-2975
-2784
-2037
-1286
-1783
-2709
-3209
-3332
-2821
-2503
-2303
-2004
-2065
-2300
-2447
-2279
-1670
-970
-639
-616
-466
-227
192
809
1191
1553
1660
1511
1761
2177
2663
3083
2870
2627
2428
2225
2324
2443
2633
2732
2413
1904
1467
1208
1133
1091
959
756
605
269
-81
-279
-474
-471
-614
-794
-692
-772
-862
-940
-1070
-984
-906
-814
-569
-304
-116
-80
-100
19
243
485
744
1055
1319
1465
1465
1399
1428
1504
1480
1416
1356
1218
1093
1002
738
364
175
182
116
33
-224
-632
-665
-767
-949
-959
-1101
-1220
-1049
-964
-1137
-1249
-1301
-1191
-1039
-1109
-984
-707
-626
-579
-694
-665
-441
-454
-605
-829
-940
-769
-553
-543
-685
-812
-805
-725
-774
-862
-918
-1009
-1053
-1076
-1024
-836
-675
-659
-690
-753
-742
-586
-448
-221
10
135
194
217
333
460
525
538
523
588
669
798
995
1143
1220
1150
996
914
998
1172
1278
1259
1115
960
870
785
809
915
952
886
716
602
585
605
656
671
651
644
578
501
464
424
404
349
311
330
336
265
105
-42
-36
27
18
-8
-47
-148
-320
-406
-379
-326
-250
-269
-355
-417
-473
-455
-371
-330
-370
-420
-410
-434
-409
-331
-311
-294
-321
-367
-389
-384
-340
-249
-196
-202
-254
-293
-219
-153
-144
-128
-72
43
105
42
-84
-247
-348
-356
-310
-222
-274
-453
-565
-610
-601
-585
-647
-729
-821
-934
-955
-844
-691
-599
-622
-730
-803
-804
-669
-470
-393
-401
-378
-328
-220
-72
30
162
199
114
92
150
328
540
666
700
634
581
591
641
690
713
742
749
734
755
816
832
812
848
911
932
890
818
799
846
870
870
887
894
820
668
590
573
560
596
598
523
431
309
210
175
190
215
229
196
51
-63
-116
-151
-116
-74
-68
-99
-219
-304
-324
-365
-364
-387
-440
-418
-452
-501
-470
-496
-505
-489
-523
-511
-495
-500
-436
-351
-306
-207
-113
-169
-280
-486
-649
-554
-368
-231
-246
-421
-528
-575
-619
-696
-834
-985
-1146
-1242
-1187
-1045
-903
-858
-954
-1025
-1057
-1058
-990
-864
-690
-568
-504
-429
-283
-90
54
203
290
297
361
503
770
1081
1214
1162
1026
981
1023
968
976
1026
1003
1035
978
898
955
1018
1081
1080
984
806
739
858
910
868
758
642
587
538
538
552
492
332
77
-23
31
36
-161
-371
-218
-122
-192
-155
-257
-333
-259
-286
-189
-144
-308
-276
-173
-159
-176
-126
-72
-242
-345
-180
-60
10
-124
-325
-62
67
-70
-161
-430
-362
-59
-100
-112
-241
-342
-99
-103
-94
-9
-159
-116
-9
10
128
163
120
-49
-359
-577
-622
-509
-359
-361
-479
-595
-773
-884
-857
-897
-1060
-1215
-1346
-1296
-1081
-935
-896
-948
-1054
-1106
-953
-771
-602
-344
-165
-41
159
380
654
866
937
961
951
988
1107
1315
1482
1446
1254
1117
1048
978
944
943
879
757
582
464
541
555
497
451
264
50
-159
-240
-98
44
168
88
-86
-113
-68
122
255
154
48
-5
46
193
268
206
-15
-215
-41
221
146
80
83
-35
27
40
-165
-84
-24
-168
-31
31
9
151
72
-21
-210
-266
88
217
275
170
-189
-156
-28
-115
-88
-3
4
19
-152
-467
-459
-285
-109
76
-42
-165
-55
58
272
202
-273
-616
-750
-636
-390
-357
-586
-838
-1022
-1137
-1042
-1050
-1197
-1287
-1505
-1609
-1468
-1187
-869
-847
-990
-1096
-1067
-785
-461
-152
85
166
349
612
889
1212
1317
1334
1273
1166
1337
1568
1770
1770
1507
1364
1213
1110
1099
988
905
719
495
373
247
191
58
-64
-104
-249
-331
-396
-476
-440
-454
-467
-435
-434
-407
-295
-149
-184
-182
-71
-23
136
167
71
123
147
201
256
185
87
12
58
220
362
429
455
414
369
338
473
774
784
714
651
503
547
565
383
339
289
203
297
344
162
22
133
162
49
-120
-225
-20
117
32
-36
-127
-80
-57
-534
-1431
-2283
-2626
-2188
-1560
-1437
-1947
-2633
-2949
-2890
-2602
-2506
-2625
-2740
-2727
-2347
-1682
-1071
-653
-528
-461
-285
38
613
1219
1768
2057
2198
2501
2814
3076
3165
3012
2784
2453
2273
2355
2417
2354
2052
1606
1151
718
375
46
-239
-543
-900
-1051
-1125
-1216
-1311
-1522
-1651
-1725
-1780
-1683
-1525
-1222
-887
-733
-612
-433
-152
200
471
719
928
1060
1281
1520
1645
1600
1456
1380
1402
1488
1508
1450
1275
1026
846
701
624
528
384
336
209
72
74
40
-77
-235
-455
-503
-370
-230
-121
-35
3
-10
17
-27
-64
4
56
99
186
131
194
269
-48
-879
-2102
-2964
-2973
-2608
-2402
-2636
-3201
-3501
-3509
-3357
-3250
-3379
-3625
-3658
-3282
-2528
-1644
-922
-414
5
400
717
1129
1593
2131
2667
3010
3398
3802
4042
4150
4012
3642
3164
2653
2302
2114
1961
1693
1337
949
474
-35
-510
-969
-1433
-1940
-2232
-2177
-2037
-1898
-1865
-1860
-1743
-1678
-1660
-1514
-1245
-890
-443
25
470
844
1152
1523
1861
2048
2099
2099
2208
2340
2331
2229
2078
1918
1745
1576
1426
1186
833
470
213
104
-19
-178
-253
-317
-388
-459
-541
-579
-574
-613
-606
-471
-314
-109
138
302
409
473
482
536
557
535
624
677
716
759
555
-180
-1516
-3033
-3971
-3928
-3577
-3688
-4211
-4761
-4752
-4253
-4034
-4116
-4406
-4695
-4428
-3682
-2682
-1567
-683
65
958
1740
2258
2620
2909
3225
3657
4064
4452
4965
5237
5194
4936
4283
3357
2444
1748
1219
674
91
-366
-514
-632
-979
-1423
-2031
-2692
-3252
-3612
-3526
-3101
-2592
-2078
-1440
-837
-509
-329
-155
80
408
696
1127
1796
2451
3065
3507
3618
3481
3187
2816
2476
2085
1578
1138
947
981
1048
913
589
177
-267
-642
-951
-1101
-1087
-983
-685
-293
-15
156
294
324
278
228
171
317
583
791
1151
1403
1526
1675
1507
1181
860
418
226
51
-422
-1341
-2969
-4458
-5086
-4982
-4745
-5299
-6325
-6678
-6179
-5233
-4639
-4660
-4697
-4349
-3605
-2692
-1870
-1081
-67
1187
2438
3534
4217
4555
4878
5071
5131
5129
5040
5048
5056
4805
4288
3528
2612
1674
781
-204
-1246
-2087
-2623
-2720
-2685
-2910
-3127
-3227
-3208
-3116
-3125
-3051
-2788
-2376
-1684
-775
279
1180
1728
2192
2555
2770
2922
2914
2953
3187
3345
3445
3522
3374
3059
2647
2070
1350
589
-176
-723
-953
-1022
-955
-829
-664
-463
-348
-405
-571
-730
-699
-451
-50
412
833
1273
1720
1945
1975
1836
1645
1507
1293
1100
973
910
920
882
809
616
210
-190
-888
-2026
-3609
-5553
-6809
-6884
-6489
-6190
-6458
-6860
-6232
-5003
-4149
-3915
-4044
-3793
-2910
-1975
-1172
-237
989
2478
3950
4919
5284
5487
5653
5685
5494
4979
4417
4102
3963
3684
3087
2307
1436
563
-404
-1555
-2674
-3528
-3998
-4121
-4055
-3965
-3795
-3379
-2768
-2224
-1893
-1724
-1475
-1041
-524
180
1070
2007
2938
3593
3913
4201
4271
4115
3774
3256
2840
2507
2219
1942
1622
1281
941
544
1
-704
-1411
-1889
-2057
-1981
-1775
-1446
-928
-296
217
563
781
866
996
1126
1202
1297
1497
1815
2133
2336
2376
2278
2038
1654
1161
607
105
-225
-475
-676
-871
-1003
-973
-1054
-1610
-2923
-4733
-6256
-6883
-6727
-6559
-6779
-6987
-6359
-4796
-3317
-2535
-2137
-1644
-970
-591
-516
-198
709
2111
3391
4216
4774
5335
5882
6080
5726
4904
3925
3091
2384
1708
1087
616
252
-236
-963
-1804
-2461
-2889
-3277
-3689
-4008
-4069
-3802
-3277
-2481
-1560
-763
-161
259
607
936
1314
1827
2357
2761
2967
3141
3434
3676
3715
3446
2929
2408
1901
1297
719
219
-174
-412
-661
-926
-1184
-1433
-1499
-1411
-1316
-1142
-876
-496
49
549
945
1303
1658
1999
2206
2268
2203
2119
2110
2065
1907
1684
1457
1235
947
581
179
-263
-571
-774
-1046
-1271
-1376
-1425
-1355
-1647
-2589
-3929
-5341
-5987
-5912
-5904
-6220
-6613
-6136
-4581
-3026
-2013
-1557
-1059
-264
171
120
110
673
1687
2599
3206
3671
4433
5248
5612
5366
4554
3685
2913
2131
1260
337
-350
-730
-1052
-1450
-1871
-2156
-2339
-2550
-2822
-3050
-3062
-2894
-2539
-2017
-1351
-574
134
737
1243
1691
2143
2521
2722
2746
2542
2412
2547
2619
2576
2294
1859
1567
1260
854
399
-72
-449
-783
-1084
-1345
-1474
-1390
-1212
-942
-684
-475
-124
384
944
1366
1606
1856
2071
2187
2259
2254
2205
2134
1968
1798
1566
1268
977
658
340
-33
-518
-883
-1105
-1282
-1362
-1484
-1469
-1357
-1251
-1243
-1852
-3005
-4264
-5165
-5197
-5186
-5680
-6195
-6124
-4853
-3217
-2113
-1451
-825
110
687
568
352
566
1295
1889
2107
2348
3052
4149
4907
5024
4610
4021
3492
2723
1682
548
-381
-950
-1450
-1921
-2248
-2300
-2042
-1807
-1777
-1889
-1936
-1805
-1664
-1504
-1231
-827
-239
331
833
1404
1961
2487
2858
2909
2788
2595
2361
2147
1832
1411
965
626
446
312
119
-108
-260
-363
-519
-755
-1043
-1230
-1235
-1127
-936
-654
-161
490
1104
1606
1968
2231
2399
2419
2315
2129
1871
1630
1483
1318
1131
967
781
621
397
71
-286
-653
-908
-1080
-1320
-1570
-1592
-1450
-1254
-1072
-1342
-2162
-3171
-4096
-4474
-4609
-5190
-5970
-6269
-5575
-4146
-2941
-2276
-1551
-471
547
948
839
913
1455
1905
1849
1730
2129
3138
4138
4443
4249
4091
4059
3738
2859
1635
546
-260
-1127
-2083
-2751
-2900
-2596
-2241
-2143
-1994
-1582
-1079
-740
-674
-640
-457
-189
57
219
509
1107
1811
2319
2554
2729
2969
3093
2898
2326
1663
1116
579
113
-287
-596
-699
-722
-704
-652
-554
-448
-478
-646
-848
-915
-770
-501
-138
322
831
1418
1954
2297
2553
2713
2662
2423
1982
1541
1227
878
517
217
20
-36
-111
-246
-370
-490
-593
-768
-1098
-1357
-1362
-1314
-1122
-1092
-1661
-2501
-3326
-3838
-3904
-4255
-5008
-5596
-5568
-4811
-3836
-3018
-2317
-1425
-431
293
681
969
1413
1925
2083
1983
2061
2553
3301
3732
3764
3677
3667
3638
3260
2582
1737
837
-68
-1161
-2175
-2713
-2848
-2745
-2639
-2569
-2266
-1626
-937
-485
-189
21
208
411
473
510
746
1111
1502
1787
2035
2383
2734
2947
2813
2408
1934
1380
807
208
-390
-849
-1142
-1299
-1293
-1095
-848
-672
-570
-526
-396
-227
-115
32
204
462
822
1190
1612
1987
2282
2494
2522
2391
2113
1815
1471
964
470
8
-280
-459
-672
-783
-853
-792
-755
-835
-885
-958
-914
-847
-927
-1308
-2104
-2978
-3837
-4194
-4251
-4772
-5197
-5372
-4978
-3844
-2968
-2230
-1532
-834
-7
420
688
1012
1465
1852
1862
1976
2240
2876
3614
3782
3756
3577
3481
3428
2932
2126
1164
281
-596
-1526
-2192
-2564
-2584
-2532
-2589
-2404
-1839
-1126
-559
-258
-78
146
400
595
666
792
1028
1287
1526
1711
1998
2355
2574
2518
2218
1938
1584
1086
589
-14
-558
-888
-1190
-1262
-1179
-1073
-862
-745
-667
-482
-246
-45
74
212
414
730
1133
1414
1670
1922
2116
2257
2248
2096
1882
1617
1166
655
232
-142
-341
-511
-766
-878
-850
-789
-759
-766
-798
-804
-720
-780
-1247
-2110
-2976
-3680
-4063
-4410
-5033
-5411
-5405
-4884
-3928
-3104
-2219
-1284
-445
279
752
1121
1375
1666
1786
1718
1904
2231
2817
3382
3530
3538
3452
3480
3380
2835
2049
1104
211
-738
-1713
-2372
-2758
-2905
-2910
-2823
-2467
-1815
-1070
-435
2
230
481
726
775
773
778
843
1042
1285
1589
1981
2359
2619
2678
2523
2281
1986
1494
813
118
-469
-903
-1270
-1475
-1449
-1271
-1072
-881
-626
-319
-2
197
295
427
558
774
1033
1204
1371
1571
1789
1963
1979
1911
1838
1638
1261
814
343
-93
-435
-831
-1101
-1227
-1239
-1146
-1042
-945
-838
-747
-705
-684
-1154
-2078
-2923
-3671
-4058
-4400
-5116
-5452
-5305
-4706
-3757
-2795
-1787
-854
-11
639
1108
1469
1601
1770
1790
1630
1704
2004
2619
3140
3287
3347
3466
3600
3392
2823
2129
1245
247
-796
-1712
-2351
-2755
-3011
-3074
-2854
-2401
-1742
-953
-265
197
432
565
748
835
725
617
639
751
930
1231
1714
2195
2494
2563
2528
2433
2130
1649
1037
313
-324
-822
-1223
-1356
-1304
-1243
-1069
-802
-521
-217
100
342
472
546
634
785
948
1060
1126
1256
1456
1562
1611
1651
1640
1503
1231
845
430
101
-300
-758
-1022
-1200
-1289
-1174
-1105
-956
-809
-804
-625
-680
-1495
-2390
-3144
-3741
-4084
-4829
-5567
-5535
-5140
-4499
-3519
-2496
-1483
-456
341
942
1582
1811
1866
2034
1850
1635
1752
2121
2678
2987
2975
3156
3590
3655
3245
2663
2021
1197
46
-1111
-1926
-2469
-2966
-3356
-3314
-2848
-2267
-1581
-790
-55
436
697
891
1125
1085
771
571
596
734
908
1176
1632
2088
2327
2421
2495
2400
2004
1474
887
304
-327
-922
-1241
-1323
-1318
-1268
-1096
-706
-354
-64
233
449
651
738
782
977
1104
1133
1207
1288
1420
1526
1487
1432
1407
1233
934
613
364
128
-342
-765
-1016
-1182
-1202
-1286
-1260
-1058
-1050
-839
-679
-1279
-2156
-2987
-3509
-3632
-4229
-5214
-5552
-5242
-4638
-3847
-2983
-2088
-1030
-112
548
1275
1756
1940
2113
2048
1820
1734
1980
2492
2826
2807
2749
3142
3607
3458
2949
2379
1729
905
-241
-1265
-1854
-2331
-2885
-3176
-3023
-2573
-1945
-1271
-616
-23
425
774
1148
1240
957
693
611
669
724
718
989
1456
1793
1966
2102
2261
2162
1777
1252
725
209
-387
-869
-1161
-1299
-1305
-1210
-906
-512
-183
121
387
628
795
878
968
1053
1088
1099
1196
1319
1396
1429
1410
1385
1313
1104
822
589
309
-74
-466
-797
-992
-1086
-1183
-1207
-1134
-1116
-958
-1010
-1823
-2642
-3226
-3609
-3681
-4473
-5470
-5538
-5115
-4370
-3572
-2797
-1861
-869
62
789
1561
1980
2099
2262
2068
1889
1829
2032
2563
2690
2533
2559
3005
3413
3170
2679
2180
1569
714
-400
-1242
-1781
-2379
-2930
-3186
-2968
-2406
-1769
-1108
-458
117
526
907
1312
1315
1001
779
739
777
712
652
876
1270
1546
1669
1851
2084
1995
1621
1165
718
322
-184
-706
-1023
-1231
-1369
-1297
-985
-601
-252
113
461
774
1044
1199
1293
1317
1202
1079
1168
1285
1273
1235
1178
1212
1182
1009
806
583
331
1
-389
-716
-932
-1093
-1321
-1466
-1508
-1395
-1226
-1737
-2501
-3000
-3439
-3535
-3990
-4956
-5273
-5036
-4532
-3851
-3143
-2310
-1390
-402
422
1149
1723
1944
2236
2309
2134
2031
2085
2441
2528
2287
2210
2544
3025
2985
2603
2286
1879
1242
340
-483
-1104
-1780
-2480
-2897
-2898
-2628
-2193
-1569
-905
-325
136
591
1126
1422
1262
993
870
856
845
784
882
1087
1284
1457
1672
1966
2041
1848
1531
1103
697
210
-288
-650
-1011
-1259
-1347
-1221
-872
-576
-261
103
482
860
1062
1243
1304
1235
1171
1102
1103
1090
1065
1064
1040
1016
975
929
823
598
355
63
-255
-508
-764
-1039
-1221
-1407
-1516
-1797
-2564
-3082
-3375
-3616
-3870
-4622
-5063
-4933
-4652
-4118
-3535
-2866
-2096
-1238
-319
507
1223
1578
1906
2246
2205
2141
2185
2432
2589
2333
2187
2379
2744
2776
2424
2196
1926
1430
740
-9
-610
-1239
-1933
-2430
-2619
-2564
-2381
-1983
-1438
-889
-379
118
739
1222
1287
1199
1199
1183
1148
1065
1057
1198
1321
1401
1537
1787
1942
1857
1640
1305
979
643
156
-257
-651
-1056
-1282
-1318
-1147
-887
-602
-266
109
519
842
1094
1269
1343
1334
1216
1176
1181
1112
1061
955
905
890
833
858
829
694
435
122
-120
-391
-690
-990
-1211
-1579
-2397
-3057
-3467
-3723
-3871
-4497
-4993
-4932
-4716
-4198
-3603
-2994
-2340
-1687
-868
-53
703
1100
1374
1833
1962
1938
2019
2245
2493
2355
2143
2203
2478
2558
2270
1964
1666
1290
772
163
-375
-960
-1582
-2047
-2266
-2305
-2239
-2014
-1616
-1180
-771
-293
233
755
999
989
1078
1191
1314
1397
1370
1490
1651
1730
1840
1955
2053
1953
1711
1404
1016
683
304
-76
-460
-813
-1016
-1123
-1087
-916
-679
-416
-140
177
481
765
952
1051
1175
1213
1215
1210
1147
1090
997
932
920
958
910
733
612
475
287
-15
-297
-549
-805
-1058
-1706
-2474
-2912
-3299
-3616
-4095
-4711
-4913
-4861
-4501
-3962
-3357
-2657
-2075
-1267
-269
586
1175
1473
1814
2045
2072
2029
2064
2249
2119
1871
1798
1857
2030
1967
1737
1515
1183
737
264
-211
-812
-1437
-1968
-2288
-2405
-2432
-2279
-1912
-1502
-1100
-599
-55
492
886
1020
1178
1435
1602
1652
1691
1746
1783
1846
1915
2001
2057
1942
1745
1515
1164
777
371
-23
-363
-694
-911
-1012
-1048
-986
-851
-612
-315
-21
272
548
847
1041
1125
1196
1254
1290
1273
1212
1124
1094
1067
983
874
748
606
435
191
-97
-291
-527
-840
-1334
-2095
-2625
-2964
-3358
-3759
-4312
-4606
-4443
-4220
-3831
-3231
-2573
-1920
-1214
-457
271
867
1181
1435
1686
1691
1683
1792
1921
1917
1743
1672
1766
1908
1772
1452
1258
1016
580
91
-387
-819
-1304
-1789
-2077
-2180
-2144
-2029
-1787
-1412
-1043
-666
-192
257
643
838
947
1194
1385
1466
1506
1579
1749
1904
1956
1954
1982
1886
1674
1472
1207
880
499
105
-192
-424
-638
-774
-774
-685
-578
-436
-267
-18
259
457
625
791
897
977
1010
1040
1074
1056
1012
966
979
971
862
783
653
441
230
-34
-319
-589
-980
-1666
-2262
-2636
-2987
-3236
-3668
-4050
-3982
-3839
-3511
-2979
-2494
-1964
-1424
-802
-126
400
756
1034
1351
1476
1473
1600
1732
1817
1742
1614
1591
1686
1672
1459
1246
972
579
170
-240
-660
-1101
-1514
-1796
-1944
-1995
-1986
-1883
-1631
-1284
-942
-532
-152
207
556
721
949
1201
1340
1473
1563
1663
1752
1826
1833
1823
1801
1595
1376
1188
925
689
377
56
-105
-285
-439
-498
-487
-388
-304
-196
-24
141
324
452
542
693
781
809
839
848
866
883
853
808
835
783
621
478
309
105
-142
-411
-629
-902
-1404
-1877
-2176
-2491
-2771
-3100
-3395
-3385
-3251
-3022
-2605
-2151
-1698
-1202
-644
-103
382
708
922
1151
1251
1289
1383
1463
1484
1402
1293
1303
1347
1335
1194
997
774
446
116
-205
-530
-889
-1254
-1536
-1679
-1731
-1712
-1584
-1389
-1087
-786
-485
-100
208
405
567
756
939
1100
1211
1255
1387
1511
1551
1598
1577
1504
1371
1188
989
784
573
340
121
-85
-213
-288
-299
-227
-150
-35
74
192
388
528
626
717
730
751
767
720
742
758
665
589
541
478
405
270
117
8
-166
-393
-631
-860
-1204
-1648
-1950
-2182
-2396
-2616
-2872
-2919
-2762
-2541
-2157
-1724
-1310
-912
-491
-65
314
637
832
1002
1102
1083
1137
1209
1253
1221
1127
1092
1027
965
862
703
521
256
-12
-280
-570
-843
-1051
-1242
-1360
-1374
-1348
-1184
-986
-803
-559
-294
-64
130
362
508
596
764
871
983
1090
1122
1239
1305
1293
1283
1195
1066
924
769
615
429
262
118
-11
-83
-155
-139
-62
12
86
165
271
349
494
600
627
697
736
749
756
762
740
681
592
485
391
251
93
-36
-202
-366
-539
-779
-993
-1316
-1673
-1851
-2059
-2250
-2397
-2560
-2524
-2357
-2156
-1840
-1471
-1103
-736
-308
94
427
689
850
1030
1141
1122
1167
1240
1206
1137
1074
1026
971
850
702
584
425
172
-57
-291
-581
-811
-986
-1175
-1241
-1205
-1194
-1012
-788
-639
-408
-169
88
314
460
547
663
790
830
879
936
1031
1112
1092
1082
1053
975
866
734
578
373
198
47
-107
-252
-311
-274
-197
-123
-77
7
133
275
383
471
549
571
588
598
607
649
652
630
600
555
509
442
373
235
98
-60
-283
-455
-665
-926
-1196
-1486
-1698
-1855
-1980
-2059
-2123
-2100
-2003
-1850
-1581
-1282
-1014
-737
-448
-130
160
365
544
733
872
917
966
1031
1048
1022
975
934
875
815
711
577
417
211
24
-139
-328
-545
-701
-825
-901
-847
-800
-747
-624
-484
-274
-83
58
245
354
424
554
638
718
813
893
982
1007
1008
1029
983
898
778
637
484
309
145
-22
-169
-254
-297
-317
-259
-193
-128
-18
57
143
230
260
291
328
362
381
398
429
451
453
440
449
470
419
328
222
113
-18
-196
-363
-515
-697
-889
-1069
-1250
-1361
-1496
-1602
-1608
-1662
-1610
-1486
-1365
-1181
-977
-757
-559
-333
-105
51
202
306
398
527
602
602
640
696
687
628
599
628
621
527
410
327
204
55
-70
-194
-307
-393
-477
-509
-491
-439
-363
-312
-196
-51
26
182
312
366
459
518
597
701
788
844
884
903
903
879
809
749
636
492
401
288
173
45
-46
-78
-138
-161
-156
-144
-112
-108
-116
-96
-22
42
82
123
175
218
259
319
345
348
358
321
260
227
163
80
11
-103
-226
-326
-458
-562
-657
-800
-904
-1006
-1110
-1191
-1265
-1243
-1197
-1151
-1051
-960
-824
-628
-499
-332
-141
-32
90
171
240
314
338
335
345
353
363
369
341
337
351
320
213
122
86
31
-40
-132
-191
-220
-264
-284
-281
-230
-153
-95
5
116
182
263
339
398
471
519
556
617
659
650
662
674
657
635
590
548
515
445
372
296
200
145
107
62
35
37
27
12
29
48
56
74
77
70
71
68
76
78
92
106
118
159
143
123
144
128
85
26
-42
-64
-121
-216
-278
-372
-430
-487
-576
-619
-656
-715
-807
-880
-896
-900
-894
-871
-814
-709
-611
-523
-400
-288
-170
-62
-10
11
64
108
114
106
101
114
121
129
140
140
137
130
97
44
32
-19
-109
-146
-184
-200
-173
-167
-110
-30
22
123
235
345
443
519
571
589
591
604
599
577
572
559
553
532
490
444
377
326
280
235
193
151
117
91
105
119
104
73
62
111
107
72
82
92
84
48
29
47
83
69
82
103
95
81
59
36
-22
-64
-71
-111
-160
-184
-211
-245
-262
-296
-347
-363
-394
-453
-497
-541
-599
-641
-624
-617
-594
-537
-505
-425
-359
-344
-295
-236
-205
-179
-143
-116
-98
-64
-51
-52
-34
-16
-1
26
43
50
45
11
-16
-23
-64
-98
-90
-67
-42
7
44
43
84
120
151
225
251
295
341
342
408
451
470
508
491
479
511
493
456
418
385
338
255
233
214
188
192
131
112
160
165
151
148
141
126
131
114
119
112
41
32
27
-6
-12
-34
-40
14
13
-38
-42
-34
-33
-85
-149
-153
-164
-196
-219
-235
-204
-210
-268
-280
-286
-284
-276
-308
-315
-309
-358
-401
-425
-434
-390
-363
-363
-333
-285
-249
-250
-256
-222
-179
-155
-172
-157
-92
-70
-70
-57
-36
6
59
52
64
111
127
148
128
95
109
137
147
137
133
150
153
157
167
145
157
183
187
191
189
199
223
246
241
252
299
294
287
291
274
270
243
218
227
206
183
208
206
192
185
184
188
162
116
80
69
22
-38
-65
-66
-78
-88
-75
-59
-22
6
-13
-13
-11
-58
-76
-102
-156
-154
-167
-197
-195
-195
-200
-206
-222
-229
-216
-221
-251
-281
-304
-337
-380
-387
-377
-340
-303
-280
-223
-174
-142
-117
-85
-64
-59
-60
-70
-57
-58
-64
-26
-17
-17
25
50
75
110
109
115
139
138
148
138
100
100
89
77
83
86
103
129
125
122
131
97
91
97
112
166
181
195
209
221
244
242
235
248
264
264
261
260
260
260
242
207
189
184
150
98
67
50
17
-38
-64
-83
-115
-123
-139
-142
-128
-150
-132
-91
-98
-85
-75
-100
-84
-76
-109
-103
-98
-115
-120
-124
-120
-102
-117
-155
-157
-160
-186
-224
-255
-278
-309
-315
-318
-316
-290
-250
-213
-188
-152
-109
-82
-64
-34
-1
33
53
56
44
42
74
62
50
90
97
73
75
77
67
78
82
67
66
56
18
7
25
29
44
65
80
107
129
138
122
126
166
172
164
173
172
178
164
150
181
194
214
244
238
255
271
248
221
210
192
141
113
97
60
26
-26
-38
-44
-77
-69
-68
-106
-130
-131
-136
-132
-138
-167
-150
-141
-177
-158
-127
-121
-96
-71
-58
-37
-25
-37
-33
-35
-63
-96
-129
-144
-174
-188
-172
-196
-227
-228
-221
-210
-182
-167
-175
-163
-145
-146
-140
-104
-82
-47
-6
-9
34
70
57
85
118
147
143
128
139
98
82
81
50
32
-11
-12
-2
-40
-41
-21
-9
5
-1
11
41
42
48
74
95
124
149
153
169
180
145
169
225
223
206
195
196
211
217
196
182
202
191
143
107
97
83
48
20
-20
-41
-45
-69
-74
-93
-109
-99
-91
-76
-95
-100
-76
-67
-79
-80
-64
-86
-90
-72
-55
-43
-36
-31
-27
-18
-10
-23
-33
-33
-77
-111
-140
-165
-161
-178
-195
-181
-173
-166
-140
-127
-127
-112
-101
-119
-107
-77
-74
-77
-68
-47
-31
-32
-24
12
25
45
99
120
110
86
83
65
32
4
-9
-1
-16
-36
-34
-27
-26
-9
-1
17
38
34
70
96
88
132
153
137
151
143
135
159
167
174
198
200
179
163
167
160
148
136
103
73
28
7
20
9
-9
-23
-29
-46
-76
-79
-46
-25
-37
-27
-31
-34
-15
-23
-47
-53
-34
-48
-46
-17
-19
-31
-28
-26
-29
-19
-17
-34
-58
-77
-88
-92
-95
-103
-99
-113
-140
-135
-126
-91
-62
-61
-55
-62
-51
-49
-58
-56
-54
-44
-46
-74
-50
-21
-42
-27
17
24
1
18
47
48
48
39
41
36
14
-6
-14
7
6
-22
-25
-12
-22
-8
26
31
43
59
58
53
77
96
90
95
75
67
91
69
41
51
44
20
23
36
28
23
16
-7
-15
-15
-3
-4
1
24
14
9
29
44
31
36
72
61
57
91
58
48
59
32
42
35
4
7
10
-14
-48
-67
-63
-46
-49
-57
-71
-81
-67
-57
-52
-49
-40
-21
-22
-49
-30
-2
-20
-21
-17
-22
-16
-9
-11
-3
8
13
10
-24
-33
-25
-45
-42
-48
-57
-34
-37
-43
-34
-12
8
4
28
47
45
55
56
56
55
46
43
30
10
20
25
12
3
-2
-16
-22
-18
-20
-16
-46
-62
-67
-98
-92
-60
-80
-93
-59
-44
-52
-39
-24
-19
-1
-1
-9
13
31
18
11
34
44
35
65
81
78
89
87
80
84
89
83
74
73
56
33
30
16
9
16
8
-15
-9
13
-27
-47
-43
-64
-53
-35
-40
-38
-19
-27
-18
20
32
51
54
21
29
56
37
39
55
39
24
3
-13
-16
-10
-21
-18
6
-14
-43
-59
-61
-33
-42
-59
-12
18
0
20
27
18
66
81
81
121
124
128
120
80
59
29
24
37
17
-18
-63
-85
-92
-149
-160
-152
-166
-147
-145
-168
-167
-159
-163
-144
-132
-133
-104
-71
-48
-24
4
34
59
66
65
94
100
77
94
91
94
93
72
52
29
46
27
7
29
-3
-32
-13
-24
-42
-24
-33
-35
-20
-25
-26
-19
-5
16
28
28
20
35
66
84
89
97
74
68
100
80
67
86
58
36
26
13
32
22
-4
-16
-34
-57
-70
-51
-28
-19
-1
-6
-10
3
1
6
26
41
80
120
126
128
128
109
104
101
85
72
51
26
25
2
-53
-76
-79
-103
-118
-145
-179
-178
-169
-184
-218
-215
-179
-158
-140
-120
-114
-80
-54
-57
0
16
5
28
40
63
77
72
65
66
62
50
51
79
60
23
19
-16
-16
-39
-56
-16
-21
-47
-34
-14
-31
-25
-25
-28
-16
-30
-36
-14
2
13
40
37
54
70
65
97
97
81
85
75
76
63
33
32
31
29
21
18
31
6
0
27
28
5
0
-6
-9
7
1
11
37
49
34
45
48
57
79
48
56
75
55
43
52
42
29
32
11
5
2
-25
-41
-65
-67
-56
-69
-81
-90
-109
-119
-136
-139
-111
-109
-108
-106
-119
-82
-50
-59
-69
-47
-13
-14
-19
12
58
57
25
7
32
44
11
18
41
36
34
29
6
15
28
17
19
20
0
-11
3
-10
-21
-2
-9
-27
-4
9
-4
2
3
-1
0
2
29
52
38
8
13
34
36
30
41
35
26
42
19
15
30
22
20
42
44
36
51
37
33
33
18
18
34
33
43
46
24
14
9
-1
-2
11
5
23
8
-18
-29
-41
-26
-33
-47
-48
-59
-59
-64
-59
-49
-61
-57
-53
-82
-62
-62
-90
-57
-53
-57
-52
-65
-42
-27
-37
-15
0
1
21
9
-8
10
24
21
21
21
26
35
18
3
29
42
25
28
22
17
36
16
6
27
20
35
39
18
13
1
-1
23
37
28
20
19
18
17
15
17
23
28
18
-8
27
56
16
24
50
19
17
42
46
50
46
32
19
14
32
32
36
50
15
14
11
-19
2
8
-11
-9
-24
-50
-50
-58
-52
-35
-28
-27
-44
-47
-54
-48
-24
-39
-42
-29
-39
-48
-26
-29
-22
-6
-33
-35
-35
-36
-40
-40
-46
-43
-40
-56
-68
-81
-83
-82
-54
-51
-51
-44
-41
-39
-32
6
15
19
22
29
59
73
59
62
78
63
61
54
58
96
67
39
58
38
15
18
19
16
12
19
6
-7
15
20
4
9
25
16
15
42
47
45
49
36
44
53
52
56
59
64
71
63
55
93
69
24
38
32
43
48
3
-17
-3
-12
-32
-51
-55
-19
-11
-59
-61
-43
-72
-94
-92
-72
-50
-30
-53
-89
-54
-37
-70
-74
-33
-23
-27
-24
-45
-14
-2
-24
-26
-33
-17
-4
-32
-27
-19
-44
-61
-79
-72
-46
-60
-59
-25
-29
-38
-42
-54
-70
-50
-21
-24
-10
0
14
22
17
10
35
73
66
63
82
66
59
63
49
70
76
32
37
49
29
50
36
31
52
33
33
39
28
33
35
37
36
27
46
74
52
52
70
48
58
66
54
68
83
81
64
51
47
40
35
23
11
3
-17
-22
1
-14
-39
-45
-62
-63
-59
-77
-69
-75
-84
-72
-102
-85
-69
-92
-91
-65
-68
-69
-40
-53
-43
-40
-46
-21
-17
-17
-25
-26
-7
-18
-35
-14
-12
-32
-33
-43
-46
-45
-53
-51
-21
-20
-40
-24
-15
-20
-30
-37
-20
-14
-16
4
20
10
15
24
33
56
57
66
67
58
68
67
69
70
63
73
77
61
38
52
86
64
29
40
57
60
43
29
45
48
50
41
18
20
22
18
27
27
33
51
43
33
11
-2
8
19
12
13
21
-1
-21
-15
-23
-37
-31
-41
-51
-50
-48
-49
-58
-61
-65
-77
-81
-87
-87
-64
-45
-55
-52
-35
-41
-11
-3
-38
-27
4
6
-1
-10
-14
10
-3
-26
-22
-10
12
-1
-21
-35
-43
-14
-25
-56
-46
-34
-48
-60
-57
-60
-56
-46
-38
-22
3
2
15
15
10
32
42
40
56
85
86
92
99
83
72
76
85
82
80
84
76
69
54
26
32
44
33
16
12
31
31
19
9
4
17
9
8
10
-1
9
21
12
1
-6
0
9
3
6
21
18
10
6
4
-1
-7
-24
-33
-20
-29
-36
-34
-48
-63
-71
-46
-50
-60
-48
-54
-55
-51
-57
-59
-55
-50
-35
-39
-43
-28
-31
-39
-28
-23
-28
-4
-12
-30
-9
-17
-13
-5
-13
-9
5
-4
-8
-9
-39
-40
-16
-23
-36
-26
-23
-17
-14
-7
-2
3
27
29
31
56
52
43
66
61
53
78
75
80
102
98
75
75
81
61
60
65
56
43
38
30
15
18
16
17
19
5
6
13
5
0
-18
-29
-6
5
-3
-1
10
11
13
23
27
28
9
6
9
-14
-12
-17
-32
-23
-31
-52
-57
-51
-53
-59
-44
-33
-46
-56
-73
-62
-51
-58
-59
-57
-48
-30
-20
-28
-30
-26
-19
-18
-12
-13
-6
-11
-22
-31
-32
-20
-32
-40
-24
-9
-29
-62
-43
-31
-34
-28
-33
-13
-12
-27
-7
-10
-29
-15
10
28
41
53
66
74
66
81
97
96
93
86
93
108
98
89
95
84
77
65
49
49
47
34
14
15
12
-9
-13
-15
-16
-47
-34
4
-25
-18
3
2
0
-7
-9
-9
1
17
9
12
16
2
24
37
12
2
-3
-7
0
1
-14
-29
-4
-1
-21
-29
-29
-45
-56
-52
-66
-63
-72
-72
-66
-79
-59
-44
-34
-27
-34
-32
-22
-17
-31
-31
-30
-39
-23
-18
-25
-28
-36
-25
-8
-24
-34
-28
-26
-11
-11
-21
-9
3
-1
3
-7
-16
11
7
2
16
23
36
50
46
45
53
48
41
47
67
69
69
87
85
76
78
61
56
59
48
38
26
22
11
12
30
24
-3
-5
5
-7
-11
7
8
-6
-2
-2
-5
5
-14
-16
1
-14
-7
-2
-11
-4
-3
6
6
-19
-19
-11
-15
-15
-11
-16
-4
-2
-24
-24
-18
-24
-30
-45
-31
-9
-38
-36
-14
-21
