1
2
0
-2
-2
0
-2
-5
-6
-3
-5
-6
-5
-5
-2
-3
-5
-2
0
-1
0
1
1
-1
0
2
-1
0
-2
-2
2
-2
-2
0
-2
-2
-4
-6
-5
-5
-6
-6
-8
-6
-4
-8
-7
-9
-9
-4
-5
-6
-4
0
-5
-5
1
1
0
0
-3
-2
2
2
4
4
6
8
9
9
7
12
20
20
21
20
18
20
24
24
22
19
19
19
17
18
17
20
17
11
8
4
4
-2
-2
-3
-6
-2
-3
-10
-12
-14
-14
-14
-20
-19
-14
-19
-27
-27
-26
-33
-38
-41
-39
-46
-64
-71
-59
-46
-52
-60
-56
-52
-47
-46
-32
-10
-1
0
11
27
42
39
43
60
70
71
61
63
71
63
57
51
48
41
11
-1
11
23
19
-4
-25
-27
-21
-15
-12
-10
-8
-12
-11
-2
17
23
22
32
39
58
76
77
84
92
98
113
120
121
116
97
88
95
106
108
104
97
81
58
51
62
57
35
-3
-41
-52
-58
-78
-103
-135
-159
-188
-259
-346
-401
-381
-323
-323
-383
-420
-412
-387
-353
-283
-200
-151
-158
-153
-62
45
111
141
182
246
280
304
325
334
325
283
265
286
263
206
159
108
51
6
-29
-56
-85
-133
-158
-156
-146
-143
-141
-130
-110
-88
-49
14
55
73
100
139
190
230
218
183
192
198
192
191
180
139
70
32
30
43
30
-28
-62
-68
-94
-100
-82
-55
-52
-69
-37
14
37
36
43
90
145
177
199
209
210
204
193
193
198
225
226
179
160
163
132
81
53
73
88
25
-94
-201
-245
-274
-298
-315
-427
-615
-766
-789
-696
-654
-712
-772
-769
-731
-691
-597
-433
-306
-277
-227
-79
122
255
299
365
473
569
624
682
741
714
629
574
564
542
467
359
233
110
12
-64
-137
-210
-294
-379
-428
-437
-417
-399
-394
-385
-336
-243
-166
-119
-85
-20
114
259
329
332
321
358
449
515
531
497
413
349
325
337
340
281
173
67
26
19
18
-6
-70
-94
-67
-26
35
78
90
93
122
175
239
301
322
314
351
412
422
389
359
358
314
247
200
125
-23
-230
-321
-301
-327
-509
-918
-1320
-1474
-1358
-1153
-1130
-1330
-1533
-1542
-1386
-1162
-941
-745
-604
-541
-398
-75
298
529
588
650
854
1089
1195
1222
1232
1164
1050
966
989
996
805
494
217
57
-55
-177
-303
-469
-635
-747
-807
-801
-748
-701
-670
-625
-550
-422
-227
-67
16
134
308
459
507
508
623
810
889
837
731
647
610
551
510
505
432
257
75
-5
-22
-90
-177
-213
-201
-169
-141
-93
-9
63
107
125
225
390
479
509
517
568
650
678
655
645
652
602
485
360
251
135
-24
-214
-352
-478
-609
-716
-927
-1413
-2065
-2381
-2041
-1473
-1415
-1938
-2342
-2192
-1792
-1519
-1283
-870
-488
-485
-566
-152
599
1039
957
905
1298
1754
1830
1661
1627
1680
1565
1364
1344
1403
1184
644
169
9
-38
-209
-484
-710
-868
-1027
-1150
-1127
-1011
-952
-967
-951
-788
-517
-249
-54
45
109
224
422
654
816
859
905
1041
1103
991
829
749
738
721
650
532
407
216
-50
-176
-103
-63
-117
-169
-154
-82
-33
2
102
239
330
430
586
677
687
670
660
717
790
802
731
648
595
534
443
271
69
-131
-397
-577
-686
-846
-986
-1252
-1834
-2609
-3070
-2805
-2083
-1742
-2260
-2999
-3017
-2391
-1837
-1563
-1231
-725
-448
-509
-268
579
1364
1451
1231
1513
2182
2489
2280
2041
2079
2130
1916
1708
1702
1563
1034
372
16
-17
-135
-466
-857
-1139
-1243
-1325
-1402
-1348
-1260
-1250
-1264
-1150
-817
-396
-98
-33
-90
-87
223
825
1310
1396
1213
1109
1171
1284
1393
1394
1253
1029
792
696
678
540
229
-84
-176
-125
-75
-62
-103
-129
-147
-110
78
298
368
328
382
557
723
741
703
743
842
940
937
867
760
583
408
291
141
-25
-292
-660
-994
-1228
-1397
-1761
-2617
-3676
-3895
-3026
-2198
-2472
-3513
-4057
-3537
-2671
-2229
-1879
-1180
-671
-805
-870
43
1392
1915
1610
1581
2306
3048
3077
2763
2731
2819
2626
2273
2210
2277
1878
976
230
22
-18
-316
-813
-1216
-1453
-1645
-1826
-1881
-1743
-1618
-1648
-1650
-1468
-1055
-562
-278
-267
-283
82
810
1421
1641
1612
1631
1686
1706
1764
1847
1828
1601
1240
1055
1067
895
451
22
-136
-62
6
-11
-88
-173
-217
-207
-79
145
325
388
336
427
669
841
883
803
821
1024
1110
1026
936
817
681
445
224
72
-184
-665
-1162
-1412
-1548
-2203
-3627
-4740
-4346
-3005
-2570
-3672
-4906
-4830
-3799
-3105
-2911
-2303
-1340
-1010
-1368
-1029
541
1965
2067
1574
1985
3238
3888
3528
3201
3399
3550
3197
2791
2817
2839
2094
907
286
299
205
-451
-1229
-1591
-1679
-1862
-2162
-2285
-2178
-2103
-2140
-2083
-1762
-1263
-810
-572
-499
-263
329
1040
1533
1802
1965
2070
2116
2074
2084
2204
2195
1911
1564
1394
1268
919
456
119
-4
6
-41
-167
-281
-292
-279
-270
-137
68
221
271
305
498
749
854
800
865
1097
1265
1303
1207
1110
1054
890
579
236
26
-96
-452
-1047
-1653
-2086
-2800
-4170
-5231
-4790
-3427
-3046
-4434
-6006
-5759
-4271
-3327
-3276
-2930
-1876
-1228
-1442
-1160
522
2246
2460
1863
2323
3805
4681
4264
3682
3919
4272
4011
3536
3405
3255
2468
1305
589
443
157
-591
-1347
-1782
-2059
-2343
-2637
-2702
-2664
-2723
-2698
-2437
-2040
-1778
-1584
-1164
-510
154
677
1121
1565
1946
2380
2774
2894
2762
2523
2421
2522
2551
2299
1857
1405
996
530
197
121
83
-91
-347
-497
-426
-297
-348
-441
-310
-65
109
260
510
736
783
750
933
1363
1588
1476
1316
1262
1187
986
743
616
356
-320
-1129
-1630
-1857
-2440
-3832
-5268
-5393
-4301
-3663
-4601
-6065
-6253
-5158
-4189
-3916
-3476
-2434
-1701
-1766
-1586
-63
1846
2453
2046
2264
3599
4716
4642
4204
4341
4669
4469
3909
3666
3697
3269
2134
990
430
178
-289
-975
-1666
-2278
-2663
-2844
-2930
-2992
-3008
-2980
-2925
-2778
-2564
-1880
-797
-177
-175
-33
774
1762
2399
2707
2934
3082
2993
2826
2824
3061
3047
2492
1895
1649
1482
1049
517
171
22
-66
-235
-378
-447
-541
-607
-575
-463
-277
-104
37
271
517
738
807
930
1246
1459
1487
1384
1393
1399
1122
762
448
296
24
-652
-1482
-2323
-3134
-4067
-4917
-4990
-4385
-4279
-5236
-6348
-6285
-5134
-4172
-3975
-3865
-3126
-2164
-1651
-1152
-4
1383
2107
2124
2536
3723
4701
4730
4268
4331
4809
4825
4341
3817
3490
3069
2283
1383
725
296
-220
-920
-1602
-2100
-2386
-2601
-2833
-2974
-2967
-2808
-2796
-3005
-2755
-1709
-583
-243
-452
-340
438
1444
2209
2649
2851
2783
2507
2466
2837
3231
3092
2413
1846
1654
1513
1220
802
384
56
-121
-160
-201
-307
-463
-608
-555
-344
-128
-60
-67
88
477
891
949
935
1021
1100
1275
1408
1457
1373
1117
827
628
431
-5
-600
-1088
-1585
-2505
-3809
-4851
-4934
-4309
-4083
-4812
-5929
-6307
-5561
-4633
-4222
-3905
-3330
-2687
-2186
-1660
-598
775
1622
1802
2122
3146
4218
4517
4285
4276
4646
4897
4644
4235
3928
3432
2659
1901
1437
1092
488
-375
-1218
-1749
-1992
-2196
-2427
-2690
-2942
-3095
-3040
-2764
-2288
-1869
-1768
-1739
-1322
-269
784
1090
909
1101
1912
2694
2916
2763
2664
2674
2626
2587
2682
2585
2008
1259
808
821
870
596
194
-138
-294
-274
-223
-222
-256
-359
-421
-301
71
417
481
400
356
533
938
1320
1415
1269
1066
947
901
889
865
720
241
-501
-1124
-1614
-2285
-3349
-4440
-4652
-4074
-3870
-4634
-5735
-6131
-5575
-4758
-4198
-3761
-3293
-2944
-2732
-2093
-844
466
1255
1522
1863
2673
3562
4101
4287
4334
4489
4646
4602
4401
4030
3483
2849
2230
1753
1351
779
-19
-828
-1421
-1729
-1974
-2247
-2508
-2747
-2876
-2916
-2792
-2414
-1995
-1879
-1945
-1665
-793
242
844
1022
1196
1614
2142
2496
2713
2902
2967
2809
2645
2648
2589
2269
1725
1234
989
888
766
499
162
-82
-216
-266
-264
-218
-248
-347
-402
-262
45
262
306
323
462
695
886
989
1025
1129
1135
912
708
703
817
543
-232
-997
-1503
-2106
-3192
-4246
-4270
-3547
-3514
-4754
-6068
-6115
-5129
-4451
-4426
-4174
-3472
-3012
-2929
-2453
-1145
268
835
879
1460
2634
3527
3776
3821
4135
4630
4864
4745
4580
4356
3841
3088
2419
2062
1822
1261
303
-603
-1104
-1349
-1677
-2147
-2509
-2734
-2901
-3064
-3053
-2661
-2222
-2071
-2080
-1939
-1327
-358
473
976
1194
1344
1661
2082
2522
2919
3129
3035
2733
2558
2548
2445
2105
1626
1319
1206
1006
707
410
160
-15
-157
-215
-146
-177
-362
-522
-431
-121
101
197
184
249
560
799
895
880
910
943
827
698
681
734
488
-150
-894
-1451
-2122
-3175
-4071
-4000
-3213
-3185
-4624
-6167
-6168
-4921
-4055
-4173
-4237
-3625
-3060
-3019
-2734
-1343
281
834
597
990
2437
3491
3543
3428
3915
4705
4897
4572
4374
4376
3995
3249
2697
2462
2167
1459
504
-237
-630
-912
-1273
-1759
-2246
-2602
-2866
-3044
-2947
-2586
-2235
-2175
-2408
-2527
-2007
-821
309
761
761
821
1136
1658
2299
2869
3135
2980
2658
2542
2683
2723
2411
1941
1638
1545
1368
1042
810
595
298
77
1
36
-30
-306
-547
-412
-135
45
53
-79
-32
241
421
502
705
899
799
502
353
478
609
313
-388
-1167
-1984
-2999
-3700
-3543
-2811
-2799
-4217
-5799
-5960
-4934
-4061
-4051
-4208
-3802
-3359
-3177
-2783
-1614
-286
213
163
615
1889
2978
3178
3119
3547
4267
4628
4529
4427
4361
4038
3454
2926
2715
2545
1968
1027
203
-205
-358
-681
-1270
-1866
-2326
-2627
-2806
-2798
-2573
-2323
-2294
-2515
-2629
-2275
-1414
-493
63
298
488
764
1138
1669
2239
2655
2842
2787
2674
2651
2677
2500
2213
2079
1951
1735
1462
1164
917
736
519
372
325
190
-72
-253
-249
-151
-80
-98
-203
-88
143
298
383
396
510
536
439
360
493
555
211
-435
-1102
-1796
-2820
-3691
-3524
-2571
-2399
-3916
-5734
-5900
-4656
-3809
-4089
-4298
-3691
-3219
-3450
-3239
-1763
-178
126
-286
157
1627
2792
2912
2864
3386
4132
4393
4235
4172
4276
4158
3606
3041
2817
2710
2222
1295
403
34
-6
-293
-1023
-1739
-2081
-2315
-2676
-2844
-2518
-2094
-2280
-2831
-2874
-2316
-1592
-979
-448
78
356
364
515
1098
2007
2609
2659
2589
2634
2617
2536
2488
2458
2393
2235
1943
1634
1410
1282
1142
905
674
576
467
179
-74
-145
-39
40
-46
-209
-226
-32
122
209
214
214
301
338
316
352
456
250
-295
-1019
-1979
-3146
-3737
-3005
-1940
-2301
-4314
-5949
-5603
-4184
-3551
-3999
-4242
-3696
-3378
-3623
-3210
-1621
-132
-106
-685
-50
1547
2607
2549
2442
3169
4081
4331
4097
4093
4275
4115
3467
2961
2973
3054
2484
1275
372
296
468
110
-779
-1546
-1938
-2262
-2578
-2607
-2229
-1982
-2379
-2949
-2828
-2090
-1602
-1438
-1020
-249
272
177
83
601
1527
2246
2509
2533
2570
2515
2307
2264
2534
2739
2544
2099
1745
1600
1607
1523
1285
1059
796
503
314
196
171
175
51
-97
-166
-101
-61
-93
-2
101
193
233
201
189
215
249
41
-408
-1169
-2459
-3750
-3715
-2272
-1385
-2721
-5197
-6156
-4910
-3406
-3420
-4163
-4047
-3376
-3396
-3736
-2860
-875
184
-594
-1158
118
2060
2633
2031
2168
3315
4164
4014
3694
3974
4305
3866
3061
2885
3259
3187
2164
943
502
718
777
141
-806
-1399
-1685
-2016
-2358
-2353
-1976
-1911
-2484
-2942
-2659
-1991
-1640
-1540
-1078
-313
24
-227
-221
584
1555
2064
2168
2193
2264
2203
2045
2150
2556
2762
2459
1964
1734
1749
1775
1624
1384
1153
914
713
551
482
396
201
-5
-123
-99
5
-15
-167
-115
107
181
53
-72
63
321
346
-133
-815
-1680
-2934
-3740
-3110
-1643
-1470
-3429
-5584
-5701
-4067
-2974
-3479
-4105
-3650
-3117
-3449
-3540
-2153
-375
-86
-901
-779
813
2171
2124
1685
2360
3587
3983
3640
3473
3853
3976
3442
2944
2981
3168
2722
1681
916
820
972
751
-58
-876
-1311
-1533
-1834
-2178
-2167
-2007
-2229
-2742
-2847
-2362
-1871
-1675
-1487
-988
-385
-168
-334
-97
711
1443
1785
1956
2077
2105
2067
2039
2245
2537
2589
2321
2007
1936
1992
1924
1652
1363
1199
1040
813
650
620
457
196
-44
-134
-49
3
-102
-115
39
135
-10
-231
-127
212
417
56
-597
-1130
-1967
-3256
-3707
-2540
-1128
-1773
-4327
-5952
-5059
-3296
-2958
-3759
-3840
-2976
-2857
-3619
-3328
-1447
17
-322
-1130
-434
1361
2180
1674
1591
2729
3721
3642
3207
3303
3834
3841
3200
2749
2891
2943
2325
1364
857
1138
1288
599
-401
-915
-1005
-1239
-1799
-2036
-1734
-1683
-2197
-2725
-2618
-2175
-1944
-1789
-1341
-692
-410
-591
-633
-54
788
1312
1529
1683
1861
1861
1763
1892
2239
2510
2386
2071
1917
1992
2098
1926
1619
1451
1348
1142
900
868
893
621
185
-117
-44
150
78
-58
-138
-108
-82
-161
-154
8
110
-22
-340
-675
-1269
-2507
-3610
-3316
-1840
-1246
-2686
-4742
-5291
-4114
-3070
-3274
-3640
-3172
-2718
-3175
-3586
-2531
-686
-51
-709
-881
253
1519
1730
1538
2061
3072
3503
3165
2999
3399
3703
3453
2931
2721
2840
2672
1942
1210
1055
1241
1072
369
-385
-677
-825
-1262
-1750
-1797
-1528
-1748
-2410
-2657
-2210
-1909
-2123
-2063
-1387
-669
-584
-908
-765
8
736
1052
1273
1610
1772
1625
1509
1815
2319
2445
2187
1932
1957
2101
2094
1932
1718
1593
1449
1217
1047
1031
973
668
285
102
128
143
63
28
80
56
-121
-258
-138
103
115
-187
-578
-972
-1854
-3152
-3572
-2507
-1307
-1866
-3879
-5145
-4504
-3227
-3052
-3569
-3399
-2670
-2699
-3438
-3164
-1441
-46
-302
-1066
-489
1065
1755
1385
1500
2563
3370
3165
2759
3075
3651
3542
2912
2601
2812
2858
2281
1459
1054
1128
1117
675
-21
-466
-642
-936
-1420
-1709
-1593
-1641
-2204
-2695
-2397
-1750
-1707
-2144
-2111
-1331
-617
-587
-772
-457
238
668
840
1245
1712
1803
1500
1363
1803
2316
2346
2058
1885
1986
2113
2012
1848
1760
1636
1376
1089
1049
1156
1075
610
104
20
229
325
202
60
-10
-76
-284
-316
-9
310
195
-401
-885
-1262
-2039
-2992
-3093
-2064
-1361
-2354
-4188
-4879
-3949
-2962
-3126
-3487
-3024
-2496
-2875
-3409
-2677
-970
-141
-649
-921
-24
1169
1453
1300
1812
2706
3118
2865
2752
3198
3530
3288
2787
2565
2643
2560
2078
1481
1172
1158
1023
518
-150
-528
-609
-866
-1323
-1553
-1510
-1670
-2221
-2536
-2162
-1694
-1838
-2194
-1964
-1213
-768
-921
-935
-432
190
526
721
1101
1467
1475
1291
1415
1905
2232
2170
1963
1883
1988
2112
2112
1990
1854
1664
1413
1261
1274
1329
1136
695
308
252
380
402
247
83
-4
-116
-228
-237
-17
137
-67
-568
-1075
-1506
-2195
-2981
-2989
-2083
-1566
-2534
-4173
-4678
-3775
-2916
-3031
-3352
-2920
-2459
-2858
-3214
-2283
-715
-165
-682
-817
122
1135
1392
1447
1970
2609
2763
2623
2771
3205
3344
3080
2721
2532
2507
2433
2093
1536
1140
1069
973
514
-95
-403
-458
-755
-1290
-1517
-1407
-1675
-2355
-2596
-2033
-1452
-1640
-2096
-1979
-1340
-918
-930
-767
-259
169
297
500
1017
1461
1461
1281
1378
1736
1998
1995
1963
1997
2033
2018
1997
1947
1824
1640
1441
1295
1277
1262
1063
682
335
290
405
405
226
45
-26
-103
-253
-301
-80
145
-20
-577
-1166
-1652
-2266
-2845
-2732
-1915
-1610
-2656
-4071
-4397
-3576
-2825
-2878
-3117
-2831
-2533
-2804
-2953
-2105
-772
-259
-658
-739
68
988
1304
1385
1884
2497
2633
2510
2749
3183
3252
2994
2697
2526
2470
2331
2042
1676
1323
1121
963
589
65
-292
-448
-681
-1089
-1296
-1252
-1558
-2272
-2595
-2091
-1502
-1614
-2041
-2047
-1559
-1134
-1028
-800
-287
53
88
256
789
1305
1400
1278
1314
1608
1863
1910
1959
2084
2140
2089
2031
1988
1923
1761
1579
1479
1438
1340
1115
739
456
445
464
341
134
-26
-95
-175
-328
-326
-125
-15
-244
-754
-1312
-1968
-2765
-3063
-2419
-1581
-1802
-3238
-4407
-4164
-3148
-2712
-2969
-2938
-2518
-2541
-2963
-2709
-1480
-364
-322
-803
-518
477
1121
1287
1573
2165
2565
2536
2554
2861
3182
3144
2831
2600
2539
2478
2253
1913
1549
1268
1110
859
443
44
-231
-463
-833
-1212
-1323
-1470
-2015
-2545
-2341
-1601
-1367
-1907
-2333
-1987
-1334
-1026
-944
-677
-347
-195
-48
420
1093
1363
1163
1037
1296
1703
1915
1972
1990
1992
2017
2096
2162
2112
1917
1688
1577
1578
1538
1358
1028
738
596
552
514
353
228
134
-34
-241
-339
-181
-124
-398
-756
-1115
-1702
-2614
-3162
-2666
-1730
-1782
-3138
-4349
-4205
-3240
-2831
-3146
-3079
-2487
-2404
-2952
-2876
-1617
-383
-302
-808
-592
426
1192
1312
1502
2153
2651
2594
2458
2768
3232
3213
2805
2543
2519
2507
2343
2045
1682
1388
1143
816
449
84
-190
-417
-781
-1128
-1234
-1457
-2027
-2448
-2215
-1556
-1409
-1984
-2363
-1991
-1345
-1060
-1023
-830
-506
-305
-181
287
944
1137
940
870
1153
1603
1902
1957
1893
1843
1904
2096
2225
2113
1895
1735
1583
1529
1560
1480
1237
860
576
528
523
455
362
236
23
-236
-349
-212
-124
-365
-854
-1319
-1857
-2577
-2929
-2436
-1699
-1997
-3370
-4306
-3846
-2854
-2637
-3073
-3032
-2478
-2414
-2825
-2568
-1291
-276
-453
-900
-458
592
1209
1257
1490
2087
2472
2392
2373
2753
3077
3040
2781
2538
2460
2392
2195
1941
1668
1389
1189
951
516
30
-299
-477
-686
-956
-1196
-1503
-1983
-2293
-2000
-1509
-1510
-1947
-2181
-1863
-1315
-1040
-1036
-871
-547
-293
-33
364
773
903
778
826
1188
1601
1841
1862
1780
1745
1860
2085
2218
2124
1871
1656
1568
1538
1494
1403
1170
861
630
496
422
323
209
75
-62
-201
-280
-296
-466
-748
-1081
-1564
-2215
-2731
-2543
-1883
-1828
-2766
-3806
-3849
-3037
-2571
-2854
-3043
-2648
-2349
-2598
-2603
-1692
-577
-368
-848
-780
147
992
1245
1377
1779
2203
2294
2299
2601
2938
2957
2755
2608
2555
2452
2262
2059
1757
1435
1299
1191
869
339
-120
-333
-506
-738
-901
-1117
-1611
-2139
-2098
-1568
-1374
-1799
-2222
-2028
-1458
-1123
-1083
-1016
-815
-626
-402
62
613
811
612
519
857
1351
1634
1739
1772
1673
1604
1815
2072
2112
1947
1692
1567
1492
1380
1327
1243
1029
758
601
516
365
231
147
61
-91
-257
-260
-300
-600
-1062
-1497
-1921
-2340
-2406
-1986
-1692
-2264
-3415
-3852
-3148
-2374
-2410
-2794
-2718
-2369
-2356
-2497
-1964
-891
-353
-630
-815
-239
634
1059
1183
1528
1976
2108
2094
2351
2721
2831
2644
2512
2523
2440
2296
2169
1940
1595
1323
1266
1171
751
177
-194
-367
-555
-711
-793
-1119
-1740
-2096
-1771
-1273
-1361
-1921
-2197
-1835
-1356
-1190
-1178
-1028
-813
-687
-450
56
534
581
371
405
822
1252
1479
1597
1609
1576
1619
1774
1929
1915
1764
1672
1651
1590
1443
1278
1130
961
771
627
551
416
216
77
-15
-122
-181
-263
-455
-751
-1218
-1771
-2181
-2232
-1869
-1558
-1864
-2763
-3440
-3217
-2532
-2218
-2422
-2565
-2393
-2262
-2261
-2052
-1376
-693
-622
-799
-561
110
708
941
1182
1552
1799
1944
2132
2395
2514
2439
2390
2424
2430
2328
2154
2008
1776
1479
1316
1230
1053
648
173
-154
-321
-408
-539
-779
-1165
-1572
-1675
-1363
-1178
-1487
-1892
-1908
-1570
-1299
-1241
-1170
-1014
-903
-768
-437
30
280
248
219
398
744
1044
1290
1447
1487
1468
1506
1676
1785
1669
1527
1535
1583
1556
1372
1120
977
888
731
588
510
432
259
18
-133
-200
-232
-308
-459
-688
-1107
-1586
-1957
-1996
-1672
-1499
-1783
-2477
-2971
-2737
-2215
-1970
-2069
-2186
-2125
-2054
-1994
-1674
-1145
-758
-649
-593
-348
74
468
749
997
1239
1446
1615
1860
2082
2117
2042
2064
2190
2200
2022
1771
1676
1668
1549
1357
1183
991
713
357
81
-20
-111
-246
-492
-846
-1171
-1369
-1277
-1060
-1047
-1301
-1586
-1645
-1408
-1105
-964
-921
-896
-840
-693
-386
-64
100
147
199
376
629
854
1078
1248
1279
1271
1292
1407
1535
1483
1374
1386
1435
1316
1041
852
839
776
581
468
422
320
115
-94
-179
-171
-214
-351
-523
-760
-1114
-1519
-1749
-1607
-1254
-1216
-1681
-2225
-2415
-2147
-1760
-1653
-1748
-1794
-1757
-1699
-1573
-1280
-953
-778
-679
-499
-197
153
399
520
713
943
1110
1329
1567
1700
1715
1672
1694
1774
1795
1732
1658
1577
1442
1300
1171
1069
930
697
449
270
157
25
-138
-374
-675
-902
-962
-819
-682
-817
-1132
-1307
-1248
-1030
-828
-774
-833
-850
-748
-533
-271
-122
-109
-95
41
268
498
693
839
913
911
912
1032
1152
1154
1114
1100
1101
1040
905
756
663
615
517
423
411
368
225
64
-51
-67
-75
-153
-243
-384
-615
-891
-1161
-1296
-1154
-881
-861
-1248
-1714
-1899
-1728
-1422
-1255
-1275
-1380
-1473
-1539
-1427
-1127
-842
-709
-660
-556
-350
-133
38
264
480
584
696
899
1126
1253
1240
1252
1334
1394
1443
1462
1462
1409
1262
1149
1108
1070
979
804
607
455
356
272
143
5
-149
-388
-604
-620
-462
-397
-561
-845
-1020
-932
-713
-593
-655
-730
-702
-620
-485
-356
-291
-255
-206
-45
172
308
393
449
477
524
592
670
767
785
734
711
711
695
605
503
497
499
453
467
453
272
99
89
172
192
88
-42
-105
-210
-401
-592
-817
-887
-701
-547
-633
-1011
-1394
-1430
-1242
-998
-859
-954
-1138
-1298
-1291
-1062
-759
-578
-602
-653
-576
-417
-259
-85
98
225
305
407
596
770
840
877
911
923
967
1063
1141
1184
1118
982
924
934
933
882
757
585
463
391
331
275
190
1
-220
-350
-320
-206
-193
-336
-541
-699
-754
-626
-478
-436
-466
-589
-641
-547
-404
-278
-220
-206
-169
-69
57
136
173
208
220
269
366
428
464
480
466
428
414
427
452
500
517
481
413
342
296
277
298
301
216
124
56
15
35
-29
-143
-292
-467
-486
-461
-444
-462
-644
-868
-976
-928
-765
-667
-667
-777
-947
-968
-841
-669
-551
-547
-539
-492
-402
-219
-68
7
36
12
75
293
489
574
562
507
515
594
713
831
863
805
720
657
632
655
678
617
517
440
369
328
291
197
79
-45
-119
-112
-93
-136
-223
-336
-431
-410
-346
-325
-327
-375
-448
-437
-349
-294
-273
-266
-267
-200
-112
-39
11
-9
-22
-4
68
193
260
298
309
276
288
324
325
374
416
383
353
318
310
353
360
295
213
139
144
205
159
45
-62
-120
-79
-73
-147
-237
-329
-366
-343
-295
-312
-421
-537
-597
-524
-392
-344
-385
-464
-573
-580
-416
-261
-206
-265
-340
-322
-235
-107
12
35
-17
-38
24
154
290
347
296
240
230
287
408
477
426
317
280
296
316
332
305
249
149
78
81
92
124
90
-27
-67
-84
-93
-75
-107
-141
-165
-178
-175
-152
-106
-105
-167
-222
-218
-166
-84
-51
-84
-91
-92
-86
-30
28
83
85
50
53
100
154
179
195
207
232
263
266
293
278
248
256
250
250
244
241
208
136
89
100
124
122
76
65
40
-42
-66
-58
-48
-56
-117
-184
-167
-125
-126
-136
-141
-178
-236
-260
-236
-155
-108
-167
-227
-256
-244
-168
-131
-143
-170
-210
-191
-119
-62
-53
-90
-115
-99
-60
-39
-16
3
-40
-56
-56
-45
21
33
-13
-12
-13
-30
-24
-11
-7
-44
-88
-106
-75
-26
-4
-9
-29
-25
-24
-16
20
39
16
-9
-6
19
51
65
24
19
60
79
113
114
122
138
80
81
147
189
218
216
171
144
167
170
188
225
243
218
206
242
213
184
197
185
185
196
160
91
77
106
88
70
59
29
31
14
-26
-29
-13
-33
-36
-40
-75
-56
-43
-51
-47
-66
-102
-107
-93
-97
-78
-79
-123
-134
-122
-121
-106
-105
-150
-190
-200
-205
-204
-198
-215
-211
-214
-219
-197
-207
-202
-185
-200
-205
-192
-203
-179
-166
-191
-174
-145
-155
-165
-127
-95
-87
-81
-71
-44
-18
-10
-25
-3
17
53
60
8
19
44
60
96
96
110
143
121
118
136
156
172
175
193
204
221
211
203
240
254
253
259
245
212
215
212
218
253
280
266
204
188
196
177
166
142
124
125
115
100
78
92
77
39
55
54
27
-4
-20
-23
-31
-51
-72
-83
-58
-31
-41
-30
-40
-94
-88
-49
-71
-80
-77
-91
-97
-95
-130
-149
-120
-170
-199
-166
-176
-191
-215
-244
-255
-251
-249
-250
-253
-271
-266
-250
-261
-294
-300
-285
-249
-196
-176
-171
-163
-207
-179
-117
-111
-56
-41
-59
-32
-49
-40
36
62
67
75
73
80
86
94
110
131
140
142
177
186
148
147
150
167
178
188
219
196
175
171
215
265
250
225
199
194
208
221
227
227
210
188
178
166
156
162
156
137
113
92
108
115
101
77
68
90
102
77
48
67
77
64
79
75
57
36
13
18
25
-11
-49
-24
-43
-95
-113
-122
-113
-139
-170
-180
-200
-216
-221
-216
-214
-255
-295
-297
-290
-283
-273
-294
-298
-283
-289
-249
-226
-264
-265
-242
-243
-208
-159
-152
-133
-148
-175
-115
-93
-96
-78
-70
-31
-16
-44
-24
-4
-9
11
42
87
100
78
55
68
104
123
155
158
139
140
156
151
174
180
155
168
190
206
197
204
218
200
170
188
222
227
221
198
196
213
215
175
148
151
152
166
178
161
133
122
121
109
103
107
128
140
128
104
115
108
56
29
43
61
56
24
-17
-24
-50
-89
-97
-75
-90
-137
-153
-177
-189
-200
-210
-217
-239
-288
-313
-281
-276
-291
-315
-326
-293
-286
-300
-279
-261
-243
-213
-206
-174
-160
-174
-157
-123
-84
-74
-92
-87
-54
-49
-35
-27
-15
8
4
24
26
3
7
19
47
78
51
54
88
85
83
76
95
132
138
117
120
159
179
173
170
181
186
167
156
188
198
176
174
179
181
190
155
137
174
166
159
158
133
126
109
105
113
98
104
116
118
111
85
93
88
80
71
52
60
56
53
37
0
1
16
-13
-52
-79
-72
-84
-119
-128
-158
-157
-170
-226
-247
-231
-235
-237
-232
-255
-270
-300
-296
-256
-237
-227
-218
-203
-191
-159
-135
-142
-117
-111
-126
-61
-31
-38
-21
-35
-41
-16
-2
6
37
37
4
-15
-4
29
59
47
4
14
30
36
64
92
111
105
78
70
94
134
144
139
159
144
147
165
135
130
147
159
169
143
120
122
122
134
115
81
110
116
80
93
91
85
105
76
70
100
104
87
82
84
84
92
95
75
64
58
54
69
53
19
15
5
-23
-40
-88
-99
-83
-108
-125
-148
-178
-199
-218
-218
-206
-186
-213
-255
-238
-236
-239
-194
-213
-232
-167
-156
-157
-113
-130
-154
-125
-120
-97
-40
-19
-22
-32
-31
-27
-9
7
15
36
31
7
3
6
22
35
16
24
25
29
49
47
47
38
30
37
45
74
86
96
114
111
123
112
97
142
167
138
149
157
142
153
144
123
131
130
97
88
106
98
99
111
99
84
98
88
91
99
84
91
94
107
112
74
66
69
72
59
43
47
46
42
17
-9
-41
-75
-82
-77
-82
-106
-139
-145
-170
-204
-200
-216
-236
-230
-263
-245
-221
-251
-229
-216
-213
-204
-197
-172
-132
-126
-132
-103
-85
-58
-30
-34
-34
-11
2
8
32
18
6
23
8
-23
-18
-6
23
18
-34
-34
-10
4
19
36
27
23
36
36
54
89
80
64
90
106
123
143
149
143
143
161
156
153
163
163
161
142
128
145
121
96
97
103
105
90
97
105
105
69
34
61
79
64
76
97
87
86
74
59
52
45
44
47
52
35
23
17
-2
-29
-42
-62
-98
-109
-113
-119
-130
-156
-181
-190
-198
-221
-223
-212
-205
-195
-194
-216
-226
-193
-160
-145
-124
-102
-97
-104
-112
-96
-69
-51
-38
-19
-19
-32
-33
-27
-31
-31
-28
-30
-14
-21
-30
-27
-35
-45
-35
-10
7
9
9
50
75
58
55
57
78
106
139
134
113
135
154
149
140
137
139
171
165
147
182
172
129
125
104
87
92
100
110
103
91
68
61
76
76
71
87
91
66
55
49
46
52
58
54
50
41
27
6
-10
-2
-5
-26
-34
-49
-85
-75
-93
-116
-121
-137
-143
-139
-153
-178
-172
-163
-163
-184
-185
-165
-148
-135
-133
-112
-96
-94
-89
-72
-59
-55
-42
-30
-34
-46
-38
-32
-29
-41
-72
-78
-55
-51
-65
-67
-75
-58
-37
-50
-55
-36
-27
-26
-17
19
48
51
54
43
67
95
92
102
128
140
134
140
151
145
157
164
158
166
167
147
137
138
115
107
114
106
91
81
82
83
59
32
37
49
33
27
36
39
45
48
32
22
35
11
-4
26
19
4
5
-10
-21
-23
-46
-59
-49
-64
-67
-79
-96
-87
-98
-126
-137
-140
-151
-135
-116
-122
-109
-120
-130
-120
-121
-105
-93
-86
-84
-68
-42
-46
-53
-44
-42
-25
-25
-44
-29
-22
-45
-39
-33
-57
-39
-49
-63
-30
-26
-54
-49
-28
-31
-27
-9
-13
12
30
22
48
84
74
63
95
112
128
133
137
144
159
129
111
151
154
153
126
111
137
128
110
98
87
91
69
56
58
66
67
21
37
50
26
33
24
4
16
10
-7
12
14
6
2
-4
-9
-24
-36
-21
-8
-30
-53
-67
-79
-82
-81
-77
-79
-79
-93
-107
-100
-100
-99
-87
-85
-101
-119
-105
-85
-91
-82
-74
-65
-52
-76
-83
-60
-50
-49
-59
-47
-30
-30
-49
-54
-61
-70
-63
-76
-61
-45
-33
-30
-58
-66
-59
-23
-12
-23
5
10
-4
6
28
37
52
84
108
110
113
109
125
164
173
165
171
161
156
171
160
160
163
154
143
117
101
88
79
70
59
49
58
67
65
59
19
-12
-27
-23
-1
6
1
-15
-25
-16
-26
-61
-58
-22
-26
-47
-49
-48
-32
-51
-75
-52
-57
-70
-57
-45
-57
-76
-87
-93
-78
-77
-106
-109
-93
-102
-78
-62
-84
-77
-70
-66
-44
-54
-62
-29
-39
-60
-41
-47
-44
-29
-54
-60
-65
-78
-70
-35
-47
-82
-67
-59
-51
-57
-68
-51
-36
-28
-25
-12
8
8
31
44
45
80
89
87
93
91
141
187
149
140
171
167
173
146
139
187
165
147
133
110
110
102
94
83
75
76
82
53
17
-4
-5
21
13
8
0
-16
-2
-17
-44
-32
-37
-30
-25
-37
-17
-15
-42
-52
-39
-44
-51
-77
-79
-50
-50
-52
-70
-88
-73
-73
-80
-79
-89
-70
-54
-82
-64
-45
-46
-21
-43
-60
-42
-48
-37
-11
-20
-30
-37
-50
-37
-16
-40
-54
-60
-78
-65
-67
-74
-82
-89
-76
-71
-83
-82
-63
-44
-32
-28
-2
8
2
13
32
56
68
83
103
89
83
96
117
126
126
141
138
129
120
122
124
120
102
99
116
98
80
70
65
73
50
11
11
39
36
6
6
9
12
15
0
-4
-2
-18
-6
9
-2
6
13
-3
-12
-17
-8
-3
-22
-12
-12
-28
-42
-54
-61
-47
-29
-50
-61
-73
-63
-42
-42
-59
-71
-60
-56
-53
-55
-73
-59
-37
-52
-65
-52
-29
-38
-59
-69
-64
-53
-50
-48
-59
-65
-59
-54
-58
-75
-46
-44
-56
-45
-49
-32
-29
-26
-9
0
16
19
23
42
48
62
72
50
49
86
90
81
101
119
119
109
99
105
103
96
88
73
81
91
80
65
59
33
27
42
8
12
23
4
33
23
-20
-7
-3
-5
-15
-36
-11
-10
-19
9
-8
-27
-3
7
11
8
-13
-1
30
14
-6
4
15
7
-7
-28
-37
-37
-58
-58
-55
-43
-37
-58
-57
-49
-72
-82
-75
-58
-34
-33
-38
-32
-37
-50
-42
-39
-49
-40
-32
-48
-40
-45
-66
-50
-56
-59
-52
-68
-68
-67
-56
-27
-41
-31
2
-17
6
38
28
56
78
45
50
66
79
101
89
97
97
99
118
90
81
102
79
67
71
54
59
57
26
18
11
9
16
21
22
10
9
5
6
12
3
-4
-1
-2
3
8
14
-2
-2
3
-11
2
7
14
22
9
-3
6
12
2
0
-13
-17
-15
-16
-19
-25
-27
-49
-64
-52
-34
-32
-50
-56
-57
-69
-71
-60
-43
-25
-42
-75
-87
-84
-56
-23
-15
-26
-25
-22
-35
-51
-37
-23
-21
-24
-53
-51
-34
-32
-34
-34
-9
4
-11
-27
-9
7
12
36
57
79
96
66
55
79
87
95
80
72
79
89
88
76
77
62
42
30
32
39
28
3
2
11
1
2
17
3
-18
-7
-11
-10
6
8
6
-2
-8
5
13
13
28
9
14
27
11
25
21
13
41
33
20
30
5
-5
-1
1
-2
-15
-10
-17
-23
-32
-39
-37
-47
-58
-58
-67
-68
-64
-69
-68
-60
-58
-78
-93
-84
-62
-45
-53
-50
-30
-30
-34
-47
-55
-30
-7
-21
-37
-40
-26
-4
-12
-18
-2
-9
-10
-4
-14
6
29
29
40
57
55
58
78
76
81
85
55
59
83
83
77
82
80
62
37
26
36
53
46
19
9
8
-12
-17
-28
-30
-14
-24
-43
-32
-19
-23
-17
4
20
28
14
-5
1
10
27
26
35
51
52
47
33
28
41
33
9
16
23
17
6
-6
-2
-2
-24
-41
-37
-31
-24
-23
-33
-56
-61
-57
-63
-57
-46
-53
-55
-55
-66
-50
-54
-56
-49
-55
-44
-40
-48
-52
-44
-35
-33
-48
-38
-22
-22
-17
-14
-4
-12
-20
-4
11
12
8
14
42
41
39
43
45
51
50
59
53
73
88
53
45
60
70
67
55
40
49
55
27
10
18
22
15
15
6
-6
-22
-34
-58
-68
-43
-26
-17
-24
-24
-13
-22
-22
-12
6
25
16
12
25
23
41
57
50
52
50
39
37
24
21
33
36
26
8
3
0
-11
-8
-4
-16
-27
-34
-48
-54
-48
-31
-31
-54
-56
-61
-53
-36
-50
-60
-48
-42
-27
-40
-63
-52
-42
-51
-51
-25
-12
-22
-37
-42
-14
-3
-18
-5
4
11
25
5
9
39
41
45
35
35
68
72
59
56
52
63
62
44
48
47
50
44
26
33
39
33
12
-7
-9
-13
-11
-4
-18
-25
-31
-44
-41
-44
-40
-31
-32
-27
-26
-27
-6
-7
-20
-10
12
50
46
31
37
39
35
23
24
52
62
39
42
37
22
22
22
18
14
10
5
6
-15
-24
-27
-32
-42
-40
-32
-41
-55
-49
-36
-73
-86
-64
-46
-46
-60
-48
-35
-50
-74
-72
-55
-20
-24
-36
-17
-15
-18
-8
-8
-16
6
-5
7
28
21
30
32
40
44
51
55
54
61
80
69
44
49
72
79
60
56
51
41
28
29
43
32
13
5
5
-8
-15
-10
-12
-34
-38
-41
-37
-33
-39
-30
-32
-39
-29
-18
-26
-26
-25
-12
6
11
14
4
-5
-1
12
24
31
44
56
53
46
26
35
58
55
52
42
30
20
20
14
1
-13
-26
-28
-37
-47
-53
-54
-50
-55
-60
-65
-66
-69
-70
-66
-68
-75
-67
-60
-66
-63
-49
-35
-26
-18
-21
-13
-9
-19
-12
21
35
33
35
14
18
27
30
38
34
35
47
61
63
47
36
41
39
43
62
52
32
31
20
27
32
26
30
23
2
-3
12
14
6
4
-7
-15
-9
-14
-24
-12
-2
-24
-21
-10
-11
-5
-13
-5
4
-6
-20
4
15
-11
-20
-5
20
20
16
12
12
24
10
10
43
38
8
0
14
16
26
34
15
11
1
-15
-6
-13
-22
-11
-40
-56
-23
-33
-50
-56
-80
-76
-45
-46
-53
-56
-68
-61
-46
-40
-19
-18
-32
-21
-12
-4
2
8
5
-4
7
12
20
30
29
23
20
34
42
39
36
33
43
43
17
25
43
52
51
18
12
19
6
11
24
25
35
14
-10
1
12
3
-15
-15
-17
-13
-18
-29
-12
-1
-12
-21
-31
-28
-18
-14
0
8
15
20
3
11
21
29
26
11
25
43
48
34
24
39
42
25
28
30
23
7
2
5
3
12
-3
-12
-7
-26
-33
-31
-31
-30
-50
-66
-59
-60
-52
-59
-60
-46
-63
-46
-30
-36
-20
-36
-35
-34
-47
-28
-13
2
6
4
8
4
16
25
17
26
34
30
30
19
24
38
22
20
31
33
24
13
24
33
27
28
13
18
32
14
9
3
-9
-2
-6
-17
-3
0
7
9
-3
-4
-15
-11
-3
-5
-7
-10
-13
-12
-17
-17
7
4
-13
-7
6
15
13
25
39
28
24
20
35
57
39
39
44
19
18
24
17
13
23
24
3
-10
-8
-8
-26
-32
-20
-13
-33
-48
-47
-46
-38
-49
-46
-38
-43
-35
-47
-59
-47
-39
-39
-42
-36
-31
-46
-38
-20
-15
-8
-11
1
17
28
26
25
30
23
24
31
29
43
56
25
27
47
21
24
24
-1
27
33
6
22
14
15
23
17
16
13
2
-4
-4
-14
-10
4
16
9
-4
-8
3
-7
-28
-21
-9
-9
-13
-14
-20
-17
-13
-20
-15
-16
-23
-4
19
7
16
30
9
19
14
15
51
43
23
27
33
25
7
10
21
22
5
-6
8
0
-17
-19
-26
-31
-32
-35
-41
-42
-45
-51
-47
-43
-43
-33
-17
-20
-26
-14
-8
-14
-10
-9
11
20
15
6
-2
27
25
7
20
27
28
23
11
15
24
