-2
0
1
0
0
2
3
2
-2
-4
1
2
-3
-4
-4
-1
1
2
2
3
4
1
-2
-1
0
4
4
-2
-4
-3
-3
1
-2
-5
-2
-2
-2
2
-1
0
2
-2
-2
1
1
1
1
-2
1
6
2
-1
2
5
3
5
1
2
6
3
2
5
5
4
6
1
0
0
0
2
-1
-2
-1
-1
0
-3
-5
-2
-4
-1
-2
-4
1
3
3
2
1
5
3
2
5
5
0
-4
-3
0
-1
-2
-5
2
-12
-42
-35
-4
25
45
33
6
-7
-17
-14
2
10
1
-22
-35
-32
-17
0
5
12
13
2
-5
-7
-8
-4
-4
-1
3
1
-7
-9
-18
-32
-16
-3
13
10
-31
-42
-35
-9
29
-7
-39
-46
-46
7
31
35
38
1
-5
13
40
91
99
96
79
52
57
71
97
100
89
85
76
78
76
56
49
20
3
0
-19
-33
-55
-68
-52
-48
-65
-89
-116
-117
-103
-86
-81
-83
-82
-81
-70
-46
-27
-24
-27
-28
-24
-11
3
16
38
41
36
32
25
21
20
22
19
18
15
-1
-8
-11
-26
-35
-32
-39
-48
-57
-62
-58
-55
-56
-57
-50
-50
-52
-34
-15
-9
-7
-4
5
22
47
59
71
93
100
110
123
136
156
166
163
171
168
163
162
158
158
150
146
154
134
115
119
110
110
106
99
97
102
93
88
100
109
118
87
65
62
50
40
-10
-66
-86
-114
-104
-106
-164
-214
-373
-652
-882
-975
-851
-725
-775
-877
-963
-914
-843
-850
-819
-770
-709
-637
-528
-294
-77
122
333
471
562
579
622
749
903
1012
1044
1104
1155
1148
1172
1109
954
796
576
420
301
171
123
107
72
-48
-262
-431
-578
-688
-772
-859
-826
-803
-786
-680
-549
-386
-279
-254
-195
-117
9
165
315
469
572
669
766
855
900
837
813
764
638
575
514
528
549
513
499
453
395
292
146
40
-54
-139
-176
-141
-82
-44
1
-2
-11
-7
-27
-13
-11
-46
-26
-25
-10
6
-74
-166
-301
-437
-560
-838
-1263
-1695
-1985
-2020
-1913
-1914
-2054
-2124
-2102
-1998
-1813
-1732
-1656
-1464
-1271
-1055
-742
-325
192
716
1127
1404
1570
1694
1857
2031
2138
2211
2201
2173
2206
2159
2072
1917
1618
1279
900
477
121
-167
-323
-395
-506
-675
-894
-1059
-1156
-1250
-1310
-1307
-1274
-1229
-1106
-913
-704
-438
-219
-56
143
253
321
500
692
850
1013
1150
1260
1354
1345
1265
1219
1109
894
715
571
463
423
396
391
403
368
285
183
105
50
-14
-45
-65
-75
-54
-7
62
101
130
162
190
178
98
105
153
158
168
166
116
-22
-225
-449
-695
-876
-1161
-1622
-2201
-2720
-2861
-2783
-2715
-2788
-2883
-2812
-2647
-2454
-2275
-2099
-1812
-1513
-1194
-844
-443
121
735
1310
1766
2040
2244
2425
2649
2846
2901
2866
2746
2655
2553
2365
2156
1878
1554
1170
677
192
-277
-638
-851
-1039
-1283
-1536
-1675
-1709
-1697
-1691
-1666
-1581
-1443
-1239
-1008
-766
-451
-120
193
492
712
942
1197
1399
1619
1778
1812
1844
1828
1760
1685
1551
1355
1107
866
650
434
261
134
30
-44
-90
-151
-231
-234
-215
-230
-216
-209
-210
-147
-90
-18
124
209
321
456
499
539
537
548
606
594
492
387
253
1
-323
-694
-1002
-1300
-1825
-2510
-3111
-3447
-3478
-3514
-3671
-3775
-3689
-3394
-3092
-2818
-2551
-2253
-1835
-1452
-1125
-643
-13
678
1369
1932
2354
2702
3041
3335
3526
3571
3455
3301
3119
2939
2757
2475
2142
1790
1373
904
365
-161
-548
-913
-1260
-1632
-1984
-2176
-2241
-2183
-2115
-2026
-1852
-1654
-1420
-1176
-887
-567
-242
115
419
716
1042
1364
1694
1954
2102
2217
2268
2262
2198
2008
1779
1524
1273
1040
795
617
459
296
134
26
-34
-163
-238
-237
-319
-364
-420
-438
-309
-248
-208
-132
-20
129
261
347
434
519
572
583
564
519
487
390
178
-125
-501
-802
-1122
-1578
-2278
-3029
-3503
-3726
-3810
-3976
-4205
-4103
-3806
-3463
-3126
-2883
-2524
-2094
-1734
-1395
-982
-405
254
969
1626
2088
2600
3144
3594
3929
4014
3982
3859
3645
3450
3126
2826
2524
2123
1810
1358
846
381
-139
-523
-978
-1519
-1986
-2325
-2444
-2553
-2591
-2530
-2440
-2177
-1906
-1627
-1257
-927
-578
-266
2
356
730
1113
1504
1838
2141
2381
2542
2620
2638
2531
2313
2105
1814
1484
1191
872
657
496
315
199
76
21
-42
-174
-286
-415
-501
-571
-583
-555
-564
-501
-370
-227
-31
145
301
424
480
511
512
531
518
458
334
75
-270
-567
-855
-1233
-1809
-2548
-3135
-3484
-3725
-3966
-4197
-4258
-4109
-3809
-3487
-3168
-2791
-2394
-1982
-1591
-1225
-782
-232
390
1013
1562
2105
2710
3318
3789
4026
4133
4165
4083
3921
3593
3200
2864
2415
1957
1524
1092
699
256
-127
-509
-984
-1440
-1849
-2153
-2384
-2605
-2725
-2694
-2532
-2300
-2048
-1724
-1341
-995
-599
-189
189
563
873
1205
1529
1816
2110
2359
2580
2681
2692
2630
2450
2222
1916
1593
1265
955
709
489
316
190
94
18
-47
-136
-259
-344
-420
-555
-653
-693
-699
-673
-590
-433
-224
18
197
337
505
627
689
682
641
565
303
-82
-426
-727
-1021
-1536
-2237
-2851
-3273
-3465
-3702
-4073
-4239
-4100
-3900
-3798
-3672
-3253
-2672
-2229
-1986
-1734
-1210
-530
69
545
1084
1781
2437
2923
3307
3679
4051
4241
4221
4044
3810
3637
3401
2952
2382
1956
1569
1099
594
93
-243
-533
-970
-1438
-1794
-2045
-2274
-2511
-2683
-2674
-2524
-2364
-2185
-1870
-1474
-1103
-695
-312
100
583
931
1255
1600
1884
2210
2389
2496
2605
2613
2579
2430
2224
1973
1676
1418
1115
816
587
447
343
155
9
-71
-142
-203
-305
-422
-482
-564
-665
-687
-660
-576
-492
-383
-180
21
229
391
490
588
658
611
486
336
18
-362
-700
-1130
-1592
-2246
-2890
-3214
-3464
-3725
-4098
-4289
-4121
-3921
-3719
-3565
-3280
-2729
-2315
-2020
-1686
-1237
-548
35
458
980
1585
2251
2853
3278
3644
3989
4268
4332
4160
3996
3812
3535
3058
2430
1992
1633
1187
673
149
-152
-445
-894
-1301
-1668
-1896
-2128
-2452
-2649
-2684
-2601
-2492
-2364
-2125
-1776
-1349
-928
-498
-26
435
849
1228
1590
1904
2204
2452
2517
2547
2612
2631
2522
2270
2046
1869
1636
1331
1069
861
668
493
319
172
61
-30
-164
-307
-417
-537
-609
-666
-739
-726
-705
-651
-481
-331
-142
28
149
348
472
521
506
435
356
76
-287
-601
-937
-1378
-2113
-2826
-3206
-3465
-3686
-4092
-4424
-4284
-4026
-3787
-3648
-3354
-2778
-2337
-2005
-1760
-1366
-674
-96
328
726
1215
1953
2614
3089
3488
3852
4289
4470
4336
4163
4001
3829
3386
2715
2153
1742
1372
858
276
-95
-344
-699
-1109
-1427
-1623
-1852
-2165
-2443
-2589
-2600
-2616
-2569
-2380
-2121
-1756
-1313
-818
-309
226
723
1119
1527
1911
2230
2490
2567
2582
2628
2601
2511
2337
2140
1952
1745
1516
1256
1046
916
756
537
328
154
22
-138
-306
-437
-547
-645
-754
-810
-791
-753
-678
-634
-545
-294
-118
31
197
286
450
474
459
437
230
-66
-530
-908
-1275
-1938
-2688
-3278
-3571
-3803
-4237
-4563
-4499
-4210
-3914
-3742
-3504
-2924
-2381
-2045
-1766
-1413
-792
-215
211
603
1116
1870
2541
3062
3460
3850
4346
4620
4570
4368
4218
4073
3623
2964
2379
1935
1528
999
416
-4
-272
-571
-934
-1305
-1550
-1749
-2050
-2353
-2554
-2642
-2653
-2631
-2538
-2315
-1974
-1544
-1095
-623
-41
572
1034
1385
1767
2166
2434
2532
2550
2580
2616
2559
2364
2180
2040
1893
1688
1412
1214
1083
904
679
442
210
58
-65
-275
-502
-638
-703
-759
-873
-923
-852
-787
-678
-610
-482
-225
-83
77
190
298
432
395
445
391
181
-28
-438
-791
-1275
-1981
-2608
-3230
-3602
-3919
-4446
-4648
-4553
-4304
-4001
-3905
-3518
-2928
-2471
-2036
-1744
-1261
-602
-173
239
632
1239
2025
2534
3017
3447
3934
4493
4657
4659
4613
4445
4231
3731
3054
2522
2074
1515
895
333
-70
-329
-647
-1002
-1309
-1518
-1697
-2012
-2318
-2472
-2573
-2637
-2731
-2722
-2449
-2106
-1720
-1246
-719
-59
521
983
1498
1927
2345
2558
2594
2682
2678
2620
2477
2254
2117
1980
1820
1606
1434
1373
1213
1033
800
519
299
86
-150
-416
-646
-829
-943
-975
-997
-974
-907
-825
-674
-537
-411
-232
-73
49
120
216
345
388
362
334
296
85
-214
-595
-1052
-1551
-2295
-2925
-3403
-3850
-4218
-4679
-4745
-4561
-4371
-4054
-3833
-3245
-2617
-2266
-1744
-1253
-672
-153
140
615
1111
1686
2273
2758
3304
3739
4168
4555
4719
4768
4622
4392
4110
3550
2912
2338
1772
1158
484
-13
-341
-677
-1004
-1234
-1390
-1641
-1881
-2073
-2267
-2377
-2551
-2674
-2652
-2581
-2352
-2092
-1700
-1145
-608
43
622
1177
1772
2200
2566
2749
2820
2862
2804
2724
2491
2265
2115
1867
1651
1501
1390
1284
1105
932
731
539
324
44
-208
-460
-683
-902
-1064
-1130
-1165
-1142
-1095
-977
-774
-596
-361
-179
-43
174
234
340
460
395
438
390
208
3
-421
-808
-1196
-1864
-2525
-3121
-3611
-3995
-4524
-4824
-4700
-4521
-4331
-4167
-3789
-3092
-2542
-2094
-1657
-1097
-469
-70
326
780
1352
1989
2476
2953
3414
3925
4421
4669
4761
4748
4685
4517
4083
3473
2850
2334
1754
1002
356
-85
-403
-795
-1232
-1465
-1576
-1702
-1936
-2192
-2278
-2364
-2490
-2541
-2567
-2445
-2179
-1951
-1612
-1158
-581
113
658
1180
1718
2236
2692
2859
2914
3028
3019
2848
2556
2264
2066
1835
1530
1296
1167
1049
923
756
591
441
245
58
-190
-486
-699
-899
-1057
-1215
-1325
-1250
-1181
-1125
-940
-729
-473
-246
-57
189
343
470
558
510
518
494
271
-72
-563
-980
-1400
-2101
-2766
-3332
-3727
-4064
-4561
-4672
-4483
-4279
-4066
-3890
-3394
-2776
-2343
-1965
-1534
-931
-445
-90
401
909
1514
2073
2604
3159
3617
4156
4536
4737
4791
4699
4639
4297
3754
3222
2657
2142
1441
680
215
-103
-446
-874
-1233
-1362
-1491
-1737
-2020
-2202
-2236
-2369
-2543
-2613
-2565
-2359
-2139
-1861
-1472
-1002
-375
229
738
1268
1769
2280
2635
2798
2941
2979
2942
2776
2515
2313
2115
1868
1562
1341
1183
1009
861
665
493
361
157
-39
-274
-573
-744
-894
-1075
-1246
-1333
-1264
-1209
-1118
-985
-742
-462
-295
-57
190
393
528
515
530
547
381
91
-302
-723
-1188
-1796
-2447
-3025
-3467
-3889
-4315
-4543
-4473
-4248
-4051
-3875
-3577
-3013
-2432
-2068
-1647
-1106
-586
-165
187
624
1197
1807
2307
2783
3252
3778
4262
4538
4646
4612
4594
4439
4013
3480
2909
2406
1814
1075
474
66
-270
-656
-1013
-1241
-1368
-1534
-1779
-1959
-2088
-2187
-2322
-2452
-2465
-2393
-2243
-2034
-1754
-1332
-836
-279
279
798
1368
1884
2280
2587
2778
2933
2974
2832
2627
2389
2191
1958
1654
1387
1238
1091
880
745
611
465
340
144
-82
-303
-503
-684
-898
-1069
-1189
-1264
-1255
-1185
-1069
-885
-663
-420
-178
52
246
436
545
533
592
466
208
-133
-681
-1105
-1755
-2447
-2958
-3583
-3928
-4313
-4560
-4347
-4272
-4022
-3750
-3443
-2830
-2447
-2012
-1576
-1179
-669
-378
53
566
1057
1637
2117
2678
3205
3727
4233
4501
4724
4731
4630
4498
4014
3497
2946
2323
1768
1031
452
140
-245
-572
-942
-1150
-1207
-1437
-1591
-1785
-1947
-2054
-2281
-2392
-2450
-2437
-2319
-2157
-1887
-1534
-1023
-441
113
671
1215
1771
2207
2545
2776
2860
2933
2788
2530
2348
2083
1857
1642
1393
1246
1100
957
853
736
670
540
294
79
-154
-417
-639
-865
-1067
-1190
-1269
-1291
-1201
-1085
-931
-672
-459
-213
58
235
433
516
570
580
324
33
-482
-985
-1433
-2216
-2812
-3378
-3817
-4099
-4480
-4391
-4220
-3972
-3661
-3478
-2882
-2416
-2060
-1586
-1254
-794
-440
-92
344
737
1324
1812
2305
2869
3350
3965
4383
4568
4676
4644
4578
4259
3692
3131
2539
1977
1280
612
209
-173
-478
-819
-1087
-1148
-1274
-1417
-1635
-1825
-1938
-2190
-2361
-2461
-2512
-2409
-2299
-2099
-1819
-1439
-850
-264
325
893
1444
2022
2378
2642
2855
2937
2918
2701
2438
2220
2000
1782
1515
1327
1231
1138
1065
960
856
760
586
353
92
-168
-446
-722
-956
-1182
-1262
-1310
-1324
-1252
-1121
-850
-607
-420
-166
114
358
491
484
433
283
-42
-506
-1025
-1608
-2225
-2741
-3283
-3783
-4100
-4295
-4210
-4018
-3845
-3577
-3204
-2673
-2237
-1910
-1568
-1177
-714
-437
-215
212
746
1255
1665
2135
2755
3324
3773
4140
4436
4610
4601
4454
4100
3620
3136
2526
1869
1235
644
211
-157
-492
-783
-941
-1036
-1205
-1385
-1574
-1709
-1839
-2087
-2295
-2376
-2436
-2405
-2346
-2180
-1825
-1409
-875
-336
220
856
1400
1926
2313
2546
2810
2892
2799
2616
2415
2240
2003
1741
1503
1361
1289
1181
1126
1053
970
866
662
459
168
-105
-329
-623
-880
-1145
-1305
-1335
-1399
-1338
-1147
-888
-627
-389
-93
128
319
508
547
464
205
-175
-634
-1232
-1877
-2488
-3008
-3466
-3928
-4246
-4261
-4107
-3946
-3744
-3376
-2856
-2395
-2052
-1686
-1238
-874
-652
-387
-30
412
846
1256
1767
2269
2821
3421
3895
4304
4505
4575
4588
4321
3876
3376
2878
2321
1620
924
446
94
-299
-678
-890
-925
-1038
-1245
-1418
-1545
-1703
-1958
-2214
-2385
-2488
-2539
-2539
-2438
-2187
-1847
-1379
-791
-216
404
1022
1592
2076
2401
2678
2844
2854
2770
2576
2406
2212
1950
1732
1535
1444
1397
1309
1265
1179
1063
921
716
494
202
-98
-367
-706
-1012
-1204
-1355
-1447
-1450
-1351
-1143
-887
-671
-392
-87
130
312
409
344
220
-42
-485
-1025
-1721
-2288
-2757
-3296
-3761
-4145
-4218
-4036
-3880
-3698
-3393
-2843
-2354
-2045
-1702
-1317
-847
-605
-469
-147
203
662
1074
1481
1988
2454
3055
3601
3984
4242
4423
4563
4344
3913
3500
3067
2562
1806
1103
668
269
-108
-532
-772
-808
-946
-1120
-1291
-1403
-1519
-1759
-2003
-2221
-2399
-2428
-2439
-2423
-2270
-2011
-1568
-1057
-577
21
689
1330
1798
2146
2506
2745
2800
2661
2521
2421
2222
1946
1707
1612
1543
1414
1334
1286
1254
1193
1067
884
655
405
116
-197
-545
-882
-1117
-1256
-1384
-1461
-1371
-1192
-996
-766
-487
-198
55
226
300
312
211
-118
-524
-1015
-1648
-2162
-2706
-3250
-3677
-4059
-4133
-4015
-3866
-3616
-3317
-2832
-2367
-2013
-1600
-1220
-837
-591
-403
-98
217
570
908
1294
1799
2297
2864
3372
3775
4127
4344
4428
4254
3980
3657
3148
2588
1907
1243
759
306
-76
-440
-697
-792
-906
-1007
-1146
-1248
-1322
-1562
-1808
-2010
-2195
-2294
-2401
-2418
-2308
-2120
-1777
-1340
-823
-264
357
1015
1495
1940
2364
2617
2702
2620
2484
2349
2191
1996
1745
1580
1519
1414
1340
1344
1325
1273
1194
1060
896
657
370
63
-309
-666
-924
-1147
-1316
-1401
-1436
-1281
-1131
-942
-631
-409
-90
102
182
321
195
33
-244
-799
-1343
-1982
-2477
-2944
-3493
-3840
-4088
-3992
-3859
-3764
-3409
-3056
-2531
-2115
-1859
-1387
-982
-592
-394
-254
55
328
766
1116
1484
2044
2545
3063
3464
3810
4142
4300
4330
4079
3696
3350
2862
2245
1557
993
593
157
-270
-595
-751
-813
-949
-1095
-1187
-1235
-1370
-1595
-1817
-2039
-2154
-2262
-2367
-2343
-2236
-1932
-1533
-1096
-552
8
647
1222
1670
2114
2469
2638
2641
2583
2469
2309
2121
1832
1614
1529
1418
1322
1329
1356
1347
1310
1173
1004
839
586
280
-73
-452
-772
-1011
-1216
-1401
-1425
-1343
-1257
-1057
-814
-534
-209
-14
123
223
184
85
-287
-774
-1250
-1868
-2327
-2910
-3452
-3733
-4077
-4055
-3928
-3783
-3401
-3071
-2543
-2123
-1815
-1391
-1047
-660
-496
-284
74
300
668
967
1350
1879
2284
2831
3284
3693
4027
4119
4226
4097
3786
3422
2941
2399
1739
1151
684
251
-105
-469
-706
-779
-880
-984
-1097
-1165
-1279
-1532
-1733
-1904
-2060
-2214
-2341
-2348
-2278
-2082
-1743
-1290
-752
-186
417
1006
1489
1932
2344
2575
2644
2573
2456
2326
2107
1870
1663
1549
1459
1375
1388
1388
1379
1381
1285
1177
989
756
527
167
-204
-558
-867
-1074
-1271
-1421
-1385
-1264
-1111
-894
-666
-378
-97
77
128
72
3
-310
-756
-1252
-1945
-2401
-2901
-3495
-3863
-4186
-4092
-3889
-3788
-3478
-3085
-2477
-2032
-1729
-1278
-880
-459
-325
-220
116
376
727
955
1236
1789
2253
2748
3139
3464
3862
4091
4174
3941
3615
3363
2957
2393
1669
1058
640
224
-224
-633
-803
-825
-947
-1050
-1104
-1104
-1146
-1322
-1498
-1679
-1827
-1987
-2142
-2198
-2176
-1976
-1720
-1427
-931
-335
242
779
1289
1788
2259
2517
2602
2590
2519
2404
2160
1916
1705
1572
1453
1293
1249
1300
1355
1343
1270
1222
1098
937
689
320
17
-332
-689
-956
-1177
-1345
-1408
-1326
-1230
-1054
-783
-531
-272
-66
23
47
28
-228
-600
-1095
-1753
-2216
-2761
-3351
-3787
-4111
-4076
-4002
-3865
-3562
-3142
-2534
-2114
-1735
-1319
-863
-406
-280
-128
89
309
672
860
1123
1532
1966
2517
2905
3287
3701
4014
4143
3958
3729
3464
3073
2546
1848
1252
804
365
-98
-515
-706
-784
-934
-1068
-1120
-1066
-1085
-1262
-1435
-1634
-1764
-1846
-2047
-2223
-2197
-2022
-1805
-1509
-1144
-632
70
627
1080
1635
2109
2442
2573
2560
2555
2477
2271
1954
1719
1571
1425
1323
1233
1244
1277
1280
1280
1211
1132
1014
797
486
134
-184
-479
-783
-1092
-1276
-1379
-1364
-1251
-1146
-880
-576
-370
-77
8
12
93
-226
-570
-1069
-1733
-2119
-2719
-3296
-3749
-4126
-4036
-3987
-3876
-3580
-3179
-2509
-2111
-1699
-1221
-803
-310
-170
-8
210
409
731
846
1128
1511
1923
2473
2804
3183
3546
3825
4026
3889
3694
3442
3068
2572
1855
1262
815
360
-144
-628
-812
-899
-1042
-1116
-1192
-1156
-1126
-1266
-1421
-1545
-1621
-1816
-2014
-2111
-2163
-1973
-1784
-1616
-1170
-663
-69
522
977
1543
2058
2412
2552
2570
2611
2506
2305
1996
1737
1648
1483
1318
1220
1222
1333
1336
1296
1281
1234
1136
875
553
227
-134
-439
-773
-1107
-1307
-1385
-1397
-1334
-1177
-946
-642
-354
-146
-74
-42
-70
-313
-715
-1313
-1882
-2278
-2819
-3413
-3921
-4116
-3993
-3934
-3801
-3496
-2952
-2305
-1883
-1490
-1023
-542
-183
-56
91
289
549
788
924
1199
1518
1936
2414
2767
3158
3507
3816
3920
3771
3626
3373
3002
2404
1686
1154
717
262
-272
-706
-809
-897
-1079
-1175
-1182
-1047
-1030
-1213
-1380
-1468
-1532
-1705
-1930
-2065
-2032
-1865
-1749
-1573
-1162
-618
-24
476
968
1539
2023
2340
2470
2534
2556
2448
2230
1926
1718
1562
1388
1311
1244
1224
1277
1308
1305
1285
1244
1122
885
577
270
-51
-392
-746
-1074
-1286
-1361
-1398
-1384
-1257
-993
-690
-517
-321
-156
-112
-202
-506
-909
-1433
-1932
-2430
-3005
-3479
-3900
-4023
-3938
-3913
-3695
-3315
-2728
-2126
-1743
-1256
-739
-265
9
92
269
476
710
783
868
1213
1553
1995
2400
2716
3154
3520
3736
3726
3621
3535
3277
2892
2283
1609
1142
640
131
-342
-687
-814
-932
-1054
-1107
-1097
-1023
-1061
-1218
-1337
-1416
-1550
-1749
-1928
-2030
-1993
-1906
-1757
-1459
-1038
-507
46
566
1138
1670
2072
2361
2470
2502
2498
2354
2122
1902
1662
1451
1301
1210
1191
1218
1286
1314
1340
1335
1287
1144
885
590
261
-71
-438
-840
-1127
-1291
-1358
-1339
-1325
-1167
-896
-613
-380
-318
-244
-237
-448
-796
-1338
-1811
-2234
-2842
-3368
-3815
-4032
-3968
-3970
-3774
-3402
-2895
-2310
-1862
-1318
-840
-376
-11
107
305
505
671
813
895
1083
1332
1695
2124
2476
2885
3234
3522
3669
3588
3523
3330
2941
2398
1771
1280
798
285
-205
-619
-796
-918
-1031
-1062
-1047
-948
-967
-1056
-1110
-1230
-1349
-1559
-1771
-1876
-1964
-1901
-1769
-1565
-1180
-756
-230
293
788
1358
1829
2170
2347
2425
2447
2334
2132
1864
1655
1488
1304
1207
1166
1224
1280
1331
1394
1381
1396
1293
1076
860
529
188
-138
-518
-841
-1096
-1215
-1250
-1263
-1157
-977
-709
-495
-431
-326
-330
-516
-832
-1357
-1779
-2195
-2789
-3321
-3800
-3987
-3991
-4005
-3796
-3495
-2979
-2429
-2015
-1432
-898
-379
-12
128
356
547
722
849
946
1134
1367
1705
2019
2318
2707
3039
3336
3460
3414
3379
3235
2926
2391
1818
1335
815
331
-159
-556
-749
-923
-1060
-1101
-1091
-1021
-1009
-1044
-1049
-1148
-1247
-1401
-1625
-1748
-1862
-1835
-1712
-1548
-1185
-790
-310
202
697
1249
1709
2065
2249
2376
2461
2352
2170
1894
1665
1521
1318
1174
1131
1201
1256
1241
1309
1358
1346
1276
1114
882
579
269
-60
-379
-684
-965
-1116
-1154
-1120
-1062
-886
-709
-572
-423
-365
-383
-630
-1011
-1440
-1872
-2294
-2882
-3429
-3780
-3956
-4011
-4044
-3856
-3415
-2898
-2384
-1923
-1360
-772
-313
1
215
474
682
850
947
1026
1254
1504
1772
2028
2326
2712
3056
3288
3324
3307
3289
3111
2735
2200
1703
1282
782
216
-283
-608
-782
-965
-1122
-1120
-1042
-985
-994
-1028
-1016
-1058
-1159
-1300
-1514
-1628
-1681
-1699
-1605
-1466
-1153
-737
-333
132
661
1219
1641
1946
2157
2267
2326
2203
2001
1809
1629
1437
1217
1111
1071
1092
1158
1168
1246
1337
1346
1297
1124
930
708
388
47
-297
-599
-830
-965
-1036
-1075
-1001
-873
-761
-612
-475
-413
-477
-724
-1090
-1469
-1841
-2387
-2966
-3424
-3748
-3881
-4007
-3987
-3709
-3303
-2819
-2373
-1825
-1196
-672
-226
55
331
613
786
906
979
1121
1309
1530
1794
2068
2391
2710
2996
3187
3236
3274
3241
3008
2630
2127
1650
1251
736
190
-268
-570
-790
-1028
-1099
-1094
-1083
-1031
-1093
-1084
-1005
-1107
-1271
-1396
-1499
-1548
-1664
-1749
-1635
-1391
-1122
-833
-396
137
673
1173
1548
1862
2109
2238
2251
2169
2030
1839
1625
1393
1227
1121
1044
1066
1102
1174
1249
1268
1314
1231
1092
914
670
432
94
-219
-507
-771
-909
-1011
-995
-884
-780
-645
-539
-398
-363
-523
-807
-1212
-1488
-1824
-2426
-3001
-3457
-3692
-3802
-3975
-3913
-3630
-3198
-2758
-2331
-1705
-1156
-655
-238
37
364
607
807
959
1036
1122
1283
1579
1835
2069
2355
2670
2981
3103
3122
3196
3150
2894
2478
2020
1620
1159
627
87
-334
-575
-851
-1053
-1112
-1139
-1086
-1070
-1079
-1034
-967
-1030
-1218
-1332
-1426
-1493
-1548
-1635
-1536
-1311
-1057
-722
-316
180
685
1113
1439
1771
2085
2214
2190
2079
1940
1786
1612
1396
1220
1150
1100
1088
1099
1117
1185
1245
1186
1118
1044
840
639
356
-2
-266
-532
-774
-928
-961
-970
-893
-755
-738
-587
-431
-433
-522
-819
-1141
-1399
-1719
-2276
-2878
-3228
-3482
-3602
-3733
-3793
-3430
-3013
-2665
-2267
-1765
-1137
-674
-333
-39
263
581
717
851
955
1026
1244
1467
1703
1945
2211
2555
2809
2908
2969
3074
3100
2848
2440
2100
1792
1352
745
225
-104
-391
-672
-923
-1017
-997
-1039
-1092
-1104
-1043
-981
-1069
-1248
-1375
-1437
-1473
-1576
-1686
-1615
-1362
-1087
-815
-434
65
607
1022
1315
1646
2021
2191
2130
2084
1997
1841
1697
1473
1282
1204
1145
1120
1130
1141
1170
1208
1188
1066
969
844
581
275
-63
-328
-586
-847
-1017
-1088
-1037
-962
-869
-722
-594
-398
-304
-479
-676
-954
-1190
-1465
-2053
-2635
-3003
-3202
-3360
-3570
-3569
-3305
-2946
-2626
-2313
-1737
-1143
-716
-362
-116
188
497
647
731
829
964
1109
1311
1509
1697
1998
2303
2552
2681
2773
2959
2995
2750
2357
2023
1782
1372
829
350
29
-242
-597
-837
-871
-858
-900
-954
-948
-868
-788
-816
-991
-1168
-1263
-1304
-1368
-1527
-1572
-1370
-1121
-929
-656
-185
350
741
1049
1351
1716
1963
1953
1931
1871
1781
1623
1373
1219
1126
1065
1038
1016
1044
1098
1156
1152
1062
1020
921
732
460
119
-138
-362
-620
-849
-999
-1025
-1028
-993
-868
-668
-487
-362
-319
-473
-646
-853
-1106
-1367
-1970
-2552
-2806
-3025
-3200
-3420
-3412
-3081
-2766
-2487
-2164
-1552
-912
-550
-303
-71
273
556
661
724
754
859
1042
1200
1335
1538
1857
2149
2354
2492
2624
2814
2803
2527
2225
2002
1734
1292
773
346
31
-237
-541
-786
-801
-789
-862
-928
-919
-794
-684
-782
-1022
-1115
-1091
-1141
-1264
-1419
-1427
-1195
-1019
-901
-587
-98
360
670
930
1268
1668
1879
1804
1730
1721
1656
1525
1338
1189
1115
1023
959
965
977
1038
1083
1058
982
915
831
607
346
72
-174
-383
-631
-835
-932
-969
-1007
-973
-866
-675
-524
-410
-323
-456
-623
-789
-1025
-1231
-1712
-2286
-2560
-2708
-2828
-2992
-3010
-2820
-2545
-2259
-2029
-1549
-991
-673
-423
-192
81
316
452
531
559
672
797
944
1169
1340
1590
1874
2060
2209
2370
2577
2619
2468
2226
1973
1796
1447
964
601
291
25
-234
-470
-521
-553
-669
-755
-748
-664
-601
-699
-869
-959
-1013
-1073
-1239
-1363
-1332
-1174
-1007
-891
-628
-249
124
416
663
990
1345
1549
1574
1553
1541
1513
1426
1263
1151
1121
1050
1005
995
992
1034
1061
997
912
883
815
636
371
138
-66
-287
-563
-801
-873
-891
-936
-950
-909
-779
-630
-588
-483
-429
-586
-744
-949
-1154
-1397
-1861
-2258
-2448
-2552
-2678
-2839
-2742
-2453
-2189
-1949
-1670
-1190
-736
-485
-285
-70
217
417
485
550
612
755
925
1041
1192
1403
1690
1917
2023
2138
2287
2427
2374
2151
1950
1802
1564
1142
754
497
240
-45
-311
-439
-437
-517
-651
-669
-626
-584
-633
-746
-847
-923
-954
-1044
-1155
-1156
-1060
-941
-846
-685
-390
-32
264
461
761
1053
1218
1316
1343
1418
1421
1330
1211
1075
1041
991
930
927
927
966
961
917
880
802
739
600
331
124
-51
-236
-444
-672
-805
-833
-869
-936
-904
-773
-681
-611
-541
-439
-365
-581
-766
-875
-1075
-1283
-1769
-2153
-2234
-2356
-2414
-2460
-2358
-2129
-1935
-1679
-1442
-1011
-593
-386
-168
-2
223
399
468
533
562
677
781
936
1093
1262
1552
1704
1795
1963
2143
2244
2160
1911
1686
1584
1383
1041
723
473
247
-4
-225
-363
-349
-365
-511
-559
-586
-580
-617
-738
-795
-884
-912
-986
-1054
-987
-923
-779
-695
-560
-234
85
360
500
703
965
1117
1186
1146
1199
1237
1180
1143
1047
1047
1045
958
943
931
920
896
837
740
659
582
386
217
33
-174
-330
-578
-755
-797
-816
-847
-886
-897
-825
-680
-620
-576
-445
-382
-497
-732
-881
-955
-1072
-1447
-1880
-1941
-1950
-2022
-2125
-2116
-1893
-1674
-1473
-1327
-1002
-560
-379
-258
-105
99
297
375
389
386
549
712
787
937
1054
1257
1498
1584
1656
1796
1966
1948
1759
1579
1456
1341
1087
735
489
356
141
-98
-226
-264
-293
-375
-471
-507
-477
-506
-593
-648
-716
-760
-771
-807
-776
-728
-632
-500
-405
-199
94
317
416
527
747
938
1010
997
1010
1071
1040
958
952
986
994
932
848
846
849
768
657
578
482
364
236
72
-88
-216
-359
-488
-610
-709
-731
-777
-827
-824
-741
-643
-610
-576
-557
-516
-494
-626
-782
-851
-925
-1075
-1327
-1602
-1702
-1651
-1692
-1809
-1736
-1531
-1362
-1206
-1028
-729
-431
-327
-218
-15
195
316
348
398
467
611
716
829
978
1072
1217
1314
1396
1497
1582
1696
1670
1492
1362
1291
1135
870
626
460
327
121
-102
-206
-275
-363
-504
-573
-560
-573
-591
-611
-613
-652
-632
-585
-579
-523
-423
-297
-178
-103
1
176
334
451
595
742
825
867
892
969
1009
962
930
915
918
837
733
701
693
650
535
415
299
229
131
-12
-124
-234
-322
-405
-505
-588
-630
-638
-688
-750
-754
-719
-651
-648
-639
-614
-645
-725
-847
-945
-1027
-1149
-1318
-1473
-1533
-1515
-1483
-1420
-1313
-1155
-960
-770
-579
-368
-142
36
132
222
355
458
485
477
489
571
661
703
798
931
1024
1112
1183
1248
1291
1291
1221
1112
975
799
670
512
294
122
-2
-129
-230
-267
-278
-305
-325
-358
-352
-272
-258
-320
-327
-285
-242
-238
-280
-260
-197
-145
-78
24
169
283
344
406
486
583
658
687
723
742
735
737
711
670
639
601
543
505
455
368
315
253
170
112
26
-67
-128
-217
-301
-347
-427
-496
-529
-570
-611
-682
-702
-676
-645
-603
-571
-535
-485
-462
-477
-484
-523
-600
-649
-739
-817
-869
-983
-1026
-1010
-1015
-1001
-925
-826
-722
-580
-476
-361
-186
-75
-2
107
183
232
294
357
409
487
582
638
743
822
861
953
1011
1048
1058
1032
986
874
787
708
561
420
323
211
79
10
-77
-136
-152
-191
-220
-226
-239
-257
-204
-192
-199
-162
-135
-108
-65
-52
-15
74
120
193
290
371
422
457
537
575
585
609
617
628
621
568
522
483
401
330
266
203
133
80
47
-37
-126
-188
-266
-339
-344
-367
-440
-471
-512
-559
-576
-597
-588
-587
-604
-589
-550
-479
-463
-492
-486
-492
-502
-509
-595
-669
-686
-736
-821
-836
-790
-748
-737
-728
-635
-509
-417
-323
-203
-93
3
61
93
152
233
294
306
351
430
504
565
612
665
732
790
835
865
864
862
837
758
647
570
520
416
281
179
129
93
17
-59
-87
-96
-112
-131
-149
-127
-104
-88
-70
-50
-4
12
24
28
29
53
80
129
193
249
313
377
406
454
486
490
484
467
464
458
440
386
316
268
197
100
57
27
-52
-150
-203
-243
-274
-306
-373
-439
-471
-483
-521
-557
-573
-545
-552
-575
-541
-518
-476
-445
-463
-447
-419
-418
-417
-417
-434
-505
-539
-544
-559
-565
-594
-564
-483
-453
-434
-389
-303
-189
-113
-45
27
90
143
201
250
274
283
305
382
442
474
515
543
574
604
605
583
590
601
553
516
482
411
346
275
186
125
62
18
12
-30
-73
-66
-30
-23
-49
-61
-39
0
29
30
75
138
151
149
144
179
219
219
237
311
370
377
388
425
427
410
398
360
378
381
321
278
226
111
54
23
-73
-126
-172
-237
-273
-309
-352
-365
-365
-386
-422
-465
-476
-488
-504
-498
-482
-483
-506
-480
-436
-408
-364
-350
-356
-332
-303
-288
-290
-300
-316
-320
-329
-357
-336
-322
-324
-283
-280
-273
-218
-168
-115
-35
4
-5
19
36
77
113
116
139
164
210
224
233
272
301
348
375
391
423
418
408
415
387
357
357
346
326
282
213
186
180
146
105
97
122
122
112
86
69
78
80
103
134
143
148
149
145
174
197
192
219
215
225
269
280
292
293
288
282
285
289
243
205
184
122
79
66
21
-12
-70
-146
-180
-206
-230
-299
-357
-371
-413
-441
-449
-472
-476
-474
-491
-505
-487
-475
-460
-402
-371
-375
-352
-342
-335
-296
-323
-338
-274
-232
-225
-247
-256
-234
-202
-174
-167
-143
-87
-70
-56
-15
6
44
73
80
109
132
142
137
162
230
235
221
248
272
282
284
289
285
289
296
288
286
278
245
260
245
180
185
191
180
158
126
93
76
73
70
81
71
60
56
67
90
91
109
142
135
149
173
172
195
212
224
207
192
212
220
216
217
214
185
175
159
126
101
59
30
35
0
-72
-123
-158
-179
-211
-247
-257
-290
-330
-354
-377
-384
-393
-410
-408
-412
-398
-373
-390
-386
-349
-321
-296
-263
-230
-212
-183
-173
-184
-154
-101
-79
-79
-64
-40
-58
-54
-44
-57
-27
6
8
-10
2
27
53
79
85
68
89
119
115
126
121
146
187
157
125
136
162
166
146
138
132
131
120
133
118
91
98
85
101
95
61
78
96
83
72
90
101
108
120
135
153
170
188
183
179
186
191
179
202
216
186
202
252
225
179
187
142
141
159
117
100
70
42
6
-34
-58
-91
-97
-105
-140
-168
-180
-194
-220
-264
-298
-283
-274
-292
-295
-295
-307
-304
-292
-272
-280
-295
-266
-244
-212
-195
-190
-173
-135
-92
-91
-94
-74
-63
-45
-25
8
28
6
-4
-21
-2
46
32
11
11
36
60
40
31
40
35
72
93
85
80
65
76
48
17
6
8
26
30
11
3
19
17
28
42
43
69
80
77
75
101
130
117
140
154
119
122
147
154
172
169
184
227
221
212
191
191
192
148
144
163
167
149
137
133
122
105
107
102
79
66
32
18
19
-14
-45
-43
-77
-114
-129
-172
-185
-183
-212
-221
-191
-193
-204
-216
-225
-214
-233
-226
-231
-232
-233
-253
-206
-179
-184
-165
-139
-113
-69
-49
-39
-10
-1
12
17
9
32
40
39
63
48
64
75
42
48
61
54
69
70
17
10
22
7
12
-4
-52
-50
-18
-28
-16
-38
-67
-23
-18
-38
-58
-71
-39
-21
-36
-29
2
12
37
31
-6
16
37
55
88
86
93
130
142
144
146
159
175
163
175
189
175
160
156
152
140
114
131
171
150
139
131
109
103
87
57
76
92
40
32
46
18
-13
-42
-77
-87
-87
-95
-106
-133
-122
-111
-135
-154
-172
-185
-179
-184
-206
-220
-214
-211
-196
-188
-178
-133
-125
-106
-70
-55
-38
1
16
31
53
51
62
65
73
75
92
118
109
99
93
86
89
90
75
74
56
29
28
-9
-40
-48
-80
-91
-85
-123
-144
-127
-131
-136
-144
-173
-166
-130
-122
-107
-83
-102
-90
-50
-48
-10
16
12
40
20
21
102
127
126
171
161
143
188
181
171
203
175
149
158
156
155
151
142
148
147
112
93
80
66
64
47
46
43
24
24
10
-8
-17
-47
-56
-62
-77
-52
-61
-87
-82
-80
-69
-84
-107
-105
-109
-114
-103
-80
-70
-70
-87
-87
-75
-82
-59
-36
-17
-2
-16
-7
33
45
26
17
23
50
49
40
76
92
95
102
75
60
44
38
51
34
19
11
-8
-17
-40
-84
-69
-49
-80
-93
-96
-120
-121
-121
-143
-145
-125
-125
-129
-126
-122
-110
-90
-79
-87
-58
-12
-6
-1
21
64
96
94
93
107
117
101
103
139
157
132
96
95
110
92
71
74
83
96
71
63
69
56
54
34
32
27
-1
-22
-23
-22
-28
-13
-9
-32
-79
-83
-64
-72
-56
-51
-58
-35
-42
-61
-33
-41
-86
-94
-88
-56
-32
-27
-11
-9
2
1
15
52
46
56
92
82
78
99
97
85
87
98
127
122
88
99
80
60
62
42
18
2
-4
-20
-33
-39
-61
-77
-73
-82
-95
-80
-83
-106
-119
-132
-116
-114
-139
-137
-115
-93
-98
-92
-70
-59
-50
-42
-12
18
28
43
46
42
40
40
38
44
56
69
112
120
90
76
71
76
64
58
68
65
58
52
31
0
-21
-4
1
-6
-30
-43
-12
-6
-48
-55
-30
-47
-50
-74
-84
-35
-36
-57
-40
-41
-54
-57
-68
-57
-24
-5
-6
-14
5
17
15
9
12
35
49
59
56
52
84
62
52
100
91
95
105
90
98
99
99
88
79
76
34
25
47
35
12
12
-5
-24
-17
-21
-35
-44
-68
-82
-75
-60
-77
-101
-105
-112
-128
-145
-118
-93
-94
-112
-114
-84
-67
-66
-57
-33
-29
-25
-7
30
57
45
50
68
81
97
93
75
89
104
89
81
53
43
70
74
51
54
35
-13
-32
-37
-23
-1
-3
-19
-14
-24
-61
-45
-54
-80
-71
-59
-35
-24
-11
-14
-35
-45
-39
-22
-14
-10
-4
7
4
-23
-31
-27
-17
3
2
18
31
5
29
44
29
52
60
68
78
53
38
51
52
43
47
49
58
66
59
55
51
40
29
19
11
27
21
0
0
-11
-37
-69
-78
-51
-60
-80
-64
-64
-83
-95
-93
-92
-80
-75
-83
-72
-56
-46
-37
-18
-5
-23
-17
19
36
51
72
68
72
74
61
64
68
66
66
68
63
65
68
50
31
34
34
20
9
-11
-2
0
-23
-17
-16
-38
-62
-49
-27
-47
-48
-24
-35
-38
-16
-20
-35
-40
-47
-47
-53
-53
-51
-35
-14
-33
-20
-19
-47
-31
-25
-6
-4
-16
2
19
31
25
36
48
27
13
27
47
60
49
39
73
78
48
59
70
61
48
47
62
50
31
35
29
4
-1
1
-18
-16
-11
-27
-30
-33
-46
-65
-67
-59
-69
-85
-83
-74
-48
-51
-63
-44
-59
-64
-40
-22
9
33
28
44
55
36
65
72
37
41
54
62
64
24
24
41
47
47
19
13
19
-5
-13
10
3
0
-10
-13
-19
-51
-46
-24
-30
-32
-26
-23
-15
-42
-47
-18
-7
4
3
-13
-24
-31
-25
-12
-1
5
-5
-25
-35
-22
-8
-8
-14
-5
23
37
20
18
19
16
4
-4
19
36
35
26
38
61
48
43
62
63
60
61
56
53
23
-11
4
14
-3
-13
-32
-39
-63
-85
-59
-44
-55
-62
-74
-61
-48
-48
-51
-74
-80
-61
-41
-32
-28
-28
-25
-18
10
43
49
43
58
78
59
41
68
70
59
64
58
55
43
20
14
17
22
23
14
6
-13
-13
-1
-5
-28
-46
-28
-24
-37
-28
-15
-18
-19
-27
-19
-4
3
-5
-35
-23
2
15
12
5
-4
-28
-32
-21
-10
-4
10
8
-3
20
19
9
13
14
12
7
23
14
24
29
9
11
8
-3
-15
-6
1
20
22
11
28
34
33
30
16
7
16
4
-6
-12
-36
-32
-22
-27
-55
-73
-75
-49
-33
-44
-38
-49
-55
-35
-23
-22
-22
-13
-5
14
36
24
21
26
35
44
33
34
31
32
65
67
42
43
31
19
30
14
19
48
19
5
3
-7
-6
-5
-19
-36
-17
-11
-7
-10
-37
-45
-34
-33
-36
-18
-26
-28
-13
-8
-14
-11
-2
0
0
-31
-37
-19
-24
-19
-13
-8
8
0
6
8
-20
-8
20
14
19
24
19
33
30
23
12
25
45
48
42
42
39
45
36
24
41
