-41
-48
-65
-55
-56
-70
-66
-66
-62
-58
-69
-70
-71
-90
-91
-77
-76
-80
-83
-87
-81
-84
-93
-80
-76
-77
-73
-87
-87
-70
-69
-74
-65
-54
-42
-32
-24
-16
-6
2
9
15
35
54
52
64
86
96
102
97
100
97
102
117
98
106
129
103
100
106
86
88
103
86
90
103
77
76
89
65
68
75
61
69
75
44
25
47
41
29
36
23
12
17
-5
-18
-6
-15
-32
-28
-26
-43
-40
-34
-60
-69
-64
-71
-52
-49
-73
-77
-65
-68
-68
-66
-79
-70
-72
-86
-77
-89
-91
-88
-107
-100
-100
-107
-106
-115
-118
-117
-115
-112
-109
-110
-107
-107
-101
-92
-87
-71
-61
-45
-21
-14
-2
21
30
39
68
89
105
122
140
144
140
155
154
139
163
154
143
165
134
140
154
111
132
146
102
132
123
96
140
115
83
88
71
83
73
51
70
54
54
46
-1
26
16
-18
16
-18
-32
-10
-77
-61
-41
-100
-65
-73
-95
-67
-89
-95
-81
-96
-93
-82
-93
-89
-100
-103
-97
-95
-87
-86
-84
-84
-95
-108
-103
-109
-104
-95
-116
-118
-105
-117
-119
-128
-151
-148
-145
-140
-140
-142
-120
-110
-105
-93
-76
-62
-61
-45
-21
7
31
57
76
91
119
136
163
181
191
198
193
210
196
182
220
212
189
195
175
196
193
180
179
172
170
144
137
160
134
123
136
97
91
137
102
53
106
43
16
77
-3
-11
50
-41
-33
-4
-97
-71
-43
-96
-100
-75
-104
-112
-87
-109
-121
-110
-146
-117
-98
-126
-107
-104
-109
-106
-114
-108
-89
-85
-107
-104
-85
-121
-114
-107
-132
-124
-123
-143
-139
-130
-162
-179
-172
-177
-173
-166
-182
-168
-158
-161
-138
-137
-135
-116
-89
-71
-55
-35
-28
14
49
52
104
140
150
181
176
200
221
219
213
204
222
233
237
249
205
211
257
199
189
261
203
170
254
104
160
254
69
199
214
72
153
85
98
148
33
92
64
32
81
-17
-7
42
-40
-58
-22
-87
-81
-42
-81
-66
-74
-119
-71
-96
-149
-90
-136
-119
-74
-136
-84
-97
-122
-116
-124
-87
-126
-103
-102
-142
-108
-131
-136
-105
-131
-120
-138
-149
-123
-138
-144
-167
-154
-158
-151
-143
-175
-161
-163
-159
-154
-149
-130
-130
-119
-93
-117
-92
-50
-66
-9
24
13
41
70
94
116
123
140
176
188
176
188
219
210
232
242
215
251
229
183
275
249
177
277
237
162
222
211
153
209
190
110
184
176
74
138
151
67
99
71
86
89
44
44
-31
29
47
-64
27
14
-58
-22
-78
-88
-69
-58
-101
-99
-68
-97
-88
-67
-95
-123
-121
-108
-104
-142
-165
-180
-145
-139
-162
-155
-155
-144
-151
-167
-161
-171
-165
-143
-157
-157
-160
-152
-144
-148
-147
-179
-157
-136
-174
-131
-133
-126
-95
-153
-171
-124
-94
-99
-74
-59
-61
-49
-37
-32
-7
30
56
68
58
102
114
99
138
155
130
159
227
173
180
263
201
217
258
211
222
250
224
194
245
268
181
231
271
135
226
280
142
210
205
93
209
154
80
185
83
65
108
47
100
102
14
0
7
-40
-35
-34
-69
-43
-78
-127
-92
-81
-124
-126
-143
-157
-120
-138
-176
-130
-151
-220
-175
-145
-183
-160
-161
-195
-189
-182
-190
-165
-122
-173
-194
-122
-159
-185
-112
-169
-164
-106
-156
-139
-89
-130
-140
-92
-116
-114
-90
-131
-115
-101
-101
-76
-96
-66
-65
-92
-70
-65
-63
-14
-16
-24
29
39
44
68
83
87
88
141
161
156
170
185
191
220
251
193
226
280
213
261
325
198
237
301
182
233
319
203
231
320
180
197
261
181
160
222
182
155
183
117
83
130
82
6
66
58
18
32
-3
-15
-15
-91
-84
-47
-84
-121
-136
-131
-158
-134
-142
-175
-104
-177
-202
-161
-252
-176
-138
-246
-135
-146
-260
-151
-154
-223
-168
-177
-191
-124
-176
-195
-117
-134
-146
-120
-149
-124
-88
-139
-134
-95
-108
-77
-77
-102
-106
-102
-83
-113
-118
-98
-84
-99
-80
-79
-99
-49
-72
-83
-41
-40
-22
-3
-5
33
56
53
74
93
122
149
115
155
179
169
222
192
229
285
192
216
298
202
258
336
250
213
286
260
224
272
229
195
235
239
148
257
228
82
192
160
77
170
88
44
151
6
-10
80
-48
-26
2
-53
-35
-59
-76
-78
-114
-36
-72
-127
-61
-155
-161
-118
-130
-149
-151
-158
-158
-139
-183
-157
-131
-214
-171
-141
-173
-126
-165
-192
-139
-161
-161
-188
-168
-133
-184
-118
-111
-120
-123
-149
-105
-107
-134
-80
-131
-114
-57
-108
-69
-66
-104
-98
-74
-67
-79
-69
-62
-71
-28
-30
-58
-58
-29
-13
-30
14
2
-6
32
36
58
71
56
70
91
138
133
115
171
177
204
163
187
279
123
212
318
119
272
303
143
291
274
138
210
300
185
119
289
151
91
313
102
119
296
24
140
192
-22
178
115
17
170
22
-21
93
-8
8
47
-19
-47
-103
-62
-52
-57
-56
-168
-99
-36
-191
-83
-86
-237
-124
-214
-223
-90
-189
-172
-88
-279
-216
-97
-240
-160
-190
-263
-147
-167
-224
-137
-185
-193
-128
-190
-139
-138
-137
-101
-110
-110
-125
-84
-89
-90
-45
-48
-79
-17
-42
-76
-33
-70
-55
-36
-37
-45
-17
-13
-46
-39
-51
-42
-49
-1
-13
-25
61
-11
-6
87
52
46
110
54
134
162
73
162
157
160
183
146
218
204
181
255
206
223
250
202
238
236
193
257
226
159
228
202
165
244
186
142
206
170
126
120
160
92
95
158
39
71
108
-14
55
45
-54
46
-46
-109
7
-60
-71
-17
-99
-111
-92
-122
-133
-99
-103
-188
-123
-134
-211
-193
-162
-166
-229
-159
-148
-246
-148
-159
-232
-112
-182
-247
-103
-133
-224
-127
-121
-199
-81
-81
-203
-58
-92
-161
-1
-45
-126
-39
-73
-114
-31
-70
-92
-50
-53
-106
-45
-32
-75
-51
-70
-8
-23
-39
-11
-56
-42
-32
-7
0
-12
29
-2
10
71
31
23
76
64
72
112
104
122
165
162
122
188
206
190
205
149
211
220
146
237
200
143
220
133
187
219
117
195
141
140
191
100
170
159
75
152
106
59
146
44
60
143
51
42
132
14
19
92
-29
52
54
-62
-48
19
7
-39
-25
-65
-103
-11
-91
-80
-12
-150
-147
-52
-141
-140
-126
-175
-175
-108
-113
-241
-120
-211
-238
-63
-196
-212
-85
-255
-173
-37
-214
-130
-101
-215
-127
-62
-160
-110
-21
-130
-154
8
11
-109
-21
-32
-135
10
-3
-117
-18
-17
-100
-7
30
-54
-57
-7
-2
-25
-19
-48
-35
1
-13
-8
-35
-37
-9
-37
1
25
-22
34
69
-3
54
76
67
87
90
70
64
164
138
82
152
154
130
170
174
134
131
186
129
175
215
122
148
175
113
200
156
107
135
125
177
95
165
171
82
154
135
26
166
120
-28
159
116
-7
97
86
-22
79
37
-96
34
-26
-18
41
-83
-14
-59
-130
71
-115
-203
74
-158
-173
35
-222
-143
0
-262
-163
-20
-228
-87
-94
-266
-54
-135
-167
-95
-141
-112
-117
-172
-125
-69
-158
-129
-107
-123
-118
-51
-121
-80
-42
-178
-21
-54
-131
-19
-93
-97
-21
-52
-21
-22
-96
-47
-29
-81
-30
-35
-82
-43
-24
-89
3
-32
-92
8
-71
-35
-21
-58
-22
-26
-22
24
12
-4
68
22
58
91
19
95
131
76
122
174
91
167
166
124
202
159
163
196
176
210
175
136
171
167
154
139
170
96
138
208
51
135
211
23
180
190
1
142
149
68
176
39
33
190
-21
122
137
-94
155
16
-69
207
-38
-49
78
-103
20
12
-111
-16
-77
-78
13
-140
-152
-41
-165
-43
-81
-176
-64
-186
-134
-76
-190
-146
-128
-180
-157
-137
-176
-202
-74
-183
-206
-62
-208
-105
-30
-225
-70
-97
-191
-51
-103
-103
-41
-86
-66
-26
-85
-42
-14
-62
-75
-33
-72
3
-23
-119
-18
-36
-44
-31
-21
-62
-99
-61
-56
-45
-31
-72
-70
-46
-58
-37
-76
-38
-17
-71
-32
3
19
23
43
52
46
103
96
80
171
139
167
150
129
234
119
196
251
116
218
201
132
235
184
171
192
205
157
130
237
116
115
210
108
132
155
154
160
103
190
140
74
196
93
50
224
32
-6
150
7
9
81
-3
4
25
-9
-34
-40
9
-104
-43
6
-154
-79
-61
-151
-33
-94
-194
-110
-68
-111
-194
-51
-187
-227
-15
-231
-148
-41
-290
-137
-96
-229
-146
-233
-158
-140
-244
-73
-181
-199
-65
-224
-181
-71
-190
-120
-69
-119
-116
-91
13
-92
-73
4
-124
-35
53
-118
-34
60
-77
-33
60
-24
-80
20
-2
-98
-14
-41
-101
5
17
-55
-23
21
-55
-57
-5
-36
-32
31
-6
-1
56
18
22
88
102
73
119
137
155
182
169
163
168
206
168
155
236
222
190
247
247
181
172
255
183
144
300
117
84
362
88
129
312
39
183
216
80
208
144
63
135
106
90
79
58
3
44
97
-17
14
-16
-44
7
-104
-82
-75
-63
-27
-192
-95
-51
-236
-44
-91
-203
-92
-234
-109
-88
-219
-60
-224
-206
-45
-242
-153
-99
-246
-123
-60
-230
-141
-84
-233
-145
-96
-233
-115
-181
-192
-35
-227
-128
-78
-199
-47
-106
-147
-13
-97
-84
-39
-12
-23
-98
33
-29
-31
117
-89
0
105
-75
67
85
-57
5
46
-37
-3
-9
-44
15
-6
10
-18
-25
43
-8
-42
48
-31
1
63
-33
72
28
18
125
42
69
117
64
110
157
88
134
174
106
160
174
123
239
182
134
244
73
173
254
34
253
184
25
273
72
173
250
3
222
128
25
265
96
48
157
24
75
132
66
31
75
73
35
53
25
35
29
-21
9
-62
-57
-11
-98
-78
-40
-114
-144
-44
-32
-190
-98
-72
-244
12
-170
-216
-28
-285
-71
-160
-235
29
-303
-142
13
-290
-46
-103
-247
-141
-156
-138
-164
-94
-47
-197
-105
-36
-140
-98
-70
-99
-130
-45
-78
-107
-14
-69
-100
-5
-32
-30
-17
-12
19
-11
19
14
-8
-23
29
52
-73
34
43
-98
58
41
-78
7
-20
-69
10
-22
-59
-15
-32
-24
-19
-36
8
-32
-51
47
-13
0
80
45
66
79
55
118
134
93
147
136
135
121
153
190
123
181
212
121
171
215
142
242
191
72
311
148
136
329
51
190
303
4
204
188
58
214
79
158
130
121
167
31
90
79
16
49
24
125
-102
18
122
-268
56
53
-273
26
-14
-168
-55
-105
-135
-163
-128
-117
-213
-163
-89
-251
-132
-111
-266
-184
-118
-167
-177
-163
-194
-167
-208
-142
-121
-293
-64
-147
-309
18
-194
-307
1
-187
-221
8
-160
-139
34
-94
-182
-3
-79
-91
-10
-76
-22
-25
-39
79
32
-25
-21
37
58
-13
61
26
32
64
50
33
68
17
-3
34
21
28
-15
41
11
-36
67
-3
-12
40
-6
-11
3
39
1
5
16
68
42
73
92
43
111
134
119
146
170
161
140
139
190
193
221
176
189
229
132
228
200
64
273
127
61
293
132
105
229
131
86
74
147
131
51
193
16
19
179
-2
30
97
-13
13
-10
34
-20
-61
36
-116
-45
-47
-187
-18
-117
-168
-12
-213
-119
-30
-181
-156
-165
-145
-121
-160
-165
-207
-130
-71
-208
-136
-118
-269
-86
-92
-200
-109
-179
-190
-128
-83
-214
-122
-175
-199
-66
-123
-156
-105
-73
-145
3
-71
-139
-4
-69
-80
42
-52
-48
30
-25
40
32
-1
76
15
68
48
21
81
63
71
32
44
30
43
18
54
4
-20
32
-22
17
48
-22
-18
63
-37
-13
43
-42
28
39
-10
46
70
31
62
69
76
90
106
129
125
109
190
179
104
204
103
131
218
145
167
192
139
161
176
146
191
124
42
118
147
70
164
120
12
148
32
52
214
6
98
91
-18
106
1
-13
-9
-25
81
-42
-1
36
-164
41
-15
-166
32
-117
-153
-5
-80
-168
-170
-116
-143
-146
-67
-173
-140
-38
-196
-60
-151
-218
-75
-144
-99
-126
-208
-98
-92
-185
-109
-172
-145
-97
-134
-132
-107
-123
-109
-64
-145
-83
-95
-155
41
-50
-80
1
-110
-52
63
-13
-74
42
9
-5
46
25
-18
77
68
40
89
24
65
80
66
53
7
39
58
41
42
14
1
14
-34
-6
16
-56
-32
-34
-48
-14
-29
-63
-32
19
-8
-12
33
12
13
-10
42
90
37
96
126
67
140
159
114
184
161
130
142
198
163
181
245
128
167
166
115
222
116
104
212
25
133
164
35
168
103
42
81
84
69
36
55
4
17
42
-3
51
-2
19
5
-45
12
-15
-54
-24
-66
-68
-51
-72
-90
-106
-47
-95
-100
-93
-99
-91
-103
-111
-106
-142
-165
-80
-111
-116
-137
-201
-104
-136
-172
-156
-105
-131
-170
-100
-198
-139
-131
-168
-95
-184
-133
-68
-157
-87
-110
-147
-66
-102
-1
-8
-117
-13
-42
-24
33
-93
45
83
-41
81
56
-20
119
59
45
96
24
78
76
55
34
-4
-16
3
-8
25
4
-35
2
-46
-33
7
-31
-2
-42
-24
45
-21
12
65
2
40
92
33
128
159
86
106
164
115
146
181
126
208
205
120
208
182
144
255
150
185
207
83
196
175
107
154
95
111
146
85
131
91
70
105
45
13
33
90
-47
44
76
-129
15
47
-98
4
-31
-150
-15
-8
-108
-108
-55
-137
-134
-69
-69
-101
-80
-43
-171
-87
-66
-182
-52
-114
-197
-68
-102
-150
-104
-177
-147
-88
-157
-102
-137
-164
-118
-103
-175
-146
-84
-166
-152
-141
-145
-100
-125
-129
-53
-101
-80
-44
-70
-13
-17
-37
6
-22
3
15
3
39
44
48
101
70
55
71
18
108
96
36
40
69
31
1
22
6
-22
21
17
-28
2
-51
-71
-27
-30
-47
-22
-30
-49
-8
5
-46
6
55
12
26
109
92
92
164
111
99
193
158
116
193
183
149
167
185
195
161
204
149
133
179
119
136
178
139
79
56
138
101
41
189
57
70
54
21
88
7
-12
40
2
-43
98
-15
-111
55
-72
-148
118
-141
-118
111
-194
-51
-79
-191
-3
-184
-51
-17
-143
-5
-115
-38
-102
-160
24
-220
-11
20
-328
48
-84
-219
93
-211
-128
21
-172
-65
-148
-192
4
-120
-176
2
-243
-73
48
-321
-19
11
-251
6
-73
-146
25
-112
39
-8
-85
97
-132
49
71
-116
134
12
-17
133
-11
37
44
-20
100
14
-32
25
-71
-5
30
-31
-46
-39
-48
-87
-37
-103
-43
-58
-84
-15
-83
-40
-40
-58
9
-27
1
49
-68
136
95
-24
237
0
103
280
41
253
202
128
214
141
269
217
164
276
168
234
220
131
257
143
245
151
50
277
70
140
215
-12
119
180
-22
24
156
16
16
217
-41
-123
250
-132
-184
137
-88
-147
50
-28
-149
7
-114
-114
13
-108
-124
-92
-77
-98
-178
-67
-98
-145
-100
-53
-77
-242
-35
-55
-222
74
-244
-224
96
-248
-99
-160
-258
-58
-182
-115
-154
-272
-19
-185
-162
40
-275
-112
-81
-150
-99
-75
-25
-143
71
-75
-142
135
-86
-12
180
-91
69
97
-22
131
-27
85
62
-32
130
-41
21
53
-62
-3
22
-3
-69
-14
-68
-125
-21
-41
-98
-19
-100
-72
-26
-73
21
-69
-4
16
-11
99
80
100
64
122
101
101
274
127
179
304
119
240
220
162
274
185
246
219
144
262
184
203
229
135
227
205
155
146
173
134
87
106
84
49
70
116
80
-30
63
21
-128
91
-46
-154
73
-68
-197
36
-41
-210
-10
-58
-234
-33
-78
-147
-35
-152
-52
-119
-177
12
-218
-97
92
-282
-32
12
-294
56
-143
-278
35
-193
-189
4
-236
-77
-18
-248
-33
-198
-136
22
-270
-50
-45
-310
59
-162
-262
103
-244
-67
69
-220
37
-34
-134
116
-84
-19
104
-58
41
54
-56
51
79
-36
1
42
-13
3
57
-5
-25
-23
-42
-89
-78
-48
-69
-76
-92
-143
-59
-69
-105
-27
-100
-23
-18
-3
108
15
29
131
49
132
192
99
235
223
165
258
220
193
242
244
204
233
280
205
177
249
193
170
254
154
139
255
169
137
195
138
141
131
133
132
35
130
63
-74
173
42
-151
136
-19
-142
77
-153
-174
30
-98
-147
-140
-72
-92
-245
19
-64
-256
77
-145
-128
34
-123
-31
-150
-22
-84
-180
69
-185
-164
72
-137
-91
-85
-90
-92
-221
56
-107
-164
-32
-194
-64
-149
-176
-61
-210
-14
-103
-215
40
-246
-112
15
-92
-8
-160
-24
-35
-45
72
-90
54
-6
-60
114
-15
32
-31
-97
4
-59
19
-31
-112
3
-180
-110
-126
-213
-52
-182
-128
-166
-166
-132
-220
-94
-90
-98
-17
-76
8
51
60
113
3
171
158
144
349
204
246
262
162
331
281
323
327
255
333
235
237
282
233
194
254
258
188
263
252
159
214
158
80
111
200
161
-17
164
78
-34
227
-35
-126
131
-74
-77
111
-175
-145
17
-161
-100
-20
-163
-187
-78
-115
-148
-51
-155
-161
-32
-179
-59
18
-186
-29
-99
-138
97
-167
-39
52
-203
-4
-49
-87
-9
-131
-17
-63
-139
-38
-242
-75
-14
-242
-93
-33
-158
-115
18
-240
-152
85
-189
-98
28
-184
-31
-10
-84
-21
-74
46
62
-17
66
-17
-72
69
40
-99
-111
-55
-95
44
-21
-165
-132
-202
-206
-222
-174
-120
-241
-195
-194
-302
-171
-230
-233
-109
-146
-105
-124
-38
1
-43
129
43
133
254
136
280
299
249
305
277
342
381
349
451
410
371
386
286
305
397
417
368
353
294
258
349
272
262
297
182
169
176
157
145
96
79
57
-1
4
-22
-52
-29
-136
-176
-84
-191
-228
-124
-148
-233
-205
-199
-221
-148
-169
-207
-175
-107
-140
-182
-48
-14
-112
-41
-75
-114
70
-20
-85
46
43
-5
-47
45
54
-84
-24
-57
-87
-1
-81
-93
-138
-136
-117
-205
-127
-137
-189
-158
-150
-157
-190
-101
-149
-153
78
-195
-140
90
-162
54
47
-86
93
-41
-46
-105
-261
-84
-122
-34
-14
-298
-253
-275
-315
-297
-302
-268
-309
-338
-421
-451
-370
-347
-302
-298
-239
-164
-257
-123
-40
-68
84
82
166
330
315
422
421
413
434
433
629
687
669
694
668
633
628
646
658
673
647
551
571
498
447
515
386
420
367
254
319
173
144
108
-39
31
23
-50
-78
-151
-192
-227
-227
-230
-240
-205
-282
-389
-331
-278
-284
-303
-229
-208
-197
-162
-266
-211
-115
-70
-44
-8
-5
-5
74
16
-65
70
72
33
146
68
-37
-5
-40
-21
77
10
-19
-31
-134
-133
-107
-143
-126
-214
-256
-201
-236
-292
-302
-272
-270
-189
-184
-231
-141
-129
-201
-196
-196
-138
-27
-100
-221
-408
-444
-228
-101
-121
-315
-494
-549
-570
-558
-401
-321
-457
-662
-779
-774
-605
-425
-430
-357
-371
-431
-311
-138
30
96
84
160
310
470
594
665
689
688
655
735
998
1099
1113
1064
927
891
941
996
1159
1147
946
828
681
732
776
723
636
523
364
241
270
216
188
95
-79
-101
-120
-226
-238
-296
-382
-432
-517
-552
-538
-454
-521
-671
-601
-540
-485
-362
-355
-334
-364
-385
-272
-155
36
56
-53
-2
19
78
221
212
257
388
292
205
263
266
238
233
189
165
122
81
23
-44
-59
-162
-186
-140
-206
-254
-222
-383
-479
-404
-418
-353
-310
-333
-366
-476
-447
-306
-294
-184
-192
-520
-705
-691
-556
-236
-99
-404
-763
-945
-878
-700
-513
-406
-556
-813
-948
-959
-788
-510
-461
-586
-600
-504
-426
-213
-24
36
43
76
223
503
766
808
760
742
804
950
1174
1372
1389
1218
1121
1116
1239
1397
1453
1413
1202
1045
1022
1095
1179
1183
1032
808
650
564
509
527
470
280
104
-71
-136
-178
-316
-416
-528
-654
-646
-634
-665
-739
-886
-966
-902
-793
-679
-573
-638
-676
-609
-577
-365
-140
-33
104
130
115
227
306
394
512
544
545
552
511
489
567
539
450
377
314
267
283
128
-116
-103
-215
-272
-185
-306
-470
-487
-572
-663
-628
-666
-702
-615
-594
-580
-575
-721
-765
-713
-550
-705
-911
-881
-896
-566
-451
-901
-1068
-1169
-1101
-787
-788
-807
-911
-1124
-1265
-1086
-885
-697
-482
-632
-653
-507
-514
-168
164
197
421
444
562
888
990
1064
1182
1244
1373
1533
1624
1705
1697
1545
1524
1632
1678
1831
1698
1470
1419
1211
1207
1334
1212
1177
1064
749
629
551
485
470
316
83
-24
-165
-303
-334
-521
-608
-604
-768
-795
-799
-981
-983
-1054
-1070
-844
-809
-789
-799
-831
-741
-619
-415
-151
-104
-62
63
52
209
507
593
679
667
514
676
735
605
747
691
499
584
407
248
318
117
16
-34
-188
-305
-355
-408
-646
-755
-724
-764
-673
-730
-980
-922
-862
-669
-473
-658
-829
-701
-884
-1120
-967
-856
-514
-329
-973
-1446
-1330
-1229
-798
-673
-913
-1012
-1227
-1471
-1309
-1028
-830
-644
-735
-794
-633
-549
-346
-21
56
311
579
724
947
1012
980
1161
1323
1589
1904
1892
1827
1754
1622
1658
1888
1958
1968
1923
1568
1302
1277
1295
1489
1456
1138
967
701
478
448
400
399
343
133
-97
-256
-441
-472
-424
-515
-499
-551
-757
-809
-845
-886
-781
-680
-515
-458
-560
-630
-620
-403
-83
67
62
73
33
106
322
439
514
578
546
491
424
386
428
475
416
304
148
49
-15
-127
-157
-269
-410
-443
-536
-646
-661
-844
-877
-816
-848
-808
-834
-1013
-1090
-885
-603
-589
-692
-914
-1335
-1256
-982
-559
-401
-879
-1435
-1612
-1345
-929
-851
-1002
-1132
-1288
-1491
-1455
-1118
-907
-659
-726
-853
-689
-479
-293
-54
65
231
463
689
957
1094
1166
1250
1427
1622
1922
2082
1985
1854
1782
1856
2152
2250
2154
2042
1739
1569
1519
1554
1655
1553
1251
971
844
803
730
567
426
296
120
-71
-157
-273
-382
-466
-579
-498
-498
-648
-775
-899
-888
-703
-602
-559
-587
-629
-567
-481
-344
-136
5
-79
-101
0
189
397
458
385
422
467
420
408
388
434
364
209
137
144
75
-60
-212
-335
-374
-384
-481
-622
-692
-772
-769
-790
-778
-869
-946
-1049
-1028
-790
-682
-1079
-1729
-1734
-1181
-532
-607
-1418
-2038
-1878
-1506
-1115
-1127
-1279
-1331
-1626
-1821
-1634
-1121
-809
-718
-957
-970
-636
-403
-263
-79
150
586
869
885
997
1148
1280
1449
1695
2034
2363
2193
1867
1807
2009
2363
2534
2329
2103
1941
1707
1645
1732
1835
1757
1367
967
928
892
733
546
363
364
249
-49
-251
-262
-312
-401
-530
-580
-488
-552
-732
-836
-755
-600
-515
-614
-610
-516
-499
-435
-341
-128
46
-15
-172
-134
112
345
361
308
308
371
339
228
251
392
455
331
126
68
-37
-150
-109
-191
-190
-324
-521
-661
-687
-587
-609
-732
-932
-1007
-899
-1074
-1401
-1589
-1589
-1175
-1122
-1472
-1876
-2056
-1879
-1771
-1701
-1684
-1628
-1787
-2061
-2031
-1677
-1211
-1068
-1228
-1241
-980
-661
-411
-211
54
337
441
603
859
1199
1508
1475
1474
1734
2165
2345
2215
2069
2139
2358
2472
2501
2404
2234
2012
1853
1861
2076
2081
1745
1354
1089
1108
1103
932
673
502
352
177
49
-44
-84
-230
-454
-590
-537
-510
-598
-801
-907
-747
-653
-643
-660
-596
-501
-507
-480
-310
-55
-20
-177
-196
19
267
320
244
196
235
272
284
301
387
436
250
91
-28
30
130
79
-137
-324
-392
-316
-241
-395
-659
-896
-863
-661
-727
-1247
-1672
-1800
-1488
-1231
-1616
-2134
-2197
-2011
-1888
-2191
-2479
-2247
-1969
-1996
-2208
-2287
-2016
-1560
-1502
-1405
-1078
-752
-578
-481
-229
283
691
777
955
1288
1661
1855
1819
1894
2264
2505
2523
2488
2483
2554
2555
2478
2468
2515
2382
2088
1843
1762
1824
1737
1444
1231
1064
945
800
484
384
432
285
12
-248
-324
-258
-393
-597
-586
-549
-576
-734
-859
-731
-566
-654
-733
-629
-488
-356
-380
-386
-187
-31
-46
-61
1
168
329
239
216
343
333
380
313
206
355
400
175
124
5
-38
21
-103
-136
-216
-521
-841
-831
-655
-567
-935
-1579
-1928
-1791
-1607
-1459
-1620
-2054
-2349
-2554
-2572
-2361
-2098
-2010
-2043
-2358
-2562
-2276
-1897
-1541
-1263
-1129
-871
-697
-661
-418
99
548
875
1097
1265
1559
1633
1613
1888
2365
2709
2787
2561
2358
2400
2437
2628
2864
2790
2454
2037
1788
1825
1958
1927
1769
1431
1031
801
689
634
588
443
215
40
-277
-484
-510
-532
-543
-594
-712
-783
-863
-1007
-883
-711
-602
-555
-627
-632
-589
-533
-351
-72
53
25
-87
-128
51
328
486
512
489
326
299
343
326
478
479
302
283
39
-102
5
-132
-108
-88
-450
-616
-703
-758
-585
-833
-1371
-1767
-1724
-1456
-1301
-1626
-2254
-2506
-2483
-2293
-2091
-2181
-2352
-2505
-2654
-2553
-2240
-1834
-1640
-1607
-1646
-1469
-1025
-634
-295
26
261
463
817
1161
1583
1889
1931
2053
2288
2574
2850
2826
2701
2746
2817
2876
2929
2814
2586
2443
2190
2061
2064
1939
1754
1423
1072
911
824
697
522
239
-8
-186
-331
-445
-465
-587
-822
-943
-989
-909
-846
-966
-992
-961
-950
-795
-800
-710
-500
-470
-386
-227
-114
46
144
116
187
371
479
554
576
481
570
574
509
631
548
420
405
193
196
311
187
148
-87
-278
-464
-704
-792
-725
-440
-794
-1830
-2476
-2278
-1421
-971
-2025
-3134
-3335
-2891
-2375
-2311
-2659
-2777
-2793
-3118
-2865
-2319
-1995
-1735
-1774
-1792
-1147
-674
-422
-12
181
515
1122
1380
1647
1993
2140
2378
2587
2784
3190
3475
3180
2950
2894
3082
3411
3195
2856
2767
2495
2153
2049
2032
2151
1789
1040
729
766
732
528
171
-164
-196
-403
-708
-760
-829
-938
-1046
-1294
-1265
-1058
-1209
-1299
-1279
-1214
-923
-831
-854
-755
-627
-492
-257
-57
93
305
192
189
494
715
912
877
725
821
918
902
900
796
796
749
442
298
317
301
243
-20
-208
-225
-431
-652
-927
-923
-918
-1092
-1554
-2334
-2435
-2093
-1753
-1758
-2661
-3462
-3302
-2907
-2660
-2752
-2994
-3058
-2975
-3171
-3019
-2297
-1902
-1709
-1713
-1640
-1060
-511
-295
227
690
1007
1510
1803
1997
2354
2570
2836
3302
3472
3562
3620
3389
3263
3486
3626
3678
3383
2827
2686
2571
2232
2063
1932
1690
1372
814
482
440
232
-106
-359
-526
-602
-845
-1282
-1320
-1192
-1257
-1290
-1392
-1471
-1324
-1342
-1327
-1116
-953
-749
-670
-737
-579
-256
-3
175
316
437
582
608
607
913
1180
1210
1160
1063
1030
1150
1109
988
969
859
738
596
339
180
143
-45
-97
-153
-501
-891
-1129
-1235
-953
-959
-1641
-2330
-2878
-2805
-2247
-2132
-2453
-2969
-3667
-3831
-3500
-3093
-2741
-2787
-3310
-3590
-3372
-2950
-2241
-1839
-1768
-1545
-1388
-1088
-447
123
665
1152
1404
1732
2192
2447
2630
2923
3264
3685
3955
3895
3836
3787
3579
3615
3748
3777
3737
3211
2543
2236
2122
2139
2115
1642
1009
544
117
-21
-4
-173
-475
-846
-1349
-1566
-1538
-1578
-1511
-1591
-1778
-1815
-1831
-1801
-1548
-1370
-1267
-1069
-961
-776
-532
-391
-91
294
553
762
882
914
1110
1372
1564
1788
1843
1718
1683
1557
1518
1606
1552
1505
1281
902
746
544
316
346
186
-46
-321
-764
-1169
-1368
-1477
-1405
-1424
-1688
-2466
-3405
-3731
-3363
-2444
-2222
-3197
-4431
-4833
-4336
-3393
-3052
-3214
-3389
-3632
-3864
-3506
-2587
-1765
-1271
-1421
-1454
-918
-272
359
1039
1497
1951
2293
2552
2903
3212
3499
3784
4036
4247
4440
4391
4095
3723
3652
3785
3879
3664
3246
2756
2158
1657
1408
1510
1396
873
122
-511
-778
-807
-856
-1010
-1224
-1601
-2001
-2281
-2170
-1901
-1754
-1779
-1904
-1864
-1722
-1543
-1295
-973
-658
-406
-263
-88
208
553
819
1079
1383
1646
1772
1658
1662
1919
2154
2290
2241
2002
1849
1678
1531
1537
1475
1289
1082
726
344
121
-50
-145
-206
-447
-1079
-1573
-1863
-1905
-1595
-1870
-2593
-3300
-3914
-3895
-3396
-3061
-3270
-4083
-4941
-5080
-4358
-3650
-3409
-3458
-3815
-3948
-3754
-3143
-2067
-1269
-1087
-1084
-901
-359
521
1301
1928
2418
2671
2898
3318
3726
4046
4321
4473
4605
4752
4637
4491
4298
3956
3867
3797
3585
3238
2725
2187
1707
1245
926
766
516
8
-577
-1049
-1361
-1542
-1765
-1879
-1976
-2193
-2421
-2607
-2620
-2394
-2132
-2012
-1968
-1901
-1713
-1448
-1119
-735
-318
0
190
429
674
1034
1433
1722
2000
2140
2170
2200
2289
2466
2608
2566
2417
2205
1999
1770
1589
1535
1393
1114
730
288
112
-139
-445
-438
-624
-808
-1265
-2045
-2273
-2042
-1922
-2026
-2797
-3669
-3989
-3939
-3559
-3137
-3412
-4155
-4676
-4934
-4432
-3745
-3427
-3256
-3369
-3745
-3543
-2876
-2006
-1124
-834
-711
-371
30
662
1568
2265
2745
3041
3268
3626
4048
4225
4410
4676
4712
4752
4777
4549
4288
3995
3593
3521
3349
2921
2497
1940
1293
789
335
79
58
-463
-1086
-1647
-2103
-2155
-2125
-2175
-2225
-2472
-2785
-2790
-2647
-2263
-1893
-1761
-1646
-1469
-1256
-881
-454
-42
386
645
886
1210
1518
1785
2058
2228
2447
2606
2603
2614
2596
2472
2372
2250
2157
2074
1793
1399
1083
871
679
531
260
-81
-373
-623
-825
-916
-1284
-1716
-2055
-2159
-2028
-2154
-2650
-3548
-4200
-4301
-3982
-3329
-3281
-4010
-4738
-5385
-5203
-4389
-3663
-3120
-3199
-3756
-4058
-3638
-2630
-1378
-506
-282
-224
-26
344
1306
2387
3154
3636
3690
3764
4098
4442
4791
5033
5025
5026
4952
4847
4551
4127
3766
3458
3304
3029
2643
2133
1392
579
38
-182
-213
-439
-926
-1566
-2233
-2699
-2818
-2523
-2300
-2325
-2646
-3013
-3098
-2815
-2340
-1769
-1384
-1260
-1227
-1172
-749
-172
462
977
1261
1448
1607
1859
2184
2510
2807
2950
2980
2899
2793
2785
2730
2639
2522
2296
2035
1668
1234
868
594
406
233
29
-308
-736
-1097
-1453
-1405
-1466
-1936
-2214
-2529
-2541
-2444
-2865
-3519
-4006
-4352
-4166
-3607
-3402
-3848
-4597
-5290
-5182
-4261
-3625
-3199
-3140
-3618
-3823
-3475
-2695
-1319
-362
-134
-23
63
430
1364
2465
3313
3885
3916
3795
4094
4487
4879
5327
5241
5012
4860
4606
4535
4312
3759
3350
3030
2560
2287
1889
1258
595
-101
-668
-816
-939
-1226
-1593
-2259
-2749
-2990
-2989
-2673
-2444
-2503
-2665
-2830
-2687
-2281
-1789
-1246
-898
-643
-424
-165
253
755
1254
1662
1934
2192
2407
2625
2857
3001
3114
3119
3078
3032
2937
2760
2516
2173
1891
1637
1420
1185
744
312
-86
-401
-528
-712
-957
-1220
-1594
-1676
-1923
-2230
-2374
-2642
-2587
-2491
-2832
-3474
-4232
-4562
-4166
-3517
-3278
-3847
-4486
-4989
-5021
-4452
-3886
-3125
-2774
-3113
-3463
-3350
-2597
-1441
-505
105
413
546
659
1244
2337
3203
3864
4061
4042
4237
4457
4724
5067
5084
4873
4611
4415
4319
4129
3786
3212
2690
2116
1785
1622
1237
700
26
-694
-1198
-1416
-1466
-1415
-1704
-2198
-2779
-3088
-2991
-2667
-2257
-2011
-2066
-2282
-2246
-1904
-1326
-707
-223
-13
195
415
729
1188
1554
1904
2213
2375
2600
2861
2994
2970
2810
2737
2689
2740
2741
2545
2187
1705
1215
895
775
691
522
104
-443
-812
-1012
-1188
-1228
-1321
-1468
-1775
-2263
-2566
-2581
-2420
-2387
-2680
-3364
-4106
-4284
-3954
-3346
-3066
-3648
-4362
-4749
-4692
-4081
-3450
-2974
-2689
-2927
-3243
-3115
-2408
-1336
-385
90
222
383
642
1280
2223
2972
3472
3643
3623
3842
4205
4581
4798
4666
4347
4082
3948
3945
3959
3763
3307
2660
1959
1515
1418
1259
986
479
-213
-761
-1226
-1402
-1307
-1373
-1674
-2065
-2435
-2527
-2387
-2201
-2047
-1932
-1927
-1864
-1630
-1319
-839
-492
-339
-90
175
541
1035
1387
1665
1898
2029
2168
2434
2754
2909
2761
2481
2332
2336
2278
2099
1888
1534
1040
441
79
33
-54
-373
-889
-1206
-1293
-1448
-1630
-1749
-1804
-1754
-1833
-2041
-2197
-2176
-2110
-2064
-2135
-2412
-2702
-2788
-2489
-2118
-2113
-2350
-2623
-2673
-2541
-2579
-2460
-2189
-1910
-1808
-1933
-1860
-1434
-976
-684
-484
-227
87
374
727
1157
1681
1976
2006
2056
2193
2462
2758
2952
3056
3040
2877
2677
2585
2613
2663
2588
2348
2056
1743
1459
1254
1047
805
584
309
105
-35
-155
-234
-409
-646
-772
-822
-791
-667
-563
-522
-585
-647
-606
-441
-280
-108
64
138
155
195
204
199
331
476
505
431
349
386
455
397
221
115
103
146
168
99
-39
-215
-346
-398
-355
-374
-492
-537
-532
-548
-556
-686
-832
-824
-702
-601
-625
-715
-736
-645
-605
-621
-570
-398
-313
-368
-510
-655
-643
-492
-425
-467
-537
-627
-665
-711
-715
-633
-574
-613
-650
-662
-594
-469
-430
-416
-365
-353
-323
-239
-164
-44
14
-19
-11
48
128
224
253
284
330
288
251
327
505
653
703
707
677
644
643
676
719
738
713
709
739
765
789
772
748
686
657
706
720
737
745
726
656
584
599
640
643
618
604
631
654
614
547
541
547
515
492
435
382
320
268
253
178
117
70
5
-41
-127
-213
-260
-309
-369
-425
-458
-490
-560
-602
-622
-635
-619
-628
-618
-572
-564
-588
-564
-513
-457
-437
-504
-612
-706
-723
-646
-627
-677
-714
-768
-831
-888
-908
-898
-892
-960
-1098
-1135
-1045
-938
-894
-913
-958
-943
-883
-854
-761
-579
-438
-373
-311
-257
-169
-90
-27
111
223
286
374
539
735
843
781
675
711
861
955
925
881
905
965
983
990
1020
1010
964
967
940
919
920
898
905
935
920
879
871
827
821
833
771
732
700
661
683
686
622
552
482
397
339
324
289
231
159
110
93
-19
-139
-168
-198
-241
-271
-346
-430
-480
-510
-501
-547
-651
-712
-709
-656
-627
-634
-620
-630
-652
-632
-599
-533
-483
-429
-334
-294
-329
-397
-492
-521
-413
-315
-344
-416
-483
-532
-606
-760
-908
-947
-950
-1046
-1131
-1053
-938
-916
-965
-1002
-966
-960
-962
-853
-640
-472
-456
-448
-318
-157
-32
36
158
378
529
624
789
990
1120
1134
1065
1054
1019
928
985
1110
1122
1035
927
859
832
826
849
918
893
738
643
631
664
702
652
583
562
532
516
555
575
491
460
475
378
299
266
276
293
172
40
-8
-9
-55
-113
-135
-167
-226
-344
-349
-295
-341
-402
-412
-432
-449
-459
-462
-446
-458
-443
-405
-364
-395
-459
-368
-216
-233
-333
-325
-256
-189
-89
8
8
-75
-111
-3
109
74
-29
-74
-138
-299
-317
-176
-133
-237
-412
-478
-514
-713
-829
-760
-715
-899
-1190
-1206
-1029
-968
-1064
-1173
-1126
-1061
-1127
-1091
-821
-496
-411
-489
-389
-147
74
194
392
753
948
929
956
1165
1391
1390
1308
1265
1280
1273
1199
1273
1228
997
855
768
800
890
786
648
609
548
479
351
164
264
457
376
237
62
33
250
356
35
-403
-439
-385
-226
107
-14
-351
-412
-258
21
84
-153
-232
61
413
441
58
-292
-176
130
240
137
-137
-297
-146
166
288
-20
-295
-336
-229
50
86
-167
-214
-113
40
50
-126
-55
34
109
209
161
155
122
39
62
30
-275
-708
-964
-833
-545
-587
-840
-1148
-1424
-1510
-1564
-1675
-1635
-1580
-1697
-1858
-1903
-1641
-1383
-1363
-1345
-1223
-1069
-997
-794
-240
321
508
400
433
786
1208
1457
1610
1823
1968
1888
1797
1928
2109
2045
1798
1639
1583
1511
1288
1149
1186
995
631
356
275
376
375
180
-18
-198
-375
-340
-123
-69
-216
-432
-543
-385
-226
-172
-110
-159
-272
-287
-297
-198
-1
75
-6
-166
-149
-72
22
239
279
109
-2
54
151
182
210
291
319
200
143
95
144
323
409
274
-39
-119
256
533
419
17
-340
-34
383
285
-27
-129
-52
111
173
24
-231
-395
-247
-198
-636
-1293
-1679
-1538
-1076
-917
-1329
-1902
-2232
-2198
-2035
-2084
-2145
-2115
-2127
-2147
-2061
-1760
-1417
-1261
-1209
-1045
-787
-471
-3
563
1042
1292
1303
1371
1684
2069
2428
2570
2528
2510
2447
2402
2424
2456
2259
1863
1510
1339
1311
1184
937
678
396
22
-243
-349
-315
-235
-418
-632
-717
-850
-911
-820
-767
-740
-728
-743
-549
-284
-154
-125
-181
-127
-6
15
158
386
541
653
559
366
345
460
519
558
601
444
367
475
591
640
293
-24
35
206
484
515
288
32
-67
23
85
102
131
76
19
7
105
315
145
24
-31
-90
176
126
-172
-185
-439
-754
-1161
-1840
-2191
-2230
-1848
-1487
-1845
-2560
-3091
-3232
-2887
-2566
-2574
-2776
-2969
-2783
-2172
-1524
-1130
-1060
-1090
-836
-309
377
1158
1703
1997
2214
2257
2515
2863
3105
3364
3400
3279
3131
2953
2889
2864
2656
2271
1657
1127
916
791
658
364
-127
-643
-997
-1122
-1110
-1067
-1217
-1468
-1578
-1590
-1559
-1480
-1345
-1164
-1016
-886
-701
-449
-104
197
382
492
592
693
905
1200
1370
1415
1314
1184
1242
1356
1392
1371
1244
1011
853
794
755
763
665
401
91
127
325
229
-27
-139
-154
-241
-258
-177
-19
64
-60
-123
-18
84
115
44
49
22
-249
-499
-655
-1124
-1911
-2692
-3220
-3126
-2703
-2666
-2988
-3689
-4390
-4484
-4233
-3778
-3525
-3655
-3735
-3412
-2605
-1574
-848
-638
-534
-210
514
1581
2630
3391
3820
3928
4010
4233
4447
4660
4704
4496
4235
3877
3512
3294
2975
2523
1900
962
230
-184
-570
-767
-1058
-1602
-2140
-2590
-2719
-2517
-2366
-2400
-2542
-2643
-2446
-1913
-1285
-780
-518
-482
-264
329
1055
1714
2018
2004
1998
2172
2499
2761
2763
2487
2126
1918
1958
2021
1879
1538
1038
602
384
269
219
117
-108
-280
-374
-430
-444
-513
-534
-484
-423
-327
-147
74
314
469
436
353
194
53
-4
-100
-361
-729
-1261
-2180
-3183
-3902
-4183
-3864
-3700
-4143
-4843
-5559
-5604
-5017
-4475
-4191
-4291
-4516
-4093
-2991
-1615
-369
137
231
699
1507
2526
3620
4340
4678
4862
5067
5461
5855
5838
5449
4845
4200
3720
3287
2901
2531
1970
1212
314
-565
-1224
-1679
-2075
-2421
-2701
-3058
-3301
-3262
-3036
-2723
-2535
-2499
-2425
-2217
-1735
-959
-131
490
873
1177
1518
1996
2459
2780
2976
2984
2987
3095
3146
3151
2951
2452
1979
1636
1417
1295
1110
831
480
122
-195
-389
-479
-552
-644
-710
-695
-630
-477
-233
-69
59
144
218
459
684
916
968
831
687
333
-6
-420
-1142
-2036
-3284
-4388
-4906
-4839
-4397
-4620
-5432
-6282
-6848
-6454
-5695
-5220
-4992
-5068
-4735
-3608
-2018
-500
367
809
1236
2014
3222
4363
5240
5727
5964
6237
6386
6608
6588
6109
5532
4665
3761
2934
2125
1618
1056
348
-504
-1585
-2426
-2969
-3280
-3480
-3781
-4108
-4274
-3983
-3349
-2637
-2030
-1846
-1785
-1464
-803
200
1074
1628
1967
2230
2762
3393
3795
3810
3447
3072
2880
2906
2914
2590
2098
1523
1049
789
485
155
-187
-474
-575
-606
-575
-581
-577
-446
-271
-54
61
222
472
741
1203
1432
1498
1630
1567
1664
1771
1553
1168
526
-170
-726
-1699
-3193
-4756
-6006
-6248
-5756
-5698
-6218
-7093
-7826
-7566
-6848
-6282
-5885
-5833
-5358
-3940
-2175
-418
810
1439
2219
3252
4317
5314
5955
6257
6704
7207
7445
7495
7067
6322
5644
4683
3559
2443
1224
330
-310
-1098
-1896
-2771
-3594
-3999
-4194
-4377
-4553
-4781
-4785
-4246
-3352
-2362
-1442
-880
-403
265
925
1616
2221
2685
3175
3595
3989
4387
4487
4309
3956
3384
2797
2249
1637
1135
659
144
-190
-462
-727
-854
-1042
-1257
-1321
-1399
-1273
-885
-514
-98
375
773
1204
1680
1926
2146
2351
2375
2551
2614
2545
2593
2285
1868
1310
293
-654
-1925
-3757
-5457
-6921
-7661
-7394
-7218
-7597
-8000
-8435
-8290
-7350
-6905
-6653
-6158
-5652
-4050
-1883
-204
1461
2672
3728
5281
6274
6668
6963
6950
7181
7759
7916
7690
7319
6441
5516
4597
2991
1323
-201
-1635
-2369
-3020
-3878
-4390
-4771
-4852
-4680
-4809
-5033
-5076
-4803
-3969
-2731
-1611
-620
399
1326
2364
3225
3594
3878
4132
4403
4775
4862
4712
4506
4170
3767
3220
2354
1291
343
-447
-1050
-1530
-2055
-2349
-2303
-2128
-1822
-1648
-1619
-1413
-1103
-656
-79
364
813
1504
2316
3133
3668
3790
3772
3696
3525
3316
2955
2490
2031
1388
640
-219
-1398
-3015
-5067
-7004
-8449
-9023
-8915
-9182
-9451
-9504
-9196
-7880
-6781
-6275
-5754
-5355
-4204
-2312
-587
1154
2813
4314
6056
7635
8331
8453
8407
8157
8092
7877
7140
6438
5589
4645
3878
2678
1201
-329
-1967
-3282
-4519
-5623
-6334
-6623
-6248
-5703
-5203
-4745
-4326
-3604
-2695
-1732
-844
-33
867
1976
3308
4460
5194
5640
5848
5975
5957
5550
4887
4107
3344
2732
2150
1426
599
-204
-900
-1508
-2164
-2899
-3360
-3446
-3307
-2865
-2381
-1851
-1085
-330
379
968
1393
1801
2421
3044
3490
3782
3943
4134
4272
4299
3980
3434
2775
1912
1128
114
-1246
-2414
-4008
-5864
-7484
-9038
-9659
-9440
-9573
-9900
-9986
-9750
-8450
-6785
-5968
-5289
-4340
-3241
-1292
636
1923
3442
4970
6479
8159
8917
8816
8808
8681
8414
7927
6809
5437
4420
3395
2234
1100
-381
-1785
-2918
-4166
-5230
-6220
-7008
-7073
-6671
-6088
-5475
-4778
-3792
-2515
-1170
-119
788
1687
2590
3607
4441
5063
5581
5955
6264
6270
5947
5418
4648
3871
3020
1978
919
-156
-1011
-1579
-2122
-2579
-2992
-3312
-3366
-3227
-2960
-2606
-2085
-1419
-619
234
1017
1820
2551
3252
3818
4163
4401
4458
4432
4377
4079
3649
3161
2490
1938
1327
358
-677
-1915
-3219
-4533
-6421
-8279
-9638
-10454
-10160
-9990
-10244
-9812
-9056
-7454
-5443
-4418
-3730
-2823
-1717
-98
1517
2601
3822
5472
7003
8335
9035
8840
8756
8680
8012
6991
5400
3684
2567
1596
470
-797
-2049
-3099
-3911
-4605
-5568
-6412
-6826
-6864
-6380
-5838
-5269
-4223
-2770
-1110
402
1515
2408
3373
4370
5114
5527
5653
5732
5921
5987
5832
5389
4738
4079
3214
2144
953
-274
-1259
-2053
-2749
-3290
-3687
-3785
-3605
-3291
-2908
-2473
-1871
-1142
-405
359
1017
1707
2521
3243
3851
4342
4710
4895
4917
4775
4378
3813
3181
2386
1629
782
-202
-1050
-1992
-3122
-4343
-6028
-7718
-9027
-10023
-10158
-10071
-10404
-10277
-9428
-7975
-5849
-4145
-3091
-1998
-767
573
2065
3268
4117
5276
6514
7539
8400
8741
8758
8832
8422
7343
5841
4167
2716
1441
49
-1509
-2886
-3902
-4687
-5172
-5577
-6011
-6206
-6196
-5955
-5509
-4957
-4133
-3010
-1636
-240
989
2226
3438
4542
5450
6058
6287
6196
5979
5645
5224
4642
3905
3165
2395
1566
705
-203
-1030
-1832
-2648
-3301
-3781
-4012
-3934
-3690
-3246
-2594
-1838
-933
62
1025
1868
2575
3126
3582
4034
4327
4550
4724
4641
4539
4248
3780
3320
2653
1882
942
-78
-1048
-2130
-3154
-4184
-5532
-7016
-8422
-9554
-9976
-9702
-9615
-9685
-9268
-8332
-6614
-4601
-3205
-2105
-952
283
1732
3033
4003
4926
5965
6860
7511
7924
8048
8126
8041
7330
6036
4447
2950
1813
637
-837
-2412
-3734
-4574
-5032
-5270
-5571
-5864
-5859
-5618
-5138
-4485
-3695
-2700
-1582
-424
647
1750
2974
4156
5139
5648
5801
5845
5785
5694
5302
4533
3682
2816
2071
1377
547
-314
-1056
-1720
-2346
-2879
-3327
-3537
-3461
-3331
-3115
-2723
-2047
-1053
-28
920
1755
2460
3173
3839
4285
4490
4571
4562
4414
4223
3832
3401
3085
2537
1795
930
20
-706
-1489
-2482
-3671
-4965
-6419
-7865
-8874
-9615
-9771
-9598
-9738
-9465
-8513
-7104
-5097
-3393
-2329
-1269
-79
1272
2587
3609
4346
5126
5997
6710
7309
7721
7926
8011
7567
6519
5128
3726
2538
1255
-270
-2001
-3483
-4284
-4735
-5033
-5311
-5602
-5575
-5294
-4851
-4260
-3603
-2796
-1884
-921
41
1062
2258
3451
4472
5146
5502
5781
5934
5863
5483
4746
3857
3013
2237
1389
502
-316
-1070
-1666
-2194
-2715
-3006
-3156
-3232
-3183
-3099
-2792
-2180
-1336
-447
352
1210
2094
3006
3771
4221
4547
4688
4691
4557
4246
3932
3473
3018
2461
1775
1169
398
-306
-1034
-2019
-2989
-4147
-5597
-7063
-8364
-9211
-9534
-9625
-9851
-9799
-8880
-7359
-5461
-3780
-2715
-1582
-210
1122
2270
3062
3739
4515
5358
6066
6603
7130
7536
7746
7500
6670
5659
4572
3445
2109
281
-1523
-3011
-3989
-4530
-5075
-5441
-5563
-5390
-4948
-4494
-3956
-3284
-2552
-1823
-1204
-498
490
1654
2710
3509
4216
4826
5395
5861
5853
5486
4851
4033
3237
2376
1444
498
-346
-1065
-1753
-2280
-2584
-2732
-2778
-2921
-2996
-2864
-2537
-2020
-1473
-845
-129
721
1700
2573
3344
3984
4430
4769
4898
4754
4466
4092
3649
3171
2567
1842
1219
644
-3
-590
-1374
-2348
-3270
-4580
-6160
-7413
-8412
-9092
-9399
-9845
-10097
-9415
-8037
-6280
-4531
-3283
-2077
-544
882
1997
2781
3354
4012
4714
5274
5791
6408
6984
7385
7394
6876
6174
5475
4500
3058
1286
-578
-2134
-3203
-4124
-4962
-5514
-5743
-5586
-5176
-4695
-4097
-3360
-2591
-1968
-1406
-723
81
1000
1851
2562
3372
4214
4920
5507
5770
5607
5240
4666
3864
2969
1971
934
-2
-891
-1644
-2156
-2503
-2639
-2735
-2889
-2925
-2783
-2481
-2170
-1807
-1271
-628
121
952
1740
2503
3210
3780
4256
4573
4754
4680
4356
3972
3435
2848
2216
1435
805
233
-398
-839
-1504
-2386
-3404
-4923
-6214
-7088
-7977
-8544
-9105
-9699
-9423
-8373
-7010
-5444
-4050
-2800
-1299
276
1502
2468
3178
3682
4282
4714
5045
5561
6114
6540
6622
6406
6076
5692
5136
4045
2520
863
-789
-2155
-3282
-4366
-5206
-5648
-5685
-5421
-4971
-4321
-3565
-2780
-2129
-1559
-864
-122
654
1340
1889
2487
3182
3929
4578
5025
5207
5113
4866
4405
3736
2925
1912
850
-171
-1051
-1706
-2187
-2491
-2742
-2889
-2869
-2709
-2392
-2114
-1825
-1378
-910
-303
411
1034
1703
2346
2877
3399
3827
4107
4281
4268
3975
3591
3209
2679
2061
1380
604
65
-426
-1248
-2081
-3133
-4590
-5643
-6447
-7370
-7930
-8612
-9263
-8999
-8142
-6996
-5685
-4559
-3386
-1882
-268
1082
2143
2978
3620
4266
4741
5130
5703
6165
6358
6419
6263
5992
5747
5237
4178
2783
1305
-196
-1454
-2621
-3839
-4807
-5448
-5738
-5667
-5329
-4754
-4052
-3347
-2704
-1978
-1142
-393
325
953
1474
2185
2928
3595
4273
4765
5030
5090
4942
4616
4130
3405
2460
1439
407
-451
-1132
-1782
-2299
-2716
-2980
-2990
-2884
-2677
-2396
-2050
-1595
-1092
-556
24
621
1259
1852
2395
2947
3404
3771
3987
3984
3903
3694
3426
3058
2465
1853
1174
643
41
-876
-1791
-3047
-4457
-5445
-6427
-7282
-7858
-8585
-8975
-8689
-7872
-6767
-5659
-4602
-3471
-2094
-634
643
1748
2570
3251
3971
4606
5252
5852
6334
6542
6510
6431
6184
5882
5306
4166
2840
1447
41
-1183
-2361
-3523
-4489
-5178
-5546
-5529
-5175
-4695
-4173
-3637
-3083
-2331
-1525
-777
-66
484
1087
1876
2700
3451
4088
4567
4864
5023
4993
4777
4384
3693
2822
1881
900
96
-647
-1341
-1926
-2437
-2701
-2777
-2738
-2642
-2529
-2288
-1909
-1428
-872
-339
176
728
1287
1862
2455
2955
3256
3459
3534
3518
3506
3285
2892
2501
2003
1446
954
323
-428
-1335
-2580
-3858
-4836
-5707
-6562
-7382
-8248
-8675
-8321
-7573
-6701
-5725
-4794
-3658
-2195
-798
391
1425
2223
2879
3518
4109
4712
5341
5834
6003
6062
6146
6156
6002
5381
4341
3183
1867
588
-510
-1698
-2881
-3924
-4800
-5166
-5037
-4768
-4461
-4095
-3656
-3064
-2284
-1514
-893
-328
161
673
1389
2153
2788
3348
3795
4100
4387
4550
4497
4228
3703
2967
2179
1407
629
-139
-910
-1563
-2021
-2353
-2493
-2465
-2406
-2315
-2147
-1830
-1370
-831
-370
-14
434
937
1430
1949
2355
2619
2830
2953
3021
3045
2879
2571
2263
1880
1419
942
459
-71
-649
-1473
-2672
-3773
-4552
-5232
-5883
-6657
-7495
-7719
-7210
-6489
-5734
-4936
-4124
-3065
-1746
-589
385
1288
1984
2556
3092
3576
4122
4689
5051
5153
5223
5343
5436
5339
4763
3870
2962
1971
946
-91
-1264
-2358
-3202
-3877
-4281
-4379
-4250
-4017
-3748
-3376
-2872
-2161
-1428
-866
-411
-33
500
1182
1775
2289
2738
3109
3427
3721
3938
3953
3766
3368
2808
2231
1645
1024
334
-410
-1075
-1545
-1846
-2023
-2093
-2133
-2091
-1895
-1590
-1186
-725
-288
87
419
770
1166
1601
1906
2027
2170
2313
2445
2527
2406
2238
2081
1803
1495
1158
697
222
-230
-1070
-2366
-3394
-4127
-4778
-5295
-6127
-6982
-7083
-6602
-6002
-5304
-4613
-3940
-2943
-1772
-811
103
879
1422
1980
2428
2868
3523
4122
4414
4536
4672
4844
5086
5076
4505
3767
3000
2054
1117
152
-914
-1895
-2741
-3395
-3748
-3791
-3691
-3497
-3243
-2997
-2539
-1876
-1295
-826
-496
-211
283
853
1360
1836
2263
2558
2864
3227
3477
3613
3522
3160
2714
2248
1734
1161
481
-185
-758
-1225
-1520
-1700
-1810
-1854
-1821
-1641
-1375
-1033
-605
-253
5
296
581
931
1331
1579
1740
1842
1917
2083
2231
2230
2112
1926
1729
1485
1149
814
352
-58
-544
-1647
-2779
-3469
-4055
-4458
-5058
-6085
-6492
-6149
-5589
-5001
-4495
-3992
-3257
-2244
-1290
-511
188
771
1322
1847
2225
2708
3330
3796
3989
4045
4203
4483
4653
4350
3681
3069
2404
1635
820
-117
-1027
-1798
-2438
-2911
-3158
-3157
-3091
-2960
-2721
-2440
-1920
-1328
-975
-761
-543
-171
357
815
1151
1509
1893
2275
2639
2953
3167
3144
2962
2686
2281
1860
1415
834
218
-359
-827
-1057
-1209
-1355
-1434
-1440
-1287
-1031
-778
-529
-278
-33
124
283
551
829
1081
1239
1313
1482
1732
1903
1950
1870
1757
1609
1432
1205
871
506
119
-295
-1084
-2148
-2821
-3319
-3807
-4169
-4976
-5674
-5526
-5161
-4830
-4363
-3938
-3452
-2614
-1706
-1001
-286
339
779
1302
1745
2152
2727
3201
3458
3549
3676
3914
4107
4062
3565
3023
2620
1985
1299
605
-262
-1000
-1599
-2164
-2479
-2568
-2595
-2538
-2372
-2214
-1901
-1394
-1054
-859
-670
-456
-46
404
698
977
1300
1625
1993
2361
2566
2645
2631
2463
2201
1892
1480
962
406
-94
-503
-778
-911
-1041
-1156
-1202
-1107
-855
-633
-447
-240
-64
130
270
419
674
830
900
997
1128
1367
1565
1655
1680
1623
1574
1461
1227
985
614
160
-175
-810
-1809
-2502
-2977
-3485
-3878
-4602
-5244
-5111
-4757
-4486
-4098
-3689
-3240
-2536
-1708
-1048
-394
267
718
1215
1714
2084
2521
2946
3135
3219
3378
3541
3687
3636
3197
2766
2371
1807
1227
608
-108
-792
-1375
-1848
-2112
-2196
-2211
-2235
-2131
-1893
-1646
-1295
-913
-692
-470
-206
42
434
802
1061
1309
1596
1927
2204
2386
2421
2281
2106
1859
1479
1132
714
188
-249
-632
-932
-1047
-1147
-1199
-1189
-1107
-878
-640
-413
-251
-141
12
147
326
576
756
873
977
1128
1343
1530
1601
1553
1486
1410
1261
1036
724
383
8
-375
-962
-1779
-2326
-2693
-3049
-3381
-3949
-4368
-4227
-3903
-3624
-3343
-3018
-2573
-1994
-1347
-807
-340
132
535
976
1400
1751
2161
2484
2623
2684
2800
2977
3046
2922
2588
2163
1793
1360
883
421
-119
-678
-1080
-1385
-1633
-1695
-1747
-1805
-1687
-1540
-1348
-1067
-860
-602
-336
-103
255
613
917
1221
1484
1709
1932
2116
2130
2029
1896
1678
1424
1115
777
414
72
-215
-479
-628
-759
-867
-902
-934
-863
-723
-640
-542
-431
-322
-178
21
200
356
582
793
952
1141
1265
1322
1360
1283
1148
981
802
589
297
2
-324
-841
-1450
-1879
-2231
-2558
-2913
-3436
-3732
-3610
-3393
-3191
-2952
-2657
-2210
-1644
-1123
-610
-90
319
666
985
1260
1591
1927
2113
2173
2222
2335
2447
2462
2333
2041
1726
1407
1051
651
214
-229
-694
-1113
-1385
-1544
-1591
-1607
-1679
-1595
-1328
-993
-655
-345
-62
227
491
758
1112
1398
1523
1611
1736
1864
1984
1961
1802
1658
1447
1192
979
710
377
39
-294
-539
-704
-861
-1013
-1132
-1161
-1105
-1000
-850
-687
-537
-416
-243
-12
219
430
582
704
808
907
990
1022
1033
964
820
677
522
365
138
-302
-875
-1293
-1586
-1928
-2291
-2746
-3114
-3136
-3041
-2922
-2722
-2458
-2149
-1743
-1291
-847
-389
23
343
594
874
1171
1435
1645
1744
1842
1996
2134
2188
2117
1934
1727
1513
1195
839
447
17
-451
-876
-1138
-1254
-1327
-1421
-1502
-1416
-1190
-932
-631
-370
-163
81
367
633
942
1197
1369
1520
1626
1722
1825
1868
1796
1658
1474
1302
1117
861
558
242
-53
-314
-505
-641
-768
-874
-940
-981
-943
-868
-785
-648
-523
-394
-215
-47
83
230
377
475
560
607
650
658
578
478
417
300
126
-150
-568
-933
-1194
-1428
-1712
-2032
-2349
-2500
-2460
-2374
-2244
-2025
-1814
-1563
-1216
-839
-457
-94
176
355
571
800
1040
1238
1333
1420
1535
1620
1673
1692
1597
1434
1249
1004
743
485
190
-150
-508
-826
-987
-1069
-1136
-1158
-1108
-949
-758
-511
-292
-106
137
377
591
836
1039
1149
1299
1429
1507
1602
1652
1597
1517
1445
1320
1175
990
744
473
211
-31
-220
-350
-496
-649
-768
-826
-824
-769
-715
-671
-604
-508
-338
-160
-16
90
135
165
234
278
318
321
267
197
111
73
-22
-272
-579
-846
-1060
-1260
-1507
-1782
-1989
-2062
-2043
-1980
-1835
-1626
-1427
-1173
-861
-569
-270
-28
133
282
449
643
821
949
998
1028
1141
1251
1318
1339
1248
1088
921
755
570
334
72
-192
-450
-626
-726
-749
-778
-845
-794
-621
-440
-253
-52
88
248
429
584
730
867
962
1035
1153
1258
1318
1308
1266
1229
1190
1119
1023
929
796
589
380
250
104
-35
-176
-300
-353
-417
-461
-465
-441
-432
-421
-369
-292
-242
-216
-193
-182
-133
-77
-69
-95
-99
-109
-140
-174
-257
-360
-526
-713
-882
-1023
-1153
-1325
-1477
-1572
-1553
-1496
-1435
-1288
-1092
-943
-757
-514
-298
-106
28
116
244
378
457
547
630
631
604
643
732
780
739
697
656
572
464
312
140
5
-133
-263
-347
-411
-431
-403
-354
-250
-130
-9
130
243
337
440
540
612
694
773
815
823
873
921
922
907
888
900
878
837
754
672
589
483
426
375
296
197
115
58
30
-9
-40
-64
-126
-155
-162
-168
-177
-212
-239
-271
-315
-316
-327
-373
-410
-464
-493
-506
-525
-548
-605
-689
-777
-902
-1009
-1067
-1143
-1186
-1198
-1198
-1109
-964
-850
-699
-549
-392
-213
-57
95
169
220
250
278
298
314
341
299
268
272
316
332
297
292
297
237
139
93
42
-21
-124
-222
-243
-232
-186
-130
-89
-6
124
245
364
457
507
575
631
653
679
674
662
656
650
647
649
644
616
600
600
582
573
552
490
474
443
363
366
361
310
258
214
215
232
246
190
104
69
47
-6
-68
-122
-195
-256
-332
-431
-475
-500
-579
-634
-659
-695
-714
-740
-774
-811
-872
-930
-985
-1026
-1042
-1046
-1037
-998
-901
-751
-627
-534
-374
-199
-55
68
132
196
252
262
262
250
233
192
128
117
155
183
189
163
143
140
108
54
40
19
-46
-100
-119
-97
-67
-41
-22
48
153
242
365
469
538
624
650
670
695
689
687
646
597
577
552
520
508
444
379
383
405
384
371
377
351
344
328
310
318
299
272
274
257
262
264
212
177
150
103
70
22
-94
-180
-225
-290
-364
-433
-499
-569
-628
-676
-683
-687
-731
-785
-799
-812
-798
-775
-820
-871
-888
-846
-789
-717
-654
-605
-495
-366
-266
-139
-44
22
109
136
155
168
159
154
90
32
35
42
4
-53
-68
-40
-4
-14
-36
-69
-85
-92
-93
-54
-38
-42
-1
47
102
242
356
434
542
629
723
821
837
841
842
797
746
719
688
622
555
492
446
405
374
346
335
324
276
240
241
235
196
190
167
141
155
148
122
135
158
171
180
163
144
98
49
18
-56
-153
-228
-294
-391
-489
-571
-618
-634
-657
-683
-701
-717
-747
-758
-755
-788
-799
-797
-832
-842
-825
-787
-708
-609
-523
-432
-313
-211
-109
-5
33
70
121
153
159
109
57
18
-17
-40
-49
-73
-87
-87
-88
-55
-6
6
-15
-16
2
53
74
89
147
180
233
318
410
535
598
609
683
775
830
865
868
836
790
746
715
663
579
520
453
374
332
277
240
226
220
227
184
149
145
108
76
69
34
13
30
49
22
18
59
63
40
13
11
21
-7
-79
-167
-247
-311
-405
-469
-510
-578
-616
-645
-667
-655
-666
-684
-685
-723
-740
-746
-744
-713
-692
-662
-606
-540
-483
-387
-288
-229
-159
-76
-31
20
48
68
98
94
96
86
70
43
25
26
9
-15
-37
-45
-30
2
9
6
19
42
75
94
126
180
246
301
330
404
501
542
580
634
674
709
703
715
756
727
674
645
601
545
508
475
418
357
318
260
218
205
174
152
103
43
8
-32
-54
-54
-76
-92
-90
-89
-97
-90
-72
-71
-90
-113
-114
-136
-172
-205
-256
-309
-367
-424
-447
-483
-501
-517
-566
-579
-595
-612
-605
-588
-592
-612
-617
-596
-539
-510
-489
-411
-337
-295
-236
-164
-112
-51
-17
7
58
98
105
103
133
153
141
121
98
85
91
75
63
58
46
38
44
58
74
89
90
117
152
172
219
260
298
331
363
414
449
498
538
544
533
539
570
578
538
531
511
424
379
358
330
298
259
234
211
177
147
110
61
34
9
-14
-31
-50
-59
-62
-88
-101
-87
-92
-83
-79
-83
-98
-138
-181
-200
-222
-270
-316
-351
-374
-404
-414
-416
-453
-461
-474
-505
-498
-489
-485
-439
-440
-468
-448
-439
-409
-383
-347
-309
-284
-206
-136
-106
-73
-30
7
10
26
61
89
91
84
77
78
97
79
43
27
22
55
66
36
54
87
82
75
102
102
101
152
189
232
271
286
307
342
367
365
388
433
466
483
470
464
488
473
424
413
407
387
373
334
307
309
257
182
179
154
99
94
53
18
29
5
-7
-24
-58
-63
-47
-54
-85
-104
-105
-110
-125
-176
-212
-226
-265
-286
-295
-314
-316
-315
-347
-364
-374
-403
-425
-423
-412
-398
-401
-398
-380
-377
-401
-398
-349
-326
-304
-268
-251
-216
-181
-165
-152
-122
-65
-23
-17
-23
10
35
8
-10
10
42
30
6
2
3
11
-6
-8
2
11
6
26
69
92
128
144
134
142
192
237
252
271
330
365
371
408
433
460
457
471
496
502
490
464
456
449
418
377
361
319
277
257
221
186
175
156
99
68
75
75
53
27
7
-9
-32
-52
-52
-57
-81
-114
-119
-127
-155
-181
-189
-169
-216
-279
-288
-296
-313
-370
-406
-391
-385
-390
-404
-422
-418
-419
-430
-397
-379
-354
-321
-318
-298
-254
-219
-200
-166
-158
-154
-119
-88
-58
-40
-40
-28
-29
-42
-34
-36
-32
-20
-16
-23
-38
-48
-59
-72
-76
-65
-69
-49
-22
-11
9
28
69
114
152
174
201
227
252
295
309
335
384
399
420
437
445
463
483
498
472
435
403
384
372
348
332
297
255
233
220
188
157
152
129
112
96
68
45
43
18
-15
-14
-25
-29
-38
-67
-59
-65
-97
-135
-153
-155
-193
-228
-225
-234
-251
-283
-321
-347
-359
-332
-314
-308
-307
-301
-303
-287
-279
-299
-272
-221
-194
-189
-179
-135
-95
-116
-118
-99
-72
-55
-103
-113
-87
-84
-101
-115
-123
-142
-150
-165
-185
-190
-178
-159
-135
-132
-134
-116
-104
-69
-40
-37
-11
33
90
112
102
147
187
214
253
258
277
302
317
334
320
316
330
327
317
336
350
333
298
285
276
266
268
252
253
260
254
228
184
161
161
169
160
127
121
120
125
109
76
76
45
8
-1
-17
-22
-41
-83
-85
-97
-128
-136
-141
-154
-197
-208
-215
-233
-219
-227
-229
-188
-194
-185
-181
-197
-154
-150
-175
-164
-154
-149
-138
-148
-156
-135
-126
-120
-125
-137
-119
-123
-144
-131
-136
-166
-174
-200
-217
-220
-236
-210
-203
-204
-176
-179
-193
-175
-155
-132
-94
-57
-38
-22
-2
25
62
78
111
156
183
200
254
286
291
311
278
274
293
283
287
288
271
270
231
212
221
202
206
188
175
182
160
138
127
127
124
107
76
75
100
107
92
96
91
67
70
68
63
67
57
58
36
-6
-32
-29
-38
-71
-83
-66
-66
-102
-122
-120
-120
-130
-131
-110
-95
-91
-85
-82
-89
-98
-116
-113
-88
-97
-94
-88
-79
-64
-92
-92
-92
-106
-110
-144
-159
-146
-173
-186
-185
-210
-229
-244
-217
-209
-225
-184
-174
-195
-159
-135
-145
-125
-103
-82
-44
-7
29
68
99
94
116
146
159
174
185
223
233
207
205
202
180
174
161
146
170
173
147
115
90
66
54
61
32
49
79
75
77
74
72
58
49
66
80
96
110
118
123
120
79
45
69
72
44
27
19
10
-4
-28
-24
-26
-55
-67
-59
-46
-42
-35
-46
-53
-42
-25
-18
-36
-48
-23
1
10
35
24
21
11
-25
-9
15
17
2
-22
-49
-97
-138
-158
-181
-180
-190
-207
-199
-210
-222
-234
-255
-228
-202
-191
-171
-146
-105
-76
-58
-38
1
15
39
80
109
143
142
153
174
180
172
163
166
149
126
107
76
76
75
39
20
11
5
-7
-7
3
5
-12
-24
-18
3
21
21
22
20
35
31
41
77
66
79
82
57
70
55
40
20
0
8
-11
-4
-19
-61
-55
-52
-49
-37
-39
-38
-36
-42
-11
23
38
53
31
58
86
71
83
96
96
75
62
75
100
96
64
40
9
-27
-60
-78
-90
-113
-129
-144
-157
-156
-174
-185
-182
-197
-195
-161
-123
-101
-97
-88
-71
-55
-19
16
31
59
75
95
104
118
132
126
157
160
136
116
107
87
59
52
38
16
3
-22
-41
-37
-69
-72
-51
-64
-52
-59
-47
-14
-26
-4
13
21
47
39
50
82
73
83
90
63
67
59
32
19
-8
-20
-23
-52
-59
-67
-73
-58
-93
-93
-66
-75
-80
-79
-58
-42
-25
-16
11
30
42
78
84
105
102
77
93
106
115
99
80
78
51
21
-2
-25
-43
-74
-100
-101
-107
-129
-156
-176
-172
-154
-148
-157
-144
-124
-95
-81
-85
-37
3
13
37
67
81
109
144
142
155
176
163
171
166
145
146
132
114
93
87
69
39
19
-2
-35
-68
-55
-51
-59
-73
-74
-63
-65
-36
-12
-20
-21
6
16
9
11
5
40
44
20
54
43
25
30
4
-12
-20
-36
-49
-48
-58
-72
-78
-71
-65
-77
-62
-48
-62
-51
-50
-49
-10
2
10
21
35
60
52
54
71
54
34
44
53
36
22
9
6
10
-16
-40
-44
-78
-103
-106
-100
-84
-99
-102
-113
-112
-68
-83
-81
-48
-39
-22
-11
4
28
37
48
73
97
108
127
145
130
135
136
136
147
130
115
108
80
50
47
34
10
9
-4
-19
-31
-49
-51
-44
-70
-84
-51
-46
-53
-31
-4
5
3
8
3
8
20
24
25
26
4
-7
-3
-12
-17
-31
-33
-46
-57
-64
-76
-70
-73
-64
-56
-57
-54
-58
-45
-19
-14
-9
7
28
57
43
29
68
71
54
49
64
94
76
41
47
40
14
-11
-34
-21
-14
-26
-47
-68
-66
-73
-101
-117
-115
-119
-107
-91
-65
-42
-33
-22
-20
-9
11
16
41
90
98
94
120
140
135
123
121
135
131
99
88
89
93
78
31
21
14
-21
-40
-65
-72
-48
-50
-87
-89
-57
-46
-65
-60
-44
-28
-4
-11
-7
20
5
10
38
8
-26
-4
18
-5
-9
-1
4
10
-31
-51
-38
-49
-60
-61
-65
-50
-63
-59
-27
-43
-32
-2
1
9
2
24
44
46
70
64
57
65
69
64
65
43
27
37
13
-3
5
-27
-38
-31
-56
-79
-100
-106
-90
-92
-110
-99
-75
-74
-58
-45
-29
-18
-17
12
18
38
81
107
121
119
115
119
122
124
124
119
113
104
92
74
59
49
36
14
-7
-23
-44
-51
-56
-58
-51
-68
-79
-65
-61
-55
-42
-39
-30
-2
5
0
17
31
41
36
23
10
-3
9
5
-5
11
-3
-21
-32
-45
-43
-49
-67
-82
-74
-61
-46
-19
-1
-2
2
4
-4
18
20
13
29
49
74
61
52
74
77
55
38
47
38
13
-4
-16
-35
-48
-69
-95
-83
-81
-106
-110
-112
-119
-119
-139
-122
-97
-90
-51
-31
-21
-9
5
39
40
45
74
86
98
104
118
115
114
121
132
133
91
88
89
71
64
36
20
20
22
4
-41
-53
-41
-46
-42
-44
-37
-24
-38
-39
-22
-10
14
27
25
50
47
32
26
32
33
23
33
29
26
15
-6
-28
-44
-52
-68
-61
-50
-47
-51
-54
-50
-56
-63
-50
-24
-21
-7
15
27
40
38
22
4
8
22
38
62
49
34
45
25
-11
-25
-30
-36
-45
-61
-59
-62
-66
-72
-102
-109
-104
-91
-69
-60
-54
-45
-40
-18
-6
1
38
40
52
75
74
71
78
100
96
94
106
111
100
87
71
43
12
22
33
2
-21
-26
-25
-27
-38
-47
-45
-31
-20
-17
-22
-26
-13
-5
7
8
22
42
46
56
57
45
17
28
43
19
9
-9
-10
2
-21
-29
-33
-60
-68
-61
-55
-38
-46
-64
-44
-34
-30
-13
-13
6
29
30
28
30
53
47
32
40
68
74
45
35
35
18
12
5
-7
-7
-27
-39
-57
-83
-79
-90
-114
-107
-88
-91
-80
-63
-68
-68
-62
-48
-21
-16
-7
24
43
40
34
50
75
104
106
74
81
107
117
115
92
66
51
29
20
13
4
-4
-24
-30
-43
-49
-61
-61
-31
-26
-42
-46
-26
-10
-29
-28
3
11
28
39
30
35
31
29
35
28
12
18
18
5
9
4
-18
-34
-38
-34
-32
-38
-45
-43
-45
-52
-25
-9
-4
30
37
26
29
42
51
52
50
45
59
71
59
59
42
17
21
18
1
-16
-25
-30
-49
-76
-86
-94
-95
-88
-84
-78
-94
-83
-76
-84
-70
-40
-17
-16
6
6
-1
13
-2
5
42
62
74
93
95
90
60
43
56
50
54
57
42
20
6
-9
-24
-23
-23
-18
-13
-3
-3
-19
-6
-13
-22
-8
-8
14
19
-2
10
20
2
6
11
18
24
11
10
18
13
-20
-29
-7
-8
-27
-42
-51
-43
-36
-30
-25
-22
-4
12
8
4
12
25
34
34
34
45
57
56
68
53
21
27
42
49
40
13
4
-17
-30
-15
-23
-46
-49
-69
-81
-45
-42
-56
-59
-73
-64
-62
-62
-27
-4
-14
-26
-12
4
0
-5
-2
16
29
45
67
60
45
35
30
31
32
22
14
20
28
23
17
-13
-32
-5
-8
-22
-23
-10
0
-46
-49
-2
-13
-35
-18
-2
-1
-2
3
8
20
20
8
14
-10
-19
16
11
0
2
-4
14
10
-9
15
14
-13
-8
17
17
12
25
12
3
2
-1
24
43
45
51
44
27
32
38
36
28
32
34
25
15
0
-17
-19
-16
-33
-45
-34
-26
-38
-52
-60
-65
-71
-72
-54
-49
-54
-44
-32
-28
-24
-26
-15
4
17
20
17
21
27
38
33
36
56
49
36
43
49
35
25
17
13
7
-6
4
6
-9
-7
0
-12
-24
-31
-27
-19
-24
-18
-2
0
-15
-27
-24
-9
-4
-1
7
9
7
6
-9
-28
-27
-10
-6
-9
-6
-17
-19
-10
-5
-12
-16
-5
-6
-10
-2
-1
5
9
3
5
14
25
27
34
45
51
32
41
52
34
42
44
20
11
30
23
16
19
-1
-13
-15
-26
-33
-29
-41
-32
-31
-57
-51
-47
-53
-40
-24
-22
-14
-13
-16
-4
7
28
15
8
32
39
60
66
63
51
28
33
43
38
46
45
15
18
28
15
15
16
-7
1
3
-33
-26
-36
-38
-22
-53
-57
-39
-43
-31
-21
-25
-23
-20
-17
-14
-25
-27
-19
-22
-13
-6
-19
-26
-38
-56
-37
-29
-32
-15
-18
-21
-11
-17
-25
-4
-2
-17
-9
13
24
34
43
30
39
29
21
44
39
35
53
56
47
43
31
24
24
28
13
-7
-5
7
6
-8
-5
-9
-11
-5
-19
-35
-28
-16
-21
-35
-36
-33
-24
-17
-18
-11
-14
-11
15
21
30
48
44
46
49
35
46
45
40
39
30
19
24
26
-1
12
19
11
0
-23
-10
-2
-18
-28
-25
-10
1
-5
-20
-6
6
-11
-20
-17
-9
0
11
6
-9
-4
-12
-23
-8
-26
-34
-19
-27
-25
-34
-49
-39
-36
-39
-46
-44
-12
-10
-21
0
14
7
-2
2
19
32
20
24
38
29
30
36
28
24
18
12
3
-9
-3
-6
-15
-17
-14
-19
-38
-33
-19
-32
-45
-46
-43
-38
-37
-22
-1
3
-1
-1
11
11
7
14
19
21
37
43
37
20
34
53
34
17
11
32
47
20
20
42
27
14
17
12
11
10
8
9
-4
-1
10
4
-9
-9
1
1
-6
2
13
5
3
3
-8
-5
8
7
2
0
-9
-16
-4
-5
-26
-30
-23
-31
-30
-14
-16
-23
-6
-3
-6
10
10
6
9
11
14
9
-2
-1
11
19
14
16
14
17
16
5
-3
-29
-22
-7
-24
-34
-43
-53
-36
-30
-40
-47
-42
-40
-38
-43
-44
-30
-19
-10
-8
0
20
17
20
20
7
22
36
36
44
53
48
35
26
12
6
22
19
