5
-2
7
11
7
17
22
25
29
21
20
33
35
30
27
27
26
23
22
29
30
30
28
23
17
13
5
2
4
4
-2
-9
-12
-16
-19
-19
-22
-30
-37
-42
-45
-46
-43
-48
-46
-61
-70
-73
-89
-81
-65
-67
-70
-81
-79
-55
-42
-39
-32
-29
-14
0
5
22
45
46
43
57
61
66
80
83
73
65
60
50
53
47
32
20
15
-7
-26
-6
15
20
3
-20
-15
16
34
39
54
61
49
35
50
81
105
102
93
98
98
100
108
120
116
109
109
92
81
85
88
74
58
75
87
56
32
20
20
31
18
16
7
-33
-69
-93
-88
-96
-135
-163
-199
-316
-461
-489
-388
-299
-361
-498
-533
-489
-477
-451
-359
-259
-220
-250
-249
-143
-9
67
103
189
278
296
294
331
401
425
397
381
407
409
337
265
223
181
129
86
39
-21
-67
-126
-171
-150
-118
-130
-163
-176
-159
-134
-78
-16
6
49
84
104
155
213
229
213
236
259
258
247
221
213
188
127
94
75
43
3
-23
-43
-108
-171
-176
-149
-96
-82
-90
-97
-119
-103
-66
13
99
107
114
128
152
216
233
219
217
190
174
167
143
142
141
115
70
13
2
1
-62
-120
-171
-177
-155
-180
-223
-269
-283
-342
-541
-735
-731
-511
-319
-436
-712
-819
-711
-552
-460
-347
-204
-193
-322
-371
-157
173
305
269
288
412
490
442
451
577
682
634
535
555
613
533
354
221
206
201
106
-6
-95
-165
-254
-321
-308
-260
-256
-306
-355
-401
-355
-233
-183
-160
-58
59
118
135
185
296
410
471
467
485
498
469
451
463
501
513
420
278
190
157
143
103
70
47
11
-29
-85
-118
-71
-18
-5
3
11
4
39
130
184
218
211
262
366
377
318
231
115
-4
-34
14
23
-260
-762
-1099
-1110
-955
-947
-1156
-1363
-1426
-1494
-1572
-1451
-1131
-863
-864
-963
-802
-441
-176
-30
158
437
673
765
851
1060
1249
1240
1163
1214
1306
1249
1044
841
700
583
442
296
171
6
-227
-460
-582
-596
-581
-604
-683
-707
-701
-685
-561
-400
-254
-158
-82
24
131
260
377
413
458
543
680
777
663
534
532
562
554
519
447
331
200
66
4
42
60
-15
-83
-144
-162
-111
-108
-70
8
31
53
103
161
206
215
239
296
392
465
406
327
311
332
365
367
332
272
164
53
32
8
-142
-395
-569
-682
-932
-1297
-1547
-1425
-1224
-1407
-1771
-1877
-1718
-1584
-1571
-1427
-1063
-815
-878
-897
-516
-4
269
377
591
913
1117
1106
1180
1495
1691
1615
1480
1454
1466
1318
1031
809
725
588
297
46
-117
-271
-471
-704
-812
-802
-825
-903
-946
-923
-854
-762
-628
-488
-377
-270
-166
-11
218
464
662
737
664
647
819
1060
1129
1029
909
835
760
635
569
569
483
236
20
-27
-7
-41
-157
-208
-187
-203
-222
-217
-161
-80
-28
27
119
219
289
308
346
422
527
581
553
532
459
409
404
357
279
88
-146
-281
-378
-450
-635
-1131
-1720
-2053
-2008
-1696
-1564
-1909
-2371
-2521
-2311
-2012
-1738
-1370
-988
-918
-1064
-859
-193
454
735
814
1026
1388
1574
1592
1724
1977
2074
1887
1715
1759
1745
1462
1017
732
664
476
164
-160
-417
-623
-881
-1047
-1024
-940
-999
-1158
-1208
-1074
-850
-663
-553
-484
-383
-214
98
439
672
730
701
800
959
1106
1217
1231
1108
958
863
839
822
702
487
302
178
41
-68
-135
-164
-214
-306
-336
-288
-218
-165
-125
-58
53
177
283
387
460
477
478
572
714
755
696
604
568
567
490
382
258
62
-172
-344
-407
-503
-710
-1070
-1651
-2281
-2594
-2380
-1865
-1719
-2304
-2921
-2907
-2430
-2004
-1752
-1375
-979
-922
-1086
-852
35
875
1061
1000
1248
1696
1887
1853
2004
2325
2395
2132
1938
1984
1930
1504
960
657
606
486
109
-307
-619
-860
-1042
-1230
-1214
-1083
-1156
-1314
-1395
-1237
-926
-739
-699
-616
-367
-41
244
461
619
802
959
1002
1083
1229
1329
1300
1203
1156
1139
1084
904
674
527
443
334
189
53
-33
-85
-207
-284
-250
-187
-178
-201
-124
13
130
190
259
325
350
400
515
630
680
631
543
547
540
490
440
345
168
-86
-303
-463
-565
-641
-870
-1341
-2085
-2758
-2840
-2296
-1804
-2037
-2789
-3261
-3072
-2590
-2130
-1736
-1338
-1090
-1193
-1240
-619
404
1050
1173
1217
1576
1981
2080
2151
2438
2693
2626
2355
2207
2190
1988
1475
973
782
736
484
8
-456
-783
-1042
-1269
-1348
-1268
-1221
-1366
-1574
-1541
-1270
-1002
-802
-696
-612
-390
-23
349
625
765
864
1045
1228
1338
1419
1495
1480
1374
1245
1210
1188
1015
727
489
402
320
150
0
-94
-158
-244
-311
-268
-206
-191
-194
-135
21
163
198
223
315
422
481
504
581
652
652
575
505
521
512
421
272
67
-201
-446
-550
-546
-614
-1018
-1785
-2667
-3132
-2796
-2140
-1920
-2476
-3304
-3573
-3124
-2516
-2086
-1631
-1315
-1353
-1476
-1173
-227
825
1245
1174
1339
1818
2163
2328
2471
2756
2934
2685
2444
2438
2380
1989
1382
997
931
812
407
-169
-630
-929
-1194
-1336
-1379
-1330
-1353
-1602
-1789
-1667
-1386
-1075
-828
-743
-605
-336
-10
310
626
934
1134
1188
1195
1322
1568
1740
1686
1548
1470
1373
1235
1011
821
747
578
327
133
13
-49
-147
-290
-324
-286
-225
-194
-175
-111
-11
85
160
245
292
339
387
521
663
657
585
458
402
516
581
489
229
-80
-287
-409
-588
-779
-863
-1234
-2137
-3137
-3414
-2687
-1941
-2275
-3294
-3828
-3454
-2850
-2562
-2186
-1578
-1262
-1503
-1681
-962
381
1180
1151
1122
1641
2263
2411
2359
2656
3092
3080
2715
2550
2690
2554
1891
1220
987
1028
827
226
-370
-736
-1036
-1348
-1500
-1410
-1327
-1546
-1886
-1997
-1713
-1272
-1048
-918
-788
-556
-227
95
449
815
1093
1227
1289
1354
1509
1713
1765
1730
1681
1616
1523
1262
977
818
734
592
361
153
25
-82
-189
-258
-242
-135
-165
-241
-199
-116
23
169
266
360
363
310
353
530
727
749
574
405
421
477
457
311
94
-128
-395
-634
-747
-907
-1271
-2037
-2999
-3462
-3069
-2322
-2216
-3061
-3986
-3982
-3279
-2645
-2367
-2043
-1571
-1507
-1736
-1341
-88
1104
1382
1156
1379
2092
2569
2578
2673
3070
3304
3050
2718
2732
2735
2304
1565
1050
1049
1040
562
-169
-750
-1050
-1236
-1432
-1453
-1346
-1503
-1900
-2166
-1981
-1464
-1081
-955
-923
-834
-555
-86
474
916
1075
1092
1219
1430
1637
1850
1984
1991
1828
1674
1660
1607
1364
1030
793
648
489
250
60
-42
-150
-283
-328
-226
-177
-254
-353
-385
-179
51
133
163
188
240
301
405
578
668
577
435
441
556
496
336
164
0
-180
-505
-729
-783
-1187
-2074
-3071
-3444
-2892
-2234
-2410
-3430
-4233
-4021
-3287
-2803
-2571
-2178
-1764
-1756
-1901
-1329
21
1018
1179
1091
1472
2209
2645
2670
2816
3273
3475
3181
2931
2987
2946
2455
1697
1269
1292
1205
643
-106
-671
-1013
-1267
-1439
-1435
-1441
-1677
-2093
-2342
-2143
-1708
-1332
-1144
-1095
-1018
-785
-264
343
731
953
1086
1229
1448
1690
1900
2048
2044
1858
1761
1775
1684
1458
1122
875
774
637
416
217
89
-102
-253
-209
-114
-78
-167
-355
-356
-175
-30
98
192
197
199
257
373
541
679
710
638
447
341
426
489
381
-8
-525
-772
-795
-971
-1642
-2725
-3446
-3262
-2533
-2307
-3152
-4175
-4269
-3597
-2990
-2766
-2494
-1995
-1804
-2043
-1829
-635
706
1193
999
1144
1940
2609
2710
2794
3207
3554
3441
3066
2971
3139
2889
2103
1464
1343
1372
1048
298
-448
-889
-1172
-1354
-1409
-1417
-1608
-2039
-2427
-2382
-1903
-1483
-1307
-1208
-1120
-987
-661
-145
449
883
1037
1072
1216
1515
1796
2010
2126
2029
1879
1800
1719
1640
1464
1218
1018
807
578
358
189
48
-51
-97
-85
-55
-169
-293
-362
-316
-116
116
229
229
161
138
298
476
643
791
729
455
237
305
552
604
245
-317
-679
-818
-952
-1361
-2219
-3088
-3361
-2942
-2542
-2905
-3821
-4383
-4047
-3374
-3021
-2834
-2450
-2102
-2116
-2070
-1312
16
910
980
965
1516
2290
2681
2838
3141
3545
3608
3308
3173
3299
3210
2650
1947
1567
1554
1428
839
50
-575
-974
-1190
-1332
-1413
-1491
-1797
-2279
-2551
-2344
-1801
-1380
-1365
-1501
-1337
-861
-423
-42
438
924
1204
1176
1163
1542
2085
2344
2246
2103
2080
1971
1718
1528
1480
1432
1173
753
512
413
267
86
-56
-45
-7
-132
-353
-447
-349
-166
-37
-24
-14
47
112
207
387
543
630
624
466
375
449
512
461
170
-160
-346
-517
-897
-1696
-2637
-3207
-3003
-2455
-2482
-3358
-4322
-4541
-4036
-3414
-3091
-2818
-2515
-2479
-2639
-2246
-990
249
703
671
889
1585
2239
2594
2939
3381
3668
3562
3351
3390
3475
3206
2577
2094
1963
1876
1479
743
21
-465
-786
-1008
-1157
-1303
-1556
-2019
-2450
-2488
-2150
-1728
-1547
-1638
-1649
-1402
-941
-431
-90
217
629
986
1172
1261
1481
1902
2228
2253
2196
2160
2014
1773
1557
1555
1628
1413
966
605
410
291
183
124
114
43
-139
-380
-459
-322
-114
-1
-60
-79
34
153
226
311
428
534
574
544
506
493
418
271
128
-32
-261
-552
-984
-1707
-2606
-3222
-3096
-2500
-2349
-3202
-4381
-4717
-4102
-3392
-3073
-2917
-2652
-2488
-2619
-2387
-1265
83
707
690
831
1519
2260
2556
2772
3254
3706
3713
3498
3464
3514
3307
2710
2219
2122
2060
1617
824
49
-442
-651
-809
-1054
-1319
-1581
-1993
-2419
-2522
-2240
-1833
-1647
-1757
-1787
-1512
-1063
-553
-215
14
399
838
1102
1185
1356
1728
2115
2263
2236
2204
2073
1812
1595
1616
1715
1592
1182
727
492
384
312
261
235
162
-50
-303
-384
-263
-98
-25
-76
-105
-60
50
120
263
459
565
554
505
516
494
414
289
238
103
-243
-659
-1003
-1570
-2422
-3061
-3029
-2534
-2440
-3281
-4301
-4506
-4007
-3493
-3303
-3067
-2748
-2677
-2801
-2420
-1272
-116
401
516
813
1467
2084
2419
2716
3205
3614
3620
3507
3501
3524
3313
2806
2406
2301
2165
1672
919
232
-195
-435
-673
-930
-1206
-1552
-1961
-2295
-2372
-2182
-1922
-1789
-1795
-1812
-1678
-1278
-730
-284
-51
162
551
929
1135
1307
1604
1983
2201
2192
2180
2140
1956
1796
1764
1792
1719
1393
983
734
603
495
410
340
225
10
-213
-294
-212
-96
-72
-104
-85
-12
65
44
66
259
482
594
569
444
266
147
232
321
191
-177
-702
-1154
-1775
-2550
-2995
-2775
-2301
-2509
-3640
-4689
-4629
-3811
-3255
-3264
-3218
-2915
-2737
-2728
-2323
-1277
-167
301
328
694
1479
2153
2441
2665
3137
3668
3805
3596
3485
3489
3346
2937
2539
2415
2293
1803
984
262
-92
-215
-441
-879
-1291
-1605
-1873
-2151
-2346
-2250
-1974
-1772
-1797
-1914
-1821
-1373
-763
-344
-141
125
489
790
1003
1276
1703
2105
2226
2132
2104
2150
2043
1841
1802
1836
1691
1295
891
756
750
621
428
300
207
-14
-273
-350
-225
-44
-52
-214
-293
-215
-72
65
186
271
360
384
279
297
418
486
431
198
-101
-371
-641
-1154
-1990
-2714
-2828
-2417
-2174
-2838
-3982
-4520
-4138
-3439
-3154
-3184
-3103
-2940
-2921
-2744
-1935
-718
65
136
193
757
1580
2119
2329
2755
3287
3534
3476
3402
3515
3533
3187
2710
2530
2461
2188
1562
792
307
93
-160
-488
-821
-1211
-1629
-2012
-2181
-2085
-1947
-1931
-1963
-1922
-1812
-1627
-1285
-823
-470
-311
-59
391
822
1086
1253
1511
1898
2153
2138
2117
2065
1946
1924
1881
1849
1718
1371
1043
903
847
753
648
486
263
25
-171
-183
-63
-20
-123
-237
-217
-137
-80
-49
38
197
316
356
318
246
235
265
243
85
-252
-626
-1089
-1738
-2436
-2737
-2412
-2053
-2490
-3598
-4400
-4265
-3564
-3144
-3152
-3118
-2892
-2871
-2918
-2362
-1205
-244
-29
-108
329
1195
1838
2062
2396
3014
3402
3420
3323
3367
3464
3318
2916
2609
2588
2476
1944
1195
619
360
162
-180
-548
-875
-1278
-1749
-1987
-1906
-1771
-1761
-1926
-2006
-1852
-1671
-1442
-1042
-585
-349
-350
-166
327
858
1165
1277
1454
1748
1926
1929
1939
1953
1905
1848
1814
1745
1583
1336
1076
891
813
781
701
536
316
92
-35
-29
62
106
-34
-261
-303
-87
117
119
61
107
223
294
231
201
288
258
5
-302
-470
-631
-1131
-2135
-2969
-2757
-1889
-1746
-2957
-4396
-4588
-3662
-2989
-3145
-3270
-2888
-2741
-3097
-3059
-1910
-386
106
-365
-362
606
1579
1857
1946
2523
3260
3413
3093
3091
3509
3613
3100
2535
2460
2709
2480
1584
839
641
574
221
-318
-651
-857
-1311
-1831
-1937
-1624
-1442
-1713
-2027
-1987
-1729
-1526
-1358
-994
-563
-414
-449
-261
338
937
1165
1226
1389
1651
1855
1925
1919
1980
1993
1877
1756
1645
1515
1411
1245
1018
865
825
710
481
282
165
140
118
-2
-130
-159
-144
-92
-125
-113
-2
109
152
159
209
229
178
118
80
-39
-331
-726
-1111
-1680
-2365
-2628
-2195
-1817
-2456
-3741
-4384
-3837
-2994
-2920
-3205
-3073
-2790
-2902
-3030
-2294
-951
-191
-410
-617
56
1084
1616
1760
2150
2801
3106
2956
2898
3231
3499
3251
2747
2526
2644
2531
1931
1303
964
796
511
51
-319
-559
-950
-1493
-1756
-1576
-1415
-1658
-1973
-1991
-1760
-1614
-1587
-1271
-755
-495
-604
-602
-87
624
1007
1099
1193
1434
1640
1645
1719
1930
2078
2007
1760
1585
1562
1507
1317
1166
1115
1020
833
618
426
341
279
199
157
72
-50
-189
-243
-138
30
96
34
-21
-4
103
210
218
177
90
-124
-477
-737
-888
-1341
-2149
-2736
-2435
-1715
-1946
-3277
-4320
-4035
-3053
-2768
-3151
-3170
-2754
-2650
-2945
-2686
-1462
-287
-139
-565
-344
690
1526
1715
1901
2469
3009
2980
2696
2870
3324
3409
2986
2544
2483
2547
2187
1469
995
903
810
402
-141
-445
-644
-1066
-1520
-1625
-1500
-1494
-1698
-1909
-1943
-1847
-1679
-1367
-951
-729
-769
-755
-391
219
722
1002
1170
1317
1445
1533
1677
1875
2016
2034
1922
1747
1639
1563
1490
1443
1310
1179
1062
850
624
467
364
296
224
133
32
-80
-185
-242
-154
-26
52
8
-68
-47
-5
-1
-10
-10
-124
-436
-866
-1316
-1863
-2381
-2437
-1932
-1638
-2379
-3754
-4336
-3631
-2724
-2594
-2946
-3000
-2807
-2865
-2886
-2170
-918
-188
-362
-592
-111
776
1377
1650
2057
2625
2864
2685
2599
2909
3233
3163
2808
2532
2517
2396
1884
1358
1163
1103
859
383
-94
-415
-747
-1142
-1341
-1269
-1226
-1447
-1813
-1959
-1870
-1758
-1544
-1174
-802
-807
-1045
-904
-286
405
751
876
1035
1200
1309
1422
1661
1912
2027
1965
1784
1653
1598
1617
1624
1475
1310
1157
986
836
649
490
430
392
278
109
-4
-104
-216
-254
-156
-21
-20
-121
-202
-153
-3
68
-37
-243
-436
-544
-698
-1142
-1902
-2520
-2405
-1716
-1551
-2540
-3756
-3986
-3304
-2713
-2707
-2838
-2705
-2674
-2930
-2865
-1934
-741
-301
-552
-651
-63
732
1191
1519
2080
2626
2652
2405
2460
2883
3156
2966
2648
2541
2556
2318
1747
1345
1261
1139
807
354
4
-269
-668
-1037
-1128
-1062
-1135
-1449
-1697
-1752
-1748
-1689
-1449
-1040
-835
-978
-1090
-791
-198
275
544
761
964
1129
1248
1417
1631
1838
1951
1877
1769
1689
1632
1629
1585
1496
1402
1255
1064
853
685
563
499
438
258
37
-119
-128
-121
-210
-253
-137
-49
-100
-192
-196
-93
-39
-83
-198
-318
-542
-952
-1496
-2071
-2362
-2081
-1585
-1745
-2823
-3886
-3805
-2907
-2405
-2680
-3003
-2840
-2632
-2744
-2624
-1714
-633
-340
-679
-680
35
881
1287
1501
1986
2485
2606
2432
2419
2766
3032
2888
2567
2429
2429
2184
1640
1237
1185
1184
909
418
-40
-357
-647
-941
-1025
-976
-1063
-1420
-1757
-1770
-1657
-1529
-1317
-1047
-910
-1077
-1132
-698
-47
360
464
618
890
1162
1295
1397
1617
1775
1836
1834
1799
1761
1679
1638
1618
1566
1427
1257
1075
870
741
640
581
505
315
89
-64
-127
-94
-77
-146
-180
-195
-206
-154
-112
-99
-175
-323
-445
-511
-574
-945
-1660
-2313
-2428
-1902
-1455
-1967
-3119
-3799
-3509
-2775
-2415
-2503
-2591
-2631
-2824
-2886
-2272
-1133
-400
-505
-799
-535
227
860
1269
1725
2128
2257
2186
2210
2480
2775
2801
2591
2421
2394
2292
1944
1523
1239
1161
1065
739
362
50
-302
-678
-873
-854
-833
-1007
-1345
-1624
-1741
-1679
-1402
-1069
-911
-1057
-1233
-1048
-509
51
311
392
539
755
996
1227
1444
1594
1637
1720
1793
1763
1705
1684
1647
1544
1454
1386
1296
1133
919
752
666
603
492
303
91
-76
-140
-124
-89
-40
-93
-238
-295
-217
-91
-55
-190
-398
-536
-583
-776
-1334
-2015
-2279
-1911
-1445
-1656
-2606
-3451
-3474
-2895
-2415
-2364
-2472
-2573
-2734
-2806
-2453
-1592
-751
-522
-722
-670
-129
507
967
1367
1788
2141
2252
2191
2269
2528
2682
2584
2427
2369
2283
2039
1656
1313
1170
1107
935
607
221
-178
-490
-667
-697
-701
-889
-1189
-1443
-1581
-1589
-1457
-1192
-956
-974
-1156
-1209
-853
-289
42
223
406
589
781
966
1163
1364
1524
1600
1665
1706
1664
1603
1520
1496
1477
1416
1338
1196
1010
823
743
709
586
424
224
76
17
-14
-19
-93
-215
-275
-185
-68
-80
-134
-209
-334
-423
-447
-511
-845
-1527
-2160
-2182
-1559
-1196
-1778
-2881
-3474
-3118
-2501
-2274
-2356
-2382
-2459
-2741
-2764
-2079
-1033
-517
-734
-926
-536
173
668
951
1339
1764
1947
1930
2057
2399
2621
2504
2248
2200
2320
2233
1869
1467
1254
1184
1016
768
516
205
-188
-535
-616
-532
-575
-868
-1264
-1420
-1331
-1296
-1325
-1214
-1012
-959
-1084
-1093
-739
-244
44
118
213
475
788
976
1087
1250
1413
1523
1551
1539
1590
1635
1575
1481
1438
1401
1357
1230
1033
898
837
750
573
392
269
193
114
-23
-120
-110
-160
-253
-243
-158
-122
-210
-334
-366
-393
-445
-543
-1014
-1796
-2273
-1907
-1097
-1033
-2123
-3281
-3374
-2599
-2087
-2236
-2368
-2303
-2447
-2843
-2737
-1654
-604
-589
-1110
-1109
-352
390
602
811
1328
1754
1775
1696
1953
2394
2512
2268
2112
2245
2400
2198
1701
1389
1344
1290
1112
819
511
172
-248
-553
-501
-282
-355
-852
-1341
-1463
-1250
-1042
-1081
-1172
-1197
-1144
-1015
-832
-598
-352
-137
48
242
475
678
856
953
1051
1325
1557
1630
1539
1431
1485
1578
1580
1487
1397
1306
1158
993
935
946
837
575
340
261
231
173
36
-139
-217
-218
-212
-202
-194
-193
-271
-434
-556
-501
-407
-685
-1443
-2158
-2148
-1413
-904
-1453
-2629
-3228
-2853
-2260
-2119
-2211
-2113
-2143
-2575
-2833
-2177
-937
-360
-833
-1284
-843
2
462
583
970
1544
1701
1509
1570
2053
2424
2287
1963
1986
2212
2187
1846
1475
1342
1317
1202
979
680
400
65
-304
-467
-362
-227
-413
-898
-1290
-1328
-1094
-920
-989
-1066
-1012
-939
-967
-994
-716
-188
195
207
52
198
610
886
984
1125
1367
1445
1284
1192
1383
1645
1659
1451
1276
1242
1181
1049
984
986
955
760
530
379
279
199
112
56
21
-65
-213
-291
-208
-77
-121
-361
-550
-530
-411
-527
-1119
-1849
-2031
-1498
-925
-1178
-2224
-2997
-2802
-2192
-1976
-2115
-2097
-1974
-2269
-2731
-2439
-1308
-449
-683
-1297
-1179
-386
233
373
642
1234
1544
1381
1273
1674
2223
2304
1995
1858
2047
2124
1845
1493
1349
1403
1354
1056
754
551
282
-68
-258
-212
-116
-262
-692
-1040
-1123
-1032
-916
-857
-888
-1015
-1098
-1044
-889
-692
-462
-270
-109
37
153
304
475
630
833
1080
1253
1272
1190
1190
1378
1575
1555
1404
1304
1218
1127
1077
1089
1122
1004
712
464
408
402
319
170
96
100
1
-148
-253
-212
-120
-210
-386
-523
-536
-503
-755
-1391
-1941
-1842
-1131
-768
-1483
-2605
-2978
-2395
-1800
-1848
-2088
-1997
-1991
-2454
-2701
-1953
-750
-392
-1004
-1404
-918
-161
155
304
796
1319
1336
1109
1232
1747
2123
2026
1812
1874
2059
1969
1607
1366
1362
1383
1239
987
802
553
220
-49
-137
-28
-75
-377
-728
-962
-984
-893
-785
-770
-913
-1104
-1159
-1015
-763
-532
-408
-318
-210
-68
149
340
481
622
795
1025
1137
1095
1111
1250
1401
1420
1362
1368
1334
1174
1074
1072
1108
1087
867
637
558
547
489
358
229
162
73
-128
-264
-173
4
-45
-323
-578
-581
-434
-507
-1046
-1805
-2022
-1425
-744
-994
-2145
-2952
-2576
-1797
-1630
-1922
-1991
-1787
-2036
-2594
-2358
-1158
-282
-661
-1450
-1309
-393
158
176
352
893
1199
990
918
1399
1927
1951
1652
1606
1841
1878
1652
1419
1354
1370
1295
1137
962
728
398
124
-10
46
123
-61
-417
-695
-814
-774
-677
-671
-768
-918
-1039
-1011
-842
-644
-448
-303
-265
-349
-292
72
416
518
490
587
813
924
942
1104
1306
1337
1211
1129
1234
1301
1194
1087
1095
1084
972
791
640
631
602
452
268
187
170
53
-105
-186
-133
-48
-159
-399
-568
-511
-413
-659
-1277
-1814
-1691
-1038
-698
-1315
-2385
-2741
-2130
-1511
-1551
-1841
-1822
-1771
-2106
-2320
-1724
-753
-475
-985
-1349
-948
-256
54
144
477
856
857
746
1042
1532
1703
1538
1453
1606
1728
1637
1441
1355
1318
1233
1179
1140
1005
669
264
126
225
284
177
-124
-405
-552
-633
-573
-486
-505
-648
-857
-936
-874
-775
-616
-397
-243
-363
-554
-432
-20
361
414
375
518
659
662
713
971
1257
1231
1007
967
1109
1196
1125
1071
1100
1033
822
655
656
726
674
522
382
274
165
44
-34
-30
-47
-138
-227
-309
-398
-441
-456
-570
-926
-1436
-1590
-1145
-680
-929
-1836
-2469
-2187
-1505
-1244
-1543
-1845
-1846
-1890
-2015
-1722
-988
-535
-798
-1244
-1127
-517
-48
94
246
507
657
651
761
1131
1415
1359
1227
1321
1525
1555
1409
1299
1277
1225
1111
1035
995
837
517
247
227
332
291
52
-208
-407
-492
-445
-363
-331
-470
-678
-747
-701
-648
-624
-526
-361
-264
-287
-332
-203
53
209
246
334
493
588
625
738
905
988
974
993
1033
1010
960
929
994
1022
882
743
711
725
684
542
402
310
241
151
61
32
-7
-102
-206
-271
-305
-373
-470
-567
-725
-995
-1319
-1376
-1018
-719
-988
-1712
-2179
-1880
-1291
-1092
-1334
-1618
-1675
-1683
-1667
-1397
-944
-666
-798
-1053
-935
-536
-186
46
239
421
450
459
693
1001
1112
1038
1019
1202
1364
1316
1153
1058
1084
1087
1038
1021
999
784
420
187
285
497
444
152
-134
-239
-225
-185
-137
-73
-163
-445
-577
-466
-290
-253
-383
-410
-235
-120
-144
-154
-48
81
164
276
392
415
408
470
580
684
749
803
815
755
674
662
727
773
724
596
495
480
472
420
324
192
84
26
6
-25
-131
-273
-371
-365
-330
-353
-452
-586
-613
-618
-728
-946
-1056
-883
-689
-716
-1004
-1296
-1259
-997
-834
-887
-1010
-1061
-1075
-1043
-901
-688
-538
-560
-591
-522
-421
-282
-109
57
149
133
173
346
536
620
574
535
585
689
775
788
760
697
649
692
734
688
599
489
426
434
395
357
354
256
124
88
108
158
147
18
-64
-48
-5
30
-22
-117
-173
-182
-108
10
109
102
-2
-23
106
218
272
305
300
317
328
342
409
437
401
362
355
368
358
332
279
215
211
227
184
136
85
24
-44
-118
-154
-140
-109
-158
-262
-271
-230
-262
-294
-287
-319
-304
-265
-342
-404
-499
-598
-526
-425
-347
-357
-549
-723
-737
-609
-455
-414
-474
-599
-698
-667
-530
-416
-417
-484
-515
-465
-373
-282
-227
-166
-109
-120
-97
21
128
182
193
169
187
261
319
400
465
458
454
459
489
530
525
494
487
530
550
547
493
439
401
348
395
442
435
361
235
171
157
188
227
200
113
23
24
117
151
112
60
8
-4
57
110
94
68
51
48
58
66
92
70
9
20
27
57
100
44
-9
-6
-6
27
66
36
-17
-94
-135
-101
-66
-53
-95
-153
-172
-185
-170
-140
-143
-169
-196
-191
-197
-233
-211
-205
-226
-274
-334
-304
-254
-277
-341
-378
-390
-393
-399
-395
-403
-421
-431
-413
-376
-349
-363
-400
-410
-384
-318
-245
-173
-133
-167
-168
-153
-118
-1
99
154
161
156
188
237
275
326
372
409
410
363
386
450
467
451
460
451
382
346
357
386
392
376
379
373
290
260
276
259
299
281
221
174
131
130
127
149
164
113
60
52
53
67
37
-4
7
-2
-22
-54
-74
-66
-74
-60
-26
-30
-72
-96
-114
-112
-73
-72
-53
-45
-102
-137
-145
-139
-125
-121
-92
-90
-129
-124
-100
-103
-101
-105
-147
-172
-186
-184
-165
-170
-159
-188
-224
-225
-272
-276
-222
-198
-171
-196
-291
-331
-288
-228
-226
-282
-295
-260
-238
-257
-247
-203
-175
-152
-117
-74
-48
-26
-15
12
52
85
104
120
111
108
137
188
232
233
247
255
252
269
266
272
337
336
270
240
214
237
290
313
275
213
185
145
172
217
212
233
233
170
122
116
113
136
132
118
115
81
60
48
55
63
46
42
64
36
-31
-38
-2
-6
-7
6
3
-16
-39
-31
-3
25
17
-7
-27
-58
-92
-91
-66
-64
-60
-86
-139
-179
-210
-206
-194
-169
-118
-144
-210
-227
-246
-281
-261
-230
-250
-263
-259
-286
-303
-269
-273
-273
-261
-267
-227
-222
-228
-175
-150
-117
-98
-147
-107
-32
-17
24
41
47
78
36
16
73
128
150
137
167
187
177
165
162
190
212
220
229
234
226
235
224
229
252
248
256
206
163
174
166
185
186
170
148
108
133
145
106
97
75
54
51
40
12
-11
-4
-8
-10
-3
12
-7
-20
-9
7
43
8
0
23
2
-2
-12
6
23
18
15
11
-2
-20
-16
-21
-40
-44
-47
-90
-115
-113
-138
-155
-142
-156
-190
-224
-229
-206
-197
-183
-204
-224
-198
-213
-232
-225
-216
-179
-157
-164
-169
-156
-113
-92
-84
-32
-21
-27
-3
26
34
28
36
54
61
72
99
94
112
125
108
105
101
113
109
99
118
108
111
100
69
101
108
94
116
121
95
78
88
87
113
110
53
55
64
66
66
41
53
48
32
31
26
26
20
7
11
18
18
27
17
-2
-4
-10
-5
29
56
57
26
19
46
30
14
39
24
17
11
15
53
47
30
22
-3
0
-10
-25
-31
-43
-40
-80
-102
-101
-127
-150
-168
-152
-117
-158
-194
-157
-137
-155
-177
-173
-139
-131
-134
-98
-74
-68
-66
-53
-25
-11
23
38
23
60
85
96
106
66
73
85
66
69
90
113
97
73
72
74
76
41
38
57
45
46
25
-6
8
27
31
34
26
18
23
34
24
11
24
25
9
29
8
-27
-18
-30
-27
-14
-30
-33
-42
-58
-20
-9
-34
-38
-30
-19
-14
-30
-19
-12
-1
32
23
31
30
51
84
69
71
81
61
64
62
54
69
58
52
51
22
4
10
8
-5
-39
-69
-64
-60
-80
-107
-127
-110
-105
-128
-112
-118
-123
-109
-97
-91
-104
-86
-58
-25
1
-18
2
23
13
25
47
65
78
81
92
90
89
90
81
84
84
66
51
68
83
76
60
54
33
15
16
23
30
45
45
20
16
30
36
22
21
0
-13
-6
-18
-8
0
-23
-50
-44
-26
-23
-39
-47
-41
-52
-68
-77
-68
-69
-71
-71
-65
-45
-69
-78
-54
-66
-67
-51
-36
-20
-10
-5
21
57
45
25
58
80
62
69
61
65
84
71
60
51
32
3
-1
-2
-22
-31
-41
-63
-63
-77
-97
-102
-101
-79
-108
-100
-33
-70
-117
-74
-26
-9
-16
-31
5
51
48
47
78
76
71
93
90
97
111
113
89
107
113
84
83
52
45
83
90
70
59
38
58
50
16
30
34
37
29
45
27
10
15
-28
-20
-10
3
-1
-13
-13
-51
-50
-50
-59
-28
-46
-64
-74
-93
-91
-91
-94
-97
-104
-128
-118
-110
-95
-91
-89
-77
-87
-38
-7
-33
-36
-25
-6
20
36
81
100
61
45
43
62
87
92
79
40
57
77
41
29
30
29
10
-19
-34
-30
-49
-85
-71
-60
-79
-88
-84
-78
-76
-64
-40
-42
-44
-24
-14
3
18
16
23
53
80
66
68
86
84
105
117
101
94
101
106
107
101
88
66
70
64
27
38
44
32
30
20
17
24
10
-17
-1
21
4
-13
-16
-26
-35
-31
-12
-11
-28
-25
-25
-39
-48
-42
-46
-67
-86
-84
-59
-73
-91
-95
-106
-101
-101
-105
-103
-80
-71
-65
-38
-42
-45
-31
-17
6
23
35
51
31
25
66
84
82
87
104
98
74
66
29
49
59
8
23
9
-24
-16
-39
-52
-60
-53
-45
-66
-81
-89
-87
-73
-67
-57
-37
-28
-36
-50
-15
15
26
49
44
58
90
80
81
88
74
80
100
104
104
99
100
105
86
80
68
56
56
47
45
68
65
24
17
16
3
0
-17
-20
-11
-27
-34
-31
-43
-33
-30
-53
-56
-73
-82
-69
-82
-69
-44
-56
-77
-101
-100
-82
-87
-105
-104
-73
-57
-89
-97
-68
-58
-60
-58
-42
-12
-4
-1
0
24
50
57
83
82
54
71
99
99
95
105
111
75
52
51
52
54
34
32
32
21
12
-23
-45
-38
-49
-57
-61
-81
-92
-78
-72
-84
-66
-58
-52
-27
-46
-52
-10
11
20
25
27
33
39
60
83
81
75
91
104
101
101
104
100
88
79
71
74
90
79
50
46
39
27
24
7
2
8
-20
-16
-1
-23
-33
-32
-49
-48
-56
-57
-55
-72
-65
-70
-70
-78
-80
-83
-97
-97
-85
-82
-81
-86
-93
-80
-88
-84
-77
-70
-51
-59
-52
-18
-26
-37
-1
19
35
57
47
51
71
78
87
85
90
96
83
100
100
85
99
70
56
55
32
15
1
-24
-38
-25
-50
-61
-75
-97
-83
-83
-83
-65
-58
-75
-72
-53
-25
-1
-5
2
30
38
33
56
80
89
83
86
104
101
84
82
87
99
114
90
61
74
87
74
46
52
62
28
14
17
24
27
7
-5
1
-7
-28
-15
-14
-30
-43
-54
-54
-75
-85
-70
-80
-90
-89
-94
-101
-88
-101
-115
-101
-113
-120
-95
-105
-119
-89
-95
-91
-67
-69
-47
-12
1
3
6
12
18
31
45
62
92
104
82
75
105
101
78
82
71
76
85
51
50
57
18
-6
3
-10
0
-3
-54
-36
-29
-59
-36
-41
-63
-45
-56
-61
-13
-27
-32
-11
-3
12
-2
0
15
30
38
40
37
65
83
63
80
79
88
108
82
75
89
71
79
73
41
65
82
62
47
28
10
38
38
7
14
-3
-9
-7
-27
-30
-35
-56
-49
-49
-68
-55
-69
-90
-78
-103
-124
-102
-102
-123
-113
-106
-100
-86
-106
-100
-88
-107
-78
-45
-32
-25
-33
-17
-19
2
38
36
32
36
48
79
94
76
68
73
72
81
89
79
76
60
39
41
38
17
10
11
-2
-16
-13
-11
-49
-59
-53
-67
-45
-39
-68
-56
-30
-33
-35
-38
-35
-13
-11
-14
-3
10
27
40
44
46
57
46
44
60
74
93
90
82
77
64
67
87
83
69
79
66
46
50
44
30
23
32
21
15
14
-11
-5
14
-21
-47
-50
-74
-61
-48
-71
-86
-65
-77
-98
-75
-87
-83
-71
-91
-92
-87
-102
-87
-63
-80
-69
-46
-48
-46
-34
-28
-24
4
3
9
40
41
54
63
61
59
51
72
82
73
78
73
81
83
60
67
54
26
25
12
7
16
-12
-12
5
-34
-45
-45
-57
-46
-51
-54
-67
-62
-52
-57
-51
-38
-31
-29
-24
-16
8
4
17
34
29
54
53
53
64
59
47
38
39
53
58
45
54
65
56
57
70
45
43
56
42
37
26
22
35
22
10
9
-21
-30
-31
-43
-37
-57
-63
-51
-66
-75
-87
-97
-87
-95
-82
-56
-70
-66
-65
-90
-82
-79
-76
-42
-35
-40
-21
-36
-56
-41
-31
-5
3
11
39
48
57
53
60
72
68
75
87
109
123
102
101
95
77
71
82
89
46
28
36
21
4
2
-17
-42
-49
-58
-51
-54
-70
-77
-80
-63
-55
-63
-63
-53
-35
-21
-20
-16
0
13
21
25
34
55
66
75
83
70
51
62
60
55
61
52
55
45
10
4
33
52
28
7
12
11
-6
-30
-27
-15
-27
-60
-60
-49
-51
-39
-52
-81
-70
-77
-92
-70
-65
-80
-76
-64
-75
-81
-70
-63
-41
-37
-57
-39
-17
-35
-49
-49
-26
8
5
21
42
20
26
53
61
57
56
80
102
91
69
69
85
77
52
56
75
78
63
44
45
48
27
23
39
17
-6
-12
-29
-37
-41
-41
-32
-37
-19
-18
-45
-36
-28
-37
-47
-48
-18
15
6
-15
-16
-9
4
3
20
44
33
56
51
24
47
56
65
50
27
52
56
49
48
44
51
32
10
7
-8
-8
-2
-31
-57
-48
-49
-51
-47
-59
-60
-42
-71
-98
-102
-88
-59
-81
-93
-71
-62
-66
-68
-59
-54
-63
-55
-43
-25
-15
-15
-18
-21
6
3
14
30
21
31
25
36
65
62
53
61
62
30
34
80
91
80
51
35
36
45
40
35
47
16
3
-6
-27
-7
11
19
7
-23
-21
-14
-7
-9
-22
-17
-8
-9
-9
-10
1
9
1
10
28
43
34
12
21
33
50
50
37
45
35
26
21
24
37
26
27
32
15
2
21
28
19
0
-42
-40
-12
-13
-30
-35
-24
-38
-57
-48
-41
-47
-47
-47
-55
-54
-62
-62
-56
-58
-59
-66
-72
-67
-48
-40
-36
-41
-38
-31
-45
-43
-29
-26
-6
-6
-8
27
28
35
44
21
31
52
54
57
46
42
48
51
46
48
53
49
33
22
33
38
21
2
-8
-7
31
32
-2
-6
-5
2
-1
-28
-15
13
4
3
3
-2
-3
-3
18
33
14
3
15
18
24
12
3
33
23
-8
5
33
30
5
-13
2
19
5
-4
-2
8
4
-9
26
44
25
16
7
-8
10
-1
-26
-16
-23
-29
-35
-20
-21
-43
-45
-47
-38
-50
-50
-26
-36
-57
-85
-81
-39
-30
-37
-33
-24
-27
-40
-47
-27
-4
-15
-25
-1
24
28
14
-3
2
20
27
38
40
25
26
22
10
13
31
43
44
47
59
64
44
25
2
13
11
-5
8
10
8
3
15
12
-11
-19
-21
1
0
-6
-7
-30
-91
-180
-175
-70
52
83
11
-43
-13
84
182
209
151
62
47
117
160
93
-49
-132
-59
79
121
44
-68
-84
-6
29
-19
-67
-41
2
8
-20
-80
-84
-30
-16
-46
-58
-25
41
65
12
-38
-36
-18
-10
-10
-27
-20
-2
-17
-51
-105
-94
-42
-24
-11
-13
-12
-23
-48
-44
-11
18
17
9
2
11
2
-24
-12
-4
6
12
18
26
6
0
-11
-16
10
19
19
33
21
7
5
-4
19
45
55
80
91
64
38
21
19
33
49
41
44
34
-13
-30
-35
-52
-48
-19
14
4
-20
-21
-7
12
-1
1
19
12
3
12
2
7
28
11
-4
-9
-8
-1
1
4
6
20
29
9
1
15
8
-10
-22
-36
-28
-13
-22
-38
-17
-5
-26
-37
-51
-49
-43
-46
-26
5
2
-26
-46
-46
-30
-13
4
22
31
2
-17
-4
-13
-20
-24
-15
9
15
-1
-34
-39
-22
0
15
20
51
57
19
-8
-18
-12
8
25
35
46
51
42
30
24
10
26
48
55
55
37
32
29
23
13
4
14
12
4
6
9
12
4
-12
-26
-18
-7
-1
6
-12
-19
-23
-35
-18
-7
-15
-13
-10
-16
-29
-32
-6
5
10
17
11
4
-4
-23
-19
1
2
6
-6
2
18
-13
-30
-28
-14
12
3
8
19
-14
-36
-35
-20
-2
13
18
-13
-32
-33
-40
-28
-11
-20
-29
-22
-17
-25
-49
-57
-23
-4
3
6
18
19
-11
-12
-9
-5
11
0
-8
26
59
48
11
-7
25
33
19
13
30
46
16
4
11
42
68
34
16
29
30
45
44
28
35
34
11
6
0
-17
-6
-9
-7
18
18
16
16
11
-1
-29
-14
15
-6
-11
-1
3
0
-22
-5
15
1
-24
-31
2
32
17
4
-12
-45
-49
-39
-34
-7
4
-22
-27
-31
-25
-14
-36
-18
-7
-29
-26
-5
3
3
-7
-40
-22
-2
-22
-20
-12
-18
-11
1
-15
-20
-22
-21
-22
-15
-4
1
21
2
-28
-22
-23
-21
-8
2
14
27
20
8
5
16
25
5
1
23
49
45
20
29
27
-4
-19
-3
30
32
14
19
45
46
41
28
10
20
21
5
8
22
31
43
16
-30
-15
6
7
1
-11
-2
11
18
14
12
