41
-85
2
38
-37
16
-15
-14
9
4
-16
16
46
-27
4
21
-10
22
-3
-21
0
5
-22
30
6
-12
57
-21
11
45
-32
12
37
-9
-14
3
-28
19
35
-49
44
0
-39
49
-41
-39
2
33
-8
-47
16
-2
6
-31
-16
24
-10
28
-16
-56
-18
63
-15
-35
78
-60
4
71
-33
37
21
-41
22
45
-3
5
-14
24
80
-91
17
120
-120
38
46
-92
66
-8
-8
35
-61
15
38
-89
-4
58
-88
64
13
-99
99
-35
-62
55
-83
-4
43
-107
27
18
-48
43
-17
0
57
-59
43
59
-103
43
4
-27
-3
-50
11
2
-16
11
23
-11
31
2
-51
60
0
-8
71
-36
-6
44
-53
-21
25
-41
21
-51
22
113
-45
5
-9
-54
57
-41
-66
50
42
-27
-73
50
59
-15
-71
27
64
-30
-27
-35
55
35
-72
35
21
1
21
-6
18
11
13
-12
61
8
-45
35
61
51
-61
23
127
-59
-55
15
11
10
-29
-53
28
24
-53
24
5
-12
36
1
-22
-22
-35
-12
39
-59
-73
45
-50
-10
-4
-60
92
28
-51
64
-14
-31
-21
-55
57
-47
-105
136
66
-111
15
91
36
-50
24
42
-84
-63
5
24
-35
-65
77
15
-44
11
26
75
-11
10
-18
22
44
-116
-38
61
2
-40
-37
46
45
-57
-71
78
65
-77
16
7
35
-64
-50
134
-53
-16
70
-13
32
2
32
79
-27
-52
52
6
-3
-33
-123
92
-23
-99
107
-36
-89
54
17
22
16
-126
40
63
-130
21
104
-35
-39
65
35
-45
71
-21
-73
75
-40
-5
-21
13
99
-126
-1
190
-79
-120
132
82
-149
39
160
-48
-24
-3
-4
-3
0
39
-31
-76
113
17
-103
56
51
11
-43
-103
94
89
-137
20
69
-148
-63
114
-78
-31
29
9
64
-185
-12
200
-203
-1
171
-139
6
84
-32
-32
-12
27
19
-113
30
124
-35
24
50
-62
24
46
-49
-47
13
96
30
-151
60
105
-89
-41
26
-26
9
27
-79
12
-33
77
-30
-147
137
26
-128
28
-15
-31
102
-75
30
60
-87
164
-8
-48
142
-86
60
74
-149
112
-32
-100
116
-151
11
69
-172
104
36
-127
89
-36
0
51
-57
107
-16
16
32
-38
91
-51
12
52
-24
54
72
-89
-108
197
-2
-116
19
-126
58
-63
-141
212
-68
-103
41
-75
140
7
-137
168
50
-190
166
2
-15
136
-141
135
20
-200
126
-9
-44
79
-108
34
23
-74
-8
-3
-63
13
56
-129
8
85
-18
52
-23
42
43
-80
86
47
-104
43
-52
-18
104
-118
20
59
-80
48
-9
-26
88
-122
-19
162
-124
-74
105
-88
57
4
-187
158
19
-104
175
-46
-89
171
-38
-107
128
-7
-58
-62
-39
161
-121
-132
153
39
-116
-32
107
31
-109
-40
81
-70
-45
46
18
13
-49
38
57
-10
-17
54
99
-96
12
106
-153
56
67
-55
84
-44
-98
110
-6
16
113
-40
73
-34
-31
69
-15
50
-50
77
73
-205
9
86
-79
-13
-3
-67
56
-74
-52
114
-128
34
128
-196
101
21
-149
58
35
-32
-80
2
48
16
-78
14
47
-38
-77
113
-16
-65
144
-36
57
20
-118
155
-40
9
156
-119
54
31
-49
45
-8
-94
-4
55
-63
11
-28
-37
91
-120
-34
73
-99
27
40
-102
20
-23
-22
68
-90
25
136
-50
-77
39
17
4
-59
-9
89
-1
-99
-17
77
4
12
-12
-56
111
60
-156
122
73
-151
67
27
39
27
-56
106
40
-151
86
83
-80
63
-114
56
92
-161
14
32
20
-160
-44
92
-9
-95
-42
104
-86
-37
41
11
30
73
-116
109
120
-111
22
37
38
56
-111
-121
235
-96
-129
165
22
-55
-45
-65
75
89
-194
94
77
-180
146
-30
-57
38
-11
49
-10
-53
54
139
-42
-68
66
33
-15
16
40
-27
-156
163
-20
-143
62
-1
-40
-11
147
-102
-133
136
7
-112
100
48
-20
-64
-58
137
-54
10
97
-136
72
-45
-56
88
-60
4
-30
-19
-61
4
-27
-86
42
-38
-32
77
-57
-35
-31
-28
67
54
-20
-17
46
-67
45
24
-45
35
-5
55
-33
-39
165
-48
1
79
-81
141
-58
-72
174
-134
43
147
-56
22
2
60
3
-122
12
151
-72
-38
60
2
38
-65
-45
73
2
-137
98
44
-101
16
-2
43
-15
-42
77
-107
9
101
-208
46
86
-141
122
63
-195
66
-21
-35
60
-89
88
-21
-27
180
-143
-127
102
-37
-1
42
-51
19
-3
-18
62
-56
-14
98
-76
-24
133
-149
58
29
-83
103
-154
124
25
-118
192
-94
-135
179
-59
-133
174
-58
-39
49
-34
154
-125
-51
249
-245
15
177
-234
86
-23
-152
261
-108
-93
264
-194
161
76
-227
211
-121
-88
107
-26
40
-8
25
-4
-6
-21
140
-133
-93
359
-191
-83
224
-244
39
96
-136
98
-150
55
11
-223
183
-50
-61
134
-141
78
9
-68
105
-33
27
-34
-29
82
12
-28
14
31
-13
35
42
-31
23
-66
34
2
-62
97
-53
-45
-23
-43
76
-130
53
19
-147
184
-25
-84
71
39
-12
-10
119
-66
-96
206
-77
-19
43
-64
205
-58
-177
195
58
-129
-14
10
132
-38
-85
65
44
-150
-33
189
-178
-149
232
-119
-34
134
-161
49
32
-112
28
9
24
34
-195
62
56
-54
7
-92
141
32
-205
106
20
-49
83
-95
63
109
-43
-14
119
-62
-21
98
-96
6
203
-159
-56
122
-114
107
-31
-88
70
-12
-42
-31
26
81
-146
93
49
-173
122
3
-19
97
-49
-41
-13
39
123
-173
-56
116
-13
10
-79
33
93
-172
124
8
-70
92
-85
7
8
-33
43
22
-98
84
62
-147
-14
183
-51
-74
48
-21
-36
50
48
14
-119
63
120
-181
142
-20
-151
249
-152
-19
167
-188
114
-20
17
61
-171
69
71
-159
63
75
-148
87
77
-201
50
22
-109
110
-29
-73
41
-9
10
35
-42
96
-106
12
303
-228
-63
246
-134
24
5
-48
127
-78
-59
80
-43
-36
106
-226
110
271
-374
106
130
-206
81
63
-5
-108
67
83
-128
-43
-8
-33
24
18
8
-46
-1
48
-82
15
13
11
82
-115
61
79
-173
95
15
-50
-11
21
91
-43
-13
-14
51
7
-45
18
9
86
-30
-106
107
19
-131
63
5
-30
122
-109
18
51
-36
29
-116
155
33
-236
131
82
-106
50
-43
23
43
-119
140
-24
-73
204
-149
-32
132
-20
-20
-21
46
-69
39
-7
-37
158
-160
-11
102
-125
84
-14
-2
84
-59
-7
-17
-78
80
6
-151
98
14
-120
81
-63
-21
111
-139
20
124
-91
2
43
-13
3
-59
23
41
-35
1
15
-5
-4
8
-99
51
135
-152
58
91
-109
83
-5
-23
-8
1
109
-87
-23
99
-86
-13
35
-13
19
-23
57
-22
-54
110
-83
-37
62
-70
35
-27
-4
89
-95
-7
51
-5
61
-111
6
158
-72
-65
25
-60
112
-69
-152
299
-77
-208
198
-24
-137
134
26
-93
47
-34
40
10
-109
167
-29
-113
158
-64
-95
94
5
-14
-9
-85
145
-43
-97
150
-83
-5
27
-39
5
-50
60
0
-17
73
-104
31
91
-83
4
32
2
-53
58
-50
-19
128
-94
-4
53
-8
-69
-2
98
-56
-64
99
27
-66
5
2
62
-32
-54
112
-14
-78
41
40
-50
-40
37
38
-79
-16
114
-33
-57
69
-16
-130
52
117
-58
-73
85
3
-76
0
4
60
-69
26
92
-137
5
84
-103
15
60
-55
66
-47
-20
58
-63
44
12
16
20
3
58
-88
-57
125
-55
-147
178
49
-162
117
26
-85
59
-5
-1
-44
-9
65
-80
-19
73
-93
-27
85
-74
53
42
-90
121
-14
-65
65
-32
-3
-4
4
46
-46
-71
79
9
-125
92
50
-76
84
-43
44
22
-119
130
-36
-60
119
-67
-45
-11
-28
82
-109
-9
170
-128
20
149
-145
-3
44
-64
27
22
19
-20
-73
56
19
-121
83
26
-47
101
-61
-7
97
-122
48
102
-97
13
-40
11
68
-74
16
-8
-42
85
-45
-20
79
-41
1
62
-47
-44
69
-14
-2
10
-35
32
-27
-8
0
-65
121
-31
-95
162
-112
-49
122
-51
47
3
-100
70
1
-61
29
4
-13
0
46
-20
-13
-3
13
64
-88
-15
89
-78
64
37
-110
39
46
-62
-32
29
48
9
-99
25
58
-56
63
-50
-64
148
-87
-25
74
-72
11
-1
24
60
-114
11
90
-95
-11
49
-24
30
-23
-81
104
3
-64
77
-5
38
-3
-93
143
-32
-80
69
-83
58
1
-68
118
-71
-36
81
-20
51
-12
-39
78
3
-86
48
-45
11
34
-99
59
16
-68
43
-5
-9
7
-54
54
39
-16
-24
-44
59
-9
-116
135
19
-141
66
53
-62
18
4
-21
87
-62
-12
82
-89
-6
5
-11
56
-42
15
5
30
7
-35
25
-1
-21
-13
28
12
3
-50
-46
44
22
-24
23
16
-2
-31
-2
34
-10
-13
-27
28
-6
-37
35
-28
3
40
-47
70
17
-51
38
-6
31
8
-29
33
-21
15
8
-20
38
-66
2
64
-29
-6
42
-11
-19
-11
-2
78
-14
-81
85
-31
-43
94
-46
-6
13
-31
40
14
-49
12
25
-41
-11
18
-3
13
-45
-17
-4
-42
25
-22
-15
4
-18
16
-26
6
35
-42
1
16
-33
-2
-9
-19
30
-11
-12
6
-70
19
24
-9
16
-33
12
9
-43
43
41
-51
2
19
-35
20
-1
-27
14
-22
28
10
-40
1
2
20
11
-56
18
47
-96
-30
64
10
18
9
17
52
32
4
7
64
35
-5
33
16
-5
56
33
-3
37
-12
-32
-15
-1
3
-25
-29
-23
-22
-35
-35
-26
-24
1
-13
-31
-15
-14
-4
-33
-15
6
-19
-43
-82
-77
-58
-55
-83
-69
-73
-118
-101
-81
-74
-99
-101
-99
-98
-73
-56
-53
-71
-19
-24
-6
56
41
89
72
58
135
123
152
172
142
174
161
191
200
155
169
162
167
177
140
185
172
112
177
190
182
127
66
126
88
69
107
68
96
44
28
91
46
64
73
26
46
14
1
58
40
30
53
38
31
29
32
9
-24
25
14
-38
-22
-10
-25
-41
-83
-99
-191
-479
-665
-725
-762
-747
-849
-872
-821
-874
-839
-834
-772
-731
-862
-848
-700
-457
-250
-156
31
223
305
347
455
626
723
745
810
938
1065
1074
1064
1027
860
679
523
436
391
265
141
90
-2
-95
-200
-365
-519
-652
-749
-738
-631
-541
-468
-377
-225
-115
-37
103
215
296
387
482
641
788
833
817
810
839
800
727
655
601
508
382
351
323
280
213
94
14
-38
-101
-113
-135
-165
-181
-234
-218
-132
-43
-17
-34
22
96
125
122
112
137
143
155
139
125
111
-9
-83
-198
-419
-544
-830
-1376
-1771
-1905
-1847
-1762
-1965
-2069
-1850
-1762
-1791
-1824
-1597
-1249
-1205
-1117
-685
-49
434
603
814
1168
1323
1329
1451
1711
1920
1873
1775
1899
1965
1796
1511
1189
845
480
176
29
-18
-180
-339
-420
-620
-796
-921
-1011
-1012
-1069
-1026
-791
-455
-239
-148
57
218
277
286
320
528
738
788
834
981
1066
1001
869
746
700
631
432
332
380
337
173
7
-60
-61
-100
-141
-102
-14
15
13
104
236
272
318
368
405
487
473
426
469
439
368
285
216
265
183
25
-36
-135
-198
-350
-451
-385
-470
-523
-638
-813
-906
-1068
-1114
-1459
-2296
-2807
-2834
-2503
-2242
-2411
-2223
-1717
-1537
-1514
-1444
-967
-413
-476
-507
118
1086
1691
1750
1886
2179
2156
1829
1684
1975
2196
1961
1594
1407
1359
1152
589
22
-365
-770
-1118
-1272
-1132
-931
-961
-1016
-1021
-998
-922
-814
-573
-295
-9
369
763
1075
1246
1384
1465
1352
1178
1089
1174
1246
1076
856
692
527
251
-67
-224
-266
-341
-517
-608
-495
-414
-505
-585
-459
-195
39
190
377
640
747
699
683
779
936
943
867
893
900
808
645
369
196
55
-195
-329
-399
-445
-472
-586
-671
-674
-639
-639
-622
-580
-510
-290
-198
-293
-470
-723
-792
-1137
-2032
-2613
-2579
-2174
-1930
-2243
-2207
-1685
-1577
-1787
-1948
-1492
-694
-604
-599
90
1111
1777
1626
1462
1802
1945
1762
1632
1956
2473
2321
1730
1390
1288
1021
336
-302
-497
-604
-872
-1088
-990
-712
-717
-986
-1103
-970
-705
-481
-245
200
629
908
1108
1281
1435
1477
1434
1333
1199
1051
935
904
742
387
68
-159
-350
-564
-676
-566
-491
-586
-712
-658
-432
-321
-310
-105
310
627
720
781
992
1120
975
823
906
1116
1148
966
823
761
576
264
55
-35
-185
-420
-641
-674
-547
-527
-620
-692
-687
-656
-659
-555
-369
-176
23
74
67
-83
-459
-741
-1085
-1744
-2568
-3090
-2875
-2466
-2415
-2598
-2571
-2167
-2059
-2267
-2016
-1215
-435
-180
26
912
1903
2281
2147
2079
2407
2541
2280
2257
2597
2776
2311
1512
1093
874
374
-360
-958
-1118
-1200
-1500
-1623
-1434
-1207
-1164
-1290
-1188
-761
-364
-17
392
874
1317
1561
1744
1923
2055
2080
1895
1681
1516
1301
1065
723
226
-291
-685
-904
-1029
-1158
-1236
-1152
-1092
-1173
-1110
-842
-499
-201
-2
359
840
1107
1150
1203
1329
1359
1197
1111
1207
1260
1089
762
591
493
181
-257
-544
-601
-637
-812
-935
-951
-903
-863
-889
-757
-505
-320
-208
-132
63
355
491
623
758
662
425
32
-368
-650
-1240
-2203
-3076
-3420
-3217
-2980
-3072
-3183
-2919
-2579
-2469
-2279
-1721
-839
-142
152
716
1725
2610
2924
2798
2814
2991
2888
2661
2607
2712
2582
1846
992
464
32
-547
-1254
-1728
-1841
-1958
-2070
-1984
-1659
-1326
-1282
-1202
-788
-158
478
961
1455
1977
2307
2413
2457
2551
2572
2337
1968
1660
1333
934
485
-23
-607
-1149
-1525
-1765
-1902
-1927
-1837
-1663
-1497
-1341
-1028
-606
-224
145
530
970
1416
1665
1782
1862
1846
1710
1471
1295
1238
1094
802
492
255
48
-315
-700
-894
-962
-1047
-1181
-1211
-1088
-958
-837
-673
-418
-165
10
246
534
842
1020
949
970
953
661
364
-115
-558
-928
-1919
-3152
-4100
-4522
-4153
-3906
-3982
-3818
-3584
-3095
-2633
-2292
-1423
-458
235
822
1500
2708
3739
3851
3643
3509
3537
3500
3090
2921
2913
2369
1350
252
-400
-680
-1277
-2032
-2472
-2569
-2502
-2518
-2349
-1841
-1353
-1086
-751
-23
938
1610
1963
2324
2742
3018
3047
3052
3104
2947
2421
1723
1244
883
335
-310
-954
-1495
-1924
-2312
-2453
-2377
-2280
-2089
-1818
-1401
-928
-461
46
498
908
1316
1746
2163
2402
2367
2189
1993
1751
1416
1079
853
636
337
-25
-354
-563
-892
-1296
-1539
-1518
-1317
-1209
-1108
-932
-813
-595
-353
-96
383
614
765
1152
1359
1476
1358
942
745
362
-138
-364
-818
-1423
-2435
-4139
-5338
-5482
-4953
-4309
-4217
-4160
-3616
-3066
-2532
-1896
-1054
185
1057
1549
2479
3731
4697
4708
4034
3723
3699
3427
3037
2711
2430
1743
448
-745
-1361
-1640
-2066
-2722
-3076
-2943
-2683
-2465
-2113
-1475
-790
-322
224
1139
2106
2755
3062
3225
3449
3600
3502
3342
3116
2682
2042
1194
439
-103
-703
-1359
-1985
-2522
-2845
-3001
-2991
-2742
-2409
-1987
-1428
-878
-255
378
894
1319
1694
2087
2490
2775
2796
2598
2276
1873
1416
944
588
354
82
-282
-665
-922
-1122
-1455
-1700
-1656
-1500
-1307
-1193
-989
-635
-302
35
266
498
919
1318
1535
1685
1630
1433
1141
756
437
-30
-607
-1031
-1658
-2530
-3632
-5095
-5954
-5704
-4984
-4384
-4248
-3949
-3118
-2476
-1927
-1164
-106
1225
2005
2474
3470
4466
4895
4463
3707
3516
3358
2823
2352
1955
1525
620
-794
-1694
-1982
-2188
-2517
-2931
-2898
-2506
-2240
-1855
-1229
-446
279
749
1387
2310
3010
3320
3356
3379
3496
3365
3035
2745
2293
1602
771
-111
-775
-1198
-1664
-2245
-2781
-3119
-3108
-2950
-2737
-2268
-1708
-1084
-390
199
800
1405
1795
2018
2229
2506
2730
2774
2586
2156
1662
1142
589
153
-168
-375
-532
-834
-1130
-1278
-1449
-1630
-1645
-1357
-969
-753
-625
-338
71
408
684
986
1420
1711
1718
1754
1773
1615
1326
722
104
-366
-880
-1270
-1767
-2537
-3554
-5061
-6333
-6396
-5561
-4514
-3990
-3888
-3303
-2389
-1671
-930
29
1300
2334
2791
3377
4346
5082
4967
4049
3298
3087
2737
2172
1591
1125
501
-712
-1952
-2447
-2452
-2467
-2751
-2957
-2623
-2074
-1608
-1094
-405
454
1139
1581
2260
3025
3479
3546
3340
3200
3129
2839
2444
1950
1297
536
-303
-1039
-1529
-1851
-2151
-2561
-2992
-3085
-2796
-2376
-1967
-1497
-879
-156
515
1081
1593
2034
2225
2241
2276
2448
2635
2505
2059
1490
913
357
-172
-522
-668
-821
-1033
-1225
-1305
-1341
-1377
-1425
-1278
-854
-448
-167
68
380
784
1013
1165
1489
1654
1703
1647
1509
1438
1148
675
126
-466
-889
-1343
-1859
-2296
-2996
-4081
-5423
-6341
-6031
-5010
-4099
-3528
-3242
-2661
-1728
-1005
-304
671
1830
2825
3195
3544
4372
4844
4482
3547
2741
2539
2246
1574
996
448
-215
-1199
-2330
-2728
-2500
-2397
-2561
-2670
-2237
-1520
-1076
-623
109
943
1653
2131
2619
3231
3549
3402
3093
2870
2754
2542
2081
1477
831
83
-737
-1374
-1702
-1887
-2203
-2661
-2903
-2749
-2353
-1924
-1552
-1117
-484
228
883
1376
1766
2090
2139
2063
2190
2430
2458
2161
1648
1065
556
96
-368
-654
-765
-869
-1004
-1166
-1220
-1121
-1195
-1289
-1058
-665
-185
132
171
472
868
1069
1316
1381
1556
1773
1620
1530
1274
863
460
-320
-929
-1228
-1613
-1905
-2419
-3222
-4265
-5702
-6444
-5945
-4805
-3686
-3264
-2967
-2136
-1362
-711
-29
854
2125
2937
3194
3764
4485
4758
4241
3131
2447
2265
1846
1251
720
312
-331
-1523
-2460
-2659
-2446
-2315
-2484
-2398
-1820
-1208
-772
-242
503
1304
1898
2305
2870
3403
3522
3310
3004
2750
2550
2214
1678
1069
413
-296
-1033
-1618
-1905
-2061
-2236
-2593
-2961
-2809
-2276
-1760
-1297
-812
-173
487
988
1505
2011
2267
2302
2173
2119
2316
2414
2132
1586
1006
422
-173
-619
-856
-979
-1070
-1208
-1319
-1295
-1176
-1095
-1048
-855
-479
-87
170
485
845
1046
1231
1384
1492
1716
1755
1627
1506
1069
649
349
-267
-786
-1216
-1787
-2148
-2651
-3326
-4225
-5744
-6612
-6051
-4849
-3598
-3174
-3044
-2087
-1242
-783
-132
819
2314
3296
3274
3647
4458
4852
4348
3081
2420
2389
1890
1235
640
200
-248
-1431
-2565
-2776
-2583
-2405
-2514
-2512
-1816
-1178
-856
-412
248
1174
1892
2266
2853
3396
3528
3345
2969
2734
2584
2250
1767
1154
536
-77
-814
-1462
-1854
-2109
-2241
-2440
-2792
-2769
-2318
-1843
-1346
-833
-222
537
1080
1449
1878
2160
2271
2283
2245
2415
2524
2157
1572
971
399
-162
-659
-869
-901
-980
-1103
-1297
-1392
-1332
-1299
-1201
-928
-461
-64
189
447
761
999
1138
1359
1551
1703
1838
1754
1597
1375
812
282
-237
-783
-1130
-1594
-2126
-2608
-3340
-4333
-5598
-6580
-6240
-4971
-3856
-3292
-3068
-2403
-1442
-836
-226
782
2183
3217
3413
3633
4335
4703
4246
3237
2558
2460
2073
1273
609
144
-442
-1514
-2644
-2879
-2583
-2435
-2523
-2477
-1973
-1337
-944
-495
264
1166
1934
2459
2967
3456
3659
3468
3102
2850
2757
2504
2012
1354
660
-13
-721
-1404
-1827
-1960
-2126
-2486
-2847
-2897
-2424
-1831
-1478
-1051
-359
420
1064
1497
1867
2179
2258
2280
2267
2408
2609
2314
1635
995
423
-106
-588
-860
-867
-966
-1184
-1384
-1460
-1359
-1231
-1152
-922
-464
-18
207
358
652
1005
1230
1352
1544
1690
1761
1742
1627
1362
747
94
-373
-826
-1244
-1698
-2231
-2697
-3473
-4805
-6243
-6751
-5888
-4625
-3855
-3524
-3091
-2265
-1495
-913
-63
1165
2438
3114
3320
3857
4636
4798
4063
3118
2702
2535
2041
1336
753
228
-618
-1769
-2602
-2710
-2456
-2462
-2628
-2461
-1922
-1366
-989
-419
437
1320
1979
2502
3096
3524
3584
3353
3108
3002
2829
2468
1970
1340
616
-149
-895
-1463
-1806
-2036
-2328
-2706
-2908
-2797
-2433
-1974
-1472
-861
-131
526
1035
1561
1979
2217
2328
2318
2450
2645
2551
2182
1619
992
365
-248
-618
-775
-859
-951
-1176
-1377
-1375
-1361
-1357
-1245
-957
-396
35
252
526
755
884
1051
1227
1550
1824
1888
1803
1421
1101
756
106
-495
-976
-1448
-1876
-2479
-2918
-3417
-4630
-6011
-6806
-6314
-4754
-3655
-3350
-2965
-2192
-1268
-700
-167
1101
2566
3296
3400
3686
4483
4838
4163
3174
2605
2416
1989
1184
622
286
-461
-1636
-2633
-2855
-2581
-2512
-2633
-2474
-1935
-1291
-840
-389
385
1276
1998
2564
3062
3505
3720
3545
3206
3003
2934
2676
2080
1289
580
-33
-713
-1373
-1850
-2061
-2233
-2704
-3060
-2902
-2442
-1897
-1427
-872
-88
659
1186
1580
1945
2292
2391
2332
2412
2561
2552
2143
1470
879
336
-172
-594
-850
-875
-945
-1161
-1324
-1383
-1358
-1327
-1280
-973
-522
-136
179
405
676
874
1069
1436
1578
1609
1706
1610
1418
1025
513
55
-542
-1071
-1508
-2031
-2450
-3055
-4221
-5576
-6501
-6381
-5330
-4346
-3814
-3441
-2823
-1880
-1152
-529
488
1763
2747
3132
3471
4240
4849
4623
3789
3076
2792
2431
1757
1086
596
28
-929
-1972
-2521
-2530
-2522
-2703
-2736
-2338
-1752
-1242
-706
-11
793
1490
2066
2665
3241
3593
3627
3470
3359
3213
2887
2392
1768
1176
542
-230
-931
-1488
-1975
-2395
-2792
-3060
-3006
-2677
-2282
-1811
-1182
-479
209
764
1181
1602
2028
2265
2335
2458
2577
2512
2185
1711
1255
814
339
-113
-446
-596
-699
-881
-1086
-1278
-1343
-1340
-1236
-1002
-723
-451
-229
73
428
727
1026
1221
1364
1588
1652
1568
1363
1100
720
108
-519
-1075
-1512
-1936
-2661
-3605
-4890
-6240
-6645
-6014
-4976
-4285
-4099
-3540
-2548
-1725
-1080
-319
946
2192
2767
3162
3961
4922
5222
4516
3672
3288
2928
2337
1667
1189
780
-107
-1281
-2125
-2458
-2542
-2834
-3067
-2821
-2321
-1821
-1324
-643
226
987
1581
2086
2601
3147
3507
3575
3553
3522
3355
2918
2266
1618
1031
438
-287
-1059
-1635
-2082
-2532
-2976
-3227
-3053
-2701
-2334
-1797
-1095
-287
342
654
1023
1572
2021
2246
2409
2637
2786
2650
2189
1688
1282
857
342
-130
-353
-426
-633
-919
-1139
-1308
-1421
-1511
-1494
-1231
-841
-539
-267
25
295
695
1092
1278
1448
1567
1617
1524
1261
1005
644
77
-494
-1057
-1585
-2089
-2880
-4071
-5493
-6358
-6094
-5257
-4583
-4278
-3895
-3005
-2061
-1441
-788
244
1490
2294
2592
3267
4405
5134
4907
4140
3612
3293
2703
1947
1367
1028
524
-407
-1349
-1996
-2306
-2616
-3046
-3152
-2799
-2291
-1773
-1204
-402
461
1087
1530
1897
2391
2949
3312
3476
3550
3546
3317
2725
2050
1503
954
245
-557
-1189
-1582
-1968
-2494
-2925
-2974
-2761
-2478
-2086
-1534
-755
-22
418
739
1095
1522
1936
2155
2379
2641
2654
2387
1935
1514
1204
774
288
-70
-253
-321
-535
-891
-1178
-1357
-1526
-1639
-1551
-1208
-850
-655
-396
-40
310
615
817
1068
1361
1477
1502
1401
1130
868
401
-199
-683
-1223
-1795
-2585
-3903
-5221
-5866
-5584
-4852
-4542
-4462
-3963
-3042
-2144
-1606
-947
250
1363
1903
2201
2986
4207
4926
4738
4203
3924
3658
2923
2042
1521
1200
678
-192
-1004
-1462
-1852
-2396
-2953
-3227
-3082
-2707
-2192
-1518
-671
210
834
1275
1657
2002
2430
2828
3116
3404
3577
3499
3056
2430
1892
1276
504
-302
-950
-1341
-1691
-2117
-2459
-2618
-2589
-2486
-2332
-1884
-1144
-430
19
396
875
1301
1612
1853
2126
2446
2531
2327
2030
1759
1530
1132
643
319
91
-132
-393
-681
-894
-1048
-1214
-1424
-1558
-1521
-1339
-1004
-654
-363
75
485
690
916
1094
1280
1492
1313
994
752
402
106
-343
-963
-1595
-2746
-4257
-5335
-5562
-5035
-4571
-4543
-4373
-3679
-2789
-2167
-1685
-871
220
1031
1329
1816
3035
4202
4610
4439
4216
4107
3664
2839
2131
1735
1363
667
-159
-670
-967
-1381
-2054
-2750
-3090
-3129
-2982
-2570
-1818
-818
77
633
981
1330
1759
2170
2447
2729
3054
3316
3355
3081
2684
2229
1606
815
1
-586
-1010
-1407
-1738
-1999
-2117
-2096
-2048
-1948
-1701
-1273
-867
-554
-135
418
926
1285
1589
1907
2164
2261
2160
1953
1756
1564
1347
1077
815
618
350
-11
-322
-611
-878
-1137
-1343
-1439
-1515
-1461
-1283
-1057
-651
-204
133
350
453
659
822
788
780
764
620
356
-44
-457
-950
-1858
-3211
-4463
-4944
-4741
-4447
-4437
-4319
-3545
-2682
-2264
-1932
-1297
-328
395
591
1030
2136
3342
3968
4020
4096
4264
3980
3235
2489
2020
1643
1026
286
-213
-415
-673
-1272
-1994
-2497
-2754
-2907
-2903
-2487
-1679
-768
-22
506
976
1478
1860
2075
2227
2433
2677
2777
2757
2711
2611
2356
1778
1003
300
-289
-829
-1308
-1644
-1769
-1721
-1667
-1586
-1343
-1051
-889
-847
-744
-460
-48
399
873
1413
1915
2182
2162
2033
1874
1674
1377
1060
858
732
581
365
155
-70
-377
-708
-1022
-1308
-1504
-1572
-1469
-1283
-989
-548
-168
166
417
558
712
607
435
372
188
140
19
-400
-866
-1728
-2889
-3891
-4491
-4451
-4307
-4386
-4220
-3594
-2731
-2055
-1628
-1018
-267
198
366
705
1611
2694
3347
3556
3759
4057
3976
3438
2809
2271
1744
1011
206
-277
-447
-587
-927
-1436
-1838
-2154
-2437
-2598
-2447
-1891
-1189
-530
77
687
1336
1896
2213
2337
2398
2475
2492
2372
2251
2222
2188
1922
1362
772
217
-359
-938
-1479
-1812
-1886
-1794
-1630
-1371
-986
-649
-495
-445
-346
-145
73
384
874
1397
1820
2080
2142
2068
1865
1532
1172
825
576
402
230
127
40
-97
-273
-560
-914
-1175
-1350
-1407
-1332
-1217
-906
-483
-123
250
493
673
735
485
288
135
-67
-227
-534
-850
-1383
-2428
-3425
-3970
-4049
-4051
-4383
-4454
-3860
-3007
-2318
-1882
-1168
-184
384
448
547
1226
2143
2647
2887
3273
3810
3993
3613
3116
2731
2271
1531
569
-131
-434
-615
-859
-1211
-1450
-1642
-1902
-2103
-2158
-1900
-1443
-1048
-645
-134
561
1334
1855
2157
2395
2511
2454
2244
2036
2002
1977
1693
1225
862
648
342
-199
-782
-1122
-1277
-1459
-1616
-1494
-1065
-688
-534
-401
-145
109
206
275
501
885
1214
1398
1616
1833
1929
1827
1545
1237
978
722
395
93
-52
-139
-304
-517
-742
-913
-999
-1072
-1147
-1178
-1083
-856
-593
-330
-65
176
299
309
212
-9
-265
-607
-1065
-1692
-2571
-3307
-3600
-3587
-3540
-3677
-3614
-3063
-2472
-2116
-1786
-1210
-464
-15
102
441
1182
1943
2351
2529
2838
3257
3420
3186
2872
2638
2229
1567
827
277
25
-218
-626
-1003
-1220
-1379
-1570
-1778
-1805
-1557
-1260
-1032
-744
-292
257
772
1196
1536
1865
2137
2205
2106
1971
1902
1807
1534
1161
852
613
378
52
-333
-574
-733
-926
-1042
-1014
-809
-569
-488
-413
-204
-1
154
294
475
756
990
1105
1193
1321
1439
1472
1374
1155
913
693
445
194
6
-133
-232
-326
-538
-750
-832
-917
-993
-1030
-981
-793
-610
-390
-118
52
164
161
86
-22
-270
-553
-891
-1397
-2050
-2747
-3182
-3304
-3393
-3477
-3461
-3135
-2604
-2179
-1777
-1276
-709
-258
-24
258
819
1468
1855
2015
2265
2627
2893
2893
2774
2754
2575
2040
1391
791
376
55
-392
-805
-1042
-1177
-1280
-1385
-1418
-1273
-1080
-986
-901
-663
-257
179
571
948
1290
1600
1811
1867
1915
1976
1923
1675
1279
956
781
567
269
30
-83
-192
-382
-556
-586
-461
-431
-559
-596
-461
-268
-144
-7
241
509
709
783
834
987
1135
1165
1119
1030
990
923
681
478
380
234
36
-191
-376
-424
-526
-715
-820
-877
-843
-767
-737
-552
-295
-120
-62
-113
-128
-202
-437
-765
-1163
-1640
-2250
-2817
-3091
-3123
-3144
-3277
-3220
-2782
-2263
-1839
-1464
-1019
-505
-224
-130
157
697
1250
1613
1843
2172
2557
2724
2672
2658
2624
2395
1954
1351
880
594
271
-143
-532
-805
-1006
-1156
-1229
-1220
-1063
-880
-823
-801
-642
-325
-1
260
541
891
1205
1380
1475
1564
1659
1675
1477
1194
1013
859
648
351
107
26
-63
-192
-278
-262
-170
-189
-303
-351
-312
-221
-158
-91
102
331
512
635
752
915
993
938
872
852
839
768
616
478
370
212
74
-87
-261
-366
-516
-621
-669
-734
-678
-640
-607
-483
-392
-292
-189
-120
-149
-333
-571
-853
-1261
-1866
-2538
-2895
-2973
-3071
-3161
-3116
-2789
-2252
-1848
-1578
-1176
-638
-281
-196
-93
257
810
1171
1338
1659
2096
2439
2537
2511
2541
2451
2133
1639
1138
832
528
92
-269
-521
-647
-762
-946
-1012
-999
-924
-812
-773
-683
-442
-198
-2
203
447
763
1002
1106
1254
1407
1490
1443
1253
1079
948
782
572
371
247
165
55
-21
-23
17
46
-7
-88
-89
-76
-79
-101
-62
94
236
361
497
641
787
848
809
765
732
651
520
363
277
201
69
-51
-153
-227
-336
-441
-493
-557
-572
-586
-591
-499
-391
-254
-125
-132
-156
-174
-326
-555
-921
-1414
-1962
-2519
-2893
-3033
-3117
-3185
-3107
-2723
-2191
-1767
-1354
-886
-420
-114
-56
47
414
813
1050
1252
1597
1988
2262
2336
2366
2451
2317
1943
1509
1104
813
453
2
-355
-587
-683
-758
-828
-788
-726
-698
-662
-608
-485
-298
-111
86
287
495
712
926
1065
1163
1319
1410
1371
1228
1023
851
678
409
155
45
-13
-67
-96
-48
59
101
69
36
49
68
30
-6
48
150
244
321
432
598
696
709
717
699
671
590
444
375
330
238
112
-38
-132
-211
-302
-373
-460
-513
-545
-554
-484
-395
-304
-204
-104
-48
-46
-141
-349
-631
-1032
-1624
-2303
-2810
-3038
-3115
-3221
-3303
-3074
-2578
-2066
-1620
-1151
-542
-44
102
133
369
730
938
961
1138
1577
1967
2163
2296
2470
2519
2244
1739
1286
932
544
66
-360
-647
-817
-923
-972
-893
-742
-572
-455
-406
-339
-223
-63
67
156
308
577
845
981
1083
1223
1336
1319
1183
1034
868
646
413
141
-78
-148
-226
-251
-193
-72
117
212
232
248
266
264
211
187
246
333
420
471
531
658
769
810
782
726
660
540
394
299
212
81
-42
-129
-209
-273
-313
-379
-431
-428
-443
-426
-384
-309
-148
-105
-105
-98
-172
-296
-545
-914
-1384
-2026
-2700
-3154
-3363
-3422
-3422
-3333
-2962
-2346
-1786
-1302
-722
-120
256
391
524
849
1186
1298
1356
1575
1895
2099
2217
2323
2406
2319
1915
1394
916
485
-5
-571
-980
-1171
-1255
-1258
-1167
-973
-728
-533
-377
-197
-14
147
281
390
518
681
834
1018
1197
1311
1390
1413
1328
1153
925
630
318
43
-199
-374
-471
-517
-475
-344
-159
19
149
239
351
417
411
428
474
534
584
635
683
774
848
875
857
766
674
544
391
299
180
48
-53
-171
-255
-318
-369
-446
-496
-472
-432
-373
-327
-247
-62
52
40
58
27
-94
-318
-653
-1114
-1810
-2579
-3112
-3416
-3629
-3831
-3881
-3456
-2754
-2128
-1543
-891
-139
392
498
603
1003
1389
1418
1352
1579
1999
2251
2277
2410
2609
2510
2084
1529
1050
595
-38
-778
-1329
-1588
-1711
-1807
-1730
-1404
-994
-649
-377
-78
206
410
580
690
762
942
1143
1282
1378
1460
1549
1540
1437
1303
1090
747
354
-64
-452
-729
-915
-983
-957
-829
-584
-295
-51
160
395
541
560
609
678
719
788
853
914
1003
1053
1055
1028
948
840
689
469
271
142
-25
-208
-320
-375
-421
-471
-476
-467
-471
-414
-357
-267
-97
34
114
151
191
164
-64
-391
-727
-1137
-1849
-2730
-3272
-3527
-3759
-4016
-4091
-3629
-2901
-2262
-1608
-885
-55
575
737
889
1276
1640
1699
1583
1709
2094
2397
2440
2486
2642
2545
2103
1465
869
375
-270
-1055
-1715
-2048
-2143
-2154
-2047
-1692
-1168
-711
-337
79
454
742
957
1050
1140
1276
1405
1527
1578
1574
1605
1581
1454
1212
876
496
48
-374
-721
-998
-1161
-1243
-1228
-1049
-742
-423
-102
236
498
681
758
834
970
1031
1038
1052
1096
1162
1208
1179
1151
1077
900
699
440
203
40
-129
-338
-492
-545
-580
-643
-622
-536
-434
-297
-216
-60
149
268
343
361
349
180
-170
-592
-1092
-1819
-2772
-3497
-3837
-4051
-4311
-4457
-4112
-3342
-2637
-2008
-1190
-191
662
961
1080
1516
2022
2166
1950
1930
2328
2613
2533
2477
2628
2670
2248
1509
846
332
-289
-1197
-2007
-2423
-2533
-2565
-2515
-2109
-1464
-843
-337
153
701
1137
1331
1431
1541
1634
1713
1751
1761
1770
1745
1607
1394
1124
770
340
-206
-766
-1182
-1478
-1680
-1726
-1628
-1392
-979
-490
-27
398
786
1088
1204
1233
1354
1448
1415
1361
1323
1334
1327
1241
1147
1044
894
627
315
104
-59
-272
-534
-716
-752
-716
-727
-709
-564
-411
-255
-45
157
434
648
665
691
621
398
69
-500
-1091
-1852
-3017
-3932
-4374
-4634
-4849
-5086
-4809
-3887
-2976
-2178
-1298
-197
836
1286
1424
1818
2441
2702
2459
2359
2686
2999
2875
2595
2639
2646
2153
1314
526
24
-618
-1646
-2510
-2914
-2955
-2892
-2738
-2223
-1429
-638
-17
594
1244
1706
1908
1921
1947
2040
2042
1985
1873
1735
1575
1322
1042
728
320
-206
-799
-1322
-1737
-1962
-2011
-1929
-1649
-1263
-760
-146
435
927
1327
1579
1664
1640
1626
1624
1502
1318
1231
1223
1157
1030
889
773
581
284
19
-201
-391
-571
-765
-950
-951
-792
-721
-587
-379
-190
85
344
667
1041
1168
1155
1126
939
637
213
-390
-1026
-1885
-3182
-4317
-4846
-5026
-5220
-5592
-5498
-4485
-3340
-2483
-1522
-250
997
1609
1735
2135
2918
3300
2943
2610
2797
3140
3066
2643
2515
2479
1913
884
-80
-610
-1161
-2085
-2983
-3350
-3183
-2969
-2743
-2135
-1184
-237
451
1077
1875
2484
2653
2562
2456
2481
2410
2178
1918
1589
1231
845
470
38
-436
-898
-1449
-1917
-2158
-2210
-2075
-1877
-1554
-1020
-351
364
959
1429
1858
2135
2140
2015
1876
1723
1509
1218
1003
949
865
752
635
434
262
36
-247
-435
-606
-787
-938
-1029
-931
-730
-564
-361
-72
258
563
903
1257
1495
1578
1507
1335
1003
484
-188
-960
-1742
-2862
-4263
-5203
-5532
-5635
-5817
-5915
-5198
-3890
-2783
-1827
-724
627
1747
2106
2239
2756
3416
3520
3028
2765
3024
3206
2777
2195
2004
1723
877
-258
-1120
-1537
-2140
-3072
-3661
-3549
-3020
-2568
-2037
-1084
121
1112
1696
2262
2936
3277
3172
2882
2702
2583
2306
1879
1446
1071
617
50
-510
-996
-1444
-1975
-2493
-2743
-2733
-2509
-2124
-1593
-892
-72
757
1499
2122
2514
2666
2644
2417
2140
1893
1573
1218
887
609
488
413
239
61
-77
-190
-401
-648
-757
-841
-985
-1110
-1047
-782
-517
-300
13
390
762
1078
1362
1669
1862
1817
1580
1245
897
362
-535
-1425
-2226
-3396
-4785
-5697
-5856
-5754
-5922
-5916
-5016
-3527
-2209
-1186
-77
1282
2331
2621
2654
3145
3790
3686
2982
2647
2887
2946
2359
1697
1409
965
-17
-1183
-1933
-2279
-2779
-3431
-3693
-3235
-2388
-1690
-1014
10
1134
1947
2440
2898
3397
3508
3164
2777
2519
2325
1968
1452
946
409
-168
-706
-1236
-1767
-2218
-2620
-2885
-2867
-2551
-1952
-1269
-614
143
979
1788
2396
2688
2758
2661
2437
2079
1657
1320
1072
733
346
169
187
165
1
-203
-303
-385
-571
-695
-773
-848
-861
-870
-738
-460
-143
186
482
762
1103
1442
1699
1894
1887
1705
1345
822
304
-438
-1415
-2215
-3264
-4743
-5766
-6034
-5912
-5833
-5882
-5148
-3603
-2200
-1009
120
1377
2543
2959
2836
2995
3498
3619
2997
2325
2330
2523
2074
1305
875
502
-309
-1430
-2297
-2602
-2777
-3179
-3415
-3005
-1992
-987
-184
706
1740
2619
3025
3197
3444
3479
3103
2565
2122
1851
1573
1154
644
117
-446
-1093
-1679
-2158
-2552
-2838
-3008
-2875
-2374
-1584
-745
16
805
1569
2247
2783
2990
2878
2631
2270
1771
1269
879
621
415
97
-108
-79
-93
-175
-313
-445
-451
-505
-579
-557
-490
-427
-465
-449
-182
181
388
515
722
990
1219
1428
1543
1541
1423
1041
586
80
-639
-1485
-2249
-3023
-4112
-5285
-5860
-5647
-5209
-5096
-4818
-3650
-2018
-606
371
1207
2312
3059
2966
2666
2791
3138
2836
1906
1385
1516
1504
913
152
-289
-719
-1543
-2400
-2712
-2537
-2415
-2443
-2145
-1158
69
943
1600
2292
2956
3300
3201
3082
3031
2652
1995
1414
1084
892
551
19
-462
-874
-1397
-1938
-2299
-2438
-2389
-2298
-2047
-1418
-549
349
1088
1652
2135
2534
2742
2676
2417
2060
1662
1188
684
309
113
-68
-293
-440
-479
-398
-317
-337
-378
-361
-304
-288
-292
-223
-57
-14
-72
94
416
608
633
724
915
1143
1216
1127
1101
944
560
105
-383
-853
-1380
-2070
-2688
-3386
-4385
-5083
-5167
-4865
-4520
-4322
-3667
-2285
-855
209
1046
1882
2683
2938
2596
2342
2498
2487
1855
1118
869
936
660
-22
-573
-858
-1301
-1943
-2381
-2361
-2024
-1755
-1510
-836
262
1215
1786
2199
2652
2971
2925
2684
2528
2345
1917
1393
1007
812
611
170
-411
-884
-1300
-1735
-2074
-2193
-2046
-1785
-1474
-968
-229
577
1188
1612
1920
2112
2256
2259
2043
1752
1425
1040
656
350
140
-26
-211
-442
-559
-473
-397
-389
-343
-314
-219
-82
-12
29
86
106
76
99
251
507
725
853
868
925
996
994
962
775
426
61
-396
-924
-1407
-1943
-2483
-3204
-4214
-4933
-5047
-4728
-4303
-4046
-3462
-2248
-871
265
1037
1751
2481
2700
2309
1971
2065
2158
1692
947
646
755
593
-18
-606
-933
-1302
-1860
-2274
-2196
-1700
-1269
-1016
-465
562
1503
1985
2213
2437
2644
2563
2265
2139
2096
1798
1329
937
718
579
206
-402
-987
-1430
-1710
-1922
-1955
-1723
-1356
-926
-464
134
821
1316
1573
1710
1756
1764
1762
1642
1403
1215
1055
743
414
160
-40
-207
-426
-543
-457
-298
-150
-40
10
73
163
161
50
-27
13
87
89
180
469
702
817
868
873
904
880
692
387
60
-221
-534
-1048
-1552
-1869
-2205
-2957
-4080
-4803
-4717
-4343
-4215
-4061
-3274
-1856
-507
281
932
1823
2463
2339
1718
1503
1840
1864
1262
717
752
942
587
-142
-585
-806
-1262
-1955
-2276
-1875
-1239
-888
-633
50
1027
1715
1950
2020
2219
2330
2072
1816
1831
1863
1647
1254
945
785
549
4
-623
-1094
-1427
-1672
-1862
-1755
-1306
-767
-357
12
500
985
1306
1401
1383
1404
1513
1569
1443
1335
1276
1069
664
220
-18
-197
-415
-621
-638
-400
-123
100
175
232
333
283
128
-2
-23
40
45
70
375
717
816
839
752
713
687
477
254
21
-150
-332
-680
-1041
-1368
-1637
-2053
-3041
-4226
-4807
-4605
-4233
-4104
-3809
-2809
-1359
-168
515
1083
1800
2206
1850
1181
1138
1564
1632
1143
722
964
1158
616
-188
-707
-976
-1439
-2036
-2124
-1519
-739
-320
-31
631
1429
1809
1729
1650
1797
1840
1683
1615
1769
1955
1792
1387
995
690
341
-304
-966
-1416
-1567
-1599
-1595
-1268
-718
-224
61
210
440
729
947
995
1042
1238
1545
1728
1601
1466
1300
961
439
-129
-438
-530
-568
-560
-373
-42
240
349
310
242
142
21
-148
-228
-87
102
321
513
762
1001
959
774
561
459
340
154
44
-10
40
-119
-514
-903
-1287
-1583
-2219
-3525
-4624
-4871
-4460
-3996
-3811
-3289
-2068
-765
17
371
872
1486
1580
1023
603
1100
1743
1666
1206
1060
1272
1001
98
-658
-1017
-1247
-1677
-2006
-1625
-775
-60
183
365
922
1362
1328
1135
1171
1515
1741
1799
2048
2333
2359
1958
1353
823
347
-203
-811
-1231
-1299
-1200
-1161
-1024
-692
-327
-153
-185
-163
22
323
634
907
1247
1580
1872
1961
1704
1405
1074
600
62
-367
-435
-312
-209
-107
27
219
266
98
-122
-283
-317
-330
-326
-137
192
484
632
711
836
858
627
315
210
197
245
326
330
443
387
91
-356
-928
-1402
-1796
-2488
-3681
-4606
-4713
-4178
-3599
-3416
-2968
-2005
-1021
-379
-151
277
915
1146
802
627
1317
2025
1965
1446
1114
1186
837
-102
-774
-975
-1062
-1348
-1543
-1066
-217
174
71
69
505
863
817
784
1062
1604
1958
2120
2365
2539
2351
1746
1063
570
217
-159
-598
-790
-724
-640
-673
-803
-768
-659
-626
-622
-521
-136
348
784
1175
1438
1737
1892
1687
1314
1004
764
415
57
-88
8
133
115
109
132
80
-119
-357
-432
-412
-288
-136
-25
163
388
462
412
399
464
424
338
343
465
570
542
504
517
466
167
-202
-586
-984
-1359
-1673
-2096
-2924
-3811
-4249
-4012
-3560
-3451
-3213
-2575
-1568
-743
-492
-66
600
1002
772
407
895
1692
1854
1407
1019
1129
1007
271
-434
-657
-649
-914
-1281
-1045
-244
317
202
-38
257
622
651
646
891
1464
1875
1984
2210
2408
2305
1833
1151
649
392
132
-121
-292
-359
-369
-469
-581
-710
-809
-784
-774
-698
-353
159
626
933
1185
1391
1508
1418
1108
882
714
525
331
163
215
309
219
75
-31
-27
-91
-275
-367
-314
-174
-94
-21
189
345
365
320
243
330
412
373
314
322
425
491
470
408
386
260
-22
-307
-590
-852
-1223
-1482
-1818
-2821
-3734
-4027
-3672
-3148
-3140
-2936
-2300
-1494
-828
-725
-370
289
498
250
6
757
1751
1827
1418
1062
1115
908
94
-416
-446
-372
-579
-859
-475
229
546
225
-168
47
282
195
310
816
1513
1879
1964
2190
2314
2036
1382
807
573
494
387
268
289
257
19
-390
-767
-885
-989
-1046
-954
-653
-88
358
732
945
1005
1146
1109
1024
891
785
857
738
550
447
413
360
139
-42
-99
-129
-177
-243
-235
-149
-102
-75
-24
57
147
167
122
190
361
415
358
352
447
527
461
324
304
358
154
-99
-321
-585
-694
-1034
-1401
-1923
-2857
-3440
-3604
-3279
-2931
-3001
-2696
-2135
-1524
-1104
-1046
-532
-3
49
-47
109
960
1622
1524
1203
969
950
651
74
-84
-45
-53
-258
-379
53
396
323
5
-209
-47
17
103
495
981
1403
1571
1693
1839
1797
1477
1094
910
801
772
744
748
677
330
-55
-450
-692
-769
-881
-770
-550
-264
69
292
535
602
582
657
758
855
837
892
961
798
597
431
337
276
107
26
15
-2
-21
-97
-145
-181
-207
-191
-134
-56
29
70
121
223
226
213
208
236
320
305
302
366
453
541
409
147
-161
-478
-649
-886
-1168
-1809
-2800
-3246
-3205
-2908
-2783
-2997
-2822
-2442
-1964
-1436
-1082
-539
-248
-217
-32
289
976
1390
1313
1170
911
814
732
560
559
349
46
-60
-7
209
213
34
-124
-249
-190
-33
227
533
734
916
1113
1389
1550
1470
1315
1224
1172
1091
1107
1047
855
580
190
-52
-212
-334
-395
-485
-426
-361
-269
-65
27
126
178
181
368
585
736
773
733
742
673
525
422
357
349
320
257
194
138
86
-26
-153
-213
-216
-172
-121
-105
-90
-87
-7
83
94
85
86
106
150
204
293
399
414
367
233
74
-84
-254
-342
-396
-642
-1441
-2429
-2846
-2639
-2286
-2383
-2650
-2478
-2043
-1726
-1741
-1635
-1190
-912
-927
-918
-324
631
1093
1006
805
737
759
663
614
688
712
651
592
700
803
696
443
116
-136
-228
-176
113
393
515
624
796
1010
1002
799
665
741
893
972
1079
1169
1155
908
535
314
172
91
11
-74
-29
29
64
85
63
13
-74
-22
156
324
439
481
500
459
373
331
319
352
401
382
322
312
275
150
-6
-129
-128
-137
-132
-104
-72
-52
-150
-196
-170
-182
-192
-208
-198
-108
4
152
237
217
159
17
-101
-193
-285
-299
-346
-483
-807
-1317
-1741
-1831
-1676
-1640
-1780
-1906
-1820
-1515
-1352
-1337
-1313
-1276
-1160
-1030
-780
-398
-57
199
220
156
190
257
430
497
502
565
627
757
826
824
777
612
449
413
434
528
592
568
625
737
841
845
738
644
637
693
690
724
776
755
678
569
516
485
451
369
252
188
180
197
178
188
173
119
139
186
264
267
211
183
175
156
115
111
124
103
93
98
45
-27
-85
-149
-192
-234
-285
-245
-187
-148
-128
-159
-160
-125
-72
-60
-105
-99
-85
-42
55
107
143
109
22
-18
-66
-91
-76
-129
-185
-170
-161
-259
-484
-628
-621
-605
-663
-862
-1070
-1105
-1041
-978
-986
-1056
-1119
-1204
-1188
-1005
-825
-765
-850
-944
-889
-663
-412
-290
-308
-341
-272
-120
40
166
233
270
303
350
443
567
662
676
694
705
771
895
949
942
926
966
1011
974
921
880
821
798
814
820
785
678
608
610
647
615
516
481
471
489
535
542
517
491
406
322
316
303
281
214
130
86
22
-32
-74
-140
-192
-245
-290
-311
-320
-260
-202
-217
-226
-214
-209
-153
-84
-114
-137
-117
-94
-46
2
44
7
-112
-200
-212
-191
-163
-181
-223
-347
-652
-849
-838
-783
-786
-1001
-1216
-1296
-1253
-1110
-1094
-1172
-1275
-1377
-1304
-1089
-886
-807
-888
-957
-880
-628
-359
-201
-220
-309
-268
-79
177
329
350
341
352
430
559
673
740
709
666
680
782
937
993
952
954
971
969
989
969
900
861
792
779
826
765
673
598
537
517
514
498
433
392
397
390
379
340
278
262
243
232
268
293
289
225
154
115
84
61
8
-53
-59
-61
-96
-112
-94
-116
-165
-161
-170
-205
-199
-179
-155
-106
-139
-178
-135
-109
-70
-66
-121
-155
-207
-251
-232
-195
-205
-273
-381
-541
-710
-774
-739
-735
-820
-992
-1120
-1105
-1040
-997
-1018
-1090
-1180
-1237
-1146
-920
-776
-766
-758
-750
-651
-445
-331
-276
-243
-202
-87
64
217
305
334
361
434
480
518
598
612
614
623
691
782
791
812
827
826
855
843
798
782
740
697
696
695
717
686
624
610
580
544
505
465
435
445
461
434
415
383
308
275
292
304
324
312
280
277
241
180
110
42
-11
-46
-77
-74
-83
-142
-180
-208
-201
-212
-251
-245
-213
-210
-249
-269
-280
-271
-230
-210
-227
-246
-225
-217
-234
-221
-190
-209
-258
-322
-422
-520
-582
-612
-644
-681
-736
-828
-931
-933
-855
-831
-874
-952
-1033
-1022
-878
-725
-661
-660
-663
-611
-516
-372
-232
-249
-291
-201
-77
70
197
256
309
346
377
429
490
522
526
544
602
669
706
721
704
693
700
732
729
677
657
620
583
615
627
621
606
551
546
539
509
512
481
434
444
466
453
434
416
351
316
346
333
314
291
239
211
166
111
86
50
-9
-66
-91
-125
-133
-126
-170
-209
-199
-170
-175
-174
-167
-178
-214
-241
-219
-173
-181
-226
-250
-256
-220
-225
-268
-258
-229
-213
-237
-297
-368
-496
-609
-635
-607
-588
-650
-743
-827
-847
-801
-781
-793
-866
-927
-891
-789
-659
-614
-640
-642
-599
-511
-407
-326
-307
-315
-240
-83
90
225
274
305
347
377
426
487
522
536
547
587
651
672
672
673
649
617
621
620
606
603
544
521
569
590
579
520
497
539
541
495
464
449
442
468
488
462
424
428
382
343
350
306
309
292
243
208
179
142
69
16
-40
-85
-75
-81
-129
-141
-154
-165
-154
-159
-175
-181
-194
-239
-267
-291
-287
-242
-232
-252
-264
-256
-287
-331
-338
-324
-322
-354
-364
-354
-343
-371
-439
-533
-576
-550
-530
-539
-604
-676
-678
-632
-606
-616
-660
-698
-674
-616
-565
-499
-483
-523
-526
-452
-331
-257
-237
-213
-146
-44
92
191
222
263
311
361
411
435
459
464
469
533
581
604
577
516
491
522
547
549
539
506
488
491
519
526
491
464
453
463
452
439
453
465
483
467
463
470
418
360
370
377
384
360
288
279
252
184
148
126
72
-12
-49
-31
-50
-101
-130
-130
-133
-160
-169
-154
-167
-211
-231
-243
-263
-296
-319
-262
-209
-246
-314
-351
-326
-312
-353
-350
-326
-334
-332
-307
-293
-292
-329
-377
-384
-430
-479
-454
-453
-490
-512
-550
-566
-520
-521
-554
-557
-579
-547
-496
-465
-443
-445
-464
-438
-336
-238
-170
-139
-111
-49
25
96
139
193
256
285
310
380
439
443
430
443
459
455
452
460
457
446
455
462
466
460
419
441
484
481
482
462
446
449
479
513
512
505
491
463
445
431
413
408
389
362
335
289
271
251
195
169
113
51
70
60
49
45
-7
-27
-54
-102
-109
-102
-135
-162
-198
-231
-246
-247
-246
-266
-269
-278
-293
-290
-326
-345
-306
-309
-323
-326
-322
-291
-280
-282
-280
-292
-323
-351
-377
-403
-399
-390
-409
-407
-442
-475
-453
-463
-490
-484
-466
-501
-518
-486
-458
-430
-424
-388
-323
-256
-205
-179
-124
-87
-52
-7
47
116
150
186
224
246
266
306
326
345
362
316
315
341
340
365
359
355
387
377
389
428
441
433
411
427
454
456
471
472
459
458
450
425
439
462
432
399
380
371
363
345
299
265
242
180
179
209
198
175
133
110
100
74
36
11
-24
-63
-83
-130
-160
-170
-193
-217
-248
-288
-310
-307
-321
-338
-345
-317
-295
-310
-319
-313
-277
-260
-278
-287
-244
-226
-240
-232
-247
-249
-230
-259
-304
-308
-304
-322
-338
-355
-390
-420
-440
-467
-458
-422
-439
-425
-370
-357
-347
-313
-278
-264
-228
-204
-178
-110
-67
-26
4
23
58
76
96
119
143
164
161
167
190
202
209
256
289
278
295
305
325
368
396
399
423
475
481
489
492
482
467
467
473
465
452
435
430
401
359
326
334
344
290
249
255
244
226
225
201
170
161
137
115
117
105
99
63
17
6
16
6
-46
-85
-118
-136
-162
-203
-238
-233
-205
-226
-240
-240
-251
-272
-291
-286
-252
-227
-250
-281
-262
-230
-228
-231
-250
-275
-291
-296
-267
-277
-332
-359
-366
-363
-375
-383
-369
-392
-418
-395
-346
-335
-343
-325
-307
-280
-248
-220
-193
-170
-153
-131
-106
-80
-62
-60
-50
-30
-7
32
62
51
44
73
124
162
173
172
183
221
253
288
332
341
347
377
388
399
415
419
435
433
403
410
420
402
383
334
339
376
342
313
305
311
307
283
285
294
291
250
206
207
217
194
173
162
135
122
85
61
59
20
-32
-76
-91
-110
-122
-149
-181
-172
-162
-144
-156
-181
-191
-199
-170
-158
-167
-163
-176
-191
-203
-229
-239
-240
-244
-258
-277
-287
-301
-306
-315
-335
-340
-330
-330
-343
-353
-348
-312
-295
-279
-265
-266
-246
-229
-203
-173
-157
-145
-131
-123
-117
-107
-99
-105
-115
-114
-109
-88
-81
-80
-38
-21
0
36
28
49
75
90
125
149
160
179
215
224
253
297
255
245
281
261
269
314
322
336
320
280
307
301
280
294
280
285
331
330
315
328
323
316
300
267
257
279
258
228
224
204
170
140
128
101
62
39
19
-6
-20
-38
-64
-66
-86
-97
-67
-63
-91
-104
-125
-132
-117
-141
-133
-127
-164
-152
-134
-155
-171
-205
-244
-243
-253
-273
-254
-254
-292
-295
-285
-294
-296
-295
-271
-239
-246
-249
-224
-198
-196
-199
-194
-168
-148
-155
-154
-153
-131
-110
-139
-149
-152
-153
-124
-112
-112
-87
-91
-89
-77
-76
-25
-11
-11
41
41
42
77
103
143
159
148
148
163
161
152
165
168
178
204
199
217
226
229
244
238
256
266
265
260
272
297
289
285
277
261
276
269
261
255
232
216
190
172
169
144
113
81
64
73
47
48
50
27
36
42
27
34
19
-15
-6
-15
-29
-11
-6
-44
-54
-59
-78
-98
-129
-157
-168
-177
-202
-226
-243
-236
-215
-236
-257
-249
-236
-243
-229
-212
-223
-196
-192
-190
-158
-172
-195
-165
-170
-165
-131
-161
-177
-146
-149
-163
-152
-144
-124
-121
-151
-132
-102
-95
-62
-72
-72
-28
-10
-2
12
22
28
46
35
15
28
42
44
56
72
67
81
92
81
94
83
76
118
151
154
158
158
177
201
194
196
196
192
186
205
220
223
231
221
206
186
187
191
187
173
130
118
128
110
113
128
117
125
115
79
92
90
74
94
90
95
108
67
46
37
-4
-7
-8
-31
-49
-63
-75
-98
-113
-129
-134
-133
-154
-170
-168
-154
-153
-155
-155
-154
-157
-155
-128
-131
-171
-159
-138
-153
-157
-160
-173
-159
-162
-176
-172
-169
-140
-121
-130
-131
-132
-124
-99
-90
-84
-73
-76
-55
-44
-47
-26
-15
-5
5
1
6
9
2
-5
18
11
7
6
-26
-11
-9
1
25
18
10
30
40
51
80
89
111
112
105
112
108
118
126
139
139
144
133
109
141
135
108
102
89
95
101
103
101
110
109
87
108
127
123
118
107
110
114
122
122
137
122
78
67
46
45
35
14
17
30
15
-22
-18
-10
5
-8
-42
-29
-28
-34
-44
-44
-20
-28
-46
-46
-28
-40
-57
-61
-67
-74
-105
-106
-103
-128
-152
-154
-137
-129
-154
-188
-168
-117
-109
-134
-113
-91
-95
-100
-95
-79
-73
-62
-61
-50
-38
-27
-19
-30
-21
-22
-49
-55
-41
-52
-57
-62
-50
-18
-62
-77
-30
-36
-22
-18
-56
-27
-5
-6
20
30
21
40
58
45
33
43
54
59
80
89
81
64
70
78
79
89
84
96
94
98
123
126
121
129
132
110
99
110
133
121
97
102
107
83
43
46
52
54
62
51
19
22
32
24
32
23
28
41
37
48
35
24
36
11
-10
0
-5
-16
-22
-36
-37
-42
-50
-22
-37
-87
-80
-76
-87
-74
-88
-108
-91
-102
-101
-81
-92
-107
-95
-70
-76
-62
-65
-74
-40
-42
-62
-53
-61
-48
-28
-26
-14
-29
-38
-25
-13
-19
-20
-19
-28
-19
-11
-21
-33
-32
-29
-31
-38
-25
-15
-20
-2
-19
-55
-32
-19
-12
15
9
12
9
4
8
6
27
32
13
13
32
55
62
51
52
64
31
41
78
70
67
61
61
58
41
35
50
52
53
54
43
40
23
14
25
32
43
48
56
50
48
59
51
35
29
36
49
35
18
29
44
54
34
28
33
19
-1
-15
-5
-12
-30
-20
-38
-54
-36
-45
-48
-28
-29
-57
-75
-64
-45
-39
-36
-39
-28
-29
-51
-31
-29
-30
-6
-14
-32
-15
-5
-23
-6
4
-18
-13
-7
-15
-12
-34
-47
-25
-31
-44
-32
-26
-42
-51
-49
-45
-47
-53
-34
-28
-25
-19
-29
-18
-3
-2
-8
-18
-14
12
24
13
39
58
41
30
37
31
25
53
44
14
13
-1
-14
15
29
8
15
20
18
40
27
12
29
30
21
32
30
25
41
50
58
33
18
33
41
33
25
17
10
22
6
1
9
-1
2
0
-16
4
-2
-24
