-20
-25
-26
-26
-23
-24
-25
-29
-22
-17
-18
-5
-1
-18
-11
-1
4
17
8
11
21
9
17
28
3
-7
4
12
6
-2
0
2
-16
-34
-20
-21
-28
-24
-28
-15
-20
-27
-16
-14
-4
-15
-14
13
15
16
9
7
21
27
32
17
34
59
48
58
49
53
77
92
121
104
83
81
78
109
83
55
77
53
44
25
11
25
-7
-13
-34
-47
-28
-59
-70
-76
-68
-53
-78
-70
-58
-51
-37
-59
-42
-21
-53
-49
-62
-47
-31
-84
-112
-147
-158
-150
-177
-170
-170
-182
-176
-168
-137
-139
-139
-100
-66
-19
-4
21
75
100
140
151
171
206
210
245
257
259
298
296
277
257
235
231
207
189
166
146
123
90
93
53
23
28
26
28
2
13
38
38
61
69
88
119
129
125
73
61
112
191
198
102
56
74
120
121
53
15
-4
-11
-27
-27
-60
-147
-149
-189
-159
-111
-138
-155
-231
-243
-269
-313
-318
-339
-171
-429
-1197
-1594
-1704
-1353
-1176
-1685
-1616
-1395
-1376
-1184
-1390
-1166
-738
-922
-726
-284
246
755
649
516
697
987
1140
1242
1439
1538
1701
1592
1426
1582
1318
1005
792
421
520
420
48
-73
-395
-496
-443
-597
-504
-355
-389
-371
-206
-54
170
372
385
657
858
879
1121
1106
1122
1233
1035
1069
1091
924
898
688
437
372
228
89
-29
-233
-364
-392
-535
-628
-562
-563
-462
-414
-426
-147
-40
-20
116
97
207
354
402
556
596
515
454
373
381
342
211
-63
-318
-356
-540
-675
-773
-1046
-1067
-1176
-1361
-1275
-1300
-1337
-1901
-3120
-3706
-3460
-2716
-2210
-2577
-2573
-1944
-1508
-1384
-1455
-1012
-251
-73
-5
668
1846
2473
2100
1697
1806
2282
2420
2199
2312
2522
2522
2198
1678
1526
1362
778
127
-375
-397
-338
-699
-1057
-1240
-1236
-1188
-1250
-1100
-775
-641
-739
-645
-116
513
889
1001
1197
1540
1745
1796
1805
1837
1861
1710
1502
1450
1397
1152
717
309
182
202
146
-27
-181
-220
-298
-485
-582
-462
-314
-255
-204
-52
180
242
166
97
144
361
537
634
644
504
423
312
140
75
-136
-294
-387
-631
-648
-729
-921
-964
-1227
-1204
-1045
-1178
-1092
-1101
-1117
-1001
-1405
-2056
-2712
-3295
-3231
-2778
-2469
-2315
-2231
-2140
-1896
-1617
-1480
-1151
-711
-450
53
645
1281
1912
1856
1674
1771
1894
2198
2397
2443
2589
2488
2094
1776
1544
1280
877
316
-118
-197
-314
-602
-834
-1124
-1261
-1267
-1246
-979
-829
-847
-750
-655
-323
106
413
859
1204
1453
1735
1889
2023
2117
2080
1972
1850
1773
1680
1504
1222
898
599
383
254
136
14
-164
-381
-558
-621
-615
-561
-471
-325
-191
-108
-10
27
49
105
153
320
522
672
736
543
362
304
158
114
-31
-309
-431
-719
-804
-727
-935
-980
-1092
-1198
-1075
-1240
-1229
-1106
-1326
-1566
-2092
-2581
-2614
-2678
-2516
-2378
-2380
-2143
-2168
-2089
-1780
-1577
-1215
-925
-655
-186
253
706
1018
1235
1397
1484
1719
1906
2086
2242
2244
2316
2180
1864
1709
1430
1179
933
456
236
113
-159
-337
-598
-784
-772
-868
-954
-933
-897
-785
-564
-403
-234
79
389
769
1047
1108
1327
1552
1678
1775
1689
1688
1724
1607
1547
1412
1225
1079
849
658
572
473
309
86
-102
-191
-258
-268
-242
-231
-212
-263
-286
-288
-298
-187
-109
15
194
155
199
222
97
118
22
-75
-76
-172
-170
-279
-524
-583
-662
-752
-814
-989
-1124
-1182
-1213
-1463
-1981
-2548
-3019
-2964
-2745
-2755
-2591
-2598
-2399
-2049
-2215
-1933
-1581
-1427
-825
-645
-229
623
889
1205
1397
1376
1729
1936
2053
2338
2510
2586
2552
2406
2113
1887
1648
1212
987
657
292
240
-76
-289
-400
-793
-854
-948
-1162
-1106
-1130
-1038
-867
-760
-490
-242
-25
216
480
746
971
1229
1359
1486
1679
1732
1805
1746
1646
1700
1593
1468
1374
1183
1063
851
601
464
231
37
-62
-196
-223
-240
-322
-392
-483
-565
-634
-601
-503
-417
-326
-336
-391
-375
-344
-353
-396
-451
-398
-424
-612
-629
-631
-642
-701
-905
-818
-659
-628
-624
-785
-909
-1035
-1380
-1591
-1610
-1611
-1500
-1492
-1550
-1470
-1375
-1349
-1420
-1542
-1493
-1314
-1122
-887
-625
-281
-85
-61
69
281
511
712
910
1159
1463
1704
1791
1879
1881
1768
1677
1554
1463
1443
1389
1278
1182
1071
869
691
529
392
278
111
39
70
56
1
-22
-17
-7
5
40
133
253
345
316
227
159
118
199
274
230
221
185
134
129
81
41
-36
-100
-97
-137
-141
-18
121
151
74
61
97
71
59
76
66
76
74
9
-56
-118
-124
-127
-207
-268
-284
-354
-396
-411
-446
-433
-436
-471
-520
-524
-507
-501
-503
-522
-495
-423
-358
-326
-290
-251
-228
-231
-306
-334
-307
-306
-323
-337
-296
-254
-251
-286
-302
-302
-341
-382
-405
-417
-464
-465
-402
-349
-281
-263
-287
-282
-269
-275
-250
-179
-125
-62
-1
72
182
244
178
73
79
155
211
273
355
440
478
434
443
465
432
479
512
536
648
719
764
781
739
730
755
756
795
829
790
791
809
811
779
725
707
645
592
579
557
550
467
347
296
231
179
160
106
88
28
-64
-97
-139
-195
-255
-290
-341
-376
-363
-387
-450
-507
-523
-510
-549
-547
-483
-477
-526
-565
-563
-517
-497
-510
-486
-447
-448
-453
-396
-326
-291
-294
-304
-352
-431
-489
-497
-407
-380
-411
-453
-459
-415
-465
-486
-525
-605
-620
-643
-603
-504
-475
-481
-493
-562
-586
-530
-491
-447
-423
-358
-250
-170
-70
31
105
186
275
354
425
491
568
657
701
717
748
767
785
795
830
847
807
817
870
897
929
916
861
837
811
768
716
661
642
621
594
583
538
492
432
361
329
276
216
177
131
81
52
29
-23
-28
-57
-152
-186
-174
-188
-194
-178
-179
-225
-256
-248
-300
-339
-323
-266
-286
-497
-601
-417
-127
-86
-315
-339
-145
-22
-59
-162
-128
-71
-92
-57
6
45
67
55
40
45
53
-36
-229
-433
-575
-629
-624
-642
-801
-1072
-1272
-1322
-1363
-1465
-1589
-1613
-1552
-1537
-1457
-1252
-1051
-980
-1004
-964
-785
-502
-244
-24
249
475
643
884
1132
1325
1466
1521
1535
1613
1760
1853
1853
1747
1585
1440
1297
1188
1114
986
775
555
400
317
273
222
81
-89
-172
-201
-232
-286
-333
-344
-394
-425
-332
-236
-183
-148
-186
-195
-125
6
156
152
82
116
226
261
172
223
409
358
210
254
388
404
169
59
258
276
156
157
113
105
78
16
20
-112
-195
-99
-153
-241
-247
-218
-166
-287
-363
-251
-172
-167
-193
-212
-168
-123
-15
171
251
117
-151
-353
-436
-618
-1123
-1569
-1470
-1146
-1135
-1545
-1902
-1857
-1860
-2128
-2349
-2137
-1647
-1458
-1613
-1585
-1114
-580
-476
-558
-263
376
907
1079
1290
1763
2136
2176
2100
2282
2702
2858
2671
2418
2293
2300
2126
1792
1559
1368
1182
872
398
86
-78
-314
-695
-1050
-1130
-1068
-1148
-1366
-1490
-1520
-1616
-1781
-1709
-1301
-943
-826
-746
-466
-80
145
235
497
895
1195
1343
1403
1561
1700
1562
1327
1304
1474
1546
1368
1156
998
783
519
300
234
221
88
-135
-340
-475
-590
-741
-884
-952
-844
-664
-626
-703
-637
-515
-529
-539
-380
-99
89
108
52
9
15
110
110
-10
-224
-460
-688
-983
-1421
-1804
-1907
-1789
-1798
-2133
-2483
-2507
-2303
-2339
-2560
-2465
-1988
-1641
-1623
-1532
-974
-315
-103
-138
178
899
1525
1733
1832
2211
2620
2715
2631
2746
3075
3185
2914
2534
2346
2273
2081
1752
1396
1150
913
521
124
-222
-506
-749
-1080
-1347
-1418
-1384
-1460
-1630
-1733
-1692
-1656
-1596
-1388
-1034
-657
-455
-394
-197
287
681
874
1080
1366
1588
1640
1641
1758
1864
1766
1604
1632
1734
1640
1320
953
762
662
467
246
136
39
-167
-478
-731
-807
-795
-862
-962
-937
-837
-806
-807
-768
-686
-633
-586
-419
-205
-100
-84
-91
2
92
-76
-354
-606
-763
-1031
-1599
-2045
-1978
-1639
-1649
-2303
-2909
-2834
-2494
-2476
-2666
-2514
-1958
-1718
-1960
-1900
-1159
-273
-31
-198
125
1000
1701
1808
1797
2252
2755
2905
2825
2954
3392
3474
2946
2432
2315
2524
2528
2057
1531
1202
981
542
-27
-344
-442
-642
-1049
-1465
-1537
-1478
-1648
-1996
-2176
-1997
-1749
-1637
-1472
-1187
-906
-741
-607
-211
412
873
1034
1179
1517
1800
1838
1893
1991
2057
2023
1937
1986
1991
1793
1455
1150
1042
942
778
585
304
45
-221
-499
-627
-660
-762
-891
-980
-943
-934
-946
-834
-720
-763
-832
-714
-369
-51
0
-122
-296
-425
-670
-917
-1032
-1317
-1850
-2242
-2130
-1684
-1771
-2576
-3226
-3108
-2569
-2440
-2631
-2315
-1756
-1679
-2052
-2043
-972
125
211
-110
233
1242
1859
1728
1766
2394
3031
3018
2745
2999
3486
3364
2641
2081
2299
2719
2575
1912
1240
995
704
166
-249
-388
-411
-732
-1360
-1680
-1626
-1535
-1768
-2234
-2329
-2057
-1772
-1509
-1373
-1250
-1035
-931
-579
140
773
1059
1086
1197
1530
1856
2086
2194
2242
2259
2217
2237
2272
2207
2000
1655
1388
1338
1302
1139
734
327
79
-162
-335
-485
-698
-817
-876
-858
-796
-887
-917
-1011
-1060
-939
-764
-449
-141
-170
-420
-858
-1133
-985
-980
-1346
-2014
-2497
-2276
-1846
-1986
-2591
-3182
-3177
-2831
-2703
-2636
-2334
-1974
-1948
-2242
-2072
-1063
30
262
-68
155
956
1612
1801
1904
2403
2961
2953
2805
2974
3346
3309
2689
2183
2235
2535
2495
1922
1255
846
608
327
-47
-274
-409
-761
-1283
-1637
-1603
-1413
-1496
-1851
-2115
-1970
-1704
-1512
-1363
-1171
-857
-666
-512
-30
506
816
983
1110
1482
1924
2055
2048
2049
2126
2216
2175
2154
2168
2021
1689
1446
1423
1399
1243
896
524
266
32
-143
-275
-437
-519
-635
-815
-850
-860
-780
-743
-819
-878
-826
-487
-236
-333
-629
-997
-926
-798
-1128
-1750
-2577
-2661
-2048
-1803
-2077
-3013
-3586
-3218
-3004
-2797
-2618
-2473
-2144
-2466
-2681
-1930
-840
10
-139
-416
190
1053
1659
1719
1927
2562
2881
2986
2948
3209
3630
3207
2650
2510
2709
3001
2485
1721
1357
1062
894
554
139
-131
-584
-1063
-1407
-1491
-1378
-1519
-1923
-2330
-2368
-2018
-1712
-1484
-1410
-1256
-1014
-823
-349
107
443
764
925
1332
1804
1967
2067
2004
2062
2330
2431
2501
2494
2265
1992
1784
1729
1668
1487
1164
857
599
294
54
-176
-388
-559
-727
-844
-873
-900
-990
-1031
-934
-936
-1030
-970
-703
-385
-457
-903
-1163
-1139
-966
-1218
-1994
-2502
-2431
-1985
-1864
-2507
-3123
-3140
-2916
-2777
-2767
-2531
-2197
-2221
-2489
-2373
-1442
-420
-149
-333
-244
463
1248
1487
1711
2241
2724
2863
2777
2930
3309
3380
3014
2700
2735
2981
2843
2249
1600
1273
1188
989
634
171
-264
-651
-1056
-1365
-1427
-1442
-1652
-2072
-2351
-2306
-2057
-1755
-1605
-1522
-1378
-1135
-775
-378
-11
319
644
965
1288
1592
1762
1860
1999
2168
2373
2538
2508
2390
2245
2101
2115
2048
1862
1635
1308
971
708
458
255
-6
-298
-430
-606
-814
-833
-966
-1010
-966
-1155
-1088
-1118
-975
-622
-747
-900
-1083
-1166
-906
-1182
-1750
-2371
-2653
-1951
-1657
-2086
-2741
-3313
-2999
-2674
-2656
-2364
-2319
-2192
-2315
-2523
-1768
-829
-299
-400
-627
55
847
1306
1462
1560
2215
2545
2567
2694
2822
3167
3018
2599
2676
2867
2952
2479
1727
1440
1393
1386
1001
413
104
-269
-607
-996
-1245
-1106
-1327
-1797
-2216
-2314
-1821
-1586
-1647
-1635
-1645
-1317
-1023
-756
-238
48
286
545
842
1327
1554
1628
1747
1941
2261
2457
2462
2293
2207
2235
2166
2163
2095
1859
1592
1183
920
813
571
327
34
-251
-373
-532
-616
-699
-975
-1013
-889
-996
-1148
-1001
-806
-773
-1062
-1452
-1193
-968
-1469
-2034
-2594
-2509
-1745
-1817
-2428
-2915
-3241
-2906
-2505
-2451
-2180
-2151
-2377
-2442
-2218
-1588
-675
-247
-523
-559
30
752
1216
1269
1436
2109
2414
2469
2558
2716
2943
2820
2569
2609
2802
2798
2248
1637
1476
1533
1534
1074
483
84
-265
-464
-685
-872
-955
-1285
-1750
-2084
-1944
-1603
-1469
-1567
-1804
-1656
-1263
-981
-624
-426
-241
112
325
709
1082
1254
1440
1515
1743
2112
2243
2206
2152
2166
2175
2177
2152
1988
1828
1551
1302
1245
1006
747
503
212
104
-134
-351
-374
-472
-555
-842
-985
-872
-914
-714
-650
-929
-1264
-1650
-1351
-902
-1501
-2548
-3146
-2629
-1591
-1757
-2901
-3682
-3335
-2567
-2483
-2623
-2438
-2040
-2158
-2748
-2329
-1046
-164
-193
-952
-682
630
1279
1272
1138
1620
2466
2584
2309
2422
2947
3082
2639
2431
2620
2906
2632
1745
1407
1601
1703
1454
729
261
68
-260
-534
-732
-704
-814
-1347
-1753
-1906
-1748
-1584
-1603
-1499
-1451
-1430
-1360
-1172
-624
-197
-94
84
301
670
1001
1132
1371
1657
1834
1862
1915
2082
2164
2162
2079
2076
2128
1975
1748
1511
1337
1236
1022
704
472
303
128
-119
-387
-408
-367
-458
-687
-1021
-1079
-804
-554
-615
-1079
-1522
-1320
-873
-1104
-1949
-2779
-2779
-2042
-1696
-2176
-3022
-3456
-3218
-2765
-2474
-2276
-2227
-2453
-2698
-2577
-1797
-838
-422
-665
-817
-299
561
1088
1144
1299
1787
2301
2427
2370
2547
2828
2805
2673
2723
2823
2693
2202
1751
1778
1932
1806
1337
729
317
47
-145
-279
-415
-643
-1075
-1488
-1720
-1735
-1571
-1537
-1563
-1600
-1674
-1564
-1369
-1093
-647
-402
-259
-23
161
405
720
1031
1345
1607
1741
1749
1819
1993
2160
2255
2211
2197
2128
1892
1737
1661
1597
1419
1061
757
564
345
194
2
-112
-341
-480
-494
-692
-767
-941
-938
-872
-819
-705
-1042
-1456
-1580
-1630
-1562
-2120
-2727
-2410
-2060
-2035
-2828
-3837
-3300
-2278
-2061
-2555
-3147
-2631
-2037
-2245
-2215
-1376
-309
-302
-1005
-817
330
1399
1273
1095
1720
2274
2544
2267
2172
2824
3164
2979
2696
2486
2645
2515
2072
1885
1903
1897
1405
720
276
111
251
32
-432
-805
-1229
-1373
-1492
-1586
-1437
-1513
-1587
-1611
-1656
-1389
-1243
-1106
-797
-527
-215
-49
69
370
704
996
1179
1391
1534
1558
1775
1960
2133
2255
2104
1987
1924
1865
1828
1735
1592
1346
1013
733
562
448
300
95
-140
-334
-409
-559
-725
-720
-672
-535
-672
-1101
-1203
-1110
-918
-989
-1701
-2356
-2678
-2509
-1873
-1768
-2497
-3419
-3673
-3058
-2347
-2280
-2728
-2896
-2709
-2553
-2216
-1648
-1063
-698
-931
-907
-84
652
939
911
1178
2003
2524
2461
2296
2433
2772
2956
3012
2950
2833
2554
2113
1974
2126
2152
1868
1204
602
413
337
189
-120
-481
-846
-1150
-1340
-1478
-1422
-1428
-1571
-1610
-1588
-1491
-1369
-1316
-1100
-797
-532
-314
-179
91
371
616
904
1147
1395
1551
1616
1798
2023
2173
2175
2100
2122
2133
2000
1839
1796
1725
1412
1082
780
649
622
378
13
-264
-405
-349
-540
-799
-799
-783
-717
-1001
-1333
-1269
-1116
-992
-1131
-1902
-2610
-2855
-2374
-1551
-1613
-2678
-3724
-3674
-2662
-2027
-2231
-2683
-2776
-2592
-2629
-2346
-1540
-802
-704
-1183
-1030
9
697
726
597
1138
2108
2442
2107
1885
2255
2830
2972
2894
2860
2801
2511
2009
1997
2432
2526
1962
1125
601
599
639
398
57
-315
-749
-1026
-1126
-1109
-1227
-1518
-1633
-1459
-1256
-1296
-1491
-1485
-1095
-711
-518
-398
-269
-43
218
453
821
1182
1235
1192
1325
1648
2016
2107
1970
1956
2019
2031
1966
1827
1743
1642
1372
1096
951
825
568
320
132
-4
-119
-393
-654
-690
-619
-586
-825
-1117
-1163
-1083
-967
-1151
-1424
-1798
-2481
-2733
-2229
-1610
-1620
-2737
-3785
-3445
-2502
-2011
-2298
-2828
-2786
-2529
-2490
-2227
-1535
-899
-865
-1133
-1003
-159
643
690
641
1140
1872
2190
1942
1821
2254
2762
2938
2774
2624
2546
2283
2016
2037
2297
2304
1813
1118
696
677
677
417
54
-279
-574
-791
-997
-1066
-1082
-1227
-1355
-1385
-1347
-1318
-1302
-1202
-968
-688
-541
-466
-288
-48
236
523
761
970
1080
1161
1406
1699
1880
1981
1961
1895
1947
2001
1946
1862
1769
1639
1426
1125
951
904
757
495
231
65
-92
-309
-434
-421
-380
-567
-998
-1226
-1077
-835
-898
-1395
-2089
-2617
-2675
-2188
-1682
-1930
-2946
-3745
-3572
-2743
-2208
-2423
-2917
-2997
-2817
-2647
-2291
-1741
-1186
-1058
-1183
-901
-157
374
427
563
1167
1885
2155
1904
1804
2217
2707
2933
2837
2638
2501
2278
2053
2158
2450
2436
1859
1058
707
785
842
590
182
-173
-530
-814
-959
-935
-902
-1155
-1405
-1405
-1309
-1223
-1276
-1293
-1040
-746
-646
-633
-469
-133
176
417
637
856
984
1023
1183
1501
1846
1984
1841
1741
1833
1968
1993
1909
1817
1729
1532
1220
1036
1047
961
727
368
51
6
-25
-188
-281
-401
-549
-777
-1078
-1011
-866
-861
-1078
-1694
-2372
-2655
-2377
-1760
-1624
-2434
-3449
-3622
-2926
-2325
-2405
-2822
-2871
-2601
-2630
-2616
-2004
-1289
-1011
-1253
-1226
-449
189
248
265
770
1609
1995
1789
1625
1971
2506
2722
2691
2641
2595
2407
2088
2037
2346
2438
2012
1284
859
880
847
569
199
-22
-284
-722
-998
-1007
-883
-962
-1370
-1549
-1340
-1216
-1270
-1312
-1121
-767
-692
-720
-462
-106
128
251
407
730
1017
1043
1159
1481
1783
1925
1823
1719
1836
1957
1991
1962
1858
1789
1634
1354
1068
1031
1060
820
444
130
45
31
-174
-302
-365
-492
-663
-988
-995
-828
-835
-985
-1460
-2065
-2413
-2440
-1907
-1408
-1984
-3040
-3575
-3102
-2191
-2083
-2604
-2813
-2550
-2445
-2525
-2212
-1514
-979
-1172
-1414
-860
-149
145
192
402
1154
1745
1670
1439
1599
2165
2593
2632
2430
2301
2263
2061
1904
2069
2300
2183
1536
934
809
892
823
482
194
8
-338
-695
-959
-1002
-728
-714
-1036
-1426
-1647
-1363
-1019
-875
-768
-772
-856
-758
-408
-17
301
392
383
577
788
1011
1331
1502
1674
1779
1699
1736
1783
1819
1901
1902
1837
1686
1400
1152
1024
990
946
778
465
115
-97
-143
-152
-160
-386
-663
-775
-918
-902
-929
-990
-1017
-1453
-2214
-2514
-2114
-1446
-1493
-2539
-3306
-3031
-2333
-2033
-2444
-2728
-2432
-2242
-2392
-2389
-1746
-1085
-1068
-1415
-1233
-347
184
88
110
619
1417
1663
1364
1329
1780
2315
2444
2223
2181
2287
2146
1859
1832
2200
2253
1697
1097
963
1103
956
526
237
216
83
-401
-760
-828
-833
-817
-927
-1042
-1191
-1448
-1378
-1032
-703
-621
-928
-1001
-601
-172
119
205
264
438
573
752
1072
1379
1501
1509
1547
1635
1798
1841
1750
1750
1759
1711
1524
1239
1107
1103
1050
860
634
412
164
50
-49
-63
-137
-363
-587
-805
-822
-728
-748
-879
-1191
-1778
-2258
-2289
-1700
-1330
-1951
-2928
-3288
-2733
-2071
-2147
-2541
-2620
-2428
-2379
-2404
-2065
-1471
-1121
-1289
-1339
-768
-132
82
72
325
1050
1512
1451
1334
1527
2017
2356
2295
2182
2201
2159
1950
1812
1977
2154
1977
1384
947
976
1004
799
443
137
4
-304
-637
-753
-776
-743
-802
-1010
-1181
-1306
-1331
-1131
-866
-732
-802
-925
-819
-430
-56
147
243
292
375
576
858
1183
1410
1451
1475
1507
1575
1706
1789
1771
1746
1735
1596
1314
1131
1132
1141
1082
829
519
270
108
89
70
-27
-194
-416
-584
-697
-631
-640
-813
-1013
-1595
-2116
-2088
-1578
-1220
-1893
-3039
-3202
-2466
-1848
-2011
-2657
-2732
-2355
-2286
-2354
-2077
-1451
-1144
-1405
-1433
-776
-73
-59
-175
192
920
1451
1300
1119
1446
1868
2182
2157
2018
2094
2068
1918
1809
1941
2145
1896
1300
899
950
1037
738
400
244
135
-215
-707
-782
-650
-669
-789
-1010
-1190
-1356
-1435
-1171
-751
-595
-830
-1138
-1005
-457
-28
117
162
232
325
491
776
1142
1397
1403
1405
1489
1562
1659
1668
1701
1816
1793
1634
1364
1153
1125
1148
1083
888
612
312
122
84
97
18
-175
-488
-654
-719
-715
-634
-691
-975
-1645
-2136
-1908
-1242
-1092
-1993
-2949
-2840
-2093
-1719
-2091
-2534
-2350
-2151
-2293
-2195
-1710
-1228
-1231
-1505
-1294
-563
-102
-192
-178
311
931
1197
1049
1036
1428
1808
2008
1969
1899
1944
1874
1690
1745
1984
2041
1636
1064
889
1060
1025
570
298
291
111
-350
-744
-737
-575
-655
-847
-978
-1138
-1358
-1357
-1045
-650
-568
-921
-1141
-836
-302
29
132
157
222
323
472
778
1169
1382
1370
1331
1430
1542
1614
1616
1685
1803
1712
1513
1237
1069
1105
1139
1034
818
521
244
86
89
103
1
-219
-508
-685
-651
-606
-647
-873
-1430
-1818
-1837
-1524
-1156
-1547
-2446
-2740
-2334
-1790
-1723
-2181
-2373
-2161
-2157
-2177
-1798
-1313
-1141
-1343
-1388
-863
-242
-172
-222
79
649
1060
1001
932
1238
1648
1880
1882
1869
1885
1776
1654
1681
1894
1974
1678
1165
880
950
1008
755
390
229
139
-152
-584
-757
-680
-637
-717
-848
-976
-1215
-1422
-1248
-761
-439
-597
-973
-1027
-601
-73
169
185
211
265
358
591
983
1316
1349
1247
1270
1399
1576
1618
1576
1655
1679
1578
1335
1077
1052
1113
1059
895
657
374
123
-34
-39
38
-61
-401
-666
-685
-675
-662
-876
-1423
-1794
-1835
-1582
-1283
-1623
-2325
-2619
-2377
-1890
-1695
-1915
-2150
-2197
-2159
-1912
-1454
-1155
-1127
-1206
-1101
-662
-216
-96
34
326
650
981
1080
1129
1312
1489
1719
1892
1845
1680
1551
1476
1507
1711
1749
1517
1119
774
715
719
603
323
73
-23
-231
-544
-723
-751
-619
-610
-842
-1038
-1206
-1195
-874
-616
-468
-500
-804
-832
-484
-104
207
305
229
281
486
692
1010
1199
1216
1290
1262
1308
1473
1503
1536
1640
1544
1382
1212
961
945
1028
984
851
595
257
56
-7
-53
-8
-97
-398
-647
-825
-924
-821
-1001
-1453
-1634
-1568
-1384
-1547
-2109
-2307
-2013
-1757
-1777
-1967
-2024
-1887
-1897
-1929
-1531
-1087
-1074
-1250
-1193
-749
-202
-10
-54
151
469
698
844
953
1204
1413
1501
1559
1541
1550
1512
1487
1475
1452
1488
1368
1055
783
734
711
567
370
166
-20
-194
-372
-476
-515
-682
-797
-760
-761
-843
-1018
-1005
-693
-500
-545
-637
-621
-404
-168
5
221
364
358
393
582
872
1124
1197
1193
1256
1326
1395
1469
1505
1498
1463
1367
1248
1152
1008
861
800
769
675
423
173
95
5
-62
-171
-346
-492
-644
-913
-1016
-962
-1228
-1484
-1538
-1427
-1394
-1868
-2238
-2088
-1792
-1601
-1754
-1930
-1846
-1774
-1837
-1613
-1150
-916
-992
-1124
-846
-308
-61
-72
82
376
626
777
828
994
1299
1360
1342
1361
1426
1519
1407
1284
1332
1431
1275
978
809
759
739
598
351
238
61
-288
-443
-421
-355
-525
-839
-891
-832
-828
-890
-873
-745
-657
-686
-711
-503
-233
-76
6
96
287
438
494
650
892
1060
1141
1208
1223
1271
1405
1444
1425
1416
1395
1322
1181
1088
1098
1034
865
726
584
407
243
142
93
-27
-230
-438
-553
-626
-760
-801
-1019
-1410
-1596
-1529
-1228
-1326
-1884
-2170
-1940
-1620
-1632
-1808
-1788
-1597
-1636
-1754
-1463
-1006
-885
-1048
-1059
-637
-195
-119
-62
201
456
614
711
819
1042
1196
1253
1321
1346
1368
1308
1204
1152
1271
1331
1104
844
708
639
567
418
253
185
-11
-284
-383
-454
-529
-581
-698
-739
-798
-897
-848
-739
-635
-536
-581
-605
-421
-258
-83
85
184
321
398
457
648
880
1033
1132
1188
1217
1269
1294
1324
1384
1382
1316
1192
1153
1187
1046
844
760
702
577
367
209
147
12
-151
-236
-329
-466
-630
-689
-835
-1250
-1502
-1381
-1016
-1111
-1767
-2100
-1843
-1475
-1515
-1758
-1703
-1537
-1623
-1754
-1431
-916
-844
-1124
-1115
-657
-313
-279
-238
16
330
506
531
612
836
1059
1136
1148
1210
1284
1222
1078
1039
1179
1298
1088
776
663
669
586
418
298
207
65
-94
-217
-309
-421
-498
-511
-571
-663
-722
-738
-705
-624
-579
-559
-491
-414
-301
-143
0
154
297
356
406
515
654
848
993
1036
1084
1128
1161
1197
1257
1264
1168
1116
1120
1061
928
823
747
667
517
352
285
193
63
-142
-286
-363
-388
-479
-640
-754
-1098
-1415
-1291
-960
-945
-1429
-1857
-1658
-1324
-1318
-1402
-1407
-1368
-1423
-1485
-1226
-826
-744
-902
-879
-600
-333
-289
-239
-17
219
364
438
530
646
742
788
910
1023
1038
938
782
811
963
1017
877
643
544
533
436
335
334
291
91
-133
-303
-303
-183
-261
-411
-520
-584
-535
-572
-578
-434
-336
-364
-401
-354
-198
-10
56
140
322
391
381
464
605
779
860
840
931
1020
981
968
1026
1069
1073
1006
904
856
843
755
704
633
450
335
240
119
50
-32
-142
-236
-352
-501
-526
-630
-1012
-1181
-1018
-826
-940
-1408
-1573
-1298
-1095
-1174
-1263
-1192
-1186
-1246
-1224
-916
-628
-693
-771
-684
-459
-275
-227
-163
-43
85
215
284
325
414
538
649
721
735
704
649
600
643
770
794
666
505
386
365
342
290
274
212
15
-156
-154
-73
-98
-240
-324
-343
-358
-383
-373
-281
-230
-270
-311
-309
-161
-18
-8
59
159
246
304
320
416
564
636
660
742
791
778
767
764
827
853
808
797
773
703
630
568
560
570
483
345
237
134
65
14
-27
-100
-205
-280
-336
-506
-810
-868
-655
-524
-764
-1184
-1231
-1041
-957
-1010
-1040
-995
-1054
-1142
-1070
-777
-615
-749
-777
-621
-432
-332
-353
-230
-47
30
132
191
183
247
376
461
515
551
519
449
388
465
615
608
475
353
333
342
255
212
270
204
37
-68
-72
-22
-66
-182
-194
-126
-152
-231
-255
-193
-97
-90
-150
-134
-2
39
5
74
191
248
221
251
394
476
484
558
598
575
525
509
612
663
630
589
524
512
517
472
451
419
394
321
218
181
141
145
74
-33
-100
-110
-108
-210
-310
-440
-584
-608
-474
-452
-697
-977
-985
-762
-683
-798
-848
-809
-807
-822
-701
-520
-505
-591
-618
-483
-315
-215
-166
-132
-34
48
147
217
186
198
325
407
369
332
355
394
348
356
429
371
232
187
219
229
171
83
59
13
-69
-89
-66
-71
-158
-206
-160
-99
-94
-146
-146
-96
-54
-38
-43
1
92
106
113
161
225
223
217
274
316
366
390
416
467
483
434
393
421
457
455
400
372
362
304
280
309
248
189
202
129
75
56
34
65
17
-125
-168
-118
-125
-178
-171
-199
-268
-300
-390
-425
-354
-318
-328
-442
-560
-505
-382
-391
-468
-480
-486
-443
-385
-373
-317
-318
-371
-349
-304
-259
-200
-177
-160
-108
-108
-75
-34
-46
-25
54
130
116
62
55
100
175
211
165
161
171
123
127
145
155
195
147
74
100
115
129
106
84
115
117
115
99
124
159
127
111
106
128
176
157
154
174
197
204
154
167
236
271
237
198
229
257
232
219
215
207
214
203
198
215
200
183
152
161
188
130
83
60
44
43
6
-51
-62
-30
-42
-96
-117
-133
-151
-192
-219
-235
-259
-240
-285
-370
-420
-403
-328
-307
-373
-425
-414
-404
-431
-431
-377
-352
-379
-363
-360
-334
-265
-244
-216
-218
-211
-140
-73
-58
-50
4
29
38
81
105
87
72
134
184
170
148
144
172
181
159
179
220
227
190
197
260
255
215
208
236
243
209
159
160
204
155
142
161
129
127
110
129
159
109
76
78
123
171
114
45
62
109
106
92
121
138
143
137
132
173
170
146
174
204
177
149
143
102
77
66
52
87
50
-38
-62
-32
-18
-9
-38
-127
-166
-159
-139
-169
-192
-262
-328
-291
-271
-294
-337
-325
-313
-348
-365
-358
-327
-358
-406
-405
-369
-361
-375
-343
-301
-283
-258
-250
-286
-244
-148
-119
-125
-62
-33
-72
-77
-2
131
185
128
103
154
191
204
243
272
257
222
205
222
289
292
255
243
231
264
254
223
208
203
207
166
129
156
195
161
113
114
108
58
42
94
121
121
111
93
74
88
107
101
121
126
159
195
157
132
137
169
191
135
130
132
116
122
106
81
55
30
6
-20
-18
8
-24
-74
-93
-76
-103
-118
-117
-172
-204
-245
-188
-140
-208
-250
-272
-255
-271
-306
-316
-333
-365
-376
-334
-312
-323
-338
-372
-402
-403
-365
-301
-288
-306
-298
-250
-193
-193
-178
-138
-92
-32
1
-3
22
56
89
153
190
207
198
207
216
226
240
269
315
284
273
277
271
277
280
278
235
210
196
194
184
151
172
169
119
107
92
79
96
96
111
116
89
77
82
92
106
116
125
125
137
143
144
170
177
161
163
185
166
135
128
121
123
97
39
29
48
49
25
-18
-39
-36
-41
-47
-68
-104
-154
-167
-164
-180
-204
-206
-183
-209
-255
-267
-256
-248
-285
-319
-299
-310
-352
-358
-322
-311
-331
-336
-340
-300
-277
-306
-302
-293
-297
-268
-229
-218
-209
-186
-138
-105
-86
-46
12
24
25
69
97
129
151
185
223
210
203
252
292
293
276
284
295
272
270
277
266
269
271
239
218
212
216
216
173
169
159
111
78
105
119
69
66
86
79
63
49
76
121
114
104
111
132
137
137
158
150
158
166
150
151
141
108
83
86
85
73
64
25
-2
15
23
6
-42
-83
-93
-117
-143
-112
-123
-172
-183
-208
-218
-207
-246
-281
-274
-301
-307
-300
-306
-302
-320
-340
-337
-340
-319
-294
-311
-296
-300
-322
-294
-292
-266
-231
-233
-201
-199
-185
-132
-96
-72
-31
1
-1
18
38
72
122
143
161
185
200
215
216
228
238
243
264
255
241
266
267
232
231
223
254
271
227
219
211
161
142
172
148
128
143
123
94
94
93
106
123
107
98
96
109
111
129
135
137
166
156
154
137
129
150
143
135
123
134
142
102
69
91
91
40
-12
-33
-49
-81
-96
-113
-115
-140
-187
-212
-198
-188
-212
-231
-255
-271
-266
-265
-263
-258
-292
-326
-322
-329
-319
-308
-310
-280
-276
-282
-258
-237
-235
-259
-277
-260
-216
-172
-153
-147
-153
-160
-133
-104
-60
-21
-30
-4
35
63
94
112
123
136
156
150
170
223
236
226
234
241
251
268
240
241
269
257
236
244
242
206
194
167
169
168
134
154
161
137
126
127
129
121
96
90
87
104
128
120
117
89
73
99
122
146
145
130
129
138
111
90
97
106
116
85
66
58
28
5
-9
-16
-43
-99
-120
-106
-115
-133
-153
-171
-206
-234
-231
-220
-216
-260
-274
-272
-304
-321
-306
-283
-272
-273
-301
-300
-283
-273
-252
-257
-234
-209
-224
-210
-180
-165
-166
-160
-113
-66
-60
-52
-53
-34
-32
-31
21
69
83
81
92
103
106
106
136
163
152
142
164
183
168
167
184
214
213
193
228
230
179
149
152
160
161
157
156
127
92
106
122
128
106
106
112
106
113
91
101
114
120
153
160
142
131
130
122
106
101
114
126
136
110
65
59
55
47
61
57
26
14
-8
-28
-34
-55
-71
-93
-110
-139
-158
-171
-183
-180
-200
-214
-222
-229
-241
-249
-261
-266
-265
-259
-253
-261
-263
-256
-240
-217
-224
-231
-199
-172
-159
-164
-141
-118
-126
-104
-67
-58
-39
-4
7
26
42
37
62
90
82
102
123
122
131
135
144
143
141
142
141
141
121
116
114
101
105
96
80
68
51
57
80
75
67
85
82
64
82
75
48
51
57
92
123
120
120
139
142
115
117
144
156
159
150
124
118
130
121
132
124
93
96
88
58
28
14
43
62
9
-17
-13
-28
-43
-77
-93
-88
-95
-124
-137
-131
-138
-162
-184
-191
-204
-202
-214
-250
-247
-237
-243
-237
-249
-231
-199
-225
-223
-207
-202
-174
-159
-142
-113
-96
-79
-62
-59
-30
-27
-30
28
45
51
63
49
80
116
118
124
128
150
163
141
142
151
122
125
149
162
144
114
107
103
106
90
82
60
38
53
65
59
30
4
17
13
23
50
41
39
45
29
58
77
50
71
85
66
94
107
102
110
79
98
120
110
118
110
119
114
65
55
56
43
41
20
12
-6
-30
-54
-64
-71
-120
-128
-118
-156
-175
-166
-195
-205
-215
-243
-236
-230
-239
-228
-211
-201
-189
-183
-199
-218
-184
-142
-137
-129
-123
-112
-104
-94
-65
-29
-7
6
31
47
61
77
81
100
113
87
108
147
148
158
137
130
144
131
126
131
130
124
87
75
80
74
99
93
66
65
53
48
51
30
21
27
15
36
67
39
28
34
39
44
10
20
50
57
54
44
73
74
64
76
77
71
80
93
89
84
87
71
69
71
40
26
31
49
52
16
-6
-6
-20
-57
-100
-90
-85
-91
-91
-120
-140
-167
-197
-213
-219
-235
-215
-199
-207
-208
-221
-232
-226
-220
-203
-183
-157
-141
-145
-111
-93
-74
-48
-64
-22
12
19
52
47
40
68
83
100
111
99
95
101
126
133
114
123
142
126
105
88
72
78
92
83
88
74
69
88
61
38
38
26
28
66
69
47
47
43
42
46
28
38
69
59
59
64
66
69
55
53
73
82
84
78
71
89
90
71
77
89
83
71
47
48
81
71
40
8
-13
-17
-37
-33
-28
-67
-81
-79
-93
-111
-125
-138
-151
-153
-168
-171
-152
-156
-169
-194
-213
-194
-175
-186
-171
-139
-153
-182
-191
-152
-115
-99
-80
-65
-45
-33
-22
-11
-21
8
61
62
69
86
88
98
79
52
79
91
78
72
68
95
89
59
68
68
64
64
58
63
76
54
25
58
25
-26
21
18
21
44
26
23
17
3
31
51
35
46
73
76
68
81
80
87
98
106
112
110
106
93
116
115
86
108
124
110
78
68
66
60
53
30
31
20
-9
-24
-24
-28
-25
-38
-76
-80
-77
-89
-107
-133
-124
-113
-139
-150
-155
-161
-159
-182
-193
-177
-154
-146
-150
-148
-149
-132
-126
-153
-149
-111
-92
-56
-40
-61
-47
-42
-55
-37
12
20
7
24
49
66
74
63
47
73
54
41
81
91
89
88
56
42
70
74
70
77
59
49
84
70
16
17
37
46
58
50
42
59
45
35
43
47
52
37
46
57
54
49
86
131
97
84
95
85
97
94
101
127
110
100
101
57
10
26
42
19
27
10
-20
-16
-40
-58
-38
-58
-88
-71
-62
-76
-82
-107
-124
-118
-121
-105
-89
-121
-144
-126
-110
-117
-130
-126
-111
-99
-103
-107
-82
-67
-77
-68
-60
-53
-24
-33
-47
-20
-26
-36
-19
-27
-21
9
12
7
24
36
39
57
42
21
36
45
60
73
54
43
25
11
18
22
30
54
59
50
43
47
59
23
18
50
63
78
83
58
37
39
38
42
48
45
43
59
70
66
64
60
67
74
75
75
69
79
70
67
70
38
31
31
27
27
11
0
0
-10
-30
-36
-43
-50
-29
-41
-69
-70
-77
-78
-72
-85
-99
-79
-70
-90
-96
-92
-82
-82
-94
-104
-96
-66
-70
-75
-55
-71
-95
-73
-52
-60
-63
-53
-50
-49
-24
-20
-43
-36
-6
25
35
30
15
17
33
37
43
45
40
37
38
36
41
43
15
18
49
58
56
42
48
53
65
57
29
32
42
47
36
57
76
55
33
26
32
60
44
17
56
77
74
76
59
40
44
57
65
67
62
58
59
38
14
19
4
-1
13
10
-1
-9
-27
-40
-33
-52
-57
-32
-49
-57
-55
-64
-54
-61
-86
-83
-72
-77
-67
-65
-70
-74
-80
-69
-71
-74
-56
-58
-67
-61
-68
-64
-51
-37
-36
-44
-51
-44
-23
-27
-33
-26
-25
-21
-21
-30
-22
-8
17
25
23
27
11
16
38
55
51
24
28
55
55
38
33
39
51
49
32
44
54
36
52
65
57
67
64
45
53
59
45
55
63
54
53
41
38
51
38
28
47
67
70
41
32
52
46
34
42
56
35
22
25
27
25
3
5
10
7
-11
-22
-16
-24
-36
-41
-55
-71
-55
-60
-79
-74
-75
-87
-77
-78
-90
-82
-80
-97
-90
-67
-76
-71
-67
-75
-69
-57
-63
-54
-40
-66
-54
-34
-34
-30
-34
-48
-32
-20
-33
-16
-24
-24
-12
-23
-27
-2
14
4
2
6
29
43
46
41
45
78
74
51
49
44
40
39
43
71
85
57
62
75
66
68
76
105
105
79
58
52
46
34
46
53
52
61
57
35
24
42
43
40
36
24
26
28
13
-11
-5
2
-7
-21
-34
-28
-3
-9
-32
-26
-33
-41
-46
-60
-50
-52
-51
-46
-41
-36
-66
-63
-52
-58
-45
-40
-40
-44
-25
-23
-43
-45
-50
-35
-22
-26
-26
-35
-44
-51
-54
-28
-6
-21
-38
-51
-45
-28
-31
-42
-35
-29
-39
-15
5
-9
-24
-20
-18
-3
7
0
29
48
24
20
31
35
29
27
58
88
71
46
54
58
49
52
50
58
65
48
58
74
63
37
23
30
40
49
46
43
36
24
12
7
15
27
20
9
13
27
17
-2
7
5
5
10
9
18
11
-15
-26
-12
-13
-24
-12
-7
-13
-25
-28
-26
-29
-38
-54
-51
-27
-32
-36
-42
-54
-22
-28
-48
-44
-42
-26
-25
-30
-41
-20
-20
-63
-45
-33
-35
-37
-67
-62
-29
-22
-34
-41
-39
-25
-24
-35
-36
-28
-3
-11
-14
-3
-1
10
-1
5
25
27
42
33
25
48
46
49
57
61
66
52
54
66
57
49
49
44
41
51
54
42
35
30
29
34
20
10
37
34
15
10
4
-2
13
21
12
7
2
9
6
7
22
21
18
11
9
15
15
8
-15
-10
4
-4
-8
-20
-31
-19
-23
-34
-18
-14
-16
-26
-43
-53
-50
-32
-29
-32
-39
-45
-40
-59
-46
-35
-47
-35
-47
-54
-42
-29
-37
-36
-41
-47
-26
-30
-33
-28
-28
-37
-32
-13
-15
-28
-33
-14
2
5
10
16
20
22
26
17
10
31
47
41
59
61
48
57
41
45
74
71
56
60
56
47
37
24
33
55
57
28
25
50
36
9
-2
1
6
-2
-11
5
14
-5
-26
-36
-19
2
-10
-15
1
0
19
14
-13
24
38
23
27
26
21
9
5
16
15
-3
2
3
-9
-17
-14
-9
-36
-66
-63
-51
-47
-33
-33
-46
-56
-65
-62
-60
-60
-47
-59
-64
-36
-35
-46
-47
-50
-33
-20
-30
-36
-40
-35
-27
-19
-28
-16
21
2
-12
11
20
16
7
-6
3
21
30
23
24
31
38
39
33
41
50
57
80
85
71
73
67
58
58
50
33
47
58
43
31
29
29
22
3
-22
-3
24
10
21
20
4
1
-17
-26
-23
-13
-14
1
17
5
-5
-8
0
20
13
-1
22
24
5
16
-8
-28
-8
-21
-25
-20
-20
-10
-24
-38
-40
-40
-49
-51
-40
-33
-47
-51
-35
-47
-55
-54
-40
-28
-32
-34
-42
-40
-30
-40
-39
-29
-31
-23
-27
-20
0
-2
2
13
3
9
4
-7
10
19
14
16
9
23
39
10
17
36
37
41
27
43
50
38
45
55
68
44
14
29
38
24
20
25
31
27
9
6
11
-1
-7
-14
-8
1
-1
8
21
22
3
-15
-14
-11
-10
-4
0
8
29
40
15
0
6
4
12
8
4
21
26
30
22
3
10
24
8
-10
-15
-7
19
14
-7
-12
-23
-24
-20
-33
-43
-30
-37
-48
-51
-57
-48
-50
-53
-54
-45
-43
-61
-49
-37
-35
-30
-26
-9
-2
-12
