-2
-2
-2
-4
-1
9
6
3
5
1
-2
3
0
-1
0
3
11
-3
-13
0
3
-4
-5
-2
1
-1
-9
-6
6
14
6
-4
-2
8
8
-1
-3
0
5
2
5
5
-1
-3
-6
-3
-7
-8
-4
-3
3
1
-4
-4
-2
-1
-7
-8
0
1
-1
2
4
4
1
3
1
4
5
1
2
3
3
5
7
11
2
-23
-17
1
5
-2
-8
19
15
-31
-13
26
23
-7
-29
1
23
-4
-14
5
19
14
-4
0
18
9
3
-3
-6
14
-9
6
-28
-158
-96
54
79
-62
-160
36
148
16
-46
-12
74
80
5
73
109
39
18
32
24
17
13
47
11
-127
-88
-44
-99
-53
-23
-23
9
-19
-17
-31
-123
32
138
-22
-27
51
69
46
1
30
115
90
-73
-170
-77
55
23
-106
-103
14
48
-16
-80
-40
-78
-80
20
56
91
53
128
148
78
59
-39
-12
68
63
32
4
121
138
-40
-39
-27
-82
-127
-136
-39
-34
-19
-64
-35
124
25
-58
-14
-40
-51
-91
3
141
-27
-19
22
18
88
-123
-129
112
8
-255
-251
-112
128
89
-212
39
154
-5
-52
-118
163
215
-11
35
111
246
175
-149
84
223
192
114
-135
225
333
-101
-42
96
-31
74
-217
-269
-155
-659
-746
-564
-457
-299
-200
56
390
322
269
24
-31
584
175
-33
695
816
687
-172
-456
515
151
-621
-280
-156
198
344
-186
216
174
-307
-106
-352
-364
-45
-315
-39
128
-35
197
32
97
210
-233
23
148
-285
58
2
-118
189
-96
-117
35
-182
-88
36
-24
-9
41
130
236
-20
-256
-114
-209
-160
-33
-226
-64
162
100
244
162
51
111
30
170
208
71
152
107
144
176
-13
57
67
-7
54
101
33
-102
-174
-144
-225
-327
-320
-258
-75
-106
-318
-80
107
-132
-85
-62
-49
203
13
-65
297
189
114
132
11
154
133
3
116
148
148
83
32
106
-44
-128
-87
-176
-43
60
-96
-53
38
52
-116
-131
-33
-91
-22
-123
-107
126
-97
-23
109
-203
99
177
-91
32
-55
-18
110
20
-57
-39
216
67
-161
70
-46
35
167
-90
101
135
-2
60
88
76
-8
-43
2
76
109
66
30
42
35
-63
-180
-34
95
-36
-98
-135
-10
105
-118
-217
-43
41
-98
-91
74
25
-49
51
-47
32
46
-94
11
-62
-54
-121
2
174
69
106
-115
-111
74
-37
41
127
40
37
90
-13
-33
9
-121
-125
-20
23
73
13
-13
78
41
-2
-25
1
72
47
-17
25
39
5
-76
-54
80
24
43
-13
-47
16
0
-18
-68
-3
-15
-48
-6
12
7
-39
-23
-9
20
78
34
-23
70
64
-26
-30
-12
15
-36
-34
19
44
13
-48
-27
3
-12
-33
-71
-60
-45
-60
-59
-103
-92
-113
-113
-55
-82
-53
-1
9
-24
-27
29
24
-5
-43
-6
62
41
-3
27
86
90
58
33
68
115
97
60
77
64
72
59
23
19
38
71
101
118
140
127
27
15
70
88
11
-43
-3
19
-20
-60
-40
-8
4
-47
-56
-4
-18
-38
-40
-65
-60
-33
-76
-119
-132
-160
-135
-119
-119
-55
22
15
-43
-63
-62
-104
-157
-116
-55
-61
-122
-119
-86
-128
-256
-341
-279
-232
-289
-356
-354
-281
-231
-255
-210
-134
-125
-110
-38
9
86
150
127
184
291
357
402
409
406
460
507
535
582
600
624
631
595
580
525
497
509
444
402
384
339
284
205
176
176
177
188
159
151
187
142
112
136
99
127
164
164
189
150
120
113
72
54
-38
-90
-112
-211
-267
-377
-434
-368
-408
-501
-542
-517
-433
-401
-393
-305
-386
-767
-1116
-1240
-1144
-1148
-1346
-1449
-1362
-1279
-1384
-1354
-1180
-1143
-1193
-1190
-1002
-645
-416
-328
-76
107
150
348
545
749
978
1061
1107
1273
1451
1499
1405
1248
1117
960
757
562
409
314
212
-37
-163
-139
-211
-320
-439
-415
-250
-136
-63
89
325
527
590
694
998
1176
1182
1192
1283
1472
1500
1423
1450
1507
1432
1241
1116
1021
851
613
309
96
16
-120
-312
-438
-512
-535
-604
-714
-733
-658
-608
-680
-664
-451
-294
-316
-352
-257
-97
-158
-242
-171
-47
-13
-129
-152
29
105
-576
-1787
-2347
-2254
-2096
-2300
-2845
-2819
-2530
-2667
-2901
-2789
-2373
-2282
-2662
-2482
-1567
-685
-262
-183
275
813
886
1146
1677
2209
2506
2359
2442
2822
2977
2811
2461
2135
1723
1183
763
492
364
157
-253
-612
-697
-770
-999
-1258
-1499
-1455
-1191
-954
-682
-238
142
364
536
782
1257
1613
1713
1805
2031
2314
2312
2149
2125
2094
1927
1587
1357
1416
1267
816
363
91
2
-194
-457
-527
-390
-403
-611
-662
-509
-374
-342
-376
-249
105
270
266
389
533
541
428
220
185
191
35
-254
-355
-269
-240
-403
-490
-789
-2276
-3866
-4261
-3772
-3266
-3763
-4465
-3961
-3465
-3573
-3683
-3301
-2611
-2697
-2999
-2096
-472
692
869
853
1524
1881
1987
2502
3096
3599
3550
3184
3392
3605
3451
2991
2297
1681
996
334
-106
-400
-626
-967
-1420
-1614
-1687
-1746
-1855
-2038
-2001
-1760
-1396
-866
-299
118
447
755
1042
1474
1983
2262
2438
2613
2720
2817
2761
2615
2441
2175
1905
1578
1317
1171
905
535
122
-241
-413
-582
-696
-674
-696
-654
-586
-543
-437
-340
-94
130
240
360
521
796
1020
1028
965
945
780
472
276
100
-142
-299
-507
-658
-783
-968
-1009
-1893
-3945
-5166
-5002
-4232
-3880
-4491
-4615
-4008
-4012
-4340
-4052
-3016
-2384
-2819
-2632
-1057
702
1525
1431
1625
2298
2312
2532
3474
4266
4536
4017
3622
3911
3838
3222
2611
2030
1290
341
-379
-594
-782
-1266
-1754
-2066
-2157
-2324
-2424
-2255
-2118
-2069
-2003
-1564
-794
-138
326
733
1064
1347
1799
2338
2749
2935
2939
3025
3160
3086
2855
2588
2223
1795
1441
1239
1173
947
416
-130
-454
-572
-650
-719
-687
-616
-574
-623
-553
-330
-161
-126
-72
155
451
697
773
812
895
762
586
511
419
347
114
-133
-156
-236
-488
-804
-1078
-1180
-1290
-2138
-3832
-4833
-4647
-4008
-3584
-3856
-4133
-4027
-4186
-4204
-3532
-2698
-2566
-3039
-2631
-999
500
930
852
1242
1912
1965
2150
3144
3992
4126
3725
3606
3950
3765
3027
2637
2484
1828
738
19
92
266
-232
-1046
-1553
-1744
-1972
-2146
-2041
-1913
-1992
-1993
-1549
-875
-403
-321
-227
202
655
1156
1693
2058
2337
2472
2577
2802
2897
2735
2498
2406
2330
2172
2019
1828
1567
1092
531
151
-28
-118
-188
-229
-323
-486
-613
-631
-542
-522
-637
-694
-550
-291
-11
264
414
404
324
208
125
84
0
-14
-80
-173
-228
-456
-701
-840
-907
-897
-1123
-2001
-3297
-4012
-3946
-3522
-3170
-3319
-3643
-3880
-3860
-3477
-2952
-2774
-3031
-3110
-2432
-1232
-268
276
526
741
1041
1192
1692
2503
2959
3225
3327
3408
3566
3518
3369
3275
2946
2255
1634
1330
1308
1301
997
432
-188
-648
-983
-1137
-1237
-1476
-1611
-1593
-1388
-1155
-1102
-1169
-1246
-1136
-804
-267
312
753
1093
1356
1620
1880
2022
2098
2201
2362
2525
2655
2693
2617
2309
1788
1314
936
717
674
675
512
211
29
-199
-439
-585
-943
-1158
-1180
-1153
-862
-642
-572
-595
-692
-727
-804
-806
-743
-716
-550
-422
-345
-193
-295
-641
-985
-1271
-1255
-982
-820
-800
-1117
-1665
-2057
-2243
-2156
-1993
-2039
-2081
-1990
-1808
-1445
-1226
-1348
-1595
-1862
-1842
-1433
-887
-297
105
284
345
313
421
650
876
1133
1375
1621
1949
2205
2291
2275
1977
1541
1272
1111
1122
1244
1316
1332
1162
871
574
323
140
19
-13
14
100
198
320
391
336
167
39
24
68
250
425
437
382
332
300
302
280
226
172
108
91
182
281
290
152
-46
-57
21
80
162
201
236
228
156
123
68
12
0
18
113
158
139
125
1
-75
-144
-297
-320
-283
-238
-173
-182
-229
-313
-433
-493
-527
-523
-446
-400
-351
-297
-337
-393
-410
-460
-532
-519
-426
-331
-289
-296
-312
-349
-422
-494
-505
-546
-592
-537
-501
-488
-504
-575
-672
-748
-774
-775
-732
-660
-553
-444
-369
-377
-436
-463
-464
-391
-245
-82
79
162
122
59
36
16
62
132
187
261
315
403
473
499
509
439
400
501
566
654
835
890
896
882
867
924
938
921
963
1020
1067
1129
1159
1151
1082
921
807
790
770
765
740
712
654
532
430
352
283
223
140
93
65
23
33
6
-83
-182
-274
-319
-347
-366
-337
-353
-400
-441
-512
-493
-498
-591
-625
-611
-622
-686
-733
-703
-674
-710
-729
-711
-666
-601
-566
-534
-484
-490
-540
-575
-577
-503
-441
-406
-382
-404
-447
-457
-510
-614
-639
-630
-627
-637
-633
-625
-651
-676
-687
-620
-543
-548
-562
-487
-400
-349
-254
-153
-109
-51
-20
54
180
232
287
352
406
456
525
572
650
739
799
860
835
845
911
884
838
874
959
1015
1047
1069
1092
1045
949
912
850
797
818
812
822
840
821
794
708
592
496
437
375
330
355
375
309
211
131
84
46
-40
-136
-196
-201
-214
-205
-229
-299
-349
-658
-901
-673
-332
-226
-609
-1085
-874
-234
43
-364
-952
-934
-374
22
-146
-573
-663
-396
-152
-101
-219
-300
-197
-54
-18
-51
-149
-226
-285
-380
-426
-417
-423
-499
-594
-626
-657
-844
-1084
-1186
-1150
-1157
-1341
-1455
-1275
-968
-949
-1111
-1121
-1039
-988
-1005
-856
-442
-113
-60
5
283
653
880
936
1037
1222
1324
1363
1571
1913
2071
1896
1616
1440
1331
1273
1255
1274
1239
963
727
674
607
526
349
196
66
-143
-112
50
131
67
-201
-244
-60
23
77
148
90
-55
-181
-235
13
197
91
8
-68
87
291
405
253
-163
-111
135
296
378
47
-17
253
236
81
-57
62
407
615
336
-17
-77
-27
102
33
-224
-235
-81
-82
-224
-411
-302
-169
-356
-449
-536
-429
-194
-229
-258
-353
-375
-440
-731
-980
-1273
-1650
-2067
-2222
-1914
-1639
-1754
-2140
-2325
-2266
-2379
-2483
-2429
-2074
-1686
-1595
-1419
-949
-380
-109
-72
147
590
1090
1581
2059
2533
2789
2799
2833
2922
2999
2929
2858
2879
2722
2371
1999
1772
1616
1284
817
431
203
-58
-510
-865
-976
-1068
-1264
-1454
-1488
-1390
-1197
-1122
-1091
-986
-959
-916
-745
-443
-66
251
525
764
882
1034
1259
1462
1585
1568
1493
1516
1537
1399
1176
1038
1016
927
692
528
485
396
132
-191
-289
-256
-286
-355
-407
-466
-569
-741
-862
-806
-655
-575
-518
-361
-195
-139
-234
-358
-347
-263
-140
-190
-254
-196
-197
-92
-212
-468
-547
-804
-1142
-1948
-3044
-3292
-2730
-2041
-2127
-2935
-3405
-3342
-3185
-3304
-3291
-2662
-2036
-1894
-1855
-1224
-235
291
241
283
961
1802
2418
3055
3641
3869
3640
3311
3508
3883
3870
3695
3495
3173
2543
1802
1520
1506
1240
560
-39
-212
-520
-1091
-1613
-1839
-1718
-1785
-2054
-1974
-1588
-1251
-1259
-1416
-1326
-1070
-777
-256
494
1064
1269
1297
1425
1754
2045
2243
2508
2700
2634
2412
2228
2057
1712
1236
881
858
907
644
273
-32
-345
-756
-1141
-1232
-1032
-932
-1124
-1241
-1176
-1155
-1218
-1264
-1081
-784
-688
-519
-243
8
143
-11
-40
53
59
53
12
126
178
30
-163
-584
-1071
-1619
-2259
-2814
-3291
-3420
-3099
-2877
-3157
-3669
-3904
-3793
-3717
-3690
-3380
-2637
-1982
-1819
-1530
-728
105
482
621
1155
2009
2717
3160
3645
4182
4288
4040
3916
4118
4278
4006
3621
3382
3002
2360
1736
1467
1299
834
178
-318
-577
-1000
-1547
-1770
-1828
-1995
-2237
-2276
-1973
-1702
-1694
-1696
-1471
-1111
-679
-185
356
794
1082
1332
1683
2092
2340
2517
2734
2893
2842
2646
2505
2364
2041
1626
1426
1440
1300
869
368
-49
-341
-637
-985
-1088
-1038
-1190
-1468
-1502
-1390
-1331
-1346
-1373
-1172
-863
-741
-686
-481
-206
-46
-93
-172
-145
8
75
38
-7
-214
-665
-1154
-1576
-2122
-2758
-3103
-2895
-2469
-2598
-3373
-3954
-3911
-3715
-3844
-3846
-3186
-2327
-2060
-2198
-1863
-905
-213
-102
185
1049
1994
2474
2743
3267
3766
3765
3557
3742
4248
4334
3958
3696
3468
2987
2394
2041
2079
1927
1240
449
-75
-422
-912
-1327
-1472
-1576
-1872
-2206
-2200
-2024
-2008
-2118
-2028
-1572
-1074
-699
-284
135
360
491
843
1455
2035
2400
2678
2868
2847
2710
2679
2790
2760
2521
2317
2239
2163
1793
1192
760
531
161
-310
-597
-621
-642
-1013
-1477
-1641
-1608
-1575
-1606
-1523
-1316
-1320
-1373
-1301
-986
-596
-578
-708
-647
-416
-175
-320
-812
-1164
-1160
-1364
-2215
-3088
-3005
-1997
-1585
-2540
-3739
-3876
-3268
-3181
-3568
-3248
-2304
-1938
-2527
-2768
-1711
-511
-259
-384
144
1204
1770
1877
2359
3113
3288
2896
3050
3876
4309
3901
3402
3350
3135
2438
2134
2572
2861
2125
807
135
139
-30
-501
-800
-811
-1050
-1643
-2041
-1994
-1753
-1732
-1784
-1610
-1224
-809
-505
-300
-212
-53
431
1015
1462
1819
2137
2361
2302
2137
2284
2655
2796
2601
2375
2368
2416
2137
1681
1469
1349
981
494
180
55
-116
-580
-1032
-1048
-963
-1084
-1303
-1484
-1496
-1493
-1586
-1554
-1277
-1014
-1017
-1184
-1184
-1055
-1000
-1169
-1686
-2108
-2342
-2823
-3176
-2934
-2445
-2364
-3177
-4243
-4414
-3745
-3152
-3015
-2867
-2577
-2495
-2577
-2236
-1168
-184
178
305
820
1682
2204
2513
2987
3365
3480
3486
3861
4551
4656
4053
3387
3040
2799
2500
2397
2444
2144
1213
92
-379
-289
-328
-677
-1187
-1607
-1876
-1954
-1872
-1853
-1844
-1838
-1687
-1225
-861
-557
-231
-49
141
484
1054
1716
2083
2085
2099
2324
2600
2717
2721
2688
2526
2295
2146
2165
2183
1989
1572
1112
819
531
297
187
-55
-336
-641
-855
-828
-782
-892
-1116
-1247
-1257
-1324
-1229
-1112
-1048
-891
-922
-931
-1094
-1478
-1726
-1875
-2202
-3011
-3671
-3401
-2768
-2616
-3510
-4517
-4488
-4008
-3752
-3713
-3354
-2753
-2650
-2875
-2627
-1544
-370
-39
53
729
1613
2114
2409
2946
3607
3809
3776
4017
4486
4634
4214
3821
3603
3279
2861
2642
2679
2240
1279
396
-106
-257
-558
-923
-1227
-1670
-2180
-2549
-2371
-2030
-2079
-2227
-2210
-1842
-1365
-974
-538
-318
-215
68
621
1291
1722
1973
2217
2389
2464
2564
2822
2968
2841
2555
2372
2516
2569
2216
1825
1497
1204
900
562
522
371
60
-506
-897
-719
-669
-768
-1035
-1299
-1162
-1174
-1205
-1247
-1091
-768
-971
-972
-1187
-1504
-1826
-2162
-2094
-2623
-3376
-3399
-2847
-2207
-3182
-4615
-4617
-3757
-3069
-3422
-3502
-2666
-2314
-2830
-2926
-1716
-151
133
-138
309
1400
2157
2188
2558
3325
3690
3669
3705
4196
4368
3871
3603
3455
3327
2994
2660
2623
2071
1148
375
105
195
-226
-832
-1222
-1549
-1892
-2170
-2013
-1794
-1891
-2117
-2193
-1888
-1433
-1012
-653
-511
-377
-61
493
1120
1442
1639
1871
2097
2293
2346
2595
2843
2715
2403
2252
2446
2454
2144
1791
1571
1559
1267
865
673
423
199
-260
-386
-345
-496
-538
-747
-908
-1090
-1226
-1054
-934
-826
-816
-1030
-1011
-1175
-1463
-1824
-2174
-2718
-3477
-3527
-2892
-2307
-2744
-4161
-5010
-4614
-3661
-3057
-3134
-3198
-3098
-3105
-2966
-2217
-979
-128
-92
-61
530
1408
2140
2561
2892
3214
3500
3836
4185
4249
3933
3648
3553
3351
3131
2927
2780
2325
1501
908
711
728
239
-688
-1196
-1229
-1221
-1437
-1772
-1985
-2105
-2166
-2106
-1903
-1606
-1364
-1219
-1010
-734
-431
-3
435
722
983
1326
1712
1951
1994
2079
2357
2566
2519
2331
2292
2408
2307
2115
1990
1905
1727
1316
931
753
664
510
202
-62
-339
-418
-355
-312
-437
-845
-997
-903
-761
-707
-727
-703
-680
-799
-1202
-1967
-2414
-2216
-2197
-2850
-3458
-3444
-2965
-3197
-4450
-4994
-4211
-3213
-3371
-4192
-4045
-3126
-2748
-2865
-2329
-1042
-401
-575
-325
848
1774
1948
2310
3137
3771
3701
3636
4226
4624
4114
3677
3997
4297
3704
2670
2454
2709
2259
1226
629
719
431
-569
-1304
-1204
-1056
-1542
-2148
-2319
-2183
-2213
-2355
-2114
-1804
-1627
-1492
-1346
-909
-501
-190
293
763
1094
1316
1611
1974
2174
2284
2507
2654
2651
2564
2546
2669
2566
2279
2109
1993
1741
1379
1114
908
715
349
-73
-148
-283
-220
-370
-772
-938
-1059
-977
-1020
-954
-773
-896
-944
-1079
-939
-765
-1671
-2435
-2783
-2799
-2538
-2721
-2908
-3085
-3856
-4638
-4560
-3668
-3089
-3614
-4185
-3947
-3283
-2853
-2671
-1999
-1053
-803
-881
-248
1013
1712
1903
2140
2809
3667
3788
3798
4176
4324
4175
3952
3998
4109
3689
3106
2729
2536
2193
1651
1228
798
121
-563
-870
-920
-1117
-1632
-2116
-2275
-2323
-2335
-2179
-2044
-1975
-1913
-1876
-1488
-1008
-652
-221
96
464
866
1181
1530
1854
2134
2378
2512
2587
2644
2691
2784
2758
2642
2620
2434
2115
1825
1577
1386
1209
879
563
258
-76
-264
-453
-399
-521
-876
-1034
-1192
-1022
-877
-1123
-989
-950
-1031
-1204
-1659
-1808
-1967
-2862
-3953
-3581
-2038
-1518
-3350
-5701
-5590
-3504
-2478
-3474
-4500
-3872
-3225
-3790
-3875
-2260
-510
-705
-1978
-1507
713
1794
1457
1459
2424
3448
3488
3461
4202
4566
4176
3820
4090
4381
3998
3379
3176
3027
2441
1970
1734
1406
591
-395
-593
-406
-682
-1243
-1748
-2059
-2308
-2529
-2354
-1953
-1935
-2037
-1974
-1825
-1561
-1235
-617
13
158
215
582
1196
1604
1715
2059
2637
2729
2382
2257
2658
3123
3029
2700
2654
2571
2242
1767
1545
1712
1552
993
455
296
120
-70
-320
-482
-347
-662
-1046
-1207
-1288
-896
-905
-1185
-1167
-1374
-1562
-1945
-2224
-2232
-2864
-3668
-3551
-2731
-2375
-3663
-5404
-5412
-3817
-2816
-3383
-4324
-4232
-3597
-3473
-3138
-1898
-777
-893
-1459
-967
747
1871
1879
1988
2618
3346
3661
3837
4386
4599
4267
4159
4292
4301
3936
3410
3145
2964
2506
2060
1760
1141
228
-446
-588
-548
-883
-1567
-2027
-2265
-2582
-2746
-2593
-2216
-2130
-2356
-2320
-2039
-1591
-1165
-730
-149
203
286
517
1026
1623
2089
2399
2608
2690
2591
2613
2950
3307
3376
3071
2751
2559
2354
2126
1953
1862
1600
1189
650
241
166
-78
-90
-180
-440
-757
-1192
-1256
-1026
-859
-1085
-1341
-1427
-1554
-1735
-2074
-2365
-3047
-4066
-3771
-2686
-2103
-3384
-5792
-6180
-4207
-2427
-2878
-4557
-4974
-4037
-3408
-3213
-2357
-1074
-707
-1547
-1659
139
1877
2207
1769
1947
3071
3918
3908
3961
4314
4325
4287
4350
4319
4131
3509
3035
2946
2731
2436
2009
1396
484
-437
-525
-232
-452
-1238
-2064
-2430
-2381
-2359
-2460
-2353
-2239
-2244
-2216
-2085
-1769
-1340
-904
-394
14
265
574
888
1267
1724
2176
2638
2751
2456
2368
2773
3280
3414
3079
2732
2654
2485
2182
2036
2086
1963
1371
696
415
403
188
-110
-120
-199
-580
-1140
-1311
-861
-704
-993
-1488
-1536
-1242
-1518
-2228
-2726
-3064
-3526
-3490
-2842
-2626
-3682
-5310
-5546
-3974
-3006
-3708
-4739
-4479
-3556
-3549
-3716
-2750
-1344
-1067
-1692
-1330
334
1439
1315
1407
2386
3436
3644
3404
3855
4471
4420
4200
4460
4598
4115
3407
3173
3303
3020
2417
2061
1611
762
-154
-485
-260
-604
-1396
-2031
-2177
-2097
-2465
-2811
-2726
-2440
-2242
-2203
-2095
-1926
-1656
-1197
-565
62
393
463
607
1021
1643
2274
2729
2771
2556
2557
2905
3332
3459
3276
3017
2855
2686
2422
2272
2203
1926
1472
952
727
476
134
36
-79
-190
-543
-955
-988
-1001
-975
-1174
-1453
-1266
-1378
-1688
-2273
-2865
-3447
-4015
-3421
-2498
-2508
-3982
-5910
-5855
-4093
-2839
-3419
-4728
-4760
-4071
-3738
-3514
-2548
-1331
-1140
-1783
-1482
178
1470
1625
1554
2338
3487
3776
3562
3763
4294
4557
4597
4711
4571
4117
3393
3148
3363
3193
2789
2146
1443
603
-238
-390
-264
-552
-1475
-2239
-2300
-2353
-2651
-2968
-2890
-2516
-2376
-2434
-2490
-2224
-1755
-1281
-573
-57
161
348
573
1062
1766
2405
2819
2836
2572
2614
3161
3646
3725
3465
3200
3068
2838
2589
2526
2525
2174
1566
1059
845
677
333
179
79
-194
-485
-940
-1198
-1030
-977
-1047
-1262
-1529
-1614
-2103
-2653
-3484
-4180
-3430
-2361
-2278
-3788
-5862
-5958
-4235
-2917
-3239
-4456
-4783
-4296
-3953
-3626
-2634
-1533
-1373
-1862
-1621
-138
1106
1331
1429
2094
3082
3529
3439
3631
4039
4281
4598
4840
4578
3982
3348
3237
3403
3257
2926
2417
1696
727
-67
-162
32
-360
-1222
-1961
-2536
-2665
-2502
-2512
-2584
-2907
-3094
-2766
-2495
-2313
-2120
-1636
-1014
-676
-387
14
546
860
1073
1727
2619
2837
2337
2220
2931
3723
3829
3460
3273
3296
3053
2734
2789
3087
2839
1886
1136
1090
1214
887
416
266
158
-232
-849
-1107
-789
-781
-1370
-1607
-1383
-1256
-1893
-3090
-4039
-4298
-3322
-2327
-2508
-4050
-5980
-6204
-4489
-2944
-3122
-4420
-4939
-4421
-3854
-3396
-2549
-1386
-1210
-1832
-1625
-110
1372
1627
1471
2155
3365
3789
3460
3550
4106
4528
4613
4708
4621
4092
3307
2980
3259
3369
2908
2078
1326
516
-212
-373
-167
-429
-1309
-2301
-2830
-2766
-2635
-2629
-2693
-2890
-2957
-2930
-2762
-2286
-1914
-1488
-989
-661
-273
69
450
932
1401
2071
2674
2669
2359
2404
3013
3722
3861
3580
3422
3208
2889
2737
2793
2969
2701
1960
1304
1150
1045
766
579
403
214
-228
-673
-886
-750
-730
-1084
-1202
-1160
-1395
-2023
-2812
-3674
-4144
-3491
-2370
-2347
-4108
-6263
-6313
-4334
-2841
-3399
-4809
-5047
-4454
-4020
-3659
-2618
-1342
-1316
-2023
-1744
-82
1360
1546
1477
2271
3458
3796
3580
3736
4238
4623
4758
4846
4746
4129
3394
3195
3372
3353
2885
2193
1455
491
-287
-358
-129
-470
-1655
-2577
-2548
-2338
-2659
-3216
-3257
-2837
-2605
-2767
-2971
-2714
-2182
-1628
-1021
-497
-182
-62
113
628
1500
2301
2631
2522
2271
2409
3077
3704
3846
3628
3330
3049
2904
2821
2829
2862
2540
1910
1418
1256
1103
580
226
246
322
76
-626
-1170
-1077
-672
-702
-1075
-1304
-1437
-1842
-2667
-3910
-4244
-3119
-1882
-2226
-4517
-6372
-5768
-3804
-2825
-3691
-4756
-4544
-4093
-4123
-3737
-2415
-1186
-1348
-2204
-1649
151
1256
1253
1356
2387
3572
3652
3252
3557
4241
4606
4694
4760
4660
4060
3307
3212
3468
3425
2899
2134
1414
589
-33
-35
9
-454
-1460
-2415
-2505
-2254
-2478
-2955
-3196
-2951
-2629
-2721
-2940
-2822
-2311
-1687
-1149
-777
-496
-232
-3
377
1192
2153
2517
2198
1867
2186
3016
3579
3592
3437
3326
3117
2869
2851
3023
3016
2560
1890
1525
1476
1297
877
537
359
195
-142
-581
-647
-594
-841
-1043
-1321
-1313
-1348
-1922
-2783
-4123
-4358
-3068
-1920
-2378
-4883
-6621
-5551
-3481
-2751
-3953
-4925
-4395
-3880
-4029
-3492
-1936
-966
-1517
-2283
-1195
831
1475
1166
1484
2748
3696
3480
3300
3870
4372
4391
4481
4663
4569
3829
3035
3170
3487
3236
2586
1874
1214
449
-69
13
56
-567
-1660
-2505
-2482
-2112
-2281
-2750
-3118
-3068
-2627
-2520
-2622
-2528
-2184
-1657
-1241
-805
-325
-40
89
347
1089
2067
2376
1946
1711
2173
3041
3437
3292
3209
3098
2898
2715
2802
3133
3018
2372
1674
1483
1532
1433
1002
599
506
288
34
-349
-364
-436
-799
-937
-1051
-1012
-1282
-2066
-3124
-4286
-3989
-2462
-1796
-3151
-5765
-6574
-4880
-3111
-3245
-4595
-5068
-4444
-4088
-4126
-3292
-1793
-1358
-2084
-2254
-727
945
1202
929
1660
3066
3660
3472
3433
4079
4506
4507
4722
4818
4483
3704
3205
3457
3664
3306
2583
1834
1073
329
67
197
-17
-867
-1938
-2585
-2442
-2073
-2274
-2826
-3280
-3179
-2731
-2597
-2605
-2497
-2072
-1575
-1275
-909
-395
-39
122
436
1253
2182
2315
1863
1745
2433
3271
3466
3275
3135
3037
2872
2753
2927
3231
2980
2162
1498
1469
1697
1529
977
643
573
320
-59
-402
-415
-387
-579
-888
-1109
-1108
-1498
-2135
-3193
-4330
-3807
-2393
-1978
-3507
-6008
-6408
-4517
-2966
-3374
-4845
-5128
-4418
-4166
-4037
-3033
-1691
-1466
-2326
-2277
-472
1079
1202
1009
1711
3013
3572
3312
3456
4114
4455
4559
4733
4758
4345
3530
3260
3615
3643
3208
2533
1805
1038
412
255
399
109
-859
-1798
-2392
-2418
-2045
-2046
-2447
-3086
-3380
-2999
-2647
-2464
-2367
-2134
-1662
-1434
-1204
-594
6
227
303
850
1843
2157
1689
1624
2337
3176
3364
3027
2989
3141
2983
2757
2947
3295
3035
2126
1465
1582
1836
1675
1101
680
551
338
-63
-342
-210
-79
-443
-900
-1148
-1188
-1329
-1997
-3197
-4266
-3778
-2287
-1823
-3548
-5994
-6386
-4504
-2924
-3419
-4854
-5095
-4441
-4182
-4029
-3055
-1678
-1572
-2468
-2282
-474
1066
1186
890
1642
2952
3406
3226
3452
4081
4432
4443
4586
4713
4310
3565
3295
3605
3748
3320
2527
1820
1127
572
381
426
167
-753
-1730
-2402
-2458
-2022
-1901
-2351
-3136
-3379
-2987
-2698
-2499
-2374
-2070
-1620
-1584
-1338
-640
-10
252
246
779
1773
2031
1587
1541
2346
3295
3351
2897
2865
3062
2923
2696
2917
3325
3119
2175
1451
1560
1866
1698
1173
759
647
406
-110
-363
-206
-35
-258
-756
-1013
-1207
-1582
-1960
-2918
-3898
-3601
-2501
-2090
-3601
-5865
-6089
-4248
-2855
-3568
-5050
-5058
-4212
-4040
-4043
-3080
-1639
-1454
-2497
-2400
-515
1082
1093
794
1637
2980
3265
2941
3368
4198
4460
4229
4245
4555
4299
3432
3219
3667
3727
3089
2233
1720
1293
641
275
335
94
-781
-1786
-2314
-2117
-1799
-1943
-2429
-3052
-3170
-2816
-2581
-2358
-2261
-2021
-1633
-1564
-1279
-604
-21
260
289
727
1607
1903
1583
1560
2292
3156
3210
2761
2739
2989
2936
2734
2834
3219
3053
2166
1442
1505
1864
1764
1228
738
652
383
-69
-234
-141
-26
-332
-666
-785
-1193
-1705
-2265
-2962
-3405
-3258
-2578
-2480
-3935
-5696
-5670
-4005
-2852
-3754
-5197
-4987
-3971
-3679
-3732
-3037
-1766
-1552
-2327
-1976
-222
1118
1091
889
1846
3081
3163
2925
3418
4202
4437
4113
4135
4371
3983
3341
3250
3576
3536
2715
1933
1632
1142
461
116
81
-189
-1071
-2028
-2371
-2111
-1864
-2089
-2639
-3076
-2961
-2663
-2428
-2238
-2186
-1875
-1536
-1432
-1081
-481
139
424
455
904
1635
1838
1601
1713
2475
3179
3097
2743
2729
2930
2875
2672
2797
3042
2714
1973
1478
1595
1863
1609
963
580
603
396
80
-105
-104
-71
-302
-403
-622
-1324
-2055
-2874
-3273
-2854
-2243
-2215
-3570
-5419
-5613
-4110
-2847
-3288
-4777
-5157
-4343
-3831
-3684
-3179
-2157
-1620
-2219
-2201
-716
652
917
786
1422
2777
3250
2772
3012
3866
4352
4250
4024
4168
3991
3369
3192
3455
3620
3041
1975
1398
1122
654
348
228
-181
-973
-1861
-2394
-2174
-1868
-1953
-2392
-3090
-3110
-2701
-2427
-2157
-2118
-1904
-1455
-1357
-1125
-607
-37
459
526
820
1503
1700
1584
1630
2184
3031
3092
2686
2585
2695
2785
2664
2606
2816
2670
2008
1449
1387
1637
1576
1039
601
509
386
127
-129
-154
-73
-275
-455
-658
-1155
-1729
-2763
-3422
-2855
-1921
-1796
-3458
-5459
-5483
-3921
-2748
-3294
-4569
-4618
-4005
-3896
-3783
-2885
-1652
-1570
-2403
-2004
-292
804
701
612
1691
2961
2986
2585
3081
3938
4176
3963
4020
4269
3795
3016
2991
3392
3463
2752
1847
1414
933
360
201
157
-252
-1102
-1999
-2204
-2090
-2176
-2246
-2399
-2647
-2839
-2853
-2601
-2305
-2084
-1745
-1350
-1141
-1016
-766
-158
405
643
1042
1522
1695
1571
1582
2193
2936
3044
2683
2495
2644
2668
2496
2508
2715
2602
1979
1463
1391
1540
1425
965
661
598
451
75
-255
-269
-86
-195
-472
-715
-1075
-1667
-3098
-3937
-2748
-1111
-1158
-3816
-6209
-5385
-3015
-2029
-3262
-4618
-4254
-3698
-3942
-3610
-2123
-837
-1465
-2747
-1861
328
1124
547
502
1989
3197
2754
2332
3035
3828
3836
3617
3890
4139
3311
2339
2589
3216
3321
2501
1561
1172
587
50
151
283
-163
-1192
-2117
-2095
-1928
-2042
-2084
-2284
-2440
-2560
-2686
-2452
-2143
-1882
-1482
-1171
-1100
-1025
-688
-65
377
606
1102
1554
1563
1289
1339
2215
2939
2807
2505
2440
2577
2517
2225
2439
2794
2517
1722
1205
1374
1628
1337
794
636
522
296
-60
-238
-93
-85
-365
-532
-741
-1075
-1881
-3056
-2971
-1922
-1415
-2328
-4240
-4911
-3854
-2883
-2914
-3638
-3755
-3379
-3665
-3883
-3050
-1735
-1222
-1983
-2195
-853
248
304
347
1141
2310
2582
2130
2470
3222
3481
3359
3414
3851
3763
2864
2444
2753
2960
2748
2072
1607
1168
357
31
172
169
-327
-1214
-1826
-1828
-1870
-1988
-1930
-2088
-2201
-2319
-2386
-2128
-1927
-1680
-1337
-1252
-1004
-670
-394
6
192
498
1030
1298
1355
1324
1525
2010
2216
2313
2392
2352
2277
2060
2035
2306
2337
2033
1545
1317
1413
1410
1074
738
623
473
225
9
53
12
-105
-435
-554
-443
-529
-1132
-2750
-3523
-2368
-732
-814
-3464
-5446
-4523
-2418
-1752
-3178
-4109
-3568
-3387
-3735
-3134
-1582
-810
-2001
-2848
-1247
621
781
118
420
1953
2556
2029
2263
3098
3384
2911
2986
3845
3923
2803
2141
2510
2991
2812
1977
1681
1403
462
-108
75
329
-148
-1189
-1717
-1530
-1626
-1902
-1957
-1996
-1932
-2040
-2173
-2051
-1947
-1642
-1183
-1006
-886
-682
-359
13
110
379
1048
1386
1215
961
1229
2027
2281
2002
1943
2138
2203
1870
1718
2039
2231
1808
1193
1083
1328
1289
768
484
657
647
270
-207
-202
14
-52
-327
-453
-501
-302
-855
-2746
-3468
-2277
-440
-599
-3357
-5122
-4278
-2344
-1721
-2916
-3298
-3023
-3631
-3963
-2882
-1023
-533
-2165
-2747
-971
448
454
56
781
2029
1985
1682
2351
3171
3171
2563
2952
3888
3608
2491
2087
2464
2816
2535
1939
1857
1359
419
23
123
314
-188
-1078
-1267
-1340
-1660
-1787
-1820
-1723
-1713
-1998
-2041
-1989
-1902
-1460
-1066
-971
-970
-788
-348
-14
85
391
981
1306
1027
768
1241
1929
2018
1848
1868
2073
1989
1591
1578
1990
2114
1663
1136
1128
1331
1041
601
569
792
629
73
-261
-158
63
-95
-374
-393
-336
-108
-1281
-3178
-3324
-1722
28
-1108
-3901
-4957
-3815
-2175
-2141
-2847
-2630
-2903
-3979
-3957
-2217
-273
-674
-2528
-2222
-399
383
149
239
1505
2094
1421
1529
2699
3348
2670
2163
3045
3762
3094
2160
2141
2446
2457
1993
1848
1846
960
144
54
408
318
-438
-925
-985
-1248
-1566
-1638
-1504
-1321
-1523
-1790
-1791
-1770
-1467
-1069
-951
-889
-856
-594
-199
-99
68
504
914
948
709
808
1331
1598
1494
1523
1803
1892
1440
1215
1590
1895
1735
1264
1095
1260
1150
735
648
821
795
385
-42
54
144
-27
-286
-297
-267
-210
-230
-1573
-3129
-2942
-1194
32
-1572
-4127
-4607
-3006
-1561
-2059
-2947
-2784
-2844
-3343
-2961
-1576
-495
-1286
-2377
-1432
60
408
43
248
1421
1854
1548
1835
2485
2612
2113
2232
3164
3324
2349
1663
1857
2227
2181
1615
1430
1309
676
146
-81
48
-16
-503
-944
-1134
-1157
-1163
-1301
-1290
-1158
-1165
-1302
-1579
-1426
-792
-537
-679
-793
-510
-14
21
-34
305
841
1006
690
686
1099
1398
1327
1235
1423
1675
1480
1029
1138
1454
1409
1142
960
1063
1013
613
380
609
825
513
36
-28
159
64
-183
-349
-63
65
-39
-785
-2224
-2607
-1624
-293
-600
-2490
-3748
-3399
-2275
-1767
-1929
-2036
-2563
-3382
-3246
-1850
-581
-864
-1970
-1784
-634
-140
-73
200
914
1174
922
1290
2035
2232
1802
1696
2384
2784
2305
1664
1612
1762
1804
1724
1544
1306
655
230
176
186
157
-167
-463
-689
-961
-971
-865
-811
-807
-915
-1018
-1099
-1041
-657
-341
-346
-462
-466
-160
-17
61
444
714
730
529
513
845
1032
977
971
1171
1252
1034
792
870
1108
1091
884
799
855
666
399
379
594
730
386
-26
-68
149
218
-17
-164
-45
-41
-100
-432
-1195
-1820
-1797
-976
-587
-1336
-2281
-2668
-2253
-1789
-1839
-1811
-1844
-2153
-2434
-2178
-1351
-875
-1079
-1116
-808
-492
-384
-211
500
969
938
914
1035
1353
1464
1446
1822
2041
1747
1330
1202
1327
1459
1478
1358
1042
573
249
179
350
304
-63
-326
-501
-583
-589
-519
-416
-474
-620
-659
-642
-564
-422
-265
-129
-96
-46
-14
71
194
386
605
625
553
513
565
649
727
784
846
820
706
616
552
593
609
562
535
468
349
192
130
235
295
220
64
-46
7
80
120
77
18
32
62
78
-335
-1049
-1241
-763
-219
-471
-1460
-2058
-1817
-1231
-1042
-1257
-1455
-1757
-2047
-1857
-1211
-706
-882
-1337
-1196
-706
-417
-278
-103
186
350
401
556
777
853
766
928
1284
1312
1016
790
883
1154
1182
974
821
636
389
300
386
503
360
-50
-265
-256
-151
-155
-203
-80
-64
-193
-297
-268
-49
103
122
174
160
131
173
250
439
616
555
379
322
408
465
516
575
609
629
418
217
273
357
381
303
195
125
2
-100
-10
135
127
44
-101
-186
-137
-9
108
150
32
-107
-34
85
172
83
-241
-579
-612
-460
-480
-657
-912
-1041
-1102
-1179
-1148
-1104
-1220
-1395
-1368
-1158
-1024
-1050
-1045
-945
-838
-741
-578
-309
-129
-77
1
175
311
394
505
632
727
732
722
731
763
737
759
750
631
574
540
468
428
312
208
201
100
122
150
56
20
28
160
223
202
237
220
280
341
355
462
402
303
408
491
508
412
385
457
430
374
307
311
361
262
184
172
94
58
-1
91
203
18
-180
-210
-126
-52
-8
-9
-43
-120
-145
73
261
157
-24
-77
8
149
170
156
85
-215
-444
-366
-194
-255
-636
-926
-885
-795
-915
-1036
-1006
-1131
-1275
-1234
-1049
-836
-964
-1168
-1025
-807
-670
-547
-448
-319
-310
-305
-99
140
280
235
238
390
486
564
609
650
703
600
519
558
601
609
484
382
478
469
288
201
308
444
331
230
251
267
301
291
415
517
369
290
350
496
503
338
400
498
422
292
267
311
272
212
261
260
194
110
-5
37
45
45
46
-27
-37
-61
-112
-91
-6
67
37
-68
-66
-28
35
120
130
106
70
14
47
140
209
151
-18
-108
-187
-254
-247
-240
-345
-634
-871
-829
-759
-754
-886
-1114
-1106
-973
-946
-933
-987
-1004
-921
-827
-669
-541
-483
-554
-537
-330
-101
20
69
136
173
243
383
525
533
451
428
453
451
483
516
564
540
383
252
259
367
353
286
327
291
258
295
324
370
358
384
426
444
429
358
366
424
453
408
289
242
268
216
200
247
264
232
117
91
119
140
137
23
-5
41
72
75
9
-13
-21
4
88
121
91
71
78
112
159
147
109
55
36
66
42
5
13
-38
-91
-170
-287
-333
-291
-306
-465
-585
-665
-708
-699
-729
-747
-760
-883
-937
-833
-758
-691
-686
-700
-689
-693
-561
-395
-323
-339
-375
-210
-40
-2
50
96
205
266
246
292
316
327
355
403
492
458
296
257
360
433
401
331
317
316
285
281
379
445
340
257
301
390
425
364
315
322
325
330
317
262
246
224
244
267
230
176
151
172
166
197
232
155
63
74
142
178
136
52
17
87
110
71
58
124
131
17
49
114
84
58
-14
-41
-16
-77
-73
-54
-162
-220
-210
-206
-299
-394
-355
-346
-380
-483
-582
-545
-545
-564
-532
-541
-632
-719
-753
-666
-514
-505
-537
-536
-518
-515
-464
-345
-285
-271
-294
-239
-95
24
33
13
61
82
93
94
218
341
240
193
268
368
377
326
390
470
436
376
420
534
484
368
421
493
471
374
327
396
395
337
342
337
282
187
177
263
281
210
143
159
165
116
147
205
172
111
102
127
127
115
126
163
179
103
36
80
112
96
35
35
94
82
13
-35
-21
-46
-125
-169
-125
-154
-248
-296
-289
-270
-322
-392
-434
-435
-436
-421
-391
-432
-501
-506
-505
-465
-418
-433
-450
-486
-448
-382
-375
-357
-391
-400
-321
-282
-244
-240
-294
-262
-213
-156
-55
-13
-17
-29
3
70
147
188
213
257
271
336
367
373
398
368
382
445
475
496
481
473
466
398
392
386
362
338
303
272
211
178
155
141
160
112
59
64
52
65
64
55
88
83
22
51
84
61
98
88
100
140
106
123
152
128
113
117
135
110
100
116
80
44
20
-12
-45
-112
-119
-103
-148
-182
-209
-222
-238
-259
-265
-278
-309
-348
-353
-301
-275
-276
-339
-380
-342
-357
-338
-295
-305
-316
-349
-368
-320
-288
-269
-232
-248
-297
-309
-250
-180
-172
-156
-113
-83
-63
-53
42
131
110
113
131
172
252
293
317
334
310
342
352
325
349
338
335
323
273
248
259
237
192
162
124
76
40
52
38
11
23
-11
-64
-60
-37
7
37
28
71
117
104
83
99
140
200
205
178
207
188
152
201
252
234
180
124
114
114
86
69
57
46
11
-38
-53
-85
-119
-150
-146
-147
-192
-167
-169
-200
-168
-153
-203
-199
-187
-186
-161
-168
-148
-162
-172
-159
-178
-150
-149
-192
-185
-187
-185
-169
-179
-195
-204
-211
-175
-165
-184
-134
-107
-93
-80
-79
-48
-10
1
25
49
57
88
119
143
142
114
148
190
187
174
137
122
97
83
123
96
67
30
-35
-29
-31
-57
-57
-43
-73
-115
-98
-61
-31
-8
-48
-47
31
63
102
131
108
127
158
202
251
244
250
278
280
287
285
244
248
225
199
197
154
132
107
74
62
20
-48
-33
-48
-81
-83
-109
-110
-141
-160
-113
-104
-113
-117
-126
-99
-97
-100
-70
-55
-53
-60
-61
-57
-45
-43
-53
-57
-63
-71
-53
-55
-72
-73
-80
-75
-130
-146
-102
-94
-95
-117
-121
-87
-76
-84
-74
-49
-15
-13
-12
14
44
70
64
47
37
42
48
46
34
7
-15
-47
-80
-94
-77
-88
-129
-158
-170
-173
-188
-168
-137
-165
-180
-126
-104
-100
-64
-53
-10
32
40
92
142
152
176
233
288
286
272
274
258
236
239
265
262
217
182
172
162
153
159
129
61
57
88
56
28
29
-6
-4
-4
-55
-15
29
-9
-22
16
29
31
42
37
38
38
26
19
17
11
6
-26
-42
-51
-65
-76
-98
-108
-84
-77
-119
-101
-75
-89
-83
-90
-83
-49
-31
-31
-33
-33
-33
-31
-69
-73
-36
-31
-36
-58
-62
-84
-80
-90
-152
-131
-109
-132
-163
-191
-171
-175
-217
-204
-180
-173
-189
-211
-169
-141
-154
-130
-100
-83
-76
-52
1
26
40
63
84
114
126
149
196
171
136
176
190
156
148
148
163
171
133
131
163
153
127
114
130
153
131
106
134
157
152
127
124
129
130
146
127
131
163
151
121
122
131
121
83
62
76
45
42
84
53
5
-26
-47
-15
-2
-28
-34
-27
-37
-65
-74
-52
-38
-54
-77
-59
-45
-53
-61
-66
-62
-70
-93
-94
-86
-130
-149
-119
-120
-149
-195
-226
-210
-190
-188
-201
-225
-234
-260
-265
-218
-218
-231
-238
-253
-217
-176
-146
-127
-117
-124
-125
-97
-60
-18
-9
-10
37
74
62
52
70
85
93
104
124
131
116
122
138
157
148
120
125
118
80
89
118
128
127
120
114
118
127
146
163
169
167
162
194
227
229
224
207
199
217
215
210
197
174
189
184
149
158
128
93
111
90
52
19
-8
3
18
6
-3
-23
-37
-51
-71
-48
-65
-98
-72
-65
-88
-82
-69
-103
-134
-135
-120
-109
-135
-169
-201
-201
-191
-229
-237
-247
-277
-284
-289
-284
-277
-264
-262
-269
-268
-243
-200
-188
-182
-188
-161
-105
-84
-79
-60
-26
-13
5
32
52
31
24
47
53
57
55
61
63
52
58
55
75
101
74
77
90
86
119
130
119
111
100
108
131
158
164
163
179
189
183
184
198
224
216
192
215
224
200
182
179
202
171
141
140
138
147
120
97
101
84
47
41
49
55
63
24
-6
5
2
-10
-21
-47
-70
-49
-15
-31
-51
-66
-86
-86
-92
-105
-126
-144
-146
-143
-163
-178
-163
-198
-229
-244
-229
-189
-195
-204
-206
-201
-210
-210
-194
-190
-176
-160
-159
-159
-137
-134
-129
-102
-89
-55
-45
-71
-59
-35
-32
-39
-20
11
-6
-28
-37
-12
20
17
-12
-15
30
36
45
74
67
58
81
122
150
144
157
170
165
183
191
217
235
192
188
217
228
239
233
223
225
217
202
186
172
165
171
179
161
129
101
99
100
93
73
54
25
-14
-1
38
12
-39
-34
-29
-46
-55
-57
-43
-40
-60
-57
-55
-92
-124
-142
-137
-129
-142
-139
-152
-169
-179
-199
-167
-138
-166
-170
-161
-149
-135
-161
-171
-149
-148
-152
-148
-133
-98
-106
-123
-115
-93
-75
-88
-77
-74
-105
-81
-73
-84
-49
-51
-82
-76
-75
-75
-73
-47
-25
-45
-12
35
27
20
30
42
87
112
112
138
161
174
181
191
224
243
217
218
254
275
262
233
222
232
239
223
179
171
187
171
144
129
106
86
57
54
81
69
47
24
11
5
-11
-27
-6
-16
-48
-25
-36
-33
-30
-64
-82
-84
-88
-78
-65
-83
-97
-108
-92
-117
-149
-140
-134
-125
-125
-151
-146
-129
-150
-142
-113
-111
-130
-124
-104
-105
-113
-90
-91
-109
-72
-71
-70
-43
-58
-68
-88
-93
-54
-46
-65
-78
-82
-50
-44
-85
-95
-91
-92
-84
-77
-58
-40
-28
-27
-36
3
39
50
76
97
109
123
139
157
186
204
204
219
225
214
221
225
224
251
256
215
201
195
176
177
144
131
129
91
76
86
79
46
40
40
3
3
18
5
3
-2
-22
-23
-20
-18
-39
-79
-52
-34
-55
-47
-61
-98
-104
-102
-103
-98
-88
-89
-105
-121
-142
-118
-84
-107
-148
-149
-120
-118
-122
-106
-120
-122
-83
-84
-102
-100
-97
-83
-92
-110
-100
-70
-62
-117
-129
-92
-99
-118
-128
-113
-55
-52
-96
-87
-54
-59
-67
-27
1
3
15
29
46
62
55
81
124
122
138
169
174
182
186
194
218
220
222
237
229
219
216
220
216
189
156
163
193
174
132
121
89
59
71
72
66
35
2
-5
-15
-24
-39
-46
-37
-49
-81
-82
-61
-50
-48
-71
-75
-51
-46
-54
-65
-68
-69
-67
-52
-38
-57
-82
-85
-77
-77
-85
-86
-78
-78
-71
-65
-74
-71
-64
-60
-63
-96
-105
-67
-82
-100
-88
-93
-99
-100
-130
-146
-117
-109
-130
-163
-163
-136
-125
-123
-134
-150
-141
-107
-91
-71
-63
-70
-53
-27
9
39
50
58
87
106
111
135
158
190
211
206
217
244
254
269
252
236
281
292
261
227
193
194
204
174
151
146
124
98
58
39
50
31
-4
-13
-20
-30
-36
-56
-36
-10
-31
-51
-44
-39
-43
-54
-36
-11
-25
-43
-42
-50
-63
-53
-42
-43
-46
-61
-70
-64
-68
-59
-75
-91
-53
-54
-81
-66
-66
-68
-77
-112
-106
-79
-76
-100
-125
-111
-80
-91
-121
-104
-110
-143
-147
-143
-140
-165
-182
-157
-142
-150
-150
-136
-135
-151
-127
-60
-40
-63
-38
8
26
37
51
74
98
109
132
162
181
203
213
212
223
238
226
217
225
234
240
221
196
198
190
162
146
133
124
103
85
76
65
60
37
14
5
3
-6
-23
-10
-4
-30
-18
-18
-29
-45
-63
-40
-15
-21
-18
-6
-13
-34
-42
-27
-21
-29
-31
-20
-23
-37
-31
-13
-11
-31
-53
-45
-35
-44
-56
-56
-56
-82
-91
-84
-81
-98
-120
-127
-134
-136
-142
-143
-135
-147
-160
-152
-143
-151
-168
-156
-142
-144
-133
-129
-129
-98
-78
-73
-61
-54
-28
-6
1
37
72
89
96
103
125
145
169
168
161
184
215
211
193
195
207
214
191
177
170
152
140
125
114
113
85
49
45
43
33
19
6
-13
-13
-19
-31
-27
-31
-41
-51
-30
-15
-30
-21
-9
-10
-7
5
11
16
16
-5
2
24
23
35
53
31
14
31
31
5
-9
-5
-1
-11
-37
-67
-51
-32
-76
-97
-87
-96
-108
-109
-99
-98
-107
-130
-147
-134
-129
-131
-120
-139
-152
-140
-142
-132
-118
-112
-116
-130
-107
-76
-66
-44
-41
-53
-27
-5
-11
16
47
65
70
61
83
111
138
151
159
167
153
141
154
164
169
192
191
166
148
122
107
123
136
108
62
72
85
51
25
32
33
9
-20
-57
-37
-20
-38
-22
-19
-42
-38
-37
-44
-43
-39
-29
-9
-3
-12
-6
8
0
-17
9
18
8
31
44
45
31
-5
0
19
6
-2
2
0
-24
-55
-61
-64
-76
-67
-66
-69
-83
-105
-89
-90
-125
-129
-124
-137
-142
-135
-127
-123
-124
-134
-121
-112
-110
-96
-81
-72
-70
-66
-49
-39
-6
9
-6
17
20
40
69
75
86
89
90
98
114
126
131
142
146
148
155
153
171
175
142
128
138
135
126
117
96
84
77
62
57
63
53
38
8
-29
-13
10
-3
-18
-31
-29
-31
-46
-48
-39
-32
-40
-43
-31
-9
-7
-26
-37
-33
-21
-15
-7
12
13
3
4
-12
-37
-22
3
-16
-35
-26
-21
-22
-35
-48
-45
-58
-74
-75
-74
-90
-105
-98
-93
-89
-86
-100
-106
-99
-112
-119
-112
-114
-99
-82
-88
-88
-73
-56
-54
-52
-44
-30
-13
-15
-20
6
41
44
37
46
68
75
75
91
105
99
98
108
117
126
128
135
147
135
115
104
107
119
115
97
75
79
77
60
80
83
62
46
22
8
3
-7
-17
-15
1
8
-15
-33
-24
-13
-25
-40
-36
-24
-34
-53
-36
-13
4
5
3
13
11
7
-14
-13
14
19
20
12
-2
5
8
-15
-24
-17
-20
-19
-24
-30
-36
-55
-76
-84
-79
-78
-99
-118
-115
-112
-129
-150
-133
-111
-133
-140
-121
-119
-103
-85
-96
-84
-67
-48
-30
-33
-20
15
15
12
41
52
56
65
62
76
90
91
109
111
106
117
116
112
124
119
116
114
100
89
73
76
84
66
57
74
66
51
47
34
21
25
21
19
21
1
-10
3
-12
-24
-23
-32
-32
-28
-26
-23
-23
-24
-26
-34
-30
-6
2
-5
-9
4
14
7
18
28
32
21
5
11
11
8
14
2
-8
0
6
-19
-47
-46
-50
-42
-43
-79
-68
-52
-78
-99
-100
-94
-80
-89
-114
-105
-78
-74
-96
-82
-73
-68
-76
-81
-47
-32
-18
-19
-28
1
11
1
19
29
19
20
24
53
84
75
69
81
94
91
83
95
108
110
103
81
80
99
82
77
71
63
77
75
46
38
43
30
17
7
13
2
-7
-16
-18
-13
-36
-33
-42
-46
-35
-57
-52
-21
-26
-34
-23
-25
-22
-15
-2
7
-6
6
26
28
38
28
9
16
28
27
9
11
27
9
-7
7
16
22
-9
-42
-48
-46
-45
-53
-62
-64
-66
-72
-69
-74
-90
-86
-83
-98
-104
-104
-85
-61
-54
-48
-55
-49
-38
-22
-1
2
10
10
16
21
23
35
31
47
75
71
58
71
89
77
72
86
83
80
66
31
42
55
55
76
55
27
50
51
21
28
21
24
29
-10
-13
9
9
4
-3
-9
-6
-3
-20
-26
-13
-23
-31
-14
-16
-16
-7
-10
-8
-15
-20
-7
9
19
18
24
32
8
-12
19
35
23
24
11
23
41
5
-14
-6
-11
-10
-13
-24
-12
-21
-53
-49
-55
-58
-55
-83
-83
-65
-90
-115
-115
-107
-89
-72
-74
-84
-67
-62
-71
-59
-50
-52
-31
-19
-19
-1
14
30
43
51
74
71
75
84
76
108
122
102
97
78
71
88
78
68
71
71
66
42
34
45
38
18
19
26
24
9
-15
-10
5
-15
-32
-7
3
-7
-5
-17
-10
-2
-24
-38
-22
-1
-5
-4
-1
-3
-6
-15
-13
8
28
32
21
23
23
8
5
7
-5
9
10
-8
7
9
4
14
2
-14
6
10
-15
-29
-33
-39
-44
-50
-63
-57
-51
-70
-86
-95
-95
-84
-101
-113
-96
-78
-66
-72
-93
-74
-33
-33
-51
-36
-16
-9
4
5
20
42
42
33
47
65
69
71
73
83
93
82
67
78
79
81
83
71
77
81
71
62
56
46
36
35
24
14
5
-1
-3
-10
-6
4
-7
-13
-37
-66
-39
-20
-33
-41
-51
-52
-23
-9
-21
-6
17
6
1
15
18
32
32
19
29
35
28
24
41
60
48
40
38
32
39
31
11
-5
-6
2
9
-9
-31
-26
-35
-39
-42
-48
-49
-62
-71
-82
-62
-50
-57
-70
-84
-72
-71
-60
-63
-73
-44
-48
-61
-52
-54
-28
-2
-11
-20
-6
-3
-13
0
23
26
25
47
57
53
59
48
48
50
30
48
71
52
26
29
39
41
45
22
17
37
29
27
24
8
2
-8
-22
-5
10
2
3
3
-16
-21
-3
-6
-10
-7
-12
-16
-14
-27
-9
28
11
9
22
8
5
13
11
5
14
24
37
57
62
65
36
6
17
39
39
10
20
44
32
15
-1
-8
-3
-28
-43
-33
-39
-48
-60
-75
-54
-46
-81
-92
-88
-71
-63
-70
-71
-63
-44
-47
-43
-24
-28
-19
-15
-27
-11
-9
-9
11
17
38
66
61
60
51
31
47
61
61
55
43
40
39
44
35
21
26
19
14
14
23
34
18
1
-3
-9
0
9
-1
1
-6
-18
-16
-23
-42
-30
-6
-4
-5
-13
-28
-15
1
-16
-13
-12
-2
13
-3
-2
25
29
8
16
18
14
19
9
7
25
26
18
38
39
18
9
8
8
4
-19
-29
-6
-11
-29
-23
-28
-32
-31
-50
-47
-25
-39
-60
-49
-49
-54
-58
-65
-35
-24
-36
-47
-52
-34
-24
-19
-23
-12
3
3
15
4
8
21
20
38
45
37
45
50
56
68
68
46
46
57
47
52
55
46
45
42
24
26
28
22
39
30
-1
3
16
21
19
-10
-14
4
3
-10
-14
-17
-37
-30
-28
-31
-21
-20
1
0
-18
-16
-9
-6
-6
-4
-2
14
23
16
15
11
8
2
-4
8
9
9
4
4
9
1
-7
-23
-20
-17
-30
-35
-40
-36
-42
-57
-45
-33
-37
-35
-40
-43
-46
-41
-23
-34
-49
-38
-32
-32
-27
-15
-8
-7
-10
-12
-17
-14
-7
-3
3
5
5
7
10
17
5
14
33
29
34
25
18
34
25
31
50
50
57
53
48
53
56
49
37
22
14
33
44
39
42
38
24
23
9
-1
25
22
-5
-4
-5
3
10
-2
0
-13
-32
-23
-4
2
-11
-8
4
8
-4
-11
3
12
3
0
4
9
19
7
7
11
-2
-7
4
8
1
-4
-14
-20
-24
-27
-26
-34
-46
-54
-53
-55
-47
-34
-34
-53
-65
-47
-38
-46
-47
-32
-21
-28
-39
-30
-20
-35
-32
-16
-16
-17
-9
-2
2
8
12
14
20
20
3
9
30
26
19
23
19
21
18
20
35
25
50
58
39
51
49
44
47
31
17
21
14
17
25
26
16
-1
-12
-8
4
-9
-1
18
6
-11
-4
-4
-8
7
-2
-4
3
-4
1
18
6
-1
5
7
