-13
-12
-11
-11
-11
-8
-3
-2
-3
0
5
6
8
11
13
12
10
14
20
22
22
25
27
25
25
30
35
35
32
32
34
33
31
29
29
29
28
27
24
19
19
20
16
16
14
11
8
-4
-7
-4
-3
-5
-14
-18
-14
-14
-20
-24
-23
-20
-19
-23
-21
-21
-32
-29
-18
-10
-15
-27
-34
-33
-31
-29
-27
-35
-44
-43
-32
-29
-35
-43
-50
-63
-80
-86
-96
-110
-125
-137
-143
-157
-173
-175
-189
-191
-192
-203
-193
-190
-204
-197
-176
-166
-156
-144
-136
-113
-81
-56
-44
-24
16
45
66
99
131
150
160
176
210
247
259
272
296
312
319
325
339
351
351
357
370
387
385
360
350
359
359
352
343
317
301
291
278
264
246
229
196
166
149
126
111
93
65
37
3
-11
-27
-51
-69
-89
-109
-127
-141
-158
-168
-179
-194
-199
-211
-226
-232
-238
-232
-226
-245
-247
-236
-232
-233
-255
-241
-226
-236
-234
-232
-227
-213
-209
-219
-212
-211
-222
-207
-201
-193
-176
-207
-272
-306
-322
-331
-333
-374
-430
-459
-471
-440
-436
-461
-456
-473
-462
-422
-405
-357
-342
-342
-277
-229
-161
-80
-39
11
53
106
201
274
321
363
381
429
481
504
542
554
559
581
591
591
587
590
582
576
564
554
565
547
528
527
511
497
473
440
425
411
397
403
381
337
312
290
282
269
240
207
182
166
129
102
95
67
27
-4
-34
-48
-57
-84
-115
-130
-137
-152
-165
-181
-202
-217
-239
-254
-262
-269
-279
-288
-285
-289
-293
-300
-304
-307
-304
-275
-258
-278
-287
-270
-243
-231
-229
-232
-237
-228
-228
-204
-187
-217
-233
-209
-185
-212
-283
-389
-455
-429
-401
-434
-524
-626
-647
-609
-578
-571
-596
-659
-695
-644
-540
-440
-421
-464
-460
-366
-198
-57
-3
-2
20
119
250
378
474
497
496
512
584
690
740
718
675
676
703
732
732
710
676
643
653
662
658
641
589
553
549
542
531
510
486
478
448
417
409
382
355
335
293
293
299
232
193
171
152
135
89
45
17
-5
-31
-50
-68
-98
-123
-136
-153
-160
-170
-199
-232
-262
-274
-268
-272
-288
-302
-314
-324
-313
-326
-346
-332
-313
-318
-328
-315
-298
-280
-257
-241
-247
-265
-262
-235
-211
-201
-203
-223
-220
-216
-219
-198
-233
-360
-468
-487
-449
-430
-526
-673
-752
-733
-665
-645
-668
-733
-831
-843
-738
-596
-502
-531
-595
-539
-379
-196
-78
-41
-22
22
143
326
475
523
518
511
590
724
800
804
778
774
789
814
853
851
798
757
726
724
752
742
685
639
588
564
586
566
529
510
481
458
445
408
351
321
307
291
264
231
208
193
168
131
93
48
10
1
-8
-27
-44
-71
-78
-75
-97
-120
-136
-173
-188
-185
-193
-179
-188
-227
-243
-238
-249
-254
-279
-306
-294
-298
-316
-295
-289
-307
-313
-328
-315
-295
-305
-313
-299
-284
-283
-287
-281
-266
-247
-248
-274
-363
-478
-537
-503
-436
-478
-628
-756
-774
-697
-652
-709
-767
-836
-894
-835
-706
-568
-519
-632
-683
-530
-318
-168
-137
-142
-76
40
188
351
458
491
475
510
642
761
817
807
766
778
824
869
907
888
825
779
766
794
791
742
686
651
633
614
597
576
552
498
439
417
406
394
375
333
307
282
243
223
212
193
149
103
74
42
38
46
24
-9
-41
-59
-56
-61
-93
-125
-137
-139
-145
-152
-158
-168
-173
-190
-200
-195
-192
-199
-231
-254
-222
-189
-186
-211
-237
-244
-240
-230
-220
-232
-269
-320
-356
-361
-347
-343
-351
-396
-542
-692
-708
-632
-545
-607
-825
-957
-954
-861
-745
-756
-837
-933
-1019
-908
-693
-558
-545
-674
-718
-553
-329
-129
-65
-127
-126
-49
117
347
467
464
419
424
540
675
750
770
756
750
772
810
865
881
832
795
804
819
829
814
771
739
713
702
690
642
599
582
568
537
492
446
428
397
372
359
308
273
245
202
184
172
148
134
104
61
40
30
4
-24
-34
-46
-61
-81
-103
-113
-115
-121
-146
-187
-199
-186
-184
-177
-181
-211
-223
-216
-204
-185
-181
-203
-227
-234
-210
-186
-188
-219
-293
-355
-372
-330
-286
-319
-485
-756
-897
-822
-638
-579
-830
-1184
-1315
-1170
-896
-797
-959
-1184
-1350
-1261
-904
-577
-496
-727
-981
-852
-427
-7
134
-56
-247
-180
131
523
706
627
470
407
554
800
961
945
792
670
712
875
1001
986
851
718
690
770
867
874
782
682
640
679
737
728
652
562
499
517
547
513
473
423
364
344
329
293
269
235
195
167
128
115
111
98
79
40
6
-21
-40
-22
-8
-36
-76
-98
-111
-98
-91
-120
-162
-172
-173
-173
-156
-160
-177
-186
-189
-177
-152
-172
-208
-235
-221
-192
-204
-275
-365
-400
-359
-292
-304
-521
-883
-1050
-915
-660
-596
-925
-1327
-1463
-1311
-1036
-942
-1094
-1346
-1561
-1482
-1077
-688
-617
-896
-1139
-953
-489
-84
24
-140
-263
-162
144
553
799
767
638
542
648
928
1111
1100
974
884
942
1100
1200
1154
996
866
828
850
916
957
903
777
672
671
729
703
599
524
482
470
471
465
479
464
372
303
272
231
218
184
157
168
139
115
122
121
90
17
-52
-78
-65
-30
-9
-6
-38
-63
-41
-61
-114
-140
-131
-127
-118
-59
4
26
14
-14
-16
10
-6
-91
-270
-369
-93
284
149
-407
-630
-325
-273
-1011
-1906
-2015
-1493
-1233
-1434
-1627
-1543
-1484
-1710
-1796
-1519
-1321
-1468
-1691
-1392
-632
-132
-77
-201
-221
-150
-156
2
328
431
319
323
637
985
1006
816
636
489
404
435
649
859
908
923
1002
1096
1042
862
725
650
607
653
835
1018
979
812
667
562
520
479
481
504
460
418
426
447
416
311
249
273
285
268
278
280
219
164
126
81
72
134
214
203
137
122
138
113
52
44
88
108
105
119
172
201
123
67
131
188
127
66
97
67
-30
-90
-82
-128
-388
-700
-848
-896
-954
-975
-841
-996
-1934
-2998
-3194
-2387
-1702
-1925
-2223
-1876
-1211
-1011
-1243
-985
-481
-550
-908
-714
433
1394
1207
702
523
557
436
118
236
497
360
149
185
607
897
586
149
-101
-29
283
509
753
982
1099
1169
1149
1154
1184
1030
732
462
470
735
898
783
491
234
54
-92
-143
-88
-5
33
40
121
213
282
324
289
306
417
574
623
528
466
434
369
250
155
229
336
343
320
299
288
188
33
19
74
125
146
161
265
320
284
213
174
220
217
152
99
83
89
65
-13
-138
-297
-530
-804
-1027
-1142
-1099
-1015
-928
-1215
-2295
-3326
-3460
-2661
-1842
-1986
-2142
-1592
-899
-575
-827
-693
-51
-106
-424
-235
675
1625
1253
461
232
172
156
-157
-240
147
117
-22
104
413
779
549
128
140
371
781
1032
1150
1330
1334
1250
1181
1165
1169
924
475
204
201
375
461
263
-20
-178
-170
-55
39
137
259
301
346
418
538
699
674
545
519
621
757
633
429
381
293
192
72
-13
97
142
144
243
310
380
311
125
135
225
287
330
238
268
366
342
364
266
178
307
188
50
21
-141
-99
-239
-488
-525
-778
-997
-1141
-1249
-1045
-1689
-3262
-4281
-4159
-2830
-1965
-2250
-2029
-1298
-613
-394
-764
-357
254
-12
-237
40
1086
1784
998
222
-15
-141
-339
-883
-809
-178
-57
-61
173
637
1052
711
282
443
784
1145
1298
1442
1761
1793
1513
1202
967
855
572
159
38
92
203
223
16
-71
-46
-87
-43
39
243
472
542
526
415
386
424
395
436
503
594
663
491
338
268
146
80
5
59
261
411
534
548
499
498
331
149
140
188
275
323
313
379
390
324
391
287
204
180
57
153
149
112
114
-68
-185
-471
-740
-732
-859
-904
-897
-1467
-3023
-4663
-5141
-4485
-3430
-2704
-1866
-678
-21
179
139
260
619
250
-189
56
798
1529
1283
708
393
-476
-1402
-1907
-1782
-924
-532
-261
572
1164
1403
1181
769
832
846
865
1160
1531
1937
1930
1636
1436
1143
648
84
-340
-381
-288
-296
-60
182
160
121
84
162
300
304
446
691
764
584
290
169
158
175
237
389
610
636
464
392
341
237
152
40
197
499
682
863
943
899
663
242
81
102
249
433
469
513
542
553
437
366
430
397
356
248
184
318
347
418
297
-103
-289
-399
-388
-565
-1236
-2642
-5348
-7324
-6833
-4987
-3208
-2893
-2729
-1213
-87
117
-30
267
1192
816
-234
82
1639
2877
1896
52
-554
-901
-1807
-2768
-2614
-1109
-301
-545
-110
1194
2097
1721
694
535
1287
1590
1406
1710
2467
2791
2192
1339
1071
787
-67
-864
-930
-209
254
167
151
65
170
256
209
667
954
807
750
655
633
471
89
3
72
291
642
841
889
668
401
287
169
212
310
543
1033
1218
1126
1027
834
491
72
-39
137
323
444
469
533
628
533
365
394
467
508
447
247
387
509
409
446
209
-77
-295
-638
-566
-557
-1258
-3001
-6248
-8354
-7788
-6190
-4487
-3741
-2806
-661
609
1101
1303
1148
1272
432
-565
36
1396
2458
1894
202
-805
-1738
-2864
-3476
-3183
-1892
-720
-32
1077
2320
2802
2408
1445
873
1008
1225
1420
1902
2473
2722
2341
1562
1036
422
-387
-935
-1046
-580
21
368
609
677
621
475
330
553
951
1033
856
753
543
181
-165
-427
-377
-191
63
573
910
968
984
725
425
306
340
688
1043
1282
1323
1066
780
407
-64
-312
-308
-69
301
562
774
894
801
611
553
507
509
622
474
491
586
482
625
603
313
-43
-596
-749
-479
-670
-1434
-3361
-6589
-8876
-9091
-7371
-4950
-3634
-2221
-234
1140
1798
1490
1194
1334
575
-411
-367
1009
2640
2299
565
-667
-1626
-2772
-3821
-3865
-2235
-439
406
1321
2515
3330
3002
1610
736
900
1063
1018
1417
2268
3016
2674
1649
1007
377
-503
-1352
-1621
-893
117
729
1187
1369
1253
862
270
297
700
797
845
664
278
61
-310
-582
-540
-344
81
465
836
1132
1115
920
522
168
58
277
857
1262
1439
1380
995
432
-252
-575
-422
-170
162
442
671
933
846
643
579
472
482
536
402
293
485
723
863
847
472
-60
-584
-826
-514
-599
-1414
-3282
-6667
-9046
-9115
-7540
-5093
-3460
-1818
302
1455
2046
1945
1469
1257
249
-721
-442
819
2265
2176
756
-464
-1713
-3100
-4109
-3941
-2278
-475
685
1822
3082
3663
3056
1747
749
636
700
687
1279
2218
2917
2691
1706
1065
333
-821
-1605
-1672
-841
229
829
1370
1667
1576
1194
524
294
485
505
515
443
273
254
-25
-364
-384
-300
5
509
908
1089
1096
868
474
145
12
298
819
1204
1470
1463
1111
570
-69
-516
-504
-244
28
318
565
761
806
557
373
525
591
370
217
356
625
778
819
771
374
-65
-576
-894
-756
-1161
-2253
-5062
-8518
-9290
-8070
-6067
-4360
-3565
-1532
775
1842
2313
2028
1862
1439
119
-501
240
1674
2151
924
-246
-981
-2134
-3449
-4161
-3321
-1531
-291
722
2259
3663
3938
2982
1659
1028
1068
680
541
1443
2412
2761
2164
1338
804
-180
-1331
-1797
-1270
-236
422
918
1328
1534
1621
1141
673
684
523
366
322
195
182
21
-325
-407
-200
138
530
860
954
904
898
773
589
442
390
697
1005
1100
1171
1096
866
412
-82
-281
-232
-55
102
281
514
756
896
751
644
652
496
287
240
387
578
629
552
438
21
-235
-276
-934
-2390
-5555
-9021
-9890
-8513
-5987
-4172
-3500
-1646
426
1233
1388
1300
1693
1695
542
-51
873
2344
2611
1158
-374
-1316
-2465
-3825
-4350
-3171
-1292
-255
451
1986
3545
3780
2859
1695
1322
1326
724
651
1564
2482
2729
1924
1065
644
-255
-1381
-1748
-1077
27
572
762
1240
1625
1502
855
367
582
719
451
315
292
295
0
-636
-701
-217
200
662
1024
1117
1172
1004
633
446
431
540
840
1167
1321
1196
802
373
49
-186
-238
-67
196
389
571
704
688
678
602
606
657
668
727
515
530
711
685
671
308
-73
-171
-493
-929
-1995
-5178
-8815
-9938
-8619
-6071
-4263
-3460
-1594
557
1694
1984
1676
1723
1404
-15
-992
-287
1588
2357
1287
46
-789
-1827
-3216
-3880
-2911
-1194
-169
519
1989
3646
4192
3219
1726
1033
870
205
-63
863
2141
2685
1990
1184
773
27
-951
-1447
-983
-72
407
730
1111
1395
1399
846
399
485
629
527
394
320
232
30
-483
-621
-227
79
444
724
818
899
688
447
311
182
465
920
1192
1371
1279
1027
694
178
-170
-257
-276
-202
-9
229
517
830
974
961
1016
952
664
495
401
292
309
234
302
300
201
282
-403
-1811
-4846
-8871
-10196
-8852
-6250
-3895
-3064
-1540
476
1283
1690
1688
1694
1488
120
-848
-67
1764
2690
1611
-25
-1067
-1971
-3104
-3670
-2801
-1234
-251
288
1540
3284
4029
3359
2049
1144
878
383
191
1029
2127
2642
2024
1151
782
135
-806
-1289
-955
-69
546
811
1075
1260
1210
821
508
578
621
495
382
197
63
-118
-664
-905
-429
125
600
924
825
700
542
269
272
331
478
945
1337
1430
1252
882
479
-48
-393
-318
-177
-18
269
552
677
654
524
634
856
914
929
707
565
624
577
454
314
186
-133
-178
-113
-910
-3017
-6971
-10091
-9820
-7686
-5097
-3474
-2409
-338
1151
1659
1962
1980
1955
906
-715
-894
592
2147
2057
603
-770
-1846
-3051
-3945
-3575
-1968
-454
337
1233
2832
4103
3941
2837
1640
973
558
52
418
1619
2529
2441
1581
882
271
-633
-1260
-1178
-343
576
952
1268
1509
1468
1153
614
483
731
772
614
398
153
-144
-788
-1357
-1151
-489
247
950
1256
1207
1068
769
408
258
421
873
1327
1431
1331
1058
579
-19
-555
-764
-534
-90
293
629
904
1044
938
674
545
686
704
726
844
810
903
742
553
456
-193
-501
-301
-598
-1261
-3857
-8228
-10315
-9509
-7119
-4657
-3677
-2222
102
1347
1965
2286
2251
1822
405
-897
-524
1145
2366
1770
286
-864
-2047
-3475
-4218
-3566
-2047
-689
111
1583
3474
4252
3800
2536
1286
703
187
-37
845
2035
2687
2369
1472
756
-50
-997
-1489
-1153
-219
642
1180
1636
1828
1716
1209
479
242
258
273
409
398
223
76
-371
-744
-439
-72
355
890
1007
967
884
629
508
417
411
815
1219
1396
1330
937
531
99
-326
-438
-333
-54
289
541
746
866
867
839
779
745
763
678
696
904
909
938
798
260
-115
-409
-512
-738
-1853
-4834
-8820
-10437
-9148
-6447
-4124
-3303
-1875
303
1517
2101
2066
1973
1693
239
-1089
-595
1326
2336
1135
-743
-1877
-2545
-3359
-3851
-2841
-821
385
816
1843
3375
4239
3521
1855
787
544
210
106
894
1980
2570
1959
920
494
44
-699
-1072
-676
228
948
1330
1480
1464
1403
1020
564
549
545
519
486
130
23
-160
-693
-643
-262
190
717
1010
1129
991
808
669
471
393
529
1012
1392
1255
1034
638
161
-221
-650
-630
-254
122
468
625
784
932
886
708
676
850
974
918
702
712
909
924
661
159
-405
-508
-560
-1208
-2915
-6601
-10039
-10328
-8135
-5276
-3771
-3220
-1548
399
1809
2619
2851
2935
2030
295
-556
249
1722
1647
-129
-1781
-2671
-3306
-3775
-3369
-2082
-797
-210
545
2176
3740
4151
3329
2127
1365
916
487
668
1474
2100
1845
991
478
243
-223
-719
-783
-249
497
957
1275
1562
1804
1782
1249
932
993
850
669
426
116
-121
-731
-1410
-1428
-878
-129
652
1053
986
995
966
767
739
897
1155
1353
1351
1246
947
390
-190
-677
-939
-795
-389
101
517
742
924
898
758
828
880
1062
1180
1024
1119
1055
790
648
242
-130
-219
-539
-555
-376
-862
-2629
-6778
-10533
-10645
-8160
-5124
-3456
-2579
-550
1379
2080
1943
1543
1639
990
-650
-1094
458
2415
2348
173
-1691
-2440
-3233
-4050
-3727
-1901
259
997
1243
2532
3778
3710
2288
818
686
981
704
908
1829
2570
2213
875
163
113
-218
-590
-620
23
888
1129
1191
1434
1658
1650
958
293
507
745
629
455
79
-182
-473
-798
-463
36
529
1039
893
578
579
682
676
473
458
649
843
1050
1140
1093
771
185
-342
-618
-364
125
395
565
618
763
812
559
597
803
1087
1163
947
951
812
663
676
389
50
-349
-767
-506
-439
-937
-2718
-7059
-10376
-10160
-7729
-4475
-2968
-2417
-650
726
1103
978
901
1467
1122
-263
-544
1030
2862
2392
36
-1721
-2563
-3419
-4036
-3486
-1405
670
945
965
2006
2896
2771
1553
634
1157
1642
1466
1736
2416
2835
2163
804
163
25
-224
-472
-384
275
756
747
776
719
815
932
620
647
901
906
963
707
303
-14
-561
-724
-314
126
605
927
760
375
257
408
448
414
416
643
1048
1186
1181
1083
795
417
-37
-262
-21
275
467
564
551
664
589
342
350
701
1102
1080
919
754
627
742
635
359
-31
-520
-768
-598
-356
-747
-2749
-7078
-10456
-10181
-7651
-4718
-3381
-2681
-775
918
1542
1300
1109
1464
901
-221
-185
1484
3201
2455
57
-1694
-2869
-3824
-4134
-3262
-1109
532
734
1105
1995
2586
2334
1331
979
1599
1989
1996
2285
2740
2656
1683
608
202
36
-133
-263
-81
431
442
346
593
649
879
1013
626
764
1278
1321
1200
744
-84
-608
-1011
-949
-421
-112
339
569
437
463
604
825
660
334
385
489
839
1198
1195
1064
722
334
-54
-341
-276
-68
226
402
527
715
569
402
467
605
946
1181
952
603
354
479
840
762
531
136
-450
-523
-200
-219
-1019
-3243
-7293
-10553
-10273
-7136
-3570
-2265
-2329
-1278
51
618
393
389
1337
1594
916
861
2169
3622
2525
-668
-2894
-3525
-3495
-3246
-2394
-452
952
631
214
614
1451
1886
1431
1400
2235
2847
2809
2502
2333
2170
1392
457
286
575
705
274
-234
-242
-195
-112
65
163
514
852
763
957
1306
1232
1131
730
69
-119
-130
-28
71
-28
175
500
589
507
461
437
156
-149
-178
77
694
1184
1226
1164
1019
613
-12
-364
-147
231
425
464
512
618
576
355
230
282
407
435
475
543
638
832
678
656
729
177
-176
-242
-43
123
-967
-3277
-6939
-9765
-9058
-6187
-3296
-2457
-2953
-2172
-1151
-673
-513
-295
1093
1846
1162
1182
2409
3525
2317
-717
-2368
-2300
-2043
-2083
-1691
-301
586
-168
-903
-337
978
1659
1304
1404
2451
3074
2643
2122
2132
2369
1883
1065
1200
1592
1352
504
-406
-625
-579
-586
-444
-135
529
876
783
1008
1133
1062
901
513
256
21
-77
-39
-76
105
245
389
490
226
196
236
55
-52
-154
109
649
1002
1311
1278
1025
644
9
-262
-127
166
482
546
588
731
557
239
23
-1
267
396
371
443
485
412
547
722
568
412
88
-195
-76
185
-6
-1118
-3201
-6579
-9028
-8255
-5526
-2911
-2698
-3815
-3337
-2100
-1086
-629
-18
1546
2128
1748
1757
2619
3733
2403
-409
-1764
-1892
-1518
-1500
-1410
-367
-84
-1151
-1706
-976
516
1390
1301
1658
2443
2794
2510
2136
2323
2661
2416
2019
2007
2028
1428
114
-891
-1022
-831
-506
-200
-25
300
344
325
350
254
644
941
803
326
85
465
330
155
144
127
788
820
363
302
101
-81
-691
-974
-92
779
1355
1456
1162
890
191
-374
-347
48
714
952
778
673
500
234
-157
-455
-313
119
568
727
733
726
611
495
399
456
489
519
424
-47
-350
-496
-782
-1416
-2813
-5357
-7736
-7623
-5207
-2742
-2437
-3655
-3753
-2698
-1822
-1316
-376
1416
2342
1752
1298
2111
3227
2296
-26
-1044
-806
-463
-611
-747
-41
11
-1373
-2197
-1443
107
1126
1165
1506
2159
2265
1930
1766
2278
2738
2538
2305
2277
2103
1410
208
-474
-489
-381
-124
-12
-37
-104
-358
-370
-147
106
426
604
715
724
635
468
169
88
272
585
948
947
553
164
-196
-506
-619
-462
93
720
1037
985
569
119
-185
-368
-145
366
763
903
696
316
44
-37
34
151
385
623
693
638
475
287
11
-100
121
459
833
839
428
-102
-721
-1054
-974
-593
-335
-1052
-2937
-5575
-7017
-5895
-3708
-2578
-3304
-4079
-3177
-1754
-1004
-774
55
1473
1745
1165
1191
2227
2974
1663
-255
-621
-8
324
-130
-397
-24
-397
-1614
-2016
-848
790
1340
1048
1184
1568
1507
1027
1013
1942
2814
2874
2602
2398
1971
1117
163
-99
164
246
177
-16
-194
-356
-773
-958
-677
-317
206
694
916
839
450
128
-104
-84
508
1184
1615
1410
556
-96
-481
-604
-514
-315
317
770
629
237
-221
-405
-454
-424
0
517
827
704
276
106
66
120
266
420
669
603
277
63
-9
113
159
205
440
581
393
57
-62
-236
-407
-543
-608
-203
226
97
-931
-2506
-4289
-5746
-5429
-3707
-2011
-1768
-2973
-3417
-2891
-2128
-1420
-701
738
1670
1537
1227
1182
1761
1556
462
329
886
1277
985
93
-229
-510
-1358
-1573
-839
333
1011
763
451
378
421
518
907
1915
2770
2886
2492
1979
1632
1285
853
705
917
937
649
202
-368
-682
-757
-747
-405
75
459
576
180
-380
-560
-206
297
737
1169
1282
1092
620
-116
-515
-502
-325
-94
85
350
323
-26
-309
-536
-480
-231
28
382
630
659
428
-16
-221
-125
75
341
528
656
610
254
-170
-494
-375
56
363
652
692
582
329
-167
-344
-189
58
184
30
-55
-75
-106
-341
-1025
-1819
-3022
-4319
-4477
-3428
-1989
-1791
-3034
-3698
-3170
-1913
-953
-529
501
1267
952
328
234
1252
1841
1091
738
1025
1220
708
-367
-566
-141
-186
-373
-141
506
758
150
-344
-220
300
758
1047
1587
2092
2066
1652
1294
1204
1225
1241
1372
1549
1449
1094
578
-25
-266
-210
-142
112
360
344
80
-320
-551
-597
-456
-131
162
459
592
435
208
-74
-236
-146
37
270
312
83
-14
-108
-212
-161
-109
-7
-6
-65
-28
-32
-19
-109
-173
-68
-18
0
55
105
97
33
11
91
230
340
475
622
634
523
215
60
137
212
439
359
104
36
-291
-237
-109
-89
91
-524
-956
-1906
-3771
-4094
-3142
-1282
-631
-2640
-3564
-2995
-2006
-1330
-1713
-633
664
76
-545
-503
971
1950
633
251
1126
1678
1298
85
177
812
202
-396
-288
394
696
-32
-360
-59
246
283
246
721
1299
1507
1509
1636
1774
1635
1427
1452
1606
1582
1415
1205
818
453
208
43
39
-120
-333
-449
-508
-506
-538
-430
-368
-403
-339
-243
86
366
248
126
156
181
-43
-236
-69
208
385
233
-64
-194
-325
-478
-459
-201
89
31
-172
-260
-239
-84
-25
45
214
317
339
277
253
392
417
433
516
479
528
504
491
442
374
488
417
355
309
204
300
89
-222
-381
-380
-282
-501
-1192
-2735
-3887
-3404
-1930
-1109
-2229
-3553
-3244
-2261
-1726
-1763
-1088
104
-126
-1012
-950
418
1648
935
102
724
1330
1064
219
198
1063
917
196
109
603
814
117
-261
141
553
602
353
547
1051
1193
1136
1161
1317
1360
1231
1298
1521
1638
1558
1237
826
545
517
585
496
298
171
29
-174
-372
-512
-502
-694
-1054
-974
-493
13
26
-499
-751
-578
-255
-109
-107
192
429
415
248
87
159
24
-230
-133
68
208
128
-204
-319
-204
-154
-127
-34
143
254
196
164
275
502
620
638
690
622
573
617
647
659
612
551
437
227
74
17
21
30
-74
-173
-164
-283
-502
-826
-1017
-1410
-2583
-3267
-2574
-1244
-1041
-2652
-3750
-3045
-1957
-1580
-1705
-1029
-80
-509
-1243
-907
400
1211
471
38
781
1296
1021
384
572
1285
1080
560
584
904
837
211
33
476
808
732
458
494
692
713
813
1000
1057
1058
1013
1085
1330
1393
1235
1015
768
644
598
598
591
432
246
-19
-227
-314
-489
-547
-515
-444
-318
-325
-284
-268
-507
-763
-747
-430
-149
-84
26
113
16
-198
-370
-142
206
312
304
266
240
169
55
83
200
231
277
290
214
149
93
25
-9
58
220
382
429
333
194
112
114
190
350
478
387
241
126
56
66
25
48
98
-10
-231
-396
-372
-454
-680
-728
-1154
-2000
-2418
-1965
-1006
-1208
-2519
-2999
-2293
-1322
-1263
-1658
-1042
-433
-868
-1360
-857
457
788
51
80
822
1190
727
192
622
1187
1041
790
762
908
741
257
338
675
832
784
530
393
370
426
608
752
814
860
790
727
721
825
1084
1117
906
789
835
960
894
640
522
389
216
26
-114
-39
-63
-232
-388
-532
-504
-562
-770
-660
-446
-343
-371
-523
-404
-193
-147
-43
51
192
222
50
60
189
250
217
115
101
94
-61
-157
-154
-84
-4
-28
-35
-14
-49
-28
-32
-71
-46
-30
53
125
212
328
324
305
216
142
180
98
98
199
209
188
104
29
28
-129
-280
-335
-350
-483
-1243
-1926
-1724
-960
-568
-1422
-2463
-2295
-1633
-1283
-1483
-1432
-800
-889
-1403
-1195
-344
338
74
-375
141
688
557
286
429
989
1078
740
760
933
918
614
453
724
913
804
581
456
487
622
781
932
910
754
692
653
738
1003
1219
1216
888
588
630
740
789
756
728
735
509
170
-15
-74
-87
-189
-281
-235
-254
-368
-576
-717
-600
-509
-587
-691
-760
-669
-528
-445
-309
-223
-259
-398
-382
-161
57
138
50
-26
-37
-40
-25
139
237
113
-35
-149
-129
-92
-103
-56
75
146
87
26
49
146
229
269
296
276
253
299
390
447
443
484
438
334
276
216
86
-37
-102
-101
-91
-288
-464
-776
-1363
-1673
-1356
-747
-981
-1968
-2328
-1732
-1070
-1213
-1560
-1194
-861
-1216
-1465
-907
55
252
-273
-215
378
541
283
234
774
1257
1099
910
939
962
835
715
924
1137
1010
690
512
569
735
813
774
667
450
403
492
627
797
824
769
639
486
541
635
623
561
399
315
284
212
153
53
18
26
-120
-330
-425
-429
-442
-509
-484
-341
-396
-666
-815
-671
-410
-311
-384
-421
-365
-279
-209
-88
58
79
-13
-115
-118
-8
45
-2
-32
-57
-57
-27
-33
-9
-9
-89
-103
-57
-26
-10
51
134
211
327
313
227
154
146
257
356
472
540
463
306
208
189
159
99
58
64
21
-95
-214
-372
-446
-519
-767
-1037
-992
-581
-555
-1196
-1669
-1397
-876
-810
-1104
-1059
-693
-737
-1007
-785
-202
92
-178
-343
-28
258
248
132
363
702
616
441
488
635
752
667
626
616
478
409
417
502
642
728
699
518
330
365
467
497
546
659
760
638
398
346
468
561
504
438
457
424
262
94
77
174
166
38
-95
-137
-67
-81
-177
-245
-259
-226
-307
-354
-280
-304
-407
-475
-411
-369
-474
-499
-443
-357
-269
-325
-342
-243
-211
-236
-216
-79
28
-82
-204
-200
-103
-14
-42
-19
44
73
112
146
186
238
262
273
272
317
384
400
413
368
337
356
358
381
407
333
240
254
292
341
328
183
104
35
-97
-215
-239
-333
-605
-796
-698
-447
-653
-1222
-1433
-1171
-877
-936
-1073
-885
-786
-1032
-1153
-851
-376
-308
-570
-543
-259
-75
-77
-51
172
311
233
200
313
450
482
440
468
550
611
601
536
568
667
672
636
563
537
600
636
691
761
774
717
556
455
564
660
660
627
519
398
314
265
304
323
241
102
-52
-117
-97
-82
-112
-171
-186
-239
-375
-464
-476
-424
-371
-355
-327
-324
-379
-431
-450
-401
-300
-258
-264
-272
-285
-217
-159
-145
-141
-176
-160
-150
-147
-76
-36
-38
-6
37
98
84
72
173
235
247
278
288
316
352
331
293
298
291
237
187
142
145
189
214
172
143
94
27
7
-9
-6
6
-33
-113
-131
-102
-150
-355
-611
-650
-475
-441
-664
-882
-883
-742
-720
-754
-676
-620
-720
-875
-792
-508
-368
-421
-455
-334
-136
-101
-131
-10
101
111
127
202
350
493
516
464
452
533
569
550
523
518
588
613
595
587
571
543
466
382
409
483
451
404
409
402
416
421
393
361
319
277
267
311
342
313
245
168
128
111
95
68
43
25
8
-32
-103
-107
-104
-219
-344
-373
-332
-297
-318
-329
-312
-336
-437
-468
-378
-341
-374
-386
-372
-341
-295
-274
-255
-233
-247
-234
-202
-158
-108
-103
-113
-116
-54
62
143
159
131
95
64
76
104
139
234
263
212
186
183
176
176
184
173
187
243
294
324
309
225
199
171
92
64
81
81
-21
-214
-355
-384
-378
-452
-556
-600
-634
-662
-679
-666
-587
-544
-629
-704
-636
-508
-436
-404
-352
-306
-300
-279
-176
-24
67
102
125
131
196
316
375
389
383
363
392
422
435
450
442
435
437
470
506
517
524
509
477
444
438
476
522
551
560
558
553
506
395
333
352
352
291
204
131
78
43
-28
-67
-57
-79
-138
-211
-239
-234
-251
-279
-262
-215
-207
-236
-281
-319
-345
-352
-331
-296
-295
-323
-318
-303
-306
-321
-344
-352
-316
-295
-300
-269
-219
-196
-217
-229
-176
-108
-92
-93
-40
20
12
0
36
114
172
173
170
153
149
150
162
222
239
206
171
165
200
223
214
223
231
233
210
167
161
144
119
130
142
115
38
-54
-106
-137
-145
-170
-226
-286
-375
-428
-426
-425
-409
-410
-442
-478
-491
-462
-432
-448
-453
-413
-360
-288
-238
-190
-119
-63
-52
-50
3
60
103
143
199
280
347
339
309
333
363
378
397
424
442
459
461
449
474
496
470
423
390
371
365
374
374
373
348
310
288
253
227
208
171
129
103
93
84
63
43
52
55
1
-66
-82
-88
-93
-97
-111
-109
-118
-156
-203
-230
-269
-297
-283
-284
-301
-333
-387
-415
-440
-463
-434
-400
-401
-385
-361
-361
-357
-359
-366
-343
-296
-208
-107
-70
-55
-47
-55
-49
-28
30
108
164
194
199
193
204
210
221
244
282
312
312
319
329
308
293
308
305
281
266
259
262
251
197
141
72
-25
-98
-111
-99
-118
-180
-249
-298
-317
-342
-408
-440
-435
-432
-414
-388
-360
-361
-434
-463
-415
-361
-305
-253
-185
-134
-109
-73
-27
32
82
96
118
171
238
305
327
335
352
357
336
311
320
361
384
386
411
448
425
369
353
358
392
423
389
364
367
329
278
221
193
191
153
111
94
70
41
8
-32
-47
-55
-90
-119
-123
-123
-91
-80
-109
-128
-170
-242
-275
-259
-219
-174
-170
-220
-282
-307
-314
-311
-296
-283
-247
-236
-247
-264
-276
-262
-261
-272
-265
-220
-184
-158
-138
-136
-153
-167
-169
-120
-56
-27
7
21
22
39
59
81
92
111
168
220
253
283
280
265
236
198
207
231
236
246
260
264
236
202
179
137
86
23
-23
-8
-18
-51
-49
-95
-157
-168
-190
-234
-262
-292
-305
-287
-272
-251
-210
-220
-246
-219
-179
-146
-100
-79
-76
-63
-62
-20
27
22
27
54
69
72
95
110
134
189
190
162
185
228
243
234
216
238
282
279
244
252
283
274
263
270
269
268
244
202
180
145
138
174
178
165
137
100
55
5
-31
-72
-93
-75
-83
-110
-158
-234
-241
-228
-243
-223
-199
-207
-206
-238
-270
-254
-250
-248
-224
-196
-168
-138
-121
-115
-132
-151
-166
-180
-167
-135
-90
-45
-25
-20
-32
-47
-36
-11
10
31
45
53
49
35
46
84
104
112
110
109
138
134
113
123
134
119
112
117
127
146
145
154
158
127
85
74
97
72
10
-27
-47
-53
-58
-77
-76
-100
-148
-163
-185
-188
-140
-118
-142
-168
-207
-225
-213
-192
-169
-166
-176
-166
-154
-147
-119
-79
-78
-60
4
28
32
53
75
92
99
108
162
216
220
219
218
214
216
213
202
186
187
214
225
237
225
195
181
161
150
142
143
148
121
87
78
72
54
28
9
-4
-21
-35
-45
-50
-69
-85
-61
-52
-81
-97
-101
-107
-91
-90
-105
-109
-102
-101
-94
-73
-83
-101
-107
-111
-90
-74
-68
-66
-93
-103
-76
-53
-38
-54
-70
-37
-29
-24
-11
-37
-45
-39
-46
-44
-19
16
20
18
8
12
37
39
42
66
74
65
72
58
54
84
93
84
60
49
45
32
41
31
-23
-79
-88
-69
-87
-114
-128
-135
-148
-176
-168
-149
-168
-196
-221
-229
-197
-165
-145
-118
-102
-97
-92
-84
-69
-26
0
-10
2
35
50
69
96
108
118
123
109
133
176
157
139
146
155
192
223
216
199
201
195
189
203
205
204
202
194
167
125
98
105
130
136
124
100
70
57
53
41
45
35
-1
-3
13
20
23
9
-28
-59
-62
-53
-62
-53
-46
-66
-70
-79
-92
-103
-105
-97
-76
-53
-48
-52
-77
-105
-125
-124
-106
-110
-107
-94
-97
-101
-115
-122
-106
-86
-75
-76
-63
-47
-50
-60
-43
-17
-12
-11
-8
0
15
5
-27
-50
-54
-41
-30
-19
-3
8
-6
-45
-87
-112
-117
-108
-93
-77
-77
-92
-94
-89
-103
-131
-145
-146
-108
-64
-80
-76
-66
-87
-72
-42
-16
7
15
32
54
85
102
92
104
128
134
137
126
112
144
170
165
160
158
164
163
135
125
146
161
169
171
180
204
213
187
163
171
182
165
139
127
135
137
126
106
89
74
54
56
64
69
68
43
18
14
18
23
12
2
-16
-48
-58
-70
-102
-107
-95
-101
-91
-95
-108
-95
-110
-134
-138
-139
-103
-69
-71
-76
-90
-93
-114
-140
-135
-134
-131
-117
-122
-110
-107
-129
-133
-147
-157
-155
-150
-123
-93
-79
-80
-112
-139
-138
-139
-120
-100
-102
-91
-91
-116
-116
-97
-84
-71
-80
-73
-34
-21
-37
-47
-33
-1
17
16
15
11
24
33
47
77
80
90
106
110
114
109
117
130
142
154
177
213
201
176
175
178
165
153
151
149
132
112
117
128
132
122
122
118
111
117
111
102
112
114
120
131
135
128
102
92
109
112
71
48
60
57
36
26
34
30
8
-20
-44
-55
-44
-30
-41
-61
-67
-88
-101
-94
-84
-85
-99
-125
-131
-99
-100
-109
-100
-105
-127
-134
-140
-127
-117
-122
-107
-105
-111
-120
-127
-133
-125
-110
-122
-123
-107
-103
-104
-103
-100
-109
-126
-128
-101
-96
-111
-113
-110
-98
-83
-58
-50
-65
-55
-41
-42
-33
-29
-30
-36
-40
-33
-25
-17
-15
-2
35
66
58
37
32
29
68
106
103
123
144
142
140
142
154
178
168
145
149
156
169
167
160
159
147
140
147
145
131
123
128
145
144
136
141
124
89
72
56
66
78
58
59
54
50
51
26
-2
-17
-17
-23
-32
-21
4
14
6
-4
-17
-8
-20
-36
-27
-30
-35
-52
-66
-62
-74
-86
-79
-92
-99
-99
-102
-112
-121
-86
-66
-81
-99
-98
-81
-95
-126
-138
-120
-104
-96
-92
-94
-81
-82
-100
-113
-103
-96
-86
-65
-60
-68
-71
-65
-65
-71
-67
-64
-60
-50
-61
-61
-45
-51
-30
-23
-44
-43
-39
-30
-19
-21
-7
-6
-7
31
44
20
-1
-4
8
28
45
66
78
85
86
68
63
89
109
117
115
127
150
160
144
117
106
121
133
128
118
121
136
133
112
100
95
93
87
84
95
111
121
108
97
101
116
127
101
86
87
66
48
51
52
49
49
15
-16
-10
-25
-38
-41
-57
-53
-59
-78
-82
-95
-87
-92
-131
-125
-118
-113
-106
-113
-119
-127
-132
-120
-98
-91
-92
-112
-123
-109
-100
-86
-79
-95
-94
-95
-98
-102
-118
-116
-101
-93
-77
-46
-39
-49
-50
-52
-53
-42
-28
-17
6
0
-3
5
-8
-5
-15
-16
5
-2
2
9
-7
11
8
-4
20
22
28
34
3
-5
7
12
34
22
8
23
13
1
8
9
43
69
58
67
60
65
81
69
66
73
99
145
160
138
121
109
115
123
117
124
139
160
155
128
133
124
97
97
97
97
101
97
112
105
86
66
28
35
38
19
34
29
0
-15
-40
-34
-27
-46
-49
-62
-78
-83
-106
-102
-77
-82
-109
-133
-138
-130
-128
-141
-157
-146
-116
-114
-136
-135
-121
-132
-140
-142
-131
-97
-90
-99
-89
-93
-92
-82
-86
-82
-72
-68
-53
-35
-32
-22
-18
-21
-16
13
24
1
-2
17
35
44
35
38
70
67
34
18
23
43
58
51
30
22
22
11
-3
14
23
16
28
25
25
35
21
15
15
9
19
32
66
90
70
57
53
48
57
60
68
64
49
65
73
67
77
78
85
93
69
57
67
70
72
78
69
61
76
59
30
16
19
30
19
27
46
42
37
35
32
43
33
10
19
22
27
32
4
-7
1
-7
-30
-42
-56
-71
-65
-73
-71
-50
-61
-74
-80
-96
-94
-87
-95
-103
-100
-96
-102
-98
-86
-102
-120
-113
-98
-94
-97
-86
-67
-64
-71
-62
-49
-39
-45
-58
-56
-39
-10
7
-12
-22
-20
-14
6
-7
-20
19
35
26
11
-10
10
28
20
13
37
85
93
60
48
56
66
65
50
43
60
71
71
57
34
28
26
25
35
43
46
40
31
18
38
69
56
31
26
26
22
33
32
10
2
7
9
2
-11
-18
-14
-6
-11
-8
-3
3
4
-14
-16
0
10
7
-10
-27
-10
14
17
7
9
29
40
37
32
22
29
39
45
40
34
35
36
37
18
3
12
5
10
20
9
-1
-2
-11
-29
-29
-17
-17
-16
-36
-67
-58
-28
-11
-30
-39
-20
-36
-55
-59
-54
-25
-30
-59
-56
-41
-50
-78
-84
-70
-56
-57
-54
-47
-41
-42
-55
-38
-29
-38
-19
-6
-7
-15
-16
9
22
10
12
22
28
22
10
19
38
37
31
17
-8
6
20
10
20
22
12
15
13
29
49
39
29
37
43
40
52
42
30
43
30
0
6
10
7
8
-6
-7
-9
-19
-15
-20
-19
-21
-27
-15
-7
-20
-18
2
5
-4
-5
10
23
16
0
7
35
31
17
31
26
16
20
16
18
32
37
25
27
42
39
41
32
16
28
19
16
32
25
27
21
5
18
20
8
12
11
3
-3
2
8
8
-2
-1
12
-1
-17
-19
-30
-36
-21
-24
-34
-35
-45
-50
-57
-53
-40
-32
-27
-41
-53
-51
-55
-53
-60
-62
-51
-46
-45
-48
-47
-53
-74
-75
-58
-44
-20
-17
-25
-14
-14
-9
11
11
13
33
12
5
29
43
57
53
41
43
27
31
47
51
49
40
42
41
33
28
23
27
18
15
22
3
-3
-3
-13
-2
-8
-17
12
13
-3
8
7
-1
1
-12
-19
-6
2
1
1
0
7
17
13
-5
-6
14
13
15
27
19
15
4
1
31
31
19
33
23
5
12
13
11
21
10
-7
2
2
14
26
25
35
24
2
2
22
21
12
