1
-12
-15
2
1
-8
4
-5
-11
-4
-15
3
6
-10
-6
26
9
-34
22
28
-30
6
23
9
-25
16
32
-32
5
25
-19
17
12
-22
-8
-3
12
-18
1
14
-25
6
13
-12
7
-8
-4
3
-17
14
2
-31
3
18
-15
-1
22
-18
15
30
-44
1
10
-10
23
-19
-5
-12
3
30
-38
5
26
-20
12
13
-19
1
1
-12
-1
17
12
-8
14
9
-11
8
16
-17
7
36
-31
-12
27
-19
-17
16
0
-2
14
-6
-16
5
-6
-14
11
-10
-7
28
-12
-6
49
-8
-13
3
-10
11
20
-2
-3
14
-1
-14
-10
-17
12
-3
-22
20
-10
-4
-12
-21
7
-13
11
-16
-41
32
1
-9
36
-3
-47
30
25
-73
40
38
-96
55
34
-91
44
19
-43
15
20
-27
8
43
-25
1
48
6
-4
-10
14
22
-39
42
20
-31
85
-9
-26
41
-34
39
18
-66
36
18
-23
-4
-10
6
-25
18
10
-68
27
41
-55
-32
70
-2
-102
47
13
-84
50
23
-73
23
22
-35
12
34
-22
-12
19
-27
19
-22
8
33
-68
41
48
-48
33
5
-8
43
-30
4
27
7
21
-12
28
-17
-27
42
-34
29
27
-47
-4
-5
-6
-2
13
0
-51
15
9
-81
14
-18
-28
67
-44
-28
47
-31
-6
14
-46
12
11
-9
11
-13
56
-17
-34
92
-23
-65
85
23
-57
97
13
-72
88
-9
-28
13
-7
66
-26
-11
97
-76
-46
101
-65
-34
27
0
-24
-60
37
-4
-101
76
14
-123
74
30
-88
3
73
-8
-79
58
66
-122
41
99
-116
13
130
-97
-32
128
-62
-50
73
11
-74
-22
107
-10
-97
104
26
-119
77
51
-94
22
90
-54
-50
83
16
-82
59
71
-155
34
111
-102
3
64
-56
16
40
-21
-44
-27
65
-52
-64
86
-51
-69
119
-71
-68
120
-55
-49
61
-30
-24
21
39
0
-35
37
-12
-1
29
-40
10
49
-9
-21
45
4
-53
25
-2
-16
61
-64
-65
94
1
-99
61
39
-85
54
42
-96
28
60
-25
-45
57
59
-91
39
58
-94
32
121
-123
18
146
-104
-10
93
-46
-27
-13
1
7
-45
62
-6
-22
29
-72
-20
18
-12
-82
-12
126
-29
-88
19
-35
-3
-30
-21
87
-71
5
81
-89
21
40
-76
66
26
-38
8
52
21
-100
93
64
-119
78
47
-61
46
24
-20
-39
81
67
-85
98
17
-137
99
41
-137
81
59
-158
56
81
-121
42
90
-145
20
111
-164
30
122
-131
-24
40
-76
-63
49
17
-108
25
84
-101
-1
56
-72
-44
79
-31
-45
50
-3
-41
9
67
-64
-11
106
-19
-33
143
-85
0
115
-106
18
104
-58
42
98
-73
74
42
-75
19
89
-61
-51
120
-59
-45
38
-71
14
-23
-39
19
-142
86
78
-127
45
45
-61
-12
69
-65
-3
37
-78
-2
56
-23
19
-33
6
73
-104
54
86
-99
50
31
-4
83
-52
-8
22
-28
-27
6
36
-38
25
69
-127
76
41
-185
110
-16
-124
112
9
-117
66
29
-79
45
-36
-9
96
-134
9
135
-123
-47
104
-62
35
57
-82
136
-84
-61
199
-202
-54
303
-225
-68
237
-183
-34
117
-45
8
-38
28
17
-57
154
-88
-117
229
-62
-167
184
54
-136
57
75
-71
40
-29
57
92
-171
105
15
-103
182
-160
5
164
-227
67
49
-88
66
-26
-18
70
-89
-63
178
-14
-144
176
-25
-135
220
-171
26
197
-290
205
30
-257
289
-179
-93
190
-349
154
57
-271
182
-62
-55
43
-115
54
1
34
-44
-2
190
-132
-31
103
-71
42
54
-96
111
30
-89
80
16
-67
160
-78
-51
272
-234
21
258
-294
129
167
-300
318
-102
-191
314
-312
47
212
-248
174
-72
-99
225
-247
69
122
-280
199
68
-339
270
62
-350
313
-53
-237
253
-223
-28
200
-308
140
109
-216
218
-14
-81
78
-29
79
-95
-31
206
-140
20
67
-88
92
-89
77
13
-79
172
-106
-42
95
-79
67
-5
-21
32
-94
85
-84
-70
84
-30
-21
-41
141
-131
-109
211
-119
-19
158
-51
27
-100
61
101
-172
168
-18
-103
95
-73
47
-72
16
86
-182
181
-1
-175
292
-155
-59
272
-235
100
86
-224
186
-59
-34
87
-111
38
-31
-27
8
-35
-15
-46
72
0
-35
97
-172
124
14
-160
171
-88
16
49
-121
199
-48
-119
148
-158
17
96
-166
57
105
-143
81
100
-143
52
87
-121
152
-26
-124
193
-160
20
44
-33
144
-187
40
156
-192
179
16
-214
259
-72
-119
92
-41
-29
63
24
-75
-9
16
-19
13
-34
15
41
-152
74
84
-83
-13
-16
91
-78
-30
146
-110
63
88
-147
70
61
-27
-14
-38
119
-149
-27
135
-174
106
39
-104
83
-81
105
-47
-144
213
-79
-82
140
-116
-47
86
-51
3
11
67
-128
1
110
-120
93
65
-79
-53
20
-5
57
1
-71
12
-4
8
27
19
-25
-18
-27
90
-59
11
116
-148
36
50
-115
144
3
-58
86
-29
22
-71
-41
80
-86
61
125
-120
58
-23
-107
82
-39
-10
29
-23
83
-34
-2
12
-81
68
8
-68
87
-40
5
14
-52
50
-57
77
14
-86
117
-52
-39
49
-51
40
-17
19
33
-32
36
20
-63
-33
-4
72
-11
-94
74
22
-98
1
31
-65
101
38
-158
117
-4
-108
49
-8
23
-46
36
61
-107
24
41
-41
126
-13
-93
121
-114
-32
125
-116
11
132
-92
-15
60
-60
33
73
36
-42
-42
2
-29
-11
48
-45
18
26
-70
29
38
-120
46
-26
-102
107
-14
-37
95
20
-96
2
14
-46
30
30
-51
68
-11
-9
29
-112
60
78
-75
104
-20
-149
129
15
-89
106
53
-9
-37
-25
18
-30
-53
74
14
-112
129
-29
-113
98
-35
-45
104
-64
24
84
-18
50
-82
-39
-14
4
-5
67
-14
-83
74
-36
-65
74
-7
12
69
-100
29
-38
3
17
-55
85
20
-33
74
-53
-39
58
-55
105
-48
-5
89
-96
57
56
-135
91
-33
-33
106
-105
10
74
-26
-56
92
-101
10
153
-198
-29
161
-102
41
14
-124
83
10
61
-83
-75
128
-83
-36
73
-87
-13
112
-73
-57
82
-23
-4
46
-4
-12
-7
-26
8
-1
-17
26
22
12
-3
-48
29
77
-6
-9
27
-26
-68
36
-18
-81
73
32
-54
54
-26
-8
-50
5
52
-142
161
83
-178
147
-5
-148
142
-79
-47
109
-46
30
26
-18
12
-13
-28
-45
-16
35
-23
26
7
-50
42
-11
11
18
-31
3
40
66
3
-41
-1
-41
50
-38
-46
116
-75
43
34
-69
29
-9
-18
-15
16
88
-96
11
46
-69
72
-69
30
19
-73
123
-72
-21
149
-135
78
11
-162
152
-95
14
60
-159
164
-36
-70
129
-113
0
59
-101
65
2
-16
-7
21
3
-98
117
-14
-70
89
-79
36
68
-85
90
-68
6
67
-121
75
-7
-61
97
-113
-8
96
-122
141
39
-161
130
-18
-41
70
-73
48
66
-103
38
-22
-25
99
-90
10
52
-105
43
24
-110
93
18
-78
68
-32
-39
65
-26
-25
-35
5
103
-62
-5
58
-128
67
105
-133
61
72
-83
9
-17
2
32
-31
1
20
4
17
-9
-5
17
6
-21
2
40
5
-39
62
37
-84
29
45
-76
31
28
-106
76
20
-60
-6
-2
26
-72
-1
89
-141
46
146
-167
48
82
-113
78
32
-102
76
3
-8
25
-58
16
-12
-24
54
-20
50
25
-36
11
-56
-35
18
46
-46
26
62
-111
75
31
-215
100
9
-46
133
-34
-6
-8
-4
18
-80
43
21
-49
42
12
8
-34
-53
-5
7
35
-40
-4
102
-67
55
38
-137
85
-15
-11
161
-100
8
75
-90
-21
-14
59
6
-39
80
-56
7
82
-112
4
-17
11
31
-6
47
-55
-5
6
-27
12
-45
35
52
-48
90
-18
-130
79
-49
-54
118
-68
-3
49
-55
62
-75
-14
91
-145
85
81
-107
54
-18
-43
79
-11
-38
48
-16
32
1
-30
-25
-33
73
5
-21
8
-38
-4
32
-10
-12
-19
10
6
-8
64
-27
-1
18
-21
33
-24
-7
-28
-1
84
-37
16
16
-94
74
19
-67
106
-95
-20
91
-105
84
12
-100
44
30
-58
41
33
-32
-8
17
-17
41
-32
1
88
-113
17
36
-102
83
51
-85
56
10
-38
-51
14
11
-40
22
54
-93
39
47
-88
41
1
33
-38
11
-1
-71
65
40
-95
60
38
-87
55
8
43
-31
-60
74
-17
-12
64
-31
-21
40
-30
0
47
-62
-26
99
-64
24
22
-78
62
5
-37
50
-64
-19
49
-1
19
-107
23
63
-54
9
-24
-54
62
61
-40
-11
-3
-29
51
-31
46
28
-105
104
-1
-92
90
-17
-28
88
-34
-1
-31
-10
87
-85
19
41
-30
72
-2
-30
13
-17
52
-26
-96
92
-13
0
-7
-29
29
-22
53
-68
-22
56
-34
23
-31
-29
57
-60
-6
7
-19
29
-36
20
-30
-38
20
-38
18
20
-22
12
-26
14
9
-5
32
-16
65
-8
-65
56
-6
31
49
-53
9
-27
34
45
-31
39
-43
26
49
-56
-9
26
3
8
5
8
-33
20
32
-1
-1
-7
46
-17
18
35
-9
40
-32
-2
80
-85
-2
46
-68
46
11
-32
30
16
-45
-47
21
-14
-24
11
8
-37
-51
7
-15
-37
41
-30
-5
37
-101
4
53
-50
32
-5
-46
40
39
-15
-58
30
-24
-48
54
-42
-37
56
-31
-12
18
-68
8
31
-41
12
-8
-9
40
-3
-12
7
8
37
32
23
-17
25
28
10
51
8
55
68
34
74
29
40
80
34
94
16
5
99
-3
-16
5
-47
2
0
-39
-1
-58
-52
23
-35
-41
-56
-99
-6
2
-86
-90
-81
-33
-49
-60
-71
-79
-54
-74
-69
-95
-71
-92
-132
-55
-127
-151
-78
-171
-138
-156
-219
-159
-207
-183
-144
-187
-157
-137
-135
-121
-81
-37
-43
36
96
59
124
143
164
235
234
241
294
309
336
370
380
374
356
352
365
407
398
334
319
324
278
240
205
226
199
166
151
27
60
133
69
131
138
110
165
125
119
129
128
134
136
180
121
70
50
12
54
14
-6
-56
-133
-83
-176
-207
-189
-273
-318
-385
-493
-830
-1019
-1057
-1169
-1038
-1131
-1271
-1132
-1222
-1220
-1148
-1150
-1081
-1093
-998
-865
-619
-314
-199
-25
136
255
481
659
792
883
973
1080
1202
1364
1405
1371
1336
1172
1014
964
832
705
563
356
306
194
22
-176
-404
-541
-800
-837
-817
-873
-736
-776
-686
-479
-410
-204
-101
29
203
340
619
771
947
1056
1056
1152
1140
1198
1198
1092
1066
956
970
926
722
622
461
323
205
46
-4
-88
-210
-294
-359
-291
-224
-253
-252
-223
-167
-108
-92
-14
48
35
72
124
106
79
6
-81
-73
-157
-393
-1101
-1992
-2234
-2277
-2097
-2068
-2629
-2640
-2551
-2618
-2315
-2174
-1995
-2017
-2094
-1622
-992
-224
186
370
721
862
1288
1758
2003
2151
2013
2065
2287
2487
2610
2409
2093
1646
1114
935
823
554
202
-283
-442
-485
-632
-713
-1041
-1311
-1564
-1622
-1221
-967
-745
-700
-649
-211
76
402
652
680
826
886
1225
1557
1601
1629
1338
1232
1223
1093
1145
933
654
454
243
235
125
-53
-209
-356
-336
-315
-151
6
-54
-60
-51
112
351
423
531
575
707
829
855
984
925
843
740
570
557
353
156
44
-184
-304
-580
-825
-927
-1167
-1219
-1461
-2707
-3938
-4234
-4013
-3324
-3151
-3707
-3525
-3166
-2998
-2511
-2058
-1509
-1356
-1400
-737
354
1541
2088
2160
2317
2388
2651
2954
3207
3241
2758
2393
2336
2390
2362
1888
1244
402
-544
-905
-946
-982
-1180
-1738
-1912
-1794
-1737
-1568
-1587
-1556
-1495
-1328
-665
76
700
882
960
1367
1657
2023
2307
2411
2417
2112
2052
2137
2033
1719
1073
666
395
110
32
-189
-422
-733
-1121
-1131
-1081
-1009
-871
-809
-579
-307
89
560
789
930
930
1130
1442
1537
1734
1785
1760
1705
1481
1336
1083
747
369
-6
-207
-430
-668
-956
-1313
-1635
-1981
-2115
-1967
-2036
-2432
-3507
-5066
-5389
-4616
-3666
-2912
-3183
-3331
-2869
-2566
-1965
-1346
-714
-290
-406
168
1406
2612
3250
3024
2690
2462
2477
2690
2857
2952
2426
1613
1290
1218
1141
731
-103
-860
-1574
-1930
-1677
-1443
-1343
-1640
-1914
-1595
-1272
-746
-296
-137
113
232
832
1676
2165
2346
2064
2054
2252
2341
2565
2437
2093
1508
895
784
662
402
-118
-660
-816
-989
-965
-853
-961
-1039
-1253
-1135
-666
-285
163
388
597
957
1273
1737
2064
2097
1989
1868
1929
1967
1890
1799
1517
1185
828
479
236
-183
-675
-1109
-1480
-1593
-1496
-1540
-1670
-1888
-2281
-2294
-2228
-2393
-2885
-4446
-5366
-4698
-3772
-2701
-2592
-3000
-2456
-2271
-2102
-1579
-945
20
14
35
1049
2170
3025
2895
2417
2224
2065
2104
2251
2679
2658
1789
1142
777
693
572
-92
-551
-1058
-1559
-1486
-1332
-913
-796
-1225
-1191
-1021
-583
50
459
900
898
969
1381
1788
2190
1998
1796
1849
1767
1862
1818
1749
1380
512
25
-155
-146
-249
-615
-676
-755
-892
-845
-783
-602
-630
-705
-395
96
717
1004
1096
1351
1463
1709
1965
2094
2176
1907
1703
1598
1419
1353
1010
654
348
-88
-334
-628
-866
-1177
-1647
-1713
-1668
-1528
-1330
-1538
-1831
-1975
-2064
-2048
-2060
-3061
-4530
-4725
-4152
-2903
-2003
-2701
-2775
-2519
-2477
-1781
-1460
-565
266
-112
324
1240
2177
3031
2557
2019
2077
2033
2330
2718
2873
2562
1592
751
514
681
500
-69
-549
-1159
-1369
-1274
-1135
-653
-971
-1438
-1214
-930
-45
615
814
1113
855
868
1319
1745
2052
1783
1709
1776
1763
1879
1607
1262
653
-91
-250
-202
18
-86
-539
-627
-817
-885
-708
-651
-385
-345
-314
134
562
1025
1166
1143
1304
1426
1784
2009
1958
1884
1578
1330
1277
1097
904
655
299
-29
-443
-660
-769
-1097
-1300
-1450
-1690
-1336
-1112
-1381
-1234
-1624
-2034
-1744
-1913
-1857
-2585
-4367
-4369
-3712
-2854
-2032
-3124
-3322
-2649
-2645
-1826
-1341
-685
203
-164
108
1178
2192
2894
2505
2064
2172
2464
2745
2898
2979
2349
1386
757
428
710
536
-200
-619
-1310
-1533
-1253
-1209
-946
-1252
-1568
-1158
-652
259
853
1009
1164
923
1030
1502
1972
2263
1984
1903
1931
1816
1784
1401
1075
586
-74
-177
-143
-19
-244
-800
-956
-1078
-957
-742
-623
-247
-205
-129
283
645
1090
1147
1132
1423
1631
1984
2107
1948
1853
1499
1265
1135
966
867
463
126
-128
-404
-619
-1010
-1120
-1257
-1610
-1547
-1437
-1389
-1084
-1186
-1567
-1616
-1894
-2041
-1875
-2951
-4416
-4740
-4145
-2516
-2081
-3177
-3244
-3051
-2775
-2261
-2077
-670
658
290
334
1264
2471
3158
2500
2050
2522
2926
2970
3033
3152
2679
1618
473
88
521
280
-336
-823
-1432
-1516
-1649
-1660
-1154
-1297
-1427
-1014
-443
511
1108
1304
1439
1326
1381
1747
2332
2629
2405
2151
1920
1825
1541
1002
652
142
-251
-445
-581
-391
-569
-1021
-1250
-1330
-1027
-735
-471
-16
179
305
476
796
1324
1506
1582
1774
2024
2351
2320
2078
1888
1499
1176
985
786
797
475
-112
-461
-885
-987
-986
-1265
-1343
-1570
-1621
-1311
-1172
-934
-987
-1122
-1166
-1604
-1822
-1867
-2423
-3895
-5106
-4675
-3349
-2318
-2838
-3973
-3690
-3090
-2887
-2566
-1711
-38
544
151
808
2048
3152
3186
2322
2512
3130
3321
3434
3218
3012
2275
983
349
244
317
-50
-873
-1415
-1877
-1915
-1737
-1563
-1257
-1434
-1183
-423
181
968
1304
1489
1779
1632
1899
2440
2718
2709
2249
2038
1939
1540
1071
558
232
-155
-628
-718
-741
-812
-1083
-1396
-1277
-1108
-779
-441
-183
271
425
520
865
1255
1616
1767
1959
2210
2370
2492
2200
1831
1661
1354
1065
797
555
357
10
-410
-818
-1121
-1214
-1379
-1464
-1554
-1702
-1377
-1131
-955
-684
-896
-1208
-1552
-1975
-1906
-1974
-3171
-4786
-5226
-4281
-2891
-2635
-3800
-4086
-3519
-3159
-2669
-2173
-665
751
425
458
1502
2837
3722
3060
2519
3136
3531
3552
3331
3015
2625
1448
259
-53
120
68
-686
-1498
-2033
-2144
-1869
-1721
-1300
-1099
-1018
-439
77
909
1674
1930
2134
1984
2035
2464
2759
2849
2444
2051
1760
1313
1008
544
113
-260
-817
-1061
-1108
-1086
-1128
-1357
-1360
-1155
-774
-339
9
403
575
683
989
1336
1822
2106
2236
2419
2402
2427
2216
1737
1523
1256
1001
745
305
235
10
-536
-1078
-1562
-1467
-1362
-1409
-1362
-1458
-1209
-1155
-1204
-659
-460
-326
-545
-1472
-1729
-1837
-2358
-3452
-5021
-5229
-4326
-3458
-3225
-4057
-4292
-3704
-3337
-2909
-2143
-575
744
803
1065
1990
3231
3955
3382
3141
3579
3868
3909
3395
3041
2508
1294
318
-292
-322
-407
-1245
-1948
-2381
-2430
-2136
-1921
-1507
-1204
-849
-189
479
1299
1882
2236
2496
2509
2695
2935
3023
2868
2412
2134
1849
1395
827
97
-303
-702
-1185
-1395
-1548
-1471
-1431
-1572
-1402
-1109
-699
-241
53
481
860
1138
1377
1671
2135
2378
2548
2636
2507
2446
2117
1619
1398
1196
961
556
89
-205
-560
-1026
-1424
-1565
-1484
-1324
-1299
-1423
-1370
-1063
-867
-739
-390
-125
125
-31
-1063
-1637
-1749
-2217
-3401
-5307
-5709
-4530
-3639
-3573
-4578
-4834
-3884
-3651
-3437
-2455
-811
748
865
931
2129
3539
4191
3670
3353
3930
4273
4106
3580
3110
2657
1431
279
-284
-504
-645
-1521
-2275
-2529
-2596
-2191
-1960
-1696
-1270
-868
-105
591
1358
2088
2491
2788
2712
2804
3113
3152
2913
2357
2025
1774
1244
614
-141
-535
-829
-1301
-1483
-1572
-1512
-1444
-1548
-1342
-956
-520
-57
284
728
1058
1229
1473
1783
2206
2451
2539
2618
2499
2307
1961
1551
1354
1114
801
347
-153
-445
-808
-1168
-1363
-1602
-1597
-1446
-1437
-1236
-1090
-946
-710
-701
-369
71
189
170
-623
-1597
-1850
-2396
-3793
-5232
-5703
-4855
-3668
-3743
-4666
-4807
-4271
-3707
-3351
-2602
-726
746
1009
1381
2274
3535
4295
3752
3474
4037
4290
4205
3607
2956
2493
1296
125
-469
-751
-930
-1584
-2242
-2585
-2610
-2305
-2054
-1576
-1118
-612
356
1083
1690
2141
2322
2799
3056
3168
3392
3179
2786
2190
1590
1441
1064
348
-393
-1022
-1315
-1649
-1883
-1781
-1647
-1593
-1587
-1292
-728
-212
149
413
909
1386
1663
1956
2184
2502
2699
2637
2672
2583
2395
2080
1479
1147
948
508
76
-363
-783
-1037
-1359
-1534
-1540
-1700
-1564
-1423
-1377
-1033
-727
-543
-320
-87
106
492
462
-456
-1333
-1974
-2485
-3629
-5722
-6300
-5302
-4254
-3938
-5196
-5593
-4573
-4194
-3773
-2926
-1179
950
1378
1499
2596
3934
4866
4456
3992
4499
4897
4776
4007
3316
2777
1598
402
-555
-914
-1055
-1971
-2686
-3113
-3111
-2575
-2459
-2032
-1433
-826
265
1033
1841
2555
2760
3041
3165
3528
4026
3993
3412
2335
1777
1626
1111
432
-530
-1165
-1532
-2018
-2123
-2194
-2216
-2120
-2112
-1641
-868
-185
308
504
930
1448
1843
2243
2521
2906
3067
2982
3013
2925
2734
2175
1485
1120
848
653
168
-352
-698
-1197
-1484
-1702
-1731
-1642
-1734
-1535
-1192
-736
-360
-492
-568
-243
251
860
903
-25
-1223
-2204
-2955
-4144
-5758
-6390
-5823
-4787
-4395
-5344
-5736
-5083
-4550
-4025
-3373
-1528
789
1610
1954
2668
3860
4913
4590
4130
4676
5189
5029
4274
3474
2922
1818
327
-777
-1208
-1341
-1982
-2717
-3168
-3163
-2793
-2679
-2227
-1501
-747
326
1127
1910
2673
3058
3406
3444
3638
4065
4038
3702
2810
1865
1413
931
303
-476
-1179
-1664
-2092
-2316
-2380
-2274
-2174
-2162
-1804
-1189
-357
323
652
1082
1407
1737
2195
2526
2963
3179
3087
3076
2942
2785
2319
1551
1110
697
422
107
-369
-625
-1194
-1695
-1930
-2052
-1696
-1507
-1360
-1134
-993
-669
-606
-375
94
334
813
972
546
-192
-1597
-2370
-3057
-4954
-6281
-6636
-5663
-4047
-4665
-5966
-5800
-5197
-4365
-3894
-2911
-279
1439
1708
2104
3210
4795
5246
4439
4155
4905
5380
4867
4110
3360
2524
1249
-456
-1214
-1310
-1749
-2301
-3017
-3306
-2944
-2781
-2503
-1996
-1412
-363
688
1618
2500
3026
3416
3525
3477
3687
3996
4030
3446
2690
1915
1162
646
-202
-1011
-1479
-2039
-2338
-2413
-2361
-2186
-2212
-2038
-1563
-913
-94
499
1007
1382
1634
2034
2380
2828
3143
3146
3148
3001
2851
2555
1878
1333
862
465
269
-139
-588
-1046
-1549
-1880
-2108
-1938
-1619
-1524
-1256
-1071
-812
-289
-168
17
354
482
854
829
154
-761
-2141
-3042
-4048
-5799
-6420
-6135
-5286
-4528
-5541
-6149
-5420
-4744
-3886
-3254
-1862
530
1708
2150
2902
4009
5063
4961
4469
4674
5226
5330
4516
3609
2851
1873
630
-832
-1459
-1641
-2199
-2654
-3217
-3255
-2801
-2703
-2283
-1736
-984
248
1115
1967
2816
3300
3720
3750
3643
3761
3909
3794
3230
2603
1635
715
112
-786
-1325
-1762
-2350
-2422
-2536
-2491
-2169
-2041
-1697
-1328
-832
15
740
1324
1675
1937
2232
2528
2967
3150
3213
3192
2896
2693
2226
1629
1197
654
296
-61
-501
-779
-1248
-1754
-1958
-1978
-1777
-1517
-1415
-1231
-866
-499
-158
133
249
561
807
730
587
-341
-1824
-2717
-3608
-5107
-6117
-6468
-5946
-4789
-5181
-6296
-6038
-5198
-4173
-3505
-2953
-719
1349
2009
2621
3389
4704
5614
5049
4679
5285
5762
5392
4300
3290
2671
1641
11
-1177
-1599
-1939
-2422
-3162
-3626
-3228
-3036
-2894
-2318
-1670
-513
522
1243
2257
3011
3544
3927
3835
3774
3977
4074
3793
3260
2386
1342
596
-251
-1079
-1692
-2321
-2579
-2714
-2724
-2376
-2170
-1912
-1580
-1239
-531
276
1027
1543
1842
2256
2607
2975
3275
3358
3366
3153
2947
2689
2185
1768
1243
692
265
-364
-818
-1135
-1547
-1793
-1958
-1928
-1767
-1652
-1496
-1267
-978
-655
-244
173
538
719
607
164
-773
-1919
-2596
-3510
-5140
-6239
-6371
-5441
-4449
-5208
-6229
-5906
-5102
-4206
-3619
-2647
-366
1227
1616
2270
3370
4836
5468
4776
4606
5224
5568
5199
4271
3540
2898
1703
137
-950
-1353
-1788
-2402
-3184
-3583
-3174
-2923
-2745
-2309
-1725
-674
219
1017
2067
2875
3476
3653
3697
4010
4214
4035
3259
2593
2322
1825
1259
255
-857
-1455
-2164
-2487
-2407
-2368
-2166
-2143
-2044
-1619
-1153
-619
-69
484
1007
1525
2133
2656
3143
3332
3273
3375
3352
3285
3104
2543
2097
1626
1051
499
-149
-596
-1086
-1505
-1846
-2119
-1915
-1901
-1889
-1793
-1926
-1405
-908
-627
-27
33
133
-84
-1224
-2082
-2858
-3757
-5116
-6335
-6041
-5153
-4492
-5016
-6066
-5590
-4833
-4305
-3619
-2684
-537
960
1293
2170
3368
4707
5207
4644
4675
5168
5504
5186
4367
3901
3199
2113
767
-409
-842
-1476
-2257
-2883
-3363
-2973
-2691
-2566
-2119
-1811
-927
-96
513
1584
2464
3282
3653
3584
3866
4125
4227
3634
2744
2302
1744
1285
543
-452
-1051
-1846
-2377
-2480
-2538
-2307
-2215
-2017
-1598
-1217
-659
-201
394
974
1302
1895
2416
2982
3463
3393
3453
3461
3330
3243
2808
2376
1962
1464
893
202
-253
-826
-1504
-1806
-2056
-2042
-1789
-1824
-1770
-1516
-1456
-1223
-834
-576
-52
120
-350
-1016
-2255
-3098
-3860
-5633
-6381
-6265
-5727
-4632
-5260
-6026
-5483
-5034
-4216
-3732
-3099
-988
611
1249
2075
3265
4678
5333
4948
4607
5108
5543
5154
4644
3977
3449
2820
1238
103
-548
-1433
-2071
-3045
-3498
-3054
-2842
-2500
-2241
-1840
-1073
-585
57
846
1879
2858
3343
3749
3839
4069
4214
3626
3060
2348
1824
1694
975
267
-512
-1383
-1746
-2243
-2525
-2452
-2301
-1914
-1703
-1426
-987
-509
37
284
714
1328
1963
2711
3090
3396
3611
3565
3518
3262
3070
2772
2252
1895
1305
722
232
-461
-898
-1407
-1881
-1849
-2028
-2076
-1873
-1858
-1498
-1128
-1151
-1003
-599
-645
-934
-1708
-3009
-3407
-4378
-5972
-6161
-6022
-5173
-4316
-5449
-5696
-4770
-4303
-3471
-3236
-2442
-414
640
1167
2236
3546
4715
5094
4554
4391
4975
5023
4629
4214
3514
3197
2533
1107
316
-430
-1297
-2001
-3131
-3458
-2927
-2532
-2107
-1848
-1474
-841
-365
47
621
1586
2428
2855
3250
3611
4104
4041
3147
2557
2176
1801
1474
859
341
-56
-611
-1172
-1561
-1792
-1942
-1956
-1882
-1662
-1147
-727
-379
76
305
690
1220
1715
2323
2710
3025
3369
3567
3532
3311
3023
2485
1977
1660
1271
979
467
-164
-591
-1182
-1701
-1861
-1908
-1929
-1774
-1962
-1861
-1138
-1103
-1046
-967
-1670
-2037
-2747
-3776
-4330
-5477
-5879
-5531
-5369
-4659
-4786
-5043
-4379
-4050
-3562
-2937
-2163
-829
196
905
1783
3041
4082
4356
4431
4318
4485
4694
4105
3898
3680
3147
2693
1567
796
241
-699
-1414
-2369
-2875
-2779
-2703
-2201
-1823
-1342
-813
-655
-171
172
701
1464
1864
2527
3037
3401
3498
3027
2861
2556
2122
1780
1095
687
356
-26
-203
-604
-868
-1170
-1554
-1603
-1615
-1327
-972
-743
-305
-48
320
755
1083
1629
1924
2240
2724
2999
3268
3339
3152
2870
2440
1999
1549
1167
798
421
59
-478
-806
-1145
-1564
-1657
-1912
-1988
-1773
-1793
-1564
-1377
-1649
-1988
-2764
-3649
-4109
-5031
-5925
-5977
-5799
-5092
-4415
-4689
-4387
-3554
-3096
-2496
-2220
-1616
-234
523
1010
1982
3085
4148
4632
4388
4230
4351
4150
3659
3208
2734
2508
2122
1305
802
249
-447
-1165
-2282
-2911
-2946
-2797
-2320
-1899
-1285
-478
32
319
544
947
1378
1668
1927
2286
2831
3155
3099
2929
2686
2398
1849
1010
427
122
-99
-324
-506
-600
-723
-848
-1154
-1393
-1287
-1219
-1043
-726
-388
268
818
1219
1667
1930
2249
2511
2617
2810
2927
2884
2710
2478
2223
1864
1485
994
581
278
-182
-538
-949
-1363
-1484
-1675
-1720
-1639
-1814
-1716
-1797
-2370
-3001
-3965
-4575
-5116
-6051
-6244
-5908
-5230
-4477
-4565
-4397
-3548
-2903
-2407
-2098
-1456
-220
689
1185
1908
3009
4000
4393
4219
4001
4201
4144
3590
3121
2618
2345
1989
1094
537
177
-306
-899
-1899
-2497
-2565
-2528
-2339
-2107
-1586
-859
-277
119
487
1054
1525
1755
1933
2087
2507
2724
2619
2712
2698
2602
2266
1480
900
463
-11
-387
-672
-694
-724
-778
-866
-998
-904
-961
-1045
-904
-739
-230
315
774
1395
1834
2242
2549
2614
2722
2741
2647
2484
2321
2246
2050
1741
1299
923
645
178
-287
-729
-1099
-1314
-1612
-1688
-1680
-1752
-1623
-1858
-2320
-2813
-3635
-4369
-5267
-6279
-6506
-6197
-5541
-4830
-4656
-4192
-3283
-2686
-2307
-1995
-1452
-522
209
695
1565
2837
3899
4385
4342
4268
4408
4220
3587
3032
2581
2284
1957
1301
824
506
30
-621
-1555
-2293
-2493
-2536
-2502
-2364
-1930
-1217
-561
-70
287
839
1346
1576
1743
1907
2251
2453
2458
2585
2647
2700
2502
1966
1490
942
400
-56
-507
-718
-809
-849
-815
-812
-737
-725
-791
-833
-801
-548
-207
277
926
1487
2051
2512
2770
2882
2777
2591
2388
2174
2034
1857
1759
1669
1395
1040
592
163
-318
-778
-1151
-1582
-1806
-1827
-1883
-1772
-1903
-2366
-2862
-3746
-4600
-5443
-6318
-6546
-6356
-5943
-5360
-4920
-4200
-3156
-2379
-1938
-1607
-1135
-516
35
540
1402
2617
3613
4198
4471
4615
4726
4459
3755
3063
2461
1988
1598
1117
811
681
326
-316
-1106
-1764
-2162
-2463
-2623
-2579
-2163
-1564
-980
-350
256
914
1362
1533
1668
1757
1984
2177
2188
2380
2507
2499
2422
2000
1601
1233
689
89
-471
-786
-926
-989
-1000
-898
-678
-581
-570
-623
-630
-421
-250
-18
488
1089
1716
2294
2703
3018
3138
2944
2615
2279
1968
1715
1504
1243
1149
1076
748
476
86
-285
-580
-1205
-1605
-1710
-1797
-1666
-1793
-2212
-2630
-3273
-4051
-5008
-5919
-6313
-6327
-6068
-5816
-5583
-4795
-3672
-2796
-2269
-1835
-1174
-586
-280
23
716
1856
2859
3470
3924
4452
4936
4946
4488
3886
3302
2760
2053
1324
900
745
611
121
-527
-972
-1312
-1741
-2268
-2617
-2576
-2271
-1864
-1462
-822
62
729
1137
1381
1612
1874
1888
1803
1979
2251
2449
2406
2206
2145
2036
1674
1121
590
183
-195
-526
-776
-853
-758
-727
-723
-699
-566
-366
-311
-241
-24
391
932
1379
1822
2365
2757
2863
2789
2631
2429
2129
1750
1378
1160
985
729
550
469
376
46
-461
-848
-1108
-1276
-1511
-1956
-2342
-2887
-3562
-4210
-5208
-5950
-6219
-6485
-6388
-6179
-6147
-5472
-4449
-3712
-2996
-2399
-1744
-858
-352
-30
766
1662
2476
3191
3626
4245
4991
5155
4893
4545
4080
3615
2908
2013
1443
1065
637
127
-474
-877
-1099
-1477
-1974
-2329
-2494
-2451
-2264
-2099
-1625
-825
-178
366
844
1281
1787
1944
1908
2036
2161
2359
2437
2320
2291
2317
2103
1714
1364
997
608
214
-167
-400
-483
-625
-778
-826
-756
-600
-490
-347
-12
352
630
977
1400
1851
2187
2297
2324
2403
2366
2183
1989
1660
1339
1076
775
549
382
255
71
-208
-476
-712
-887
-1033
-1387
-1898
-2416
-3055
-3725
-4595
-5526
-6011
-6246
-6325
-6237
-6185
-5797
-4947
-4195
-3621
-3082
-2465
-1735
-1197
-827
-190
759
1664
2352
2897
3561
4392
4913
4958
4890
4658
4263
3770
3036
2385
1964
1515
939
332
-116
-368
-727
-1224
-1649
-1996
-2266
-2376
-2441
-2297
-1829
-1354
-926
-448
100
665
1065
1203
1451
1810
2026
2207
2275
2342
2548
2561
2332
2175
2008
1682
1275
835
505
287
-40
-320
-445
-612
-631
-559
-534
-309
-53
156
454
758
1055
1343
1528
1658
1802
1892
1850
1734
1607
1438
1239
1004
776
535
366
288
106
-88
-204
-294
-436
-822
-1404
-2010
-2634
-3298
-4221
-5204
-5737
-5961
-6046
-6088
-6140
-5812
-5074
-4378
-3870
-3375
-2682
-1950
-1520
-1301
-816
35
938
1685
2206
2889
3830
4437
4627
4680
4602
4477
4063
3331
2768
2396
2000
1498
916
450
230
-26
-497
-964
-1330
-1636
-1885
-2154
-2281
-2065
-1760
-1454
-1140
-720
-97
403
666
903
1245
1565
1788
1919
2013
2125
2246
2238
2167
2156
2041
1834
1497
1081
744
488
204
-142
-413
-536
-559
-522
-423
-226
4
232
498
794
1070
1169
1231
1398
1537
1510
1429
1428
1407
1287
1112
921
682
615
547
316
127
-23
-151
-273
-442
-755
-1221
-1861
-2532
-3380
-4365
-5015
-5474
-5776
-5838
-5933
-5908
-5388
-4648
-4011
-3529
-3106
-2471
-1942
-1655
-1276
-724
23
769
1233
1757
2727
3636
4103
4287
4320
4317
4152
3712
3183
2726
2324
1900
1341
802
567
473
228
-160
-553
-852
-1092
-1383
-1689
-1864
-1827
-1688
-1549
-1321
-853
-327
108
477
771
1141
1493
1675
1765
1855
1932
1938
1888
1904
1974
1946
1761
1548
1324
1005
703
384
47
-219
-460
-539
-452
-334
-133
77
285
487
656
883
1049
1104
1138
1155
1211
1250
1275
1209
1039
942
775
606
576
374
146
67
-43
-95
-216
-423
-645
-1059
-1622
-2219
-3035
-3947
-4558
-5016
-5293
-5370
-5485
-5444
-4952
-4373
-3853
-3367
-2923
-2310
-1898
-1707
-1375
-843
-228
402
842
1325
2173
3006
3573
3893
4043
4100
3969
3571
3128
2768
2376
1932
1412
875
673
649
431
116
-205
-466
-684
-1000
-1310
-1475
-1572
-1632
-1649
-1503
-1084
-600
-221
177
569
877
1192
1424
1527
1658
1710
1685
1721
1728
1770
1833
1762
1637
1453
1161
857
568
254
-71
-294
-403
-399
-301
-139
75
242
453
680
798
884
945
1016
1083
1091
1045
1025
1062
1033
932
799
671
559
377
221
208
114
-87
-179
-375
-685
-1026
-1540
-2094
-2751
-3643
-4327
-4777
-5008
-5021
-5242
-5321
-4900
-4272
-3711
-3251
-2829
-2273
-1790
-1577
-1278
-795
-240
316
708
1152
1981
2784
3277
3617
3814
3898
3865
3506
3044
2702
2308
1822
1244
781
612
515
314
45
-227
-395
-528
-756
-1056
-1294
-1418
-1502
-1539
-1450
-1094
-610
-264
53
441
867
1250
1431
1474
1576
1646
1521
1423
1459
1541
1601
1522
1368
1295
1220
1038
823
467
126
-84
-339
-393
-250
-142
26
205
360
638
860
979
1022
1010
1086
1151
1113
1096
1083
998
899
758
585
463
409
293
117
-14
-118
-226
-333
-493
-808
-1210
-1645
-2185
-2950
-3816
-4374
-4683
-4912
-5075
-5247
-5128
-4622
-4025
-3514
-3068
-2507
-1911
-1552
-1338
-981
-454
44
421
767
1313
2113
2851
3291
3592
3803
3848
3741
3378
2922
2532
2101
1583
1002
541
392
334
131
-144
-336
-435
-552
-779
-1098
-1288
-1364
-1457
-1497
-1327
-883
-423
-89
284
699
1122
1485
1623
1641
1627
1594
1568
1509
1520
1525
1505
1520
1440
1316
1178
968
696
369
68
-171
-378
-441
-391
-273
-73
163
426
682
880
981
1018
1017
1045
1099
1081
1050
1010
948
902
790
717
637
475
317
162
35
-106
-248
-382
-642
-1065
-1530
-2058
-2691
-3539
-4415
-4946
-5193
-5290
-5413
-5496
-5184
-4511
-3902
-3384
-2795
-2096
-1487
-1171
-934
-481
154
676
1031
1378
2028
2863
3400
3673
3881
3984
3975
3652
3043
2531
2104
1578
924
331
21
-65
-198
-471
-653
-712
-787
-869
-1098
-1279
-1271
-1316
-1300
-1159
-832
-308
120
508
964
1346
1701
1903
1929
1924
1846
1690
1557
1500
1458
1421
1354
1243
1128
971
753
532
267
-4
-234
-472
-626
-586
-431
-226
10
269
601
936
1161
1286
1370
1409
1406
1382
1329
1300
1236
1054
901
798
696
587
413
200
93
-58
-319
-514
-813
-1228
-1714
-2378
-3049
-3812
-4681
-5239
-5607
-5788
-5791
-5838
-5554
-4846
-4054
-3371
-2749
-2052
-1353
-856
-532
-81
527
1084
1498
1853
2394
3145
3759
4005
4120
4195
4049
3675
3091
2471
1896
1256
561
-57
-490
-669
-748
-968
-1118
-1178
-1191
-1146
-1193
-1298
-1271
-1135
-988
-728
-340
200
713
1114
1470
1803
2085
2263
2270
2095
1908
1690
1486
1323
1168
1053
971
872
720
534
353
156
-128
-434
-643
-710
-688
-623
-482
-208
140
518
944
1345
1631
1803
1892
1884
1888
1837
1720
1665
1498
1272
1087
906
762
552
310
138
-89
-301
-504
-834
-1187
-1675
-2341
-2898
-3568
-4575
-5462
-6030
-6261
-6207
-6329
-6335
-5715
-4797
-3902
-3140
-2418
-1492
-644
-244
88
708
1430
2028
2336
2573
3215
3939
4293
4436
4411
4248
3971
3318
2473
1754
1022
264
-488
-1225
-1556
-1556
-1641
-1722
-1720
-1627
-1441
-1300
-1262
-1111
-841
-574
-217
186
684
1348
1895
2242
2492
2646
2834
2850
2567
2209
1816
1392
1085
832
586
448
286
75
-53
-145
-307
-505
-708
-856
-926
-895
-677
-335
35
431
860
1275
1726
2146
2397
2466
2415
2376
2307
2124
1912
1724
1454
1113
867
660
449
247
-70
-402
-606
-866
-1135
-1452
-2045
-2648
-3168
-3900
-4949
-6013
-6673
-6872
-6835
-6841
-6820
-6192
-5077
-4017
-3157
-2319
-1208
-245
296
695
1240
2054
2729
3015
3238
3751
4482
4850
4760
4609
4327
3807
3005
1972
1040
265
-561
-1436
-2175
-2478
-2424
-2360
-2328
-2215
-1912
-1521
-1133
-803
-503
-89
370
793
1273
1888
2559
3054
3244
3251
3229
3232
2990
2451
1875
1210
660
282
-71
-342
-550
-680
-794
-896
-875
-858
-868
-883
-906
-752
-455
-76
373
809
1270
1717
2133
2583
2949
3098
3047
2945
2771
2512
2201
1854
1531
1148
761
424
115
-96
-254
-618
-950
-1036
-1218
-1453
-1794
-2460
-3072
-3391
-4121
-5393
-6423
-6932
-6851
-6576
-6676
-6572
-5609
-4281
-3226
-2458
-1549
-267
653
819
1085
1847
2711
3231
3253
3348
3995
4593
4637
4368
4031
3655
2909
1742
622
-162
-839
-1646
-2459
-3009
-3041
-2718
-2431
-2243
-1983
-1561
-1010
-530
-149
355
922
1409
1845
2334
2992
3618
3839
3645
3385
3159
2848
2340
1611
790
108
-382
-802
-1048
-1108
-1177
-1302
-1411
-1368
-1166
-957
-829
-740
-610
-306
204
742
1258
1704
2052
2336
2643
2954
3133
3088
2848
2605
2314
1991
1738
1355
940
556
84
-265
-445
-576
-799
-1042
-1116
-1113
-1106
-1301
-1847
-2378
-2749
-3272
-4317
-5649
-6381
-6437
-6274
-6234
-6341
-5773
-4361
-3127
-2410
-1629
-445
665
998
947
1359
2271
2910
2923
2844
3189
3906
4207
3869
3453
3048
2376
1309
117
-745
-1282
-1848
-2510
-2983
-2920
-2397
-1859
-1507
-1150
-625
-58
482
933
1319
1813
2218
2497
2884
3335
3733
3890
3664
3146
2521
1955
1295
459
-382
-1183
-1754
-2021
-2068
-1910
-1741
-1568
-1298
-1027
-613
-141
157
388
586
826
1194
1620
2050
2396
2575
2603
2688
2865
2898
2711
2314
1827
1502
1166
732
442
152
-231
-595
-870
-946
-849
-753
-795
-855
-531
-173
-282
-575
-1128
-1687
-1939
-3022
-4807
-5849
-6230
-6202
-6113
-6444
-6206
-4906
-3636
-2820
-2122
-1199
26
669
469
684
1666
2504
2853
2758
2872
3743
4289
3962
3428
2896
2235
1195
-169
-1133
-1615
-2157
-2741
-3060
-2964
-2394
-1651
-1195
-782
-206
335
887
1405
1821
2288
2697
3007
3411
3784
4068
4124
3765
3086
2194
1307
487
-378
-1239
-2020
-2551
-2668
-2505
-2222
-1843
-1391
-976
-578
-128
292
745
1105
1298
1510
1773
2118
2478
2595
2550
2524
2488
2397
2234
2064
1761
1380
1053
704
400
125
-177
-482
-775
-1015
-1051
-879
-673
-500
-260
112
543
802
481
-141
-687
-1321
-2317
-4073
-5836
-6538
-6554
-6459
-6617
-6646
-5560
-4011
-3081
-2488
-1580
-379
359
321
282
1128
2378
2866
2760
2889
3546
4239
4015
3201
2514
1675
541
-747
-1779
-2185
-2408
-2812
-3040
-2698
-1861
-1035
-478
-111
278
788
1279
1863
2416
2783
3110
3375
3705
3996
3979
3718
3098
2251
1353
278
-703
-1427
-2059
-2601
-2822
-2678
-2292
-1684
-1169
-737
-177
363
823
1140
1379
1717
1948
1962
2054
2194
2250
2158
1912
1721
1595
1500
1392
1223
1032
882
737
464
179
-38
-281
-500
-699
-857
-818
-524
-149
185
638
954
1164
1417
992
26
-763
-1488
-2560
-4394
-6260
-7008
-6895
-6507
-6498
-6656
-5684
-3986
-2820
-2192
-1398
-190
682
764
710
1479
2803
3509
3274
2936
3352
3973
3592
2395
1303
347
-682
-1813
-2663
-2785
-2665
-2728
-2735
-2298
-1325
-368
194
520
917
1468
2010
2600
3146
3520
3800
3930
3986
3962
3630
2933
1862
764
-156
-1140
-1942
-2413
-2721
-2824
-2697
-2276
-1556
-794
-265
129
646
1162
1622
1956
2112
2340
2454
2331
2215
2092
1894
1548
1144
843
694
722
760
759
786
769
660
398
105
-87
-312
-538
-639
-522
-200
225
690
1067
1485
1733
1725
1558
896
-98
-1105
-2059
-3360
-5299
-6938
-7371
-7004
-6529
-6526
-6494
-5245
-3538
-2548
-1948
-1074
149
950
952
1151
2254
3535
3886
3397
2990
3235
3362
2463
1112
6
-960
-1897
-2680
-2998
-2721
-2442
-2390
-2158
-1542
-639
107
453
734
1218
1844
2566
3298
3759
3947
4045
3995
3832
3445
2628
1545
344
-634
-1357
-2002
-2341
-2455
-2497
-2327
-1829
-1140
-549
-75
335
707
1261
1809
2214
2442
2506
2581
2466
2141
1813
1499
1165
791
479
393
536
706
789
870
890
802
603
223
-222
-457
-493
-498
-353
5
450
861
1436
1845
2012
2046
1549
684
-330
-1331
-2115
-2911
-4514
-6368
-7288
-7138
-6463
-6082
-6267
-5943
-4598
-3251
-2330
-1477
-296
831
1277
1333
2010
3264
3989
3676
2871
2426
2478
2111
1027
-66
-975
-1787
-2421
-2645
-2398
-1995
-1885
-1860
-1517
-862
-107
516
995
1373
1883
2584
3357
3969
4156
3948
3562
3169
2698
2044
1168
151
-761
-1268
-1572
-1899
-2014
-1950
-1876
-1654
-1235
-700
-52
471
908
1453
1998
2470
2665
2592
2507
2329
1863
1395
1093
840
667
549
446
552
752
824
802
734
557
403
184
-205
-302
-175
-76
144
381
656
1144
1392
1564
1689
1671
1395
610
-444
-1186
-1732
-2388
-3407
-5248
-6823
-7177
-6641
-6057
-5925
-5983
-5173
-3674
-2466
-1520
-434
725
1406
1348
1396
2345
3386
3454
2642
1883
1713
1732
1134
149
-628
-1326
-2052
-2486
-2366
-1881
-1499
-1418
-1266
-705
89
738
1133
1422
1746
2186
2772
3380
3683
3617
3250
2750
2292
1728
990
167
-577
-1059
-1267
-1541
-1726
-1520
-1262
-1050
-718
-335
81
645
1096
1326
1706
2157
2371
2307
2145
2097
1896
1432
997
719
586
548
451
388
537
705
711
680
685
606
434
62
-202
-79
172
321
472
673
1031
1340
1432
1495
1445
1215
562
-498
-1374
-1755
-2064
-3015
-4846
-6396
-6765
-6277
-5768
-5711
-5692
-5013
-3705
-2563
-1631
-444
605
1043
1031
1177
2002
2815
2974
2460
1702
1414
1329
919
249
-524
-1239
-1880
-2226
-1952
-1500
-1200
-1026
-857
-439
142
698
1105
1369
1624
1906
2380
3048
3399
3262
2839
2410
1988
1390
725
56
-427
-758
-974
-1168
-1320
-1135
-922
-866
-594
-230
63
493
971
1372
1745
2057
2145
2062
1915
1802
1640
1272
832
556
421
417
552
560
582
724
788
816
847
749
562
248
29
206
421
562
710
818
788
921
1064
1120
1127
831
234
-589
-1222
-1475
-1788
-2625
-4163
-5848
-6492
-6148
-5488
-5204
-5126
-4667
-3650
-2400
-1544
-673
269
677
699
725
1278
2285
2655
2199
1539
1207
1166
837
202
-416
-1082
-1614
-1880
-1721
-1191
-821
-662
-566
-272
252
662
1000
1173
1328
1709
2179
2779
3168
3073
2699
2127
1648
1202
613
43
-378
-495
-625
-782
-849
-917
-792
-698
-685
-454
-133
255
717
1152
1589
1886
1982
1890
1735
1654
1425
1076
771
596
582
588
677
831
827
759
694
694
797
740
615
443
297
443
628
841
850
762
790
756
816
903
863
721
408
-204
-901
-1353
-1579
-2246
-3620
-5207
-6167
-6037
-5344
-4950
-4895
-4568
-3683
-2588
-1885
-1246
-386
162
299
342
816
1795
2444
2295
1653
1226
1124
786
209
-334
-753
-1171
-1443
-1280
-848
-500
-366
-371
-309
3
282
580
950
1292
1670
2018
2524
2950
2837
2440
1922
1487
1156
661
274
32
0
-61
-394
-610
-798
-897
-867
-833
-587
-192
210
594
1028
1491
1695
1715
1575
1346
1295
1270
1074
865
802
803
758
695
722
701
584
454
384
593
875
864
714
543
512
641
725
791
692
574
607
677
883
924
822
689
144
-508
-1145
-1640
-1877
-2827
-4380
-5615
-5923
-5140
-4516
-4514
-4503
-3999
-2942
-2334
-1959
-1061
-231
230
208
401
1420
2208
2292
1809
1197
1052
834
362
4
-330
-584
-919
-1064
-726
-548
-448
-442
-586
-391
-168
206
704
1008
1424
1686
2047
2545
2539
2299
1911
1582
1386
1057
874
673
459
294
-113
-437
-631
-826
-879
-867
-632
-279
65
499
747
1021
1229
1190
1174
1106
1130
1225
1165
1061
962
894
820
677
636
611
564
550
545
727
895
922
835
632
516
475
500
638
603
563
684
696
754
811
726
518
233
-155
-783
-1268
-1419
-2012
-3278
-4688
-5419
-5078
-4410
-4231
-4478
-4237
-3302
-2577
-2290
-1753
-888
-258
-181
-78
681
1695
2152
1810
1267
1112
1088
749
330
76
-95
-445
-705
-503
-281
-269
-376
-535
-549
-366
-67
266
667
1061
1309
1579
1960
2214
2098
1784
1595
1472
1308
1140
1007
883
694
345
-106
-425
-639
-802
-764
-518
-285
-89
97
313
597
791
853
894
907
957
1076
1181
1214
1080
887
738
644
628
662
643
620
635
698
823
945
897
671
459
326
320
507
617
533
579
655
691
743
624
526
376
244
-80
-660
-884
-1094
-1826
-3266
-4676
-4996
-4480
-4035
-4074
-4367
-3867
-3003
-2743
-2571
-1972
-1076
-667
-703
-201
845
1683
1862
1414
1106
1070
892
621
439
407
195
-247
-275
-60
-53
-208
-456
-485
-465
-372
-88
229
610
852
982
1345
1755
1894
1739
1565
1573
1482
1394
1424
1447
1325
954
519
127
-231
-489
-595
-545
-403
-258
-142
-39
117
314
448
480
585
694
835
1081
1182
1092
919
752
656
620
633
717
704
635
628
633
761
847
762
509
255
270
331
396
491
413
379
475
542
604
555
470
408
216
66
-110
-402
-525
-1230
-2680
-3895
-4362
-3915
-3535
-3729
-3883
-3792
-3238
-2863
-2844
-2232
-1538
-1271
-1210
-924
267
1274
1388
1200
907
936
967
754
784
782
545
163
-57
226
349
38
-266
-457
-429
-368
-243
128
354
487
636
890
1318
1509
1466
1405
1451
1570
1565
1572
1589
1437
1054
609
293
-17
-146
-165
-204
-161
-205
-192
-122
-48
153
210
227
371
510
751
955
993
938
726
621
650
698
785
705
665
669
613
691
773
843
733
381
195
179
248
359
330
295
316
310
400
393
423
400
221
232
179
244
238
-36
-728
-2150
-3285
-3527
-3267
-3062
-3365
-3612
-3414
-3181
-3014
-2946
-2535
-2026
-2040
-1976
-1383
-218
737
804
630
549
628
784
793
946
983
686
427
475
772
790
407
72
-178
-310
-246
-158
80
221
159
253
563
935
1068
1072
1129
1186
1297
1409
1584
1709
1578
1315
953
635
434
286
264
192
113
46
-80
-81
-59
-5
72
49
87
230
477
728
702
603
486
434
502
563
690
724
691
708
713
789
885
854
725
492
339
319
362
379
307
228
144
169
208
172
149
84
37
97
174
269
230
129
-338
-1496
-2497
-2874
-2662
-2427
-2651
-2807
-2872
-2907
-2907
-3022
-2676
-2227
-2297
-2365
-2076
-1143
-148
48
-18
-55
-28
258
502
795
933
688
578
733
1040
1223
995
695
475
256
150
217
384
390
256
264
525
794
828
738
699
761
842
952
1164
1331
1340
1205
958
814
659
517
571
549
523
401
197
203
223
281
291
196
165
120
254
459
437
383
284
250
358
414
496
518
433
398
443
563
636
632
547
352
255
191
181
200
143
94
-3
7
64
0
-74
-124
-121
-60
3
76
115
193
176
-62
-538
-1156
-1422
-1342
-1242
-1232
-1553
-1969
-2138
-2229
-2067
-1786
-1825
-2043
-2306
-2229
-1637
-1098
-947
-1061
-1235
-1100
-641
-232
-8
-85
-241
-151
112
496
727
701
616
507
500
586
624
553
476
489
590
711
766
774
730
656
632
653
723
842
911
957
937
844
738
673
725
787
767
703
594
511
559
670
738
632
454
357
405
549
583
499
352
250
256
356
427
409
339
254
264
399
498
464
395
340
352
352
335
389
384
386
413
381
419
389
275
176
172
255
248
205
165
153
168
110
-217
-699
-1016
-1114
-989
-867
-1188
-1767
-2136
-2193
-1884
-1679
-1897
-2277
-2622
-2603
-2148
-1721
-1606
-1822
-2074
-1883
-1452
-1096
-909
-973
-1019
-885
-619
-152
211
259
214
151
269
511
616
695
776
848
967
1045
1109
1144
1087
1057
1084
1128
1197
1266
1373
1480
1448
1285
1065
953
1006
1076
1075
989
864
775
811
968
992
785
526
382
463
600
619
521
361
246
194
227
247
220
152
88
96
136
209
255
222
175
174
203
238
265
314
354
344
366
369
326
287
214
194
243
247
213
212
238
216
-43
-557
-971
-1143
-1029
-845
-1142
-1694
-2066
-2211
-1963
-1706
-1863
-2198
-2572
-2699
-2269
-1805
-1612
-1648
-1952
-1953
-1532
-1075
-775
-842
-1028
-940
-618
-152
181
240
257
292
393
514
637
769
801
825
931
1034
1109
1134
1091
1036
1006
1012
1065
1117
1180
1251
1315
1304
1114
923
849
858
926
926
820
705
660
715
813
819
667
431
297
361
512
574
485
334
231
190
214
259
229
110
9
19
137
294
359
306
258
251
249
275
269
293
362
391
427
438
392
345
263
225
254
258
213
161
143
156
-19
-516
-956
-1150
-1053
-902
-1143
-1644
-1985
-2085
-1868
-1600
-1742
-2054
-2383
-2461
-2055
-1633
-1454
-1541
-1821
-1798
-1386
-995
-750
-791
-966
-867
-586
-193
145
204
197
207
244
439
594
653
723
737
858
938
919
949
940
956
975
956
1012
1056
1093
1175
1194
1149
974
807
784
850
915
865
725
630
633
700
790
783
630
462
355
416
568
593
558
433
287
274
316
331
307
196
100
125
202
300
340
310
225
186
202
216
249
243
275
340
347
299
248
206
196
207
190
168
142
159
157
129
-121
-615
-918
-987
-851
-795
-1164
-1622
-1857
-1838
-1560
-1403
-1603
-1937
-2273
-2251
-1796
-1438
-1374
-1554
-1786
-1677
-1274
-910
-743
-867
-981
-845
-553
-203
14
76
105
135
228
379
478
540
597
678
773
809
828
870
886
912
924
892
902
978
1052
1141
1162
1071
911
775
803
886
943
917
764
693
727
756
818
768
624
505
432
495
598
607
545
396
252
258
295
311
263
145
92
75
119
186
198
207
197
188
202
205
213
268
314
331
317
303
277
240
234
211
186
190
168
143
149
54
-269
-651
-871
-847
-716
-843
-1200
-1545
-1705
-1594
-1405
-1430
-1627
-1894
-2103
-1923
-1578
-1409
-1426
-1622
-1700
-1465
-1148
-914
-866
-971
-953
-765
-498
-245
-128
-69
17
118
260
369
439
499
562
663
731
771
799
803
865
913
873
888
893
945
1066
1103
1109
1034
885
829
834
866
923
871
757
709
711
756
769
709
613
517
467
484
533
537
461
315
242
266
285
253
193
115
70
70
76
140
196
192
188
178
200
253
236
244
276
273
278
257
207
174
192
224
211
149
99
66
24
-173
-493
-703
-761
-680
-667
-879
-1186
-1418
-1488
-1347
-1217
-1332
-1568
-1831
-1828
-1566
-1376
-1298
-1423
-1583
-1494
-1217
-947
-806
-881
-951
-844
-634
-340
-167
-128
-58
26
137
311
419
464
498
553
646
710
765
763
741
761
799
826
834
863
907
934
947
936
851
743
707
725
799
817
716
586
533
583
661
669
582
463
395
437
497
496
443
336
228
222
268
303
260
174
154
155
188
237
270
263
234
228
260
311
342
333
311
321
320
303
294
276
252
203
147
103
78
62
-59
-318
-539
-639
-650
-655
-840
-1132
-1310
-1352
-1261
-1176
-1277
-1451
-1638
-1695
-1505
-1318
-1265
-1335
-1460
-1397
-1169
-931
-783
-837
-909
-831
-635
-349
-180
-158
-120
-61
53
224
329
371
421
451
513
595
622
688
720
685
720
728
736
793
797
810
839
820
789
754
683
661
665
668
688
614
534
502
478
511
541
503
440
365
352
406
428
396
336
266
245
285
310
299
239
183
199
236
315
376
316
260
247
256
323
347
310
273
234
222
249
257
185
118
116
75
11
-40
-184
-382
-542
-620
-582
-592
-784
-1024
-1179
-1168
-1048
-1036
-1165
-1326
-1447
-1367
-1181
-1124
-1134
-1209
-1253
-1164
-988
-790
-689
-718
-755
-680
-500
-321
-251
-208
-131
-61
31
139
209
239
295
371
421
442
477
509
532
598
618
618
629
639
670
700
708
691
653
621
601
600
603
604
589
595
593
527
496
462
429
438
439
434
377
292
315
359
356
352
284
258
287
292
290
270
244
240
288
336
350
323
279
283
313
331
322
295
236
202
204
185
139
74
35
0
-40
-162
-353
-501
-577
-553
-552
-671
-857
-997
-1030
-979
-906
-949
-1096
-1233
-1241
-1091
-950
-912
-985
-1080
-1035
-867
-689
-607
-641
-704
-620
-454
-314
-187
-173
-181
-130
-44
80
172
209
226
244
282
348
393
400
385
360
388
451
484
527
528
503
531
492
439
470
503
519
489
441
443
451
485
531
502
417
380
391
427
481
472
414
400
387
390
413
388
350
324
312
332
369
390
345
290
290
301
333
353
333
307
269
257
267
240
196
175
121
63
36
3
-6
-69
-230
-368
-472
-527
-519
-541
-633
-786
-922
-923
-864
-847
-874
-951
-1007
-993
-911
-823
-800
-837
-859
-819
-727
-610
-530
-523
-553
-523
-429
-302
-206
-165
-118
-91
-91
-50
21
86
127
121
130
165
204
269
316
311
306
318
341
399
445
456
451
427
414
425
444
468
472
445
420
435
437
427
425
420
408
386
390
398
416
422
403
410
419
392
364
346
368
387
365
360
362
358
364
375
367
334
322
301
247
234
221
196
196
163
139
118
53
22
-7
-76
-163
-266
-364
-418
-454
-505
-578
-667
-757
-830
-829
-781
-785
-838
-892
-915
-870
-778
-726
-730
-750
-746
-681
-589
-487
-419
-421
-415
-368
-314
-239
-185
-163
-148
-132
-73
0
32
35
62
104
121
126
141
170
212
246
266
310
336
335
328
321
346
380
387
385
374
373
399
407
415
447
439
404
387
396
424
435
415
395
396
412
404
379
361
358
356
342
321
313
335
346
331
290
246
243
268
253
234
223
204
192
167
136
132
101
57
30
1
-8
-37
-114
-188
-236
-297
-360
-407
-452
-499
-564
-633
-651
-635
-620
-642
-731
-779
-750
-690
-640
-640
-620
-578
-557
-531
-482
-421
-360
-334
-334
-309
-254
-203
-157
-139
-145
-116
-82
-59
-17
2
24
46
27
41
90
144
164
142
146
200
230
248
275
298
310
276
264
319
360
357
342
328
356
402
409
396
377
384
402
397
409
422
404
371
344
341
360
360
360
357
346
331
301
287
287
288
268
244
249
249
225
204
178
152
109
63
61
44
20
15
-11
-64
-120
-157
-192
-242
-310
-364
-407
-442
-469
-501
-538
-576
-613
-629
-624
-640
-629
-617
-620
-580
-538
-512
-496
-470
-425
-364
-317
-310
-302
-278
-253
-212
-156
-121
-79
-78
-88
-37
6
20
29
37
45
57
88
128
150
156
159
165
187
226
255
271
263
239
226
223
238
258
277
292
285
276
284
303
333
345
330
319
336
359
369
355
343
348
330
304
301
299
291
261
229
229
221
208
180
149
171
174
146
153
152
120
94
70
62
59
28
14
21
4
-22
-47
-110
-139
-175
-247
-282
-319
-358
-384
-412
-429
-443
-446
-461
-484
-480
-492
-484
-462
-472
-451
-407
-397
-379
-370
-364
-317
-288
-260
-229
-226
-198
-180
-166
-138
-129
-112
-76
-48
-35
-56
-44
20
40
71
89
58
77
116
140
182
198
197
195
195
219
254
260
235
217
215
259
294
267
249
259
290
319
320
333
344
346
347
301
292
336
341
323
310
290
300
293
246
226
207
175
153
137
123
103
85
71
41
37
55
49
30
-18
-51
-32
-32
-37
-45
-75
-99
-143
-189
-205
-229
-259
-303
-344
-356
-363
-393
-411
-414
-418
-405
-397
-390
-386
-380
-365
-347
-311
-280
-273
-262
-223
-173
-144
-148
-144
-115
-80
-75
-83
-75
-91
-100
-95
-82
-42
-47
-70
-43
-12
19
59
63
68
89
110
127
137
170
201
203
191
202
228
250
249
248
246
235
245
252
252
255
248
237
238
262
271
260
256
243
247
265
262
273
262
242
232
212
203
198
177
146
115
99
100
84
67
47
14
-16
-40
-35
-32
-78
-115
-103
-103
-126
-155
-184
-195
-187
-189
-223
-247
-268
-293
-275
-287
-305
-293
-318
-315
-288
-300
-310
-293
-279
-270
-264
-238
-197
-173
-163
-164
-154
-117
-88
-89
-82
-82
-75
-64
-53
-5
-3
-34
-15
11
22
25
19
29
30
45
70
70
72
79
85
101
118
107
106
128
153
154
165
197
183
154
161
176
200
217
202
197
202
205
217
223
221
212
207
211
232
246
227
209
190
172
148
141
134
121
109
72
62
76
64
50
36
13
6
-24
-45
-38
-35
-35
-70
-107
-127
-161
-179
-177
-172
-179
-201
-233
-272
-299
-305
-304
-295
-302
-296
-273
-265
-252
-249
-231
-214
-195
-176
-157
-124
-98
-85
-76
-61
-44
-24
8
16
1
-5
-8
7
14
5
4
21
30
11
6
16
27
28
24
16
6
6
24
49
74
100
105
94
79
90
115
135
142
157
170
184
212
217
199
182
169
158
156
191
222
203
195
198
186
180
179
167
149
144
137
110
90
83
80
62
40
36
26
8
0
-5
-21
-32
-49
-73
-77
-65
-64
-79
-87
-100
-125
-142
-164
-165
-167
-192
-195
-200
-226
-231
-230
-241
-243
-243
-252
-240
-212
-207
-210
-207
-199
-158
-139
-134
-96
-87
-61
-34
-31
0
21
40
30
9
34
51
57
48
38
50
52
42
42
45
47
38
23
36
51
43
41
45
41
33
42
75
88
73
97
121
127
157
173
165
176
190
200
206
192
176
176
182
175
183
194
168
135
127
98
86
110
110
91
88
84
71
71
59
37
25
17
-3
-21
-32
-38
-28
-15
-33
-61
-90
-96
-118
-158
-152
-153
-181
-194
-191
-192
-218
-248
-252
-264
-262
-250
-250
-252
-260
-271
-248
-206
-191
-176
-164
-148
-107
-86
-82
-53
-28
0
30
47
69
55
47
74
91
114
121
106
97
80
81
105
95
82
77
85
87
60
58
75
90
86
47
58
96
79
72
88
82
94
103
106
121
123
128
115
112
129
133
141
142
124
133
148
142
133
111
111
132
103
51
41
56
57
19
2
11
-18
-30
-32
-50
-52
-65
-90
-91
-85
-92
-114
-105
-92
-95
-101
-105
-98
-100
-94
-117
-149
-152
-142
-128
-142
-148
-132
-145
-166
-171
-174
-180
-190
-185
-160
-145
-145
-142
-102
-68
-74
-59
-33
-21
-7
-1
10
44
64
79
88
101
118
111
113
125
124
116
118
112
109
105
103
93
73
77
83
66
30
38
76
76
68
55
39
45
59
58
63
59
62
63
59
70
69
82
84
83
101
105
86
90
91
67
68
67
72
66
41
27
10
22
20
-14
-28
-31
-39
-46
-60
-70
-76
-100
-110
-115
-118
-107
-101
-84
-77
-78
-85
-77
-63
-51
-52
-55
-53
-69
-79
-79
-77
-88
-86
-80
-111
-133
-129
-124
-130
-153
-153
-131
-116
-106
-105
-92
-51
-34
-42
-20
19
31
42
54
55
73
90
106
114
128
150
143
129
116
107
105
96
99
91
63
59
50
41
56
48
31
24
15
19
23
21
27
21
19
47
51
48
60
68
71
74
83
69
55
73
88
71
56
48
52
70
52
36
38
25
3
-4
0
-2
-13
-35
-46
-58
-77
-78
-67
-69
-74
-63
-54
-57
-63
-66
-82
-72
-54
-58
-50
-44
-43
-42
-36
-41
-28
-31
-60
-46
-50
-75
-87
-84
-90
-100
-100
-101
-90
-105
-103
-72
-73
-76
-66
-58
-61
-42
-24
-25
-14
7
5
18
49
56
70
66
62
97
109
108
101
89
95
113
117
93
72
70
60
44
40
42
27
11
12
-15
-19
-4
-15
-20
-22
-12
13
19
-1
6
14
34
69
80
75
77
73
58
64
79
81
66
75
76
58
49
51
42
41
39
8
-1
2
-10
-9
-28
-50
-56
-59
-65
-73
-82
-71
-64
-63
-47
-54
-70
-52
-34
-29
-32
-42
-28
-27
-41
-43
-43
-38
-36
-47
-50
-49
-63
-66
-80
-85
-69
-77
-92
-86
-83
-77
-65
-56
-46
-46
-32
-6
-1
14
59
66
61
67
63
71
95
99
89
84
79
92
82
70
66
46
46
53
24
3
17
14
-9
-26
-27
-19
-26
-36
-40
-50
-39
-39
-58
-47
-36
-46
-43
-23
-12
-7
-1
2
20
48
51
60
62
43
42
54
76
95
97
96
75
55
60
40
22
30
33
29
14
-5
-5
18
2
-15
-8
-1
16
-9
-40
-9
16
3
-3
-1
10
-2
-12
0
9
8
-1
-13
-34
-47
-60
-47
-32
-48
-53
-54
-61
-63
-89
-98
-74
-73
-79
-64
-47
-53
-57
-35
-32
-34
-4
18
22
28
28
27
37
39
36
38
38
34
36
39
33
22
-1
-27
-21
-26
-24
-16
-43
-52
-41
-54
-70
-70
-69
-60
-57
-54
-38
-40
-36
-20
-6
9
3
8
27
40
46
58
59
61
70
62
72
79
77
78
66
58
72
69
57
48
37
30
27
23
22
27
27
25
38
41
30
29
33
42
47
42
42
36
39
38
27
37
41
24
32
33
-2
-8
-10
-13
-21
-37
-27
-27
-40
-41
-36
-31
-24
-37
-50
-42
-41
-38
-30
-40
-38
-33
-51
-41
-27
-40
-29
-23
-17
-8
-28
-32
-34
-46
-44
-36
-37
-35
-49
-69
-56
-56
-72
-75
-85
-87
-92
-98
-87
-95
-102
-81
-68
-59
-50
-50
-37
-21
-27
-22
6
13
27
34
50
84
85
76
91
100
103
115
110
90
90
86
81
77
52
58
70
52
44
37
43
50
34
19
22
26
26
35
46
40
28
27
43
51
37
32
41
55
60
48
56
57
45
26
24
36
45
48
26
23
28
32
25
11
16
15
-2
-10
-13
-9
-15
-35
-34
-24
-26
-36
-44
-45
-45
-48
-60
-65
-48
-36
-57
-85
-82
-66
-81
-109
-109
-112
-102
-83
-101
-107
-91
-91
-103
-127
-134
-124
-108
-97
-92
-87
-82
-67
-37
-28
-41
-36
-18
11
13
14
45
66
65
62
65
82
87
75
64
56
67
72
46
36
39
43
40
34
36
34
32
13
1
14
28
50
70
57
47
62
74
81
76
67
85
106
97
82
82
82
84
71
68
90
78
63
55
49
65
60
48
60
52
25
12
0
2
7
-18
-17
-1
-4
0
1
-18
-40
-53
-52
-58
-78
-89
-66
-41
-51
-80
-87
-79
-83
-88
-91
-86
-83
-87
-77
-85
-111
-114
-101
-76
-70
-96
-96
-79
-71
-79
-90
-59
-44
-71
-64
-48
-42
-28
-32
-31
-17
-8
9
18
9
0
2
12
15
16
33
21
14
41
47
42
45
36
41
41
38
52
54
53
57
64
64
63
66
76
80
82
82
84
87
92
92
93
87
76
88
100
105
104
93
88
96
86
73
73
57
43
39
41
45
38
20
12
0
-29
-46
-54
-57
-73
-82
-84
-81
-79
-82
-81
-93
-91
-79
-86
-75
-61
-65
-52
-48
-41
-46
-66
-60
-38
-37
-37
-45
-53
-45
-66
-86
-69
-71
-71
-55
-79
-90
-85
-85
-73
-66
-68
-68
-58
-50
-38
-12
-2
3
13
13
7
14
33
39
32
29
31
28
42
39
44
64
49
48
52
57
71
58
41
52
78
86
63
48
56
61
55
51
61
80
85
82
83
86
98
92
84
75
71
86
99
85
66
68
64
58
46
35
31
27
25
19
-13
-42
-47
-41
-37
-62
-75
-59
-59
-75
-79
-73
-63
-58
-64
-62
-56
-58
-57
-56
-70
-57
-46
-56
-51
-46
-45
-49
-61
-67
-76
-86
-77
-78
-84
-90
-87
-89
-89
-85
-74
-75
-80
-66
-51
-41
-48
-39
-19
-9
8
9
-2
10
11
13
22
23
47
61
55
61
64
76
72
64
75
69
66
77
81
83
85
69
79
80
61
52
51
65
70
64
56
52
62
60
52
60
61
63
61
51
57
60
56
63
47
35
31
12
10
17
16
5
-12
-27
-11
-4
-16
-12
-16
-25
-40
-49
-31
-35
-49
-48
-63
-60
-51
-65
-46
-39
-53
-58
-72
-63
-51
-57
-55
-48
-58
-61
-49
-69
-72
-66
-68
-58
-67
-75
-66
-71
-79
-74
-79
-83
-72
-75
-78
-54
-44
-42
-24
-25
-22
-16
-23
1
38
41
38
37
31
44
51
39
51
78
96
97
96
85
86
89
88
92
90
81
83
74
55
41
39
43
35
35
24
27
46
43
30
39
42
45
62
59
47
49
56
57
48
35
47
63
50
56
47
25
29
12
-3
-7
-25
-27
-9
-29
-50
-39
-58
-78
-66
-67
-65
-58
-75
-67
-57
-81
-84
-75
-65
-59
-61
-62
-61
-52
-48
-49
-41
-41
-45
-53
-71
-58
-44
-62
-67
-67
-60
-52
-54
-44
-35
-34
-40
-44
-41
-26
-11
-9
-5
4
1
6
13
14
17
25
28
23
36
57
56
47
51
52
49
59
57
55
60
61
58
58
74
74
57
67
63
50
61
48
35
50
49
39
40
32
46
71
46
29
38
41
53
54
46
61
62
42
46
48
36
32
27
15
-2
-9
-14
-25
-26
-31
-39
-55
-71
-57
-58
-72
-83
-88
-78
-71
-70
-75
-79
-68
-71
-83
-66
-58
-61
-47
-51
-60
-45
-33
-46
-51
-56
-67
-51
-46
-50
-33
-20
-27
-22
-6
-14
-12
-10
-23
-26
-9
0
6
9
6
14
19
20
24
30
31
20
23
42
42
35
43
53
43
29
54
59
55
52
37
46
40
34
35
33
29
14
31
40
22
37
41
37
33
33
56
51
57
73
55
61
59
37
33
48
61
51
43
52
41
24
20
10
7
-3
-17
-21
-21
-21
-33
-41
-44
-59
-69
-78
-79
-74
-76
-75
-69
-59
-59
-66
-74
-78
-76
-70
-67
-48
-34
-39
-36
-41
-46
-34
-26
-35
-48
-32
-15
-14
-13
-22
-32
-20
-16
-16
1
-1
-4
6
-3
-18
-13
-7
-9
11
29
29
11
3
21
24
20
33
25
25
43
44
52
52
46
42
34
41
43
40
42
35
29
36
34
45
58
40
42
58
46
40
44
39
36
45
48
44
38
43
43
25
32
37
25
26
25
20
28
23
4
-5
-10
-14
-11
-8
-7
-18
-31
-36
-54
-74
-63
-64
-72
-69
-81
-82
-92
-93
-64
-58
-65
-52
-43
-48
-46
-42
-42
-31
-24
-31
-21
-7
-9
2
8
-4
-6
-10
-14
0
4
-11
-17
-21
-24
-27
-22
-24
-28
-18
-21
-34
-22
-4
-6
-11
-4
2
13
22
25
16
17
37
43
47
59
48
45
50
57
59
45
47
66
71
61
59
58
53
46
36
33
36
34
40
42
23
21
34
29
33
38
18
10
31
28
22
24
12
16
14
-3
-6
10
11
-13
-29
-24
-24
-43
-46
-36
-50
-60
-53
-60
-50
-51
-71
-60
-48
-39
-40
-56
-46
-32
-35
-35
-32
-29
-15
-19
-24
-11
-14
-8
13
10
5
8
-4
-14
-9
-17
-25
-17
0
-12
-19
-21
-29
-27
-31
-20
-10
-18
-13
-5
8
9
-9
0
6
-7
-4
17
39
50
49
32
17
24
33
36
46
55
63
64
38
28
18
7
19
41
46
40
38
43
40
15
-10
-9
21
39
26
13
14
17
8
-16
-23
9
40
29
16
13
7
-1
-7
-3
9
19
6
-12
-18
-11
-8
-25
-33
-22
-17
-29
-40
-27
-27
-39
