37
34
29
32
36
35
27
22
28
31
25
21
25
18
11
5
1
-1
-7
-7
-12
-23
-34
-38
-42
-54
-64
-69
-73
-75
-78
-74
-72
-67
-60
-55
-48
-38
-24
-13
-10
0
10
22
27
26
39
46
47
51
51
60
67
66
60
52
45
37
28
16
6
1
-7
-13
-22
-24
-24
-28
-30
-31
-29
-26
-28
-24
-20
-19
-14
-7
-6
-6
2
7
17
27
29
33
36
34
34
38
37
36
35
33
31
32
32
33
32
23
21
21
19
19
18
15
11
9
3
0
-1
-4
-7
-11
-17
-22
-26
-35
-50
-58
-63
-76
-86
-93
-97
-96
-104
-100
-88
-76
-71
-60
-42
-29
-17
-15
-9
9
21
29
42
53
62
67
65
73
86
86
82
79
77
64
53
46
38
29
11
-4
-12
-17
-23
-29
-30
-32
-37
-37
-36
-37
-40
-40
-38
-39
-36
-25
-15
-10
0
11
24
32
36
49
49
53
53
46
50
44
42
47
36
35
38
35
44
43
37
39
36
34
27
17
11
3
-3
-3
-8
-8
-10
-13
-13
-22
-27
-31
-33
-38
-47
-50
-54
-70
-81
-94
-105
-100
-105
-115
-116
-114
-112
-102
-95
-87
-74
-72
-67
-46
-32
-25
-9
11
25
38
54
61
75
91
99
113
121
117
119
115
103
98
84
66
57
48
37
28
17
5
-11
-18
-27
-37
-43
-53
-53
-52
-62
-69
-62
-49
-41
-25
-10
2
26
33
38
56
60
65
71
71
74
79
87
91
84
81
88
87
82
75
72
73
67
60
46
32
15
1
-7
-14
-18
-24
-26
-28
-39
-46
-46
-61
-68
-70
-79
-80
-80
-81
-82
-86
-83
-81
-78
-78
-77
-68
-72
-77
-84
-92
-87
-92
-99
-101
-104
-96
-89
-79
-56
-48
-46
-36
-19
0
7
14
13
20
37
48
56
65
70
70
73
90
100
97
97
94
90
80
67
61
47
28
21
9
12
7
-13
-12
-12
-10
-6
-9
-13
-15
2
4
5
23
27
38
49
52
62
69
74
81
93
96
91
86
85
85
69
54
47
44
36
24
21
9
5
-2
-13
-11
-17
-31
-39
-47
-50
-52
-47
-40
-38
-46
-46
-40
-38
-38
-39
-30
-25
-28
-27
-26
-30
-39
-39
-36
-33
-30
-31
-38
-42
-51
-69
-74
-78
-93
-105
-122
-136
-142
-145
-143
-134
-126
-115
-103
-99
-84
-65
-51
-39
-32
-28
-6
10
21
40
58
77
96
108
117
127
141
143
138
138
129
125
116
97
92
73
52
49
41
40
42
38
37
33
26
26
29
24
12
14
22
29
27
17
21
33
41
45
48
50
47
34
28
31
33
31
22
15
16
19
19
15
8
3
4
6
8
7
1
8
3
-5
0
-5
-3
0
-15
-22
-26
-28
-29
-35
-43
-55
-62
-69
-75
-71
-68
-77
-73
-74
-77
-72
-78
-78
-72
-62
-53
-52
-56
-70
-87
-99
-109
-114
-123
-135
-143
-144
-142
-142
-131
-113
-108
-96
-75
-62
-43
-29
-20
-2
19
35
51
76
101
124
144
175
195
201
218
216
206
194
173
160
138
101
88
79
63
56
37
25
26
19
19
22
20
17
-1
-12
-8
4
14
17
34
49
62
83
101
106
110
107
97
102
100
87
71
53
42
37
32
15
2
2
-9
-7
-4
-16
-18
-33
-45
-47
-61
-60
-52
-57
-62
-64
-69
-70
-74
-84
-84
-79
-81
-93
-106
-116
-117
-120
-117
-105
-109
-119
-114
-107
-91
-90
-91
-77
-71
-67
-54
-49
-43
-33
-43
-60
-76
-117
-132
-132
-162
-180
-192
-203
-193
-192
-188
-172
-162
-141
-118
-106
-79
-48
-33
-16
4
38
85
126
173
202
229
270
298
320
333
332
319
307
298
278
249
219
195
167
145
128
113
102
72
51
36
15
5
-9
-9
-7
-12
-2
8
1
1
20
38
55
56
53
77
82
81
81
69
62
42
23
27
25
15
7
-8
-12
-15
-30
-18
-18
-26
-15
-26
-31
-23
-43
-43
-43
-55
-52
-38
-44
-62
-71
-79
-73
-72
-77
-73
-89
-117
-129
-136
-143
-146
-157
-157
-152
-156
-139
-128
-122
-94
-91
-84
-77
-66
-51
-51
-42
-28
-2
-18
-56
-71
-104
-133
-162
-211
-238
-268
-301
-310
-295
-276
-257
-238
-233
-214
-179
-144
-102
-75
-47
-3
37
87
139
204
266
320
375
414
453
491
496
483
476
441
415
385
334
310
258
207
171
134
126
111
78
51
32
16
0
-21
-31
-22
-27
-18
11
28
54
76
94
98
120
144
134
124
100
91
87
57
41
32
9
-5
-25
-27
-24
-46
-52
-58
-77
-81
-72
-63
-54
-68
-74
-56
-55
-54
-50
-52
-53
-66
-81
-80
-78
-77
-102
-135
-135
-139
-173
-199
-208
-211
-228
-225
-220
-220
-188
-190
-186
-150
-147
-133
-108
-114
-105
-74
-55
-31
-19
-19
-4
-19
-56
-73
-115
-171
-189
-232
-282
-307
-361
-381
-365
-367
-354
-319
-292
-280
-240
-188
-146
-96
-46
12
78
143
215
286
371
436
481
538
581
606
637
645
614
577
532
486
441
380
323
293
244
186
141
111
75
43
5
-27
-25
-26
-46
-69
-59
-45
-35
-20
25
83
111
112
106
114
120
113
88
72
58
36
24
21
11
-11
-24
-41
-56
-71
-60
-57
-73
-95
-107
-78
-77
-99
-89
-78
-55
-36
-20
-17
-33
-40
-37
-44
-63
-82
-90
-87
-121
-177
-180
-166
-199
-226
-229
-213
-196
-195
-204
-201
-194
-189
-197
-180
-138
-110
-82
-82
-64
-29
-7
-1
18
45
55
31
-16
-69
-112
-149
-220
-304
-380
-421
-434
-450
-451
-432
-408
-387
-371
-336
-276
-218
-158
-106
-82
-23
66
151
239
326
418
511
596
669
714
746
750
723
688
647
603
533
454
357
280
234
173
133
95
57
40
-1
-43
-40
-46
-72
-82
-87
-68
-33
7
45
73
103
128
144
153
179
200
169
140
130
87
70
53
19
-7
-32
-48
-73
-91
-107
-116
-112
-104
-110
-109
-93
-70
-50
-40
-22
-8
-6
-10
-22
-9
-5
-21
-38
-61
-83
-117
-161
-195
-212
-228
-251
-258
-271
-283
-268
-270
-262
-232
-232
-212
-180
-166
-140
-127
-93
-54
-39
-17
8
47
77
85
104
89
37
-43
-173
-267
-315
-397
-535
-657
-699
-692
-669
-637
-571
-455
-395
-388
-299
-174
-78
-33
-34
-3
102
223
337
436
537
663
769
835
893
935
948
898
795
688
605
510
400
278
170
116
69
27
21
36
20
-12
-34
-56
-75
-85
-100
-101
-95
-69
10
90
149
214
257
280
304
295
277
253
203
150
113
73
48
41
16
-9
-46
-74
-75
-82
-84
-106
-135
-111
-88
-92
-83
-50
-28
-48
-38
7
46
51
6
-28
-59
-108
-148
-154
-176
-230
-252
-261
-292
-295
-281
-304
-318
-314
-308
-267
-243
-232
-211
-193
-173
-157
-139
-95
-49
-13
13
15
42
69
88
122
110
47
-44
-175
-305
-366
-437
-611
-778
-872
-904
-874
-829
-790
-716
-607
-542
-476
-362
-242
-132
-68
-20
69
190
341
515
663
772
886
1018
1145
1190
1176
1143
1080
972
819
699
599
487
348
194
104
89
84
57
-12
-92
-104
-109
-150
-173
-175
-156
-144
-141
-62
89
226
297
340
391
447
472
430
391
343
230
150
110
59
46
45
-19
-81
-97
-83
-88
-108
-150
-186
-164
-162
-164
-114
-73
-60
-59
-49
-9
29
47
50
11
-43
-70
-73
-96
-178
-246
-285
-311
-347
-375
-371
-361
-362
-379
-378
-366
-354
-320
-309
-305
-266
-237
-201
-129
-97
-48
10
-5
28
77
76
106
130
22
-180
-387
-520
-578
-776
-1041
-1190
-1220
-1159
-1118
-1084
-920
-729
-668
-588
-409
-213
-41
49
60
157
371
567
751
921
1032
1180
1378
1491
1540
1561
1502
1379
1197
995
826
686
502
269
68
-60
-80
-78
-141
-215
-269
-284
-263
-290
-336
-311
-283
-240
-160
-63
141
349
468
577
702
780
817
808
697
586
489
327
191
150
113
40
-36
-127
-167
-151
-161
-208
-245
-266
-282
-273
-250
-214
-181
-164
-131
-80
-49
-8
48
47
-5
-37
-37
-57
-133
-211
-266
-320
-369
-398
-421
-436
-434
-443
-458
-443
-427
-426
-407
-393
-399
-364
-297
-237
-164
-120
-71
0
68
100
128
144
-1
-301
-551
-729
-838
-1017
-1376
-1588
-1593
-1507
-1409
-1319
-1148
-887
-709
-586
-375
-123
102
229
292
391
596
858
1139
1358
1458
1609
1793
1929
2014
1959
1844
1676
1373
1023
746
553
287
-41
-290
-430
-416
-402
-466
-455
-428
-462
-431
-392
-412
-369
-304
-224
-57
142
367
653
869
1004
1113
1208
1287
1226
1052
908
765
554
353
194
92
1
-164
-280
-316
-335
-371
-430
-459
-488
-534
-526
-490
-439
-342
-228
-117
1
72
140
202
218
202
128
67
19
-85
-214
-274
-316
-410
-437
-450
-498
-498
-539
-584
-592
-607
-611
-597
-587
-570
-533
-429
-323
-253
-187
-102
67
38
-282
-582
-809
-950
-1061
-1470
-1899
-1953
-1853
-1714
-1532
-1347
-1019
-634
-453
-297
24
327
491
543
504
604
888
1141
1368
1526
1613
1786
2015
2155
2116
1966
1783
1489
1121
697
391
167
-230
-592
-776
-779
-632
-567
-570
-544
-453
-291
-177
-97
-72
-63
13
127
305
540
816
1076
1248
1360
1477
1606
1616
1440
1146
896
722
472
203
23
-102
-216
-377
-474
-397
-369
-446
-533
-590
-558
-508
-471
-386
-288
-182
-66
70
186
229
295
361
329
240
176
120
40
-88
-249
-348
-417
-467
-477
-535
-596
-630
-686
-683
-648
-708
-768
-802
-834
-767
-681
-714
-640
-456
-607
-992
-1277
-1430
-1354
-1514
-2075
-2262
-2071
-1816
-1541
-1347
-1037
-530
-200
-37
268
647
816
853
853
833
1016
1201
1388
1610
1585
1512
1656
1837
1887
1667
1304
1037
765
377
-21
-217
-403
-715
-897
-823
-566
-339
-263
-163
11
164
288
414
467
450
462
529
728
909
1070
1288
1429
1452
1430
1449
1452
1265
912
590
390
247
41
-149
-248
-299
-355
-443
-422
-292
-256
-303
-294
-228
-153
-71
-8
83
180
229
330
439
447
404
329
257
179
2
-181
-322
-405
-518
-683
-673
-616
-654
-652
-722
-719
-616
-654
-760
-886
-911
-869
-816
-727
-810
-817
-809
-1184
-1531
-1719
-1803
-1780
-2148
-2594
-2516
-2162
-1793
-1521
-1227
-769
-263
69
332
811
1127
1125
1148
1187
1332
1536
1618
1701
1712
1570
1474
1588
1714
1510
1069
669
333
115
-205
-598
-793
-963
-1053
-900
-648
-420
-191
17
273
490
628
813
986
983
861
883
1116
1333
1364
1334
1430
1557
1493
1359
1211
1025
729
333
68
-51
-167
-367
-514
-523
-463
-369
-310
-188
-44
-40
-45
79
240
310
372
464
555
652
659
617
640
579
400
229
44
-127
-292
-488
-630
-722
-819
-910
-944
-932
-939
-921
-848
-821
-870
-893
-886
-856
-790
-843
-836
-804
-1216
-1862
-2279
-2441
-2364
-2516
-3034
-3122
-2686
-2106
-1518
-1044
-557
25
400
641
1065
1473
1544
1412
1278
1281
1474
1636
1730
1812
1716
1477
1340
1365
1339
921
279
-270
-621
-800
-1002
-1209
-1251
-1170
-930
-455
89
538
837
1047
1185
1291
1391
1454
1391
1148
911
973
1226
1352
1312
1231
1203
1168
1049
839
607
316
-109
-453
-544
-514
-482
-479
-443
-261
-45
108
274
419
518
527
504
608
747
805
749
691
735
771
703
569
399
171
-80
-325
-512
-686
-859
-1028
-1155
-1176
-1074
-985
-936
-853
-731
-626
-628
-695
-720
-615
-539
-612
-768
-883
-1191
-1870
-2514
-2800
-2818
-2903
-3370
-3670
-3264
-2503
-1811
-1294
-732
-45
492
829
1239
1733
1953
1759
1554
1615
1811
1877
1783
1750
1725
1529
1270
1111
1038
690
19
-590
-949
-1097
-1231
-1375
-1403
-1222
-811
-249
401
950
1272
1516
1715
1807
1804
1761
1670
1388
1052
959
1086
1252
1200
978
906
934
775
472
200
-12
-282
-652
-835
-685
-493
-457
-384
-101
257
457
514
629
773
807
732
726
861
947
853
730
701
693
588
379
119
-125
-352
-611
-819
-971
-1082
-1153
-1181
-1120
-998
-913
-833
-679
-478
-370
-363
-384
-423
-509
-501
-565
-793
-1091
-1811
-2522
-2792
-3085
-3367
-3647
-3977
-3707
-3086
-2522
-1782
-935
-184
490
1010
1418
1951
2312
2133
1909
1949
1912
1858
1775
1652
1629
1468
1081
860
795
473
-129
-665
-1013
-1143
-1222
-1407
-1339
-1025
-661
-78
600
1167
1681
1966
2072
2151
2090
1867
1641
1354
938
707
673
707
748
639
551
605
521
307
122
-46
-274
-545
-676
-544
-298
-171
-38
281
590
784
869
918
1037
1071
910
826
882
869
822
700
585
583
510
271
11
-243
-478
-715
-941
-1075
-1163
-1184
-1182
-1144
-973
-804
-642
-491
-411
-333
-221
-249
-340
-452
-531
-646
-893
-1299
-2086
-2846
-3392
-3756
-3793
-3961
-4219
-3904
-3251
-2373
-1371
-554
223
954
1390
1747
2180
2419
2300
2020
1778
1729
1842
1692
1485
1376
1086
737
481
195
-70
-547
-1159
-1521
-1623
-1494
-1289
-1027
-677
-164
577
1360
2037
2496
2650
2648
2540
2298
2059
1739
1297
859
541
510
595
567
428
294
251
213
53
-189
-367
-524
-699
-708
-488
-228
5
254
512
774
1044
1139
1107
1096
995
933
952
923
883
840
753
613
496
363
133
-160
-496
-733
-883
-995
-1097
-1231
-1205
-1054
-908
-767
-602
-474
-343
-308
-329
-134
-34
-220
-456
-625
-771
-1019
-1820
-2959
-3682
-4119
-4450
-4645
-4796
-4571
-3827
-2975
-1994
-740
377
1187
1680
2033
2475
2780
2653
2257
1987
1766
1544
1415
1360
1307
1161
751
387
275
69
-403
-1032
-1532
-1776
-1743
-1564
-1216
-721
-168
548
1446
2265
2814
3068
2996
2767
2421
1991
1558
1033
456
58
-34
140
319
384
435
494
516
387
212
107
-70
-307
-471
-372
-42
227
385
580
847
1108
1198
1138
1107
1013
824
649
582
582
563
506
372
293
275
77
-144
-378
-590
-773
-901
-966
-942
-794
-717
-699
-509
-256
-153
-55
-83
-145
-111
-204
-402
-524
-754
-1065
-1408
-2075
-3090
-3929
-4417
-4641
-4763
-4966
-4860
-4075
-2998
-1968
-832
241
1192
1864
2170
2486
2838
2769
2321
1927
1708
1539
1359
1126
917
772
447
138
-12
-207
-511
-970
-1387
-1504
-1365
-1137
-771
-285
273
977
1732
2450
2944
3110
2967
2745
2439
1828
1174
549
38
-300
-511
-466
-229
4
171
328
494
603
558
359
192
118
61
71
202
415
661
873
1054
1244
1344
1317
1187
1048
950
836
674
528
457
427
337
171
102
-18
-185
-391
-590
-661
-784
-785
-788
-727
-628
-556
-346
-227
-111
-75
-31
-4
-134
-107
-264
-528
-905
-1589
-2188
-3002
-4031
-4896
-5388
-5499
-5446
-5182
-4555
-3362
-1958
-775
371
1390
2214
2646
2692
2698
2588
2336
1841
1439
1243
1067
880
616
491
358
94
-275
-563
-809
-1123
-1330
-1464
-1374
-1067
-637
-21
669
1490
2221
2809
3223
3355
3355
2975
2380
1772
1030
344
-237
-635
-776
-765
-625
-402
-90
183
345
428
404
300
202
98
142
262
333
529
778
1037
1239
1332
1387
1340
1188
1035
949
942
858
740
603
537
568
446
237
69
-148
-316
-443
-626
-721
-699
-678
-547
-457
-291
-111
-95
-4
-15
-31
-88
-168
-361
-464
-446
-590
-965
-1708
-2571
-3410
-4288
-4968
-5552
-5908
-5882
-5441
-4390
-3064
-1699
-408
837
1858
2636
2985
3039
3010
2586
1918
1397
1092
936
700
436
369
340
260
57
-97
-305
-643
-1105
-1342
-1236
-1082
-873
-559
114
1019
1884
2598
3110
3479
3543
3267
2813
2217
1499
604
-268
-827
-1053
-1104
-1098
-953
-558
-81
253
441
598
719
611
401
324
443
543
526
594
852
1072
1180
1246
1250
1187
1072
903
753
726
668
562
440
341
350
307
201
107
-56
-210
-314
-416
-453
-387
-377
-273
-47
17
25
31
9
84
152
-30
-136
-230
-514
-600
-1008
-1864
-2791
-4064
-4997
-5312
-5684
-6095
-6154
-5597
-4260
-2534
-1271
-101
1311
2246
2725
2905
2882
2871
2369
1496
913
807
799
514
267
282
318
119
-220
-399
-384
-708
-1273
-1538
-1344
-857
-468
-96
586
1508
2423
3083
3517
3685
3520
3102
2472
1914
1248
353
-454
-1054
-1250
-1118
-975
-826
-565
-176
170
388
516
540
490
374
275
328
492
629
741
890
1130
1263
1224
1204
1173
1076
929
762
706
738
660
532
477
482
415
260
94
-88
-224
-341
-419
-438
-430
-344
-170
-6
97
198
253
318
368
282
169
57
-104
-347
-648
-1272
-2082
-3129
-4504
-5393
-5870
-6304
-6530
-6518
-5753
-4058
-2370
-1073
273
1736
2841
3318
3263
3134
3027
2379
1400
786
668
577
226
-36
-6
161
-26
-462
-581
-613
-958
-1482
-1690
-1375
-791
-359
102
988
2030
2874
3440
3804
3950
3726
3111
2349
1650
844
-47
-827
-1338
-1424
-1272
-1088
-835
-459
-5
334
557
647
648
603
477
447
504
630
750
807
965
1192
1270
1207
1125
1056
985
865
752
710
717
697
614
557
533
366
141
-28
-146
-228
-390
-476
-404
-212
-136
-79
86
226
384
364
252
223
246
136
-94
-244
-479
-1029
-1976
-3099
-4190
-5172
-5976
-6628
-6906
-6775
-6072
-4706
-3074
-1429
62
1440
2665
3380
3512
3321
2982
2454
1648
935
550
409
241
-22
18
149
94
-176
-395
-530
-816
-1264
-1568
-1387
-921
-464
34
852
1853
2778
3420
3797
4079
3906
3256
2496
1696
879
-46
-881
-1424
-1592
-1492
-1313
-988
-581
-177
204
451
592
650
611
520
466
556
632
754
881
989
1164
1272
1270
1242
1229
1159
1024
918
901
916
901
860
703
530
383
193
53
-113
-265
-383
-368
-366
-261
-24
24
189
266
301
355
223
123
48
50
-138
-322
-407
-1036
-1895
-3010
-4286
-5147
-5929
-6627
-7017
-6927
-6181
-4756
-3013
-1515
-14
1457
2558
3367
3572
3303
2956
2318
1437
773
400
239
129
-53
-67
3
35
-136
-369
-514
-866
-1221
-1424
-1320
-799
-326
185
1015
1921
2787
3440
3793
3976
3753
3103
2366
1648
851
-62
-805
-1295
-1453
-1298
-1150
-886
-483
-174
110
331
479
514
445
441
482
599
674
751
923
1078
1158
1160
1120
1100
1076
1017
974
944
941
964
968
931
867
792
581
332
177
23
-71
-221
-254
-217
-150
8
79
287
372
321
330
218
193
144
-13
-233
-339
-533
-1369
-2421
-3746
-4926
-5556
-6382
-7117
-7347
-7009
-5789
-4123
-2521
-928
732
2065
2993
3599
3656
3367
2745
1903
1144
595
234
95
101
65
76
42
-23
-77
-263
-627
-1090
-1378
-1463
-1252
-756
-201
540
1416
2219
3033
3652
3872
3818
3337
2584
1870
1185
397
-422
-937
-1200
-1262
-1083
-939
-737
-329
-51
176
403
457
493
516
487
543
747
824
828
994
1055
1063
1050
886
829
891
907
857
863
963
1028
984
829
711
628
408
216
52
-122
-158
-249
-169
-41
91
345
398
512
522
471
442
286
212
-67
-272
-277
-443
-929
-2061
-3371
-4449
-5269
-5979
-6826
-7256
-7018
-6116
-4579
-2902
-1273
353
1734
2715
3368
3553
3272
2745
1992
1204
516
100
-7
-7
6
-50
7
65
28
-103
-439
-848
-1198
-1360
-1181
-664
-79
499
1246
2102
2953
3609
3777
3615
3262
2602
1817
1083
320
-383
-981
-1450
-1439
-1056
-726
-605
-478
-69
352
526
515
502
643
653
581
683
873
1038
1021
959
999
1031
979
821
802
978
991
915
965
1122
1241
1100
812
570
403
209
-45
-149
-278
-292
-197
-69
273
438
554
538
474
526
335
211
25
-347
-389
-560
-1201
-2171
-3602
-4870
-5504
-6095
-6771
-7201
-7006
-5973
-4269
-2451
-1082
462
1950
2811
3396
3334
2986
2701
1826
904
258
-93
-11
-114
-144
-141
-156
-129
-354
-425
-488
-807
-1127
-1255
-926
-175
352
864
1594
2339
3151
3599
3646
3524
3113
2400
1602
950
367
-232
-795
-1216
-1165
-795
-643
-594
-429
-179
133
286
305
400
516
598
644
755
948
1048
1057
1054
1057
994
784
667
714
836
974
975
1060
1259
1267
1158
954
692
501
239
-126
-283
-362
-299
-235
-124
279
448
685
651
589
643
369
288
26
-220
-257
-577
-1257
-2354
-3716
-5052
-5925
-6459
-7000
-7274
-7160
-6153
-4271
-2334
-788
669
2024
2989
3511
3305
2845
2487
1737
849
142
-201
42
122
28
-74
-45
-76
-403
-566
-753
-1022
-1259
-1332
-1019
-247
480
1117
1843
2573
3374
3766
3742
3486
2899
2217
1428
746
263
-260
-721
-957
-818
-503
-279
-192
-199
-42
195
218
188
155
251
405
490
589
751
973
1076
1056
998
955
893
775
703
883
1068
1061
1077
1220
1354
1245
953
695
543
396
134
-127
-270
-278
-159
-35
112
275
463
538
466
430
453
331
86
-128
-285
-337
-978
-2228
-3878
-5389
-6021
-6620
-7177
-7633
-7564
-6138
-4239
-2260
-644
712
2207
3068
3390
3120
2648
2373
1516
580
22
-148
229
322
231
262
65
-188
-529
-806
-971
-1322
-1656
-1590
-1062
-135
650
1338
2115
2760
3417
3682
3626
3286
2531
1818
1223
819
463
-47
-370
-458
-343
-101
-5
-58
-161
-128
26
128
178
209
319
533
705
806
951
1020
965
944
859
843
845
727
752
955
1099
1122
1159
1284
1292
1105
814
549
461
347
122
-7
-77
21
69
29
152
233
445
507
314
335
406
268
171
-76
-93
-254
-1181
-2729
-4799
-5954
-6448
-7015
-7530
-8217
-7368
-5220
-3276
-1346
-84
1447
2864
3043
2881
2469
2329
1920
699
70
-8
310
655
393
462
452
-77
-683
-1118
-1199
-1361
-1865
-1911
-1270
-286
641
1177
2039
2882
3263
3407
3297
3227
2736
1748
1076
832
797
579
160
-24
-41
11
-70
-227
-264
-443
-477
-284
-78
248
462
592
848
1069
1104
1123
1102
1025
976
831
765
742
778
935
1093
1240
1216
1138
1151
1127
1045
865
641
597
515
255
104
65
125
103
91
69
251
429
231
236
308
307
240
10
-12
-1
-642
-1874
-3795
-5518
-6390
-6911
-7220
-7722
-7638
-6176
-4133
-1921
-428
776
2127
2598
2697
2183
1717
1719
1036
311
53
238
917
991
847
714
152
-507
-1295
-1589
-1610
-1924
-2039
-1551
-601
564
1251
1866
2626
2947
3025
2786
2670
2557
1887
1215
949
1131
1259
844
415
167
-19
-228
-597
-808
-744
-735
-616
-277
281
816
946
1021
1156
1224
1138
979
986
1029
978
1001
1019
1069
1115
1113
1060
926
882
908
900
920
963
971
941
850
738
514
220
58
35
-94
-54
177
298
498
587
603
564
356
199
-94
-153
-595
-1842
-3517
-5572
-6414
-6482
-6988
-7386
-7480
-6322
-4235
-2401
-853
355
1677
2308
1982
1649
1439
1621
1350
487
296
709
1203
1395
1194
908
235
-877
-1721
-1952
-1817
-1853
-1981
-1427
-335
776
1414
1681
2244
2510
2293
2097
2058
2235
2096
1669
1592
1862
1949
1540
888
339
-217
-839
-1267
-1383
-1155
-931
-749
-256
368
825
956
887
969
982
843
867
1066
1361
1509
1448
1445
1412
1205
1000
781
650
664
666
832
1107
1364
1403
1274
1139
822
315
-129
-391
-381
-336
-258
188
644
955
1102
1002
768
452
159
-295
-503
-784
-1700
-3056
-5149
-6276
-6316
-6497
-6787
-7318
-6581
-4696
-2809
-1205
-298
1037
1939
1679
1497
1276
1634
1667
775
638
988
1459
1583
1123
893
332
-772
-1741
-2173
-1807
-1502
-1645
-1198
-324
659
1255
1207
1602
1761
1509
1494
1736
2397
2540
2187
2110
2327
2391
1763
818
155
-423
-1028
-1565
-1581
-984
-436
-169
149
595
875
805
536
468
506
489
590
997
1539
1809
1773
1608
1384
1189
834
528
566
742
971
1170
1384
1670
1650
1280
883
404
-109
-557
-672
-419
-61
255
439
846
1065
1039
700
286
-15
-332
-447
-565
-331
-671
-2117
-4203
-5960
-6405
-6476
-6910
-7459
-7207
-5312
-3137
-1430
-219
791
1764
1620
955
728
1033
1384
1056
840
1365
1994
2279
1918
1438
702
-659
-2041
-2506
-2054
-1537
-1402
-1135
-136
740
1121
999
1036
1180
850
717
1160
2089
2788
2801
2757
2997
2930
2217
1092
202
-415
-1095
-1564
-1450
-1007
-558
-230
5
303
318
55
-93
-23
256
482
819
1446
2056
2331
2082
1777
1462
904
438
330
520
899
1248
1595
1941
2053
1810
1351
887
236
-456
-838
-845
-387
-54
252
688
910
1280
1026
470
144
-294
-357
-430
-313
67
-351
-1446
-3507
-5521
-6239
-6709
-6944
-7273
-7241
-5607
-3600
-1843
-427
336
963
856
364
200
430
1155
1425
1422
1922
2328
2631
2399
1490
639
-731
-1912
-2317
-2035
-1269
-757
-454
85
581
758
538
242
256
115
234
1009
2163
3130
3376
3175
3082
2753
1914
818
-88
-561
-906
-1029
-743
-169
328
403
186
-16
-281
-563
-705
-613
-135
427
921
1564
2136
2312
1956
1421
881
383
177
270
707
1327
1793
2187
2395
2191
1732
1047
430
-53
-439
-646
-510
-38
527
857
853
903
806
553
-9
-479
-365
-239
5
120
281
491
-467
-2591
-5180
-6698
-6770
-6722
-6827
-6837
-5706
-3587
-2003
-1073
-543
-144
-53
-622
-842
-240
984
1976
2216
2515
2867
2892
2443
1563
541
-584
-1724
-2038
-1447
-594
47
168
241
223
-233
-778
-1025
-762
-417
-62
1008
2498
3678
3893
3320
2761
2158
1309
340
-170
-139
-61
35
239
650
833
441
-171
-723
-995
-1133
-1042
-487
240
835
1261
1595
1792
1649
1157
632
338
228
375
895
1547
2166
2476
2408
2256
1898
1295
635
189
60
-39
-33
64
437
811
688
550
381
131
3
-412
-386
20
211
631
663
840
654
-690
-2374
-4711
-6216
-6434
-6605
-6093
-5809
-5260
-3762
-2768
-1965
-1700
-1644
-1266
-1346
-1124
-359
830
2241
2712
2775
2793
2418
2041
1374
524
-69
-647
-738
-277
225
650
442
-67
-582
-1234
-1586
-1560
-1077
-349
346
1285
2405
3153
3132
2479
1823
1444
1036
718
736
1076
1278
1079
809
564
353
-120
-778
-1163
-1181
-957
-613
-149
427
836
895
820
791
769
603
413
472
654
915
1337
1696
2037
2239
2132
1920
1569
1239
1040
842
788
683
600
515
376
393
300
171
-125
-164
-85
-125
83
57
265
420
335
512
419
-22
-1379
-3575
-5139
-5769
-5551
-5230
-5288
-5006
-4446
-3737
-3051
-2697
-2345
-1929
-1864
-1669
-889
243
1593
2415
2516
2411
2055
1822
1651
1326
921
461
349
496
734
850
752
297
-342
-1087
-1638
-1529
-1151
-503
141
695
1433
1914
1989
1822
1438
1168
989
960
1195
1461
1597
1447
1153
781
312
-54
-288
-483
-554
-485
-325
-33
221
292
245
174
173
196
195
302
518
657
801
996
1268
1612
1804
1862
1858
1808
1719
1562
1411
1256
1070
908
693
557
427
308
270
142
17
-22
-51
-134
-200
-213
-76
21
139
243
207
-129
-1454
-3391
-5003
-5530
-4829
-4393
-4649
-4763
-4495
-3583
-2881
-2876
-3007
-3046
-2577
-1764
-963
-4
963
1851
2309
2048
1637
1523
1631
1671
1389
1055
1198
1501
1610
1401
877
414
-92
-734
-1178
-1195
-705
-64
270
562
937
1214
1208
840
553
647
958
1310
1490
1600
1688
1466
1173
731
324
276
209
203
163
95
251
240
107
-23
-200
-147
-52
48
218
295
388
400
288
418
755
1100
1396
1533
1620
1706
1679
1522
1373
1197
1072
1011
925
828
749
759
625
410
175
-41
-91
-180
-189
-270
-295
-91
28
156
-37
-637
-1787
-3506
-4793
-5065
-4323
-3616
-3812
-4308
-4337
-3606
-3039
-3180
-3534
-3508
-2708
-1894
-1119
-167
583
1260
1339
1046
1087
1330
1726
1843
1593
1552
1817
2088
2137
1670
995
600
323
49
-265
-334
-40
317
455
417
514
604
451
91
-39
270
715
1096
1296
1266
1104
892
782
749
735
761
786
895
978
903
762
578
366
185
108
161
240
260
259
247
141
64
50
188
485
759
1003
1169
1179
1171
1101
988
984
913
838
823
785
787
752
612
477
292
173
64
-92
-161
-229
-257
-180
-110
-90
-168
-302
-608
-1346
-2340
-3367
-3673
-3114
-2622
-2720
-3395
-3793
-3419
-2978
-2919
-3278
-3540
-3075
-2386
-1686
-1071
-784
-482
-316
-321
-22
454
917
1228
1112
1045
1313
1712
2032
1954
1568
1310
1242
1239
1259
1118
988
980
940
1001
1044
902
641
262
21
79
341
654
726
532
293
162
223
348
387
419
512
603
778
935
915
827
701
641
670
729
828
853
752
606
451
340
303
304
372
471
535
585
581
578
529
355
251
202
190
259
341
369
368
381
382
312
238
196
105
124
155
103
159
241
268
193
8
-231
-548
-991
-1572
-1889
-1784
-1451
-1272
-1667
-2263
-2460
-2284
-2070
-2166
-2569
-2795
-2700
-2403
-2084
-1853
-1798
-1860
-1859
-1661
-1240
-820
-616
-715
-837
-730
-356
140
468
534
501
522
651
891
1066
1081
1053
1120
1340
1602
1708
1594
1326
1132
1151
1322
1518
1532
1356
1118
980
1034
1114
1135
1082
958
911
927
972
967
855
734
640
643
698
742
747
657
542
461
481
524
560
589
586
582
533
499
497
479
400
274
186
201
255
275
285
269
204
208
216
221
233
149
90
78
103
165
227
331
362
208
8
-421
-978
-1213
-1281
-1310
-1497
-2067
-2536
-2662
-2541
-2410
-2679
-3097
-3460
-3601
-3200
-2699
-2507
-2577
-2821
-2705
-2102
-1478
-1082
-1129
-1437
-1368
-868
-210
391
544
455
557
842
1292
1636
1625
1474
1360
1508
1894
2131
2152
1916
1604
1513
1629
1898
2050
1892
1581
1354
1349
1440
1410
1267
1096
977
965
1023
1021
923
724
501
366
358
421
417
317
193
136
141
159
157
153
133
82
72
142
241
284
249
231
210
162
190
241
267
290
353
445
515
554
509
458
405
378
409
414
428
419
416
419
340
102
-408
-860
-1110
-1259
-1292
-1659
-2210
-2511
-2669
-2453
-2386
-2777
-3077
-3460
-3497
-2993
-2688
-2521
-2580
-2825
-2495
-1871
-1366
-1033
-1193
-1378
-1101
-662
-68
437
460
451
619
978
1509
1679
1535
1393
1345
1556
1853
2055
2048
1775
1511
1431
1519
1691
1631
1475
1374
1243
1264
1348
1272
1175
1026
813
789
806
791
755
611
525
443
359
381
339
240
143
45
36
106
189
220
220
236
220
208
267
300
294
281
278
322
373
407
390
378
437
433
416
468
475
483
492
436
392
369
354
331
309
296
207
17
-398
-919
-1239
-1327
-1259
-1441
-2000
-2444
-2566
-2367
-2194
-2403
-2757
-3084
-3195
-2879
-2471
-2246
-2271
-2495
-2393
-1865
-1257
-871
-949
-1216
-1148
-733
-102
428
514
397
437
717
1194
1538
1490
1318
1170
1215
1506
1769
1843
1638
1306
1190
1288
1403
1397
1253
1160
1117
1108
1208
1233
1154
1033
862
796
828
806
760
696
598
472
425
466
432
358
300
229
196
197
208
335
444
397
326
278
309
354
367
355
315
333
326
334
365
329
329
336
319
344
338
316
324
308
282
285
279
237
179
118
36
-69
-374
-783
-1024
-1183
-1151
-1244
-1758
-2137
-2284
-2170
-1917
-2098
-2397
-2614
-2803
-2561
-2163
-1961
-1990
-2305
-2366
-1894
-1360
-990
-961
-1210
-1213
-874
-351
153
302
164
90
283
806
1176
1216
1167
974
973
1262
1469
1603
1500
1189
1116
1204
1294
1323
1179
1058
1047
1094
1246
1283
1193
1082
958
953
963
896
854
804
797
772
659
626
576
487
466
405
329
317
325
359
405
415
369
292
219
178
184
204
192
149
120
168
252
238
200
199
210
260
275
299
357
364
367
358
322
300
269
195
105
31
-205
-603
-882
-1033
-1082
-1162
-1518
-1909
-2086
-2080
-1958
-2000
-2212
-2409
-2593
-2494
-2149
-1938
-1928
-2116
-2214
-1962
-1517
-1126
-1005
-1126
-1163
-959
-578
-123
136
108
60
155
488
897
1042
1043
959
913
1109
1338
1421
1351
1174
1055
1143
1346
1400
1275
1166
1117
1149
1221
1236
1150
1019
969
988
1023
1025
914
761
715
732
716
683
590
455
420
430
398
378
310
331
393
408
444
338
233
222
168
176
235
191
153
112
71
129
181
176
164
134
165
250
304
356
330
281
285
281
268
217
108
13
-154
-428
-652
-863
-955
-1035
-1396
-1716
-1910
-2008
-1912
-1996
-2165
-2194
-2329
-2339
-2152
-2003
-1838
-1901
-2070
-1881
-1587
-1277
-1013
-1054
-1023
-856
-669
-305
-63
-7
77
155
401
708
835
956
986
956
1063
1202
1328
1352
1173
1077
1136
1202
1227
1146
1071
1059
1053
1079
1103
1073
1010
941
928
921
841
783
755
758
782
731
642
559
533
525
484
457
404
359
386
404
417
438
399
373
327
299
290
262
267
240
172
132
123
163
239
209
176
232
261
303
320
262
264
261
174
135
114
22
-53
-240
-528
-722
-889
-954
-1107
-1465
-1732
-1901
-1908
-1841
-1983
-2073
-2139
-2271
-2170
-2026
-1866
-1770
-1951
-1920
-1661
-1385
-1079
-1011
-1030
-893
-755
-508
-161
-43
-6
77
198
486
738
830
898
891
882
999
1145
1273
1229
1038
1013
1116
1212
1150
991
967
993
1011
1014
970
955
911
809
787
820
803
737
651
600
611
612
594
529
483
501
470
457
423
349
396
444
427
442
436
407
386
352
351
372
344
300
247
220
215
213
249
261
231
251
270
284
284
284
243
115
83
98
33
-5
-135
-421
-604
-789
-883
-932
-1275
-1569
-1715
-1788
-1670
-1714
-1847
-1885
-2099
-2120
-1875
-1769
-1679
-1786
-1914
-1638
-1363
-1127
-910
-957
-927
-753
-590
-266
-69
-102
-19
72
246
540
660
736
764
684
724
877
1016
1064
925
846
897
952
1025
969
882
852
809
852
902
905
883
788
704
727
758
720
622
587
616
581
569
565
522
493
516
544
540
501
467
452
466
516
545
574
553
478
428
388
379
390
318
268
244
192
241
274
252
283
257
194
210
218
169
129
68
-7
-27
-27
-37
-201
-463
-645
-761
-817
-1020
-1334
-1517
-1639
-1558
-1485
-1637
-1663
-1775
-1905
-1723
-1613
-1589
-1593
-1725
-1635
-1372
-1147
-954
-928
-927
-856
-742
-469
-220
-168
-162
-104
26
248
416
503
562
535
551
680
852
934
865
811
824
837
858
811
797
804
722
702
745
790
826
754
693
703
660
649
601
547
557
509
509
575
576
568
574
548
541
546
566
560
523
526
559
626
673
631
589
569
517
457
393
366
359
294
250
255
270
318
315
240
201
145
78
84
50
-19
-71
-92
-63
-171
-399
-530
-637
-746
-914
-1194
-1364
-1440
-1444
-1396
-1485
-1570
-1647
-1717
-1617
-1529
-1482
-1487
-1601
-1535
-1325
-1163
-976
-937
-994
-923
-777
-559
-343
-268
-228
-124
-15
145
319
390
414
417
456
577
703
762
721
675
721
786
825
776
677
651
638
665
721
686
653
683
694
694
637
573
581
554
521
532
531
513
522
554
595
612
568
530
523
565
586
576
567
550
577
607
616
635
597
492
469
462
418
410
360
306
288
276
302
303
240
164
132
123
49
13
-9
-87
-154
-280
-424
-506
-593
-707
-904
-1123
-1241
-1311
-1284
-1294
-1427
-1468
-1518
-1568
-1470
-1388
-1369
-1371
-1444
-1405
-1211
-1043
-949
-919
-901
-836
-698
-540
-427
-376
-335
-219
-48
86
199
295
317
313
349
450
568
589
549
600
654
697
723
663
639
609
557
581
614
641
646
583
573
586
582
594
584
564
535
484
470
477
485
520
502
468
506
525
581
628
584
610
636
599
622
670
684
690
639
570
531
508
501
449
368
324
314
326
285
221
182
110
64
59
16
-21
-51
-130
-199
-288
-423
-547
-679
-774
-869
-1000
-1095
-1171
-1205
-1214
-1262
-1283
-1305
-1349
-1309
-1248
-1218
-1197
-1245
-1221
-1106
-1020
-886
-783
-764
-710
-637
-541
-436
-384
-314
-246
-139
20
108
184
234
223
259
308
390
447
422
460
510
552
569
559
599
602
534
492
508
560
590
593
609
588
549
553
556
589
613
576
542
531
486
482
535
519
493
476
479
546
581
588
591
574
572
597
596
571
520
464
447
409
372
358
327
309
276
210
193
184
156
128
49
3
-6
-68
-109
-108
-146
-245
-363
-461
-544
-628
-715
-818
-887
-984
-1066
-1037
-1056
-1095
-1109
-1178
-1195
-1107
-1080
-1053
-992
-1034
-1022
-898
-795
-701
-645
-662
-649
-543
-411
-327
-290
-256
-214
-143
-22
72
122
175
178
197
293
339
360
419
423
428
475
515
520
533
536
459
456
475
445
489
520
498
492
481
470
509
524
515
514
477
455
473
503
529
534
509
503
538
522
509
557
561
545
533
482
477
511
485
441
417
381
357
352
307
241
210
186
158
126
112
103
30
-25
-52
-79
-76
-127
-246
-299
-324
-385
-399
-460
-579
-656
-746
-817
-828
-848
-909
-946
-999
-1066
-1008
-990
-1040
-1013
-1006
-986
-968
-971
-872
-781
-758
-723
-688
-600
-478
-423
-387
-326
-267
-165
-36
43
89
139
173
228
285
295
342
390
391
415
425
423
462
468
434
413
416
437
476
509
501
525
521
512
577
623
633
622
596
596
609
623
604
585
590
570
585
604
586
576
536
487
465
449
419
399
373
334
325
306
277
266
226
177
143
90
72
73
43
23
-8
-39
-63
-91
-116
-169
-203
-253
-302
-319
-353
-378
-432
-520
-573
-618
-655
-691
-740
-788
-813
-828
-846
-857
-883
-917
-947
-943
-917
-880
-843
-805
-783
-745
-684
-627
-568
-514
-457
-413
-368
-301
-201
-113
-58
9
66
106
142
186
217
256
326
360
378
409
448
484
491
470
439
434
453
459
476
489
483
527
562
559
600
594
558
570
572
587
610
581
552
541
538
571
575
550
539
518
490
441
377
361
366
345
345
369
350
311
285
229
159
139
106
58
74
50
35
33
-30
-46
-74
-140
-161
-201
-276
-313
-329
-346
-395
-471
-548
-636
-685
-677
-665
-680
-736
-786
-776
-763
-776
-799
-834
-854
-834
-789
-728
-687
-676
-660
-641
-577
-509
-482
-423
-381
-356
-282
-216
-172
-134
-107
-77
-18
24
28
66
118
157
197
229
236
255
307
347
369
382
400
429
425
405
425
461
477
496
524
563
591
579
583
585
588
600
599
583
556
569
593
600
602
590
556
538
540
486
414
398
380
353
322
304
285
236
199
173
134
109
69
34
13
-13
-15
-43
-72
-107
-168
-190
-209
-268
-320
-348
-352
-368
-402
-424
-471
-523
-574
-590
-555
-567
-629
-686
-690
-644
-620
-638
-683
-701
-687
-680
-644
-587
-550
-535
-529
-516
-456
-385
-357
-316
-293
-271
-219
-202
-168
-126
-130
-89
-50
-46
-20
17
46
71
99
131
165
174
223
281
299
309
314
319
354
415
424
415
429
455
507
561
563
541
553
572
593
613
611
601
593
612
629
648
635
553
515
488
433
411
377
326
308
284
257
246
205
164
149
104
68
57
17
-9
-14
-21
-57
-91
-100
-141
-198
-200
-203
-251
-276
-302
-323
-318
-333
-359
-411
-455
-444
-434
-478
-509
-527
-559
-545
-534
-556
-559
-586
-608
-607
-588
-555
-552
-550
-543
-524
-455
-403
-393
-360
-336
-324
-285
-244
-235
-205
-161
-146
-126
-89
-84
-62
-4
2
41
110
117
132
206
247
253
293
318
295
302
348
402
444
468
484
518
532
519
543
531
532
579
595
595
596
612
611
616
606
553
512
484
464
439
388
347
316
301
291
228
182
164
127
85
41
29
9
-16
-20
-56
-98
-118
-132
-156
-179
-195
-223
-232
-242
-277
-298
-287
-273
-272
-279
-328
-356
-356
-379
-367
-356
-391
-398
-394
-398
-422
-450
-468
-487
-475
-437
-431
-437
-429
-444
-437
-416
-420
-402
-390
-387
-362
-351
-304
-262
-272
-273
-247
-213
-183
-146
-115
-96
-54
3
31
67
113
146
188
218
260
291
317
346
359
378
412
448
481
502
526
550
528
533
547
532
552
569
570
576
569
555
532
519
471
434
415
375
339
318
293
276
248
199
178
135
99
75
46
46
34
-19
-80
-114
-130
-134
-138
-170
-191
-207
-221
-223
-227
-244
-263
-270
-265
-264
-246
-253
-290
-305
-313
-298
-287
-304
-317
-342
-349
-322
-332
-377
-390
-401
-401
-399
-382
-363
-389
-412
-423
-400
-352
-342
-339
-333
-333
-295
-276
-265
-230
-221
-195
-175
-186
-137
-74
-43
4
33
53
104
158
190
225
255
270
288
301
323
355
377
390
400
418
433
438
457
451
452
486
495
491
468
448
473
490
464
420
378
358
352
320
287
263
231
205
200
181
144
172
167
94
77
40
-11
-2
-37
-63
-70
-113
-130
-122
-133
-153
-145
-169
-212
-227
-224
-233
-231
-217
-228
-232
-221
-228
-261
-273
-260
-267
-274
-280
-320
-318
-282
-284
-293
-302
-310
-316
-300
-292
-316
-310
-300
-304
-296
-280
-280
-286
-284
-276
-252
-236
-232
-210
-198
-196
-188
-167
-126
-89
-37
8
35
58
75
109
147
167
163
181
240
267
291
327
330
324
332
351
372
382
408
400
384
424
438
427
415
399
386
379
371
359
348
327
265
216
190
177
179
183
157
135
137
113
94
62
42
25
12
28
11
-5
-16
-34
-65
-93
-76
-76
-90
-115
-129
-118
-139
-149
-139
-137
-162
-180
-170
-160
-172
-201
-218
-242
-232
-218
-234
-240
-269
-302
-287
-289
-283
-268
-294
-325
-339
-314
-301
-304
-304
-313
-300
-280
-259
-227
-220
-240
-236
-212
-216
-204
-181
-177
-158
-132
-96
-61
-32
-10
4
44
80
110
133
131
169
200
225
253
265
285
306
322
322
347
382
368
381
417
414
416
417
403
397
392
362
319
323
335
289
268
276
235
224
220
205
209
194
167
143
127
93
47
22
0
-7
23
1
-27
-26
-36
-63
-119
-110
-102
-113
-116
-125
-121
-151
-161
-155
-170
-173
-176
-177
-157
-175
-221
-222
-234
-232
-191
-231
-274
-238
-240
-267
-256
-262
-282
-303
-302
-281
-262
-248
-264
-264
-268
-310
-304
-253
-235
-251
-255
-229
-199
-181
-171
-164
-140
-136
-140
-94
-55
-44
-44
-21
25
65
90
110
118
128
162
178
206
245
247
256
287
323
335
318
343
365
350
375
386
394
408
375
347
345
347
341
307
285
275
272
286
261
237
231
230
208
173
149
139
147
121
73
57
55
45
44
29
-24
-41
-33
-65
-73
-82
-109
-107
-121
-124
-140
-143
-122
-143
-175
-192
-180
-172
-192
-216
-223
-201
-207
-247
-240
-224
-211
-208
-242
-245
-235
-255
-258
-262
-283
-300
-305
-293
-291
-305
-286
-286
-278
-257
-267
-237
-221
-223
-186
-186
-172
-143
-167
-138
-96
-88
-73
-51
-35
-14
38
56
63
91
98
118
157
186
181
185
222
228
249
289
289
282
285
301
323
330
330
300
293
310
289
311
342
327
337
306
285
313
296
274
245
213
213
224
234
215
197
187
177
133
100
115
107
70
30
24
32
13
11
-10
-46
-45
-47
-68
-83
-103
-140
-140
-135
-134
-139
-155
-164
-177
-196
-217
-224
-232
-256
-247
-231
-235
-247
-261
-273
-290
-283
-286
-302
-303
-305
-312
-308
-298
-303
-318
-309
-291
-280
-283
-265
-212
-212
-215
-203
-203
-160
-136
-116
-94
-106
-73
-10
13
4
18
36
57
93
98
132
172
156
180
205
202
215
231
225
241
271
258
271
269
248
269
272
267
279
284
278
298
328
295
287
292
247
260
282
276
269
235
210
244
228
185
164
137
146
153
115
95
103
115
122
66
31
18
9
10
-17
-29
-41
-44
-43
-65
-99
-96
-103
-139
-144
-150
-157
-166
-176
-193
-217
-234
-278
-278
-246
-251
-256
-278
-301
-323
-306
-294
-322
-318
-330
-325
-301
-296
-290
-292
-291
-298
-293
-259
-233
-213
-181
-185
-176
-143
-118
-82
-52
-65
-60
-22
17
36
40
70
67
76
84
78
114
151
171
190
197
180
189
202
201
216
218
213
221
255
267
251
270
269
251
257
247
261
270
242
246
236
199
229
239
217
234
226
212
217
209
180
171
170
144
138
141
111
112
106
76
83
51
11
25
8
-18
6
-13
-58
-85
-110
-104
-102
-130
-154
-170
-190
-187
-202
-222
-201
-220
-270
-283
-286
-282
-256
-280
-309
-282
-285
-288
-292
-304
-266
-278
-280
-252
-259
-241
-229
-235
-205
-167
-175
-179
-159
-118
-99
-92
-64
-63
-61
-31
5
39
34
28
75
94
93
111
115
127
130
139
141
126
130
160
152
148
175
179
176
185
193
186
192
190
203
180
186
227
217
237
232
218
241
258
253
249
230
200
206
203
194
194
191
169
146
120
100
122
94
70
83
51
33
25
-6
-26
-25
-48
-72
-66
-81
-114
-113
-120
-139
-143
-178
-179
-161
-194
-220
-216
-217
-216
-223
-237
-213
-224
-239
-256
-276
-232
-226
-256
-244
-225
-206
-196
-198
-191
-190
-184
-175
-178
-148
-105
-79
-87
-103
-72
-48
-39
-15
11
35
27
17
50
68
67
68
57
84
120
112
118
123
113
109
104
113
135
146
165
170
158
141
142
151
143
160
171
179
199
200
183
159
155
177
193
181
176
180
187
179
151
145
148
163
143
117
140
140
144
105
57
66
58
19
-9
-23
-5
-23
-70
-71
-61
-68
-112
-157
-145
-139
-136
-141
-166
-165
-162
-165
-182
-193
-210
-212
-203
-220
-203
-182
-206
-201
-201
-221
-207
-188
-180
-160
-163
-184
-167
-148
-145
-146
-143
-139
-108
-61
-50
-34
-30
-43
-50
-22
16
9
22
75
59
60
82
66
97
99
84
82
81
141
155
130
139
124
142
160
129
146
179
155
132
143
138
136
133
121
133
144
139
138
125
112
130
137
125
135
146
139
135
137
125
117
129
133
108
78
70
84
78
52
21
14
16
-16
-34
-25
-31
-52
-71
-86
-86
-91
-119
-134
-123
-133
-161
-159
-144
-149
-165
-180
-192
-176
-162
-177
-164
-161
-189
-193
-184
-159
-140
-152
-157
-150
-162
-164
-146
-137
-118
-101
-104
-108
-83
-84
-81
-58
-63
-44
-24
-17
16
22
18
33
34
53
67
67
81
74
68
95
99
92
112
122
123
141
137
151
172
135
127
149
148
152
139
126
152
155
132
136
131
129
132
101
102
121
97
92
99
95
96
94
97
79
74
88
80
60
34
31
44
39
7
-5
15
13
-19
-36
-44
-44
-27
-60
-73
-61
-80
-81
-104
-124
-123
-140
-164
-167
-150
-158
-177
-165
-133
-140
-156
-129
-114
-130
-126
-140
-124
-97
-127
-130
-107
-117
-119
-106
-97
-70
-80
-78
-64
-78
-63
-74
-70
-10
-2
-5
4
-8
17
47
25
22
31
20
39
64
48
41
54
55
51
37
69
102
96
105
116
121
110
97
111
121
122
143
138
127
156
164
132
143
150
139
158
136
113
110
111
137
124
87
80
82
89
74
42
33
58
32
-4
3
-6
0
-5
-41
-21
-10
-46
-47
-51
-69
-76
-95
-93
-82
-101
-105
-110
-136
-136
-130
-139
-138
-134
-139
-133
-124
-132
-127
-128
-137
-116
-105
-114
-102
-114
-112
-90
-97
-96
-84
-72
-69
-70
-79
-68
-40
-38
-56
-27
2
6
12
-4
2
26
25
38
61
45
40
51
52
46
38
45
70
90
95
86
77
79
97
108
108
98
93
99
74
66
93
98
114
122
101
99
106
123
118
113
113
98
89
95
102
102
97
89
72
54
58
51
34
40
28
3
10
10
7
4
-18
-43
-59
-48
-35
-45
-59
-65
-71
-81
-97
-104
-105
-109
-113
-111
-97
-102
-119
-119
-108
-87
-89
-97
-99
-104
-117
-114
-111
-112
-99
-93
-97
-102
-102
-97
-88
-104
-94
-84
-93
-70
-52
-55
-42
-36
-40
-27
-19
1
40
36
28
26
14
29
49
67
79
77
74
93
96
96
102
93
103
129
132
122
118
123
127
121
123
104
92
112
115
95
90
100
94
83
79
64
61
62
63
83
66
49
70
59
24
34
27
10
14
2
-16
-5
10
-6
-23
-28
-22
-27
-14
-12
-21
-43
-63
-48
-59
-72
-60
-73
-112
-103
-91
-111
-94
-90
-108
-113
-115
-131
-117
-99
-128
-112
-83
-90
-95
-84
-94
-99
-85
-96
-96
-101
-104
-69
-47
-81
-94
-67
-55
-50
-35
-12
15
12
0
11
8
7
30
36
41
52
62
73
92
98
92
100
95
107
111
87
87
130
124
92
106
115
117
107
97
86
89
96
79
75
78
80
77
68
71
72
71
72
65
61
66
69
57
46
38
31
38
31
20
21
20
15
0
-17
-18
-31
-45
-48
-55
-49
-57
-69
-64
-77
-57
-47
-91
-92
-92
-117
-105
-80
-73
-95
-94
-77
-97
-125
-114
-107
-97
-58
-65
-89
-100
-92
-78
-103
-113
-88
-72
-66
-76
-74
-46
-45
-56
-61
-50
-18
-17
-15
10
4
18
34
16
17
26
32
48
47
57
62
54
58
57
69
78
70
74
76
75
81
69
72
71
72
116
109
68
84
88
80
82
59
54
76
90
79
74
79
83
71
54
46
65
85
74
63
59
59
49
41
25
21
26
27
15
11
7
-19
-22
-35
-41
-33
-28
-36
-60
-61
-58
-95
-116
-82
-69
-88
-89
-94
-100
-106
-111
-103
-98
-115
-108
-75
-85
-102
-82
-62
-75
-75
-59
-77
-91
-88
-87
-64
-45
-55
-41
-38
-53
-43
-45
-35
-17
-28
-9
16
14
15
28
42
30
19
25
33
48
61
54
58
68
66
73
54
53
74
78
98
99
83
84
88
71
56
66
69
66
75
73
73
68
59
43
36
56
66
70
64
51
52
44
40
44
39
42
56
29
7
18
14
9
2
0
-9
-33
-31
2
2
-13
-22
-39
-48
-39
-45
-58
-52
-54
-67
-78
-82
-78
-85
-87
-81
-83
-77
-65
-76
-68
-54
-70
-81
-82
-63
-64
-53
-32
-58
-65
-63
-81
-77
-61
-56
-55
-43
-38
-35
-35
-37
-37
-30
-6
-4
6
26
20
25
44
35
27
45
53
46
54
58
59
80
79
71
73
72
82
92
69
60
85
82
77
92
90
70
62
52
40
43
44
43
51
45
33
45
52
44
29
20
24
33
23
6
30
26
-19
-21
-11
-9
4
-12
-9
-1
-25
-24
-19
-16
-23
-28
-14
-10
-24
-39
-35
-34
-42
-48
-59
-63
-57
-65
-77
-84
-83
-85
-79
-70
-65
-66
-63
-54
-59
-61
-59
-55
-69
-72
-55
-56
-50
-33
-43
-43
-41
-43
-36
-31
-1
10
3
-3
-13
6
29
19
21
36
32
53
64
39
34
29
29
49
67
76
75
74
80
82
72
70
68
65
80
79
71
79
79
57
36
24
34
34
31
37
18
25
31
11
26
26
6
17
16
6
7
11
10
11
9
-6
-14
6
8
-4
-1
-15
-30
-9
-5
-29
-34
-36
-33
-26
-31
-36
-38
-30
-14
-26
-38
-38
-47
-56
-41
-39
-53
-53
-54
-48
-48
-60
-55
-51
-46
-63
-80
-67
-51
-53
-59
-73
-77
-47
-56
-52
-28
-38
-23
-8
-11
0
4
29
32
2
11
14
10
27
28
33
52
45
53
50
48
53
37
50
62
52
72
70
53
71
75
55
45
48
51
52
41
47
46
41
28
26
26
15
18
14
6
17
31
17
23
23
17
24
12
5
-4
3
19
11
13
8
2
7
-12
-9
-3
-15
-16
-10
-8
-3
-15
-39
-40
-24
-25
-51
-35
-36
-62
-47
-46
-65
-50
-53
-75
-51
-50
-71
-58
-56
-44
-35
-57
-60
-49
-45
-43
-48
-47
-43
-36
-23
-29
-36
-28
-25
-15
-14
-10
13
7
0
21
20
18
23
22
39
56
49
46
54
60
52
53
45
41
61
61
53
58
68
61
45
44
39
36
38
17
13
25
23
22
3
-7
13
9
11
28
19
12
18
9
5
25
36
28
29
34
27
12
2
12
14
5
6
4
-1
-2
11
7
-13
-27
-22
-11
-7
5
-9
-31
-22
-38
-71
-66
-60
-59
-51
-55
-53
-55
-65
-76
-70
-64
-63
-50
-48
-52
-42
-41
-40
-28
-46
-54
-25
-23
-26
-25
-37
-22
-12
-25
-20
4
-3
7
24
21
40
31
31
51
46
48
42
29
39
39
54
63
39
44
46
30
37
37
42
58
41
35
45
36
46
40
22
23
19
17
26
25
22
4
-12
-13
4
35
7
-9
20
13
15
29
19
12
13
7
12
9
-7
6
16
2
2
-6
-9
-1
-24
-26
-10
-11
-10
-23
-35
-32
-23
-24
-39
-41
-29
-43
-49
-49
-57
-41
-43
-51
-45
-49
-52
-49
-49
-40
-35
-22
-4
-21
-34
-21
-25
-13
-5
-21
-21
-20
-26
-29
-18
4
12
8
19
30
30
34
24
18
34
32
33
51
42
30
28
23
21
13
9
20
30
36
31
34
35
21
15
20
32
36
26
21
25
29
30
10
-1
15
10
4
14
17
3
2
6
6
23
25
12
17
15
10
15
27
22
1
-6
-17
3
8
-24
-25
