-18
25
-2
26
9
2
19
-7
-5
1
-4
10
7
11
21
-19
9
-10
-26
23
-3
-9
32
-11
-13
36
-25
-23
38
3
-8
22
-15
-37
6
9
-17
18
-2
-7
30
-39
-32
19
-54
2
27
-61
27
24
-39
-4
-3
-6
-11
29
26
-9
29
2
-25
13
-22
-1
25
-32
38
1
-38
23
-20
-5
27
-12
17
43
6
21
11
-18
1
5
-17
21
30
15
5
-28
-27
-8
-10
19
1
-20
29
-12
-12
16
-26
-15
13
-24
-20
18
-22
14
34
8
35
32
-11
-8
-17
-29
-18
-30
-18
-17
5
10
10
-7
-16
-2
-12
-48
4
14
-22
35
31
6
24
5
-8
-15
5
-3
-20
15
-30
3
11
-42
23
9
2
47
-46
-16
-7
-31
35
-25
15
34
-48
57
27
-27
94
1
-33
44
-12
50
12
-50
45
-5
11
32
-23
1
-7
-19
-10
-45
11
12
-19
26
-5
-29
28
17
-23
15
-16
-22
49
15
-9
35
2
32
-4
-44
15
-4
-14
40
-8
-4
44
-40
20
-7
-22
35
-61
-9
29
-46
4
-23
-16
-7
-45
37
-19
-19
33
-42
-1
-21
-47
30
-31
2
25
-58
30
19
-52
-3
-4
-1
-34
-3
5
-45
29
3
-1
37
-7
40
9
-26
48
-24
-20
43
-32
35
10
-24
85
7
0
5
-13
13
-15
-9
17
-16
6
40
20
-21
-11
20
-50
43
37
-21
40
-30
-39
11
-7
37
-25
-48
21
-43
21
49
-24
29
20
-34
11
-13
-11
18
-16
3
38
8
9
33
-33
11
27
-40
13
-18
-37
38
-30
1
31
-82
42
13
-72
52
-27
-2
61
-17
33
13
-68
32
22
-22
71
15
-31
21
10
-38
1
19
-49
-1
-13
-22
51
-43
-50
26
-76
-26
55
-81
43
39
-54
87
-36
-43
65
-105
10
58
-82
110
15
-28
75
-117
33
27
-82
106
-32
-1
90
-42
-15
7
-4
-2
-5
42
-58
-57
39
-46
33
21
-45
19
-11
-9
11
26
17
-30
-18
-27
-31
38
4
24
31
-13
31
-48
53
4
-61
59
-45
-5
76
-21
-2
-36
-40
24
-25
56
-10
-9
22
-56
62
-4
-87
33
-46
12
51
-46
34
1
-9
50
-26
-7
90
30
-10
22
7
-18
17
-5
13
39
-18
33
-14
-57
94
-23
-30
56
-50
31
-1
-13
78
-21
12
-5
-114
33
-24
-10
48
-42
42
-3
-46
23
2
-4
-50
-53
30
9
18
-19
-31
2
-18
48
-25
-59
54
-124
-27
99
-66
93
-21
-94
139
-75
-22
85
-127
86
37
-90
124
-31
-38
74
-73
-17
2
-36
5
-10
5
38
-7
-3
17
10
-5
-97
-11
59
-58
28
37
-72
113
54
-26
89
-53
-29
15
-81
103
52
-122
81
-26
-54
115
-70
-18
0
8
36
-89
-3
-11
-65
57
12
-52
11
-22
43
-17
-16
36
-97
72
115
-58
91
-5
-75
116
-45
-11
89
-90
111
82
-134
68
-29
-32
113
-47
1
27
-87
25
-30
-75
77
-46
23
107
-115
17
60
-93
87
20
-116
94
-20
-7
118
-116
19
28
-123
96
-31
-73
166
-148
-65
150
-167
95
58
-165
128
-55
-30
163
-169
-14
92
-206
108
53
-139
147
-55
-73
135
-145
-21
151
-145
69
98
-162
88
35
-128
121
-26
-63
119
-104
36
135
-117
73
48
-132
169
-14
-143
120
-113
-88
158
-77
3
143
-108
22
37
-162
76
-23
-140
162
-67
-100
195
-122
-67
190
-182
-36
124
-143
86
80
-94
59
-18
-3
83
-10
11
56
-4
-22
31
-1
-8
65
-24
-34
73
-83
94
90
-147
130
-30
-135
179
-122
-97
152
-157
84
190
-147
43
28
-176
74
23
-138
88
5
-59
148
-68
17
148
-198
19
39
-148
146
-45
-95
144
-112
96
81
-169
178
-38
-145
112
-139
3
138
-143
96
87
-131
132
-45
-139
137
-104
-101
166
-104
-4
139
-157
109
86
-220
47
-54
-37
234
-119
-57
23
-171
131
34
-19
149
-103
-22
31
-132
127
-18
-173
173
-37
-61
148
-118
23
118
-189
61
27
-116
193
-92
-102
196
-139
10
158
-189
81
70
-143
243
11
-134
135
-208
-22
244
-124
83
81
-158
159
-43
-110
113
-135
20
147
-134
102
2
-154
130
3
-37
127
-91
-98
54
-104
38
92
-19
72
-11
-60
103
-106
-41
102
-138
46
75
-89
114
-30
-77
155
-103
-87
93
-111
-12
73
-84
2
56
-41
110
48
-98
23
-80
-57
147
-31
-113
36
-107
51
156
-7
-13
-18
-48
17
42
-51
-19
30
-13
-4
91
-40
-61
117
-9
-128
63
9
-88
98
21
-68
67
20
-38
65
-42
-93
-55
-51
27
140
52
-47
12
-75
-49
73
15
-118
9
61
7
98
10
-119
30
6
-72
59
-27
-43
138
-9
-69
118
-85
-52
153
-42
-25
122
-109
-141
63
-3
-17
63
93
12
-56
7
50
-64
-40
10
-85
-6
80
75
-46
9
103
-113
-167
88
50
-64
150
80
-168
-17
89
-13
13
-1
-11
-1
-38
48
42
-79
9
109
-1
2
26
-44
-51
-8
-10
-6
15
25
15
-50
-41
-21
48
10
1
50
-67
-109
48
14
-61
102
-16
-95
14
-21
-30
27
-3
-7
41
6
41
35
-37
-31
-44
-13
99
36
0
25
-32
-68
-36
40
47
13
19
-5
-59
13
1
-8
-25
5
30
-16
-13
-8
-38
-19
19
5
8
-41
35
63
-11
-34
-20
-40
43
111
11
-10
0
-61
-18
38
13
63
21
-23
36
9
-31
34
-3
-38
29
10
-38
-54
-25
8
44
40
37
-12
-15
16
-96
-54
32
18
71
84
-34
-116
-62
35
39
-8
-24
-45
-24
-3
26
-36
-37
16
-70
-44
35
22
52
45
-34
5
16
15
20
7
29
-21
-19
42
58
35
-33
-8
37
5
-2
-19
-51
-28
11
-57
-58
56
33
7
19
-15
25
23
-6
54
-27
-56
70
35
30
77
-9
-57
-2
49
16
-59
-22
-7
-23
49
1
-118
-41
-26
-88
-15
-5
-33
-13
-53
-75
-17
-2
19
31
-12
-35
-6
-8
17
37
-15
-11
46
13
-34
-48
-83
-18
7
-33
20
6
-26
-19
-30
-5
11
2
-16
13
50
48
29
44
20
33
86
23
35
81
37
25
25
-3
34
68
28
0
1
22
30
25
23
23
14
-12
-8
-7
5
21
-42
-46
-12
-32
-8
4
-24
-46
-56
-12
0
-12
6
-12
-7
-28
-91
-107
-71
-49
-70
-82
-89
-83
-70
-75
-83
-72
-72
-64
-64
-75
-64
-67
-67
-49
-31
25
63
38
19
35
60
44
24
36
40
44
44
40
56
50
53
87
101
140
166
157
153
158
201
247
252
250
247
275
333
323
278
277
279
232
216
211
179
185
189
164
142
147
143
119
115
101
56
36
23
15
11
-22
11
64
51
46
53
45
45
43
15
2
-22
-45
-52
-68
-77
-111
-110
-50
18
39
-177
-506
-822
-1179
-1467
-1795
-2209
-2402
-2407
-2349
-2148
-1866
-1457
-998
-652
-365
-40
239
414
535
624
764
928
1065
1217
1382
1501
1533
1442
1265
1077
812
496
190
-104
-308
-484
-628
-645
-613
-547
-462
-418
-280
-19
157
307
536
778
1034
1223
1327
1466
1545
1489
1393
1310
1237
1111
934
817
767
685
530
387
283
134
-13
-194
-319
-327
-370
-383
-371
-309
-177
-54
48
86
157
270
380
498
546
560
626
688
658
586
463
360
217
-34
-243
-429
-560
-662
-800
-846
-825
-799
-658
-522
-859
-1717
-2622
-3255
-3502
-3716
-4121
-4331
-4157
-3675
-3062
-2365
-1477
-626
-77
155
329
705
1094
1333
1431
1453
1626
1924
2121
2221
2306
2191
1811
1294
835
578
308
-42
-388
-595
-623
-579
-502
-375
-209
-143
-99
9
183
452
633
679
843
1110
1342
1432
1426
1431
1415
1340
1144
991
901
789
646
494
443
358
208
119
-2
-95
-144
-213
-203
-92
84
256
356
484
621
693
756
816
857
892
918
909
940
1001
999
894
708
526
333
105
-102
-286
-516
-691
-734
-751
-729
-644
-621
-653
-593
-558
-635
-647
-626
-583
-455
-218
-395
-1605
-3056
-3921
-4240
-4259
-4722
-5342
-5062
-4353
-3614
-2751
-1674
-328
519
571
602
1066
1656
1987
1998
1947
2120
2418
2550
2684
2771
2514
1855
934
166
-326
-740
-1138
-1479
-1623
-1551
-1291
-847
-422
-39
265
436
671
1001
1319
1665
1866
1942
2078
2175
2089
1828
1556
1190
806
457
24
-269
-388
-473
-513
-567
-513
-336
-193
-59
35
145
288
453
721
1008
1200
1343
1431
1453
1440
1394
1292
1139
1035
979
914
793
685
625
457
186
-77
-339
-519
-709
-903
-969
-940
-808
-657
-512
-319
-156
-23
-82
-373
-517
-528
-479
-358
-481
-551
-384
-82
223
-851
-2737
-3729
-4403
-4565
-4665
-5446
-5157
-4084
-3367
-2482
-1437
-43
1110
1132
751
831
1374
1705
1771
1848
1942
2290
2343
2184
2331
2030
1238
184
-903
-1439
-1728
-1866
-1742
-1540
-1175
-727
-157
481
909
1227
1307
1398
1644
1782
2081
2335
2406
2363
1968
1637
1352
836
304
-268
-657
-886
-976
-857
-726
-453
-249
-171
34
165
348
464
410
625
839
1065
1424
1577
1613
1434
1178
1021
776
576
446
403
433
446
526
502
522
503
160
-99
-281
-432
-481
-558
-475
-273
-18
259
410
610
751
726
541
268
68
-151
-302
-386
-580
-736
-946
-937
-1074
-3154
-5954
-7148
-7230
-6449
-5893
-6329
-5298
-2982
-1339
-2
1311
2761
3671
2919
1786
1830
2491
2722
2464
2216
2221
2333
1927
1240
777
-240
-1777
-3115
-3872
-3756
-3194
-2376
-1230
-221
619
1546
2437
3072
3108
2789
2524
2427
2527
2527
2656
2821
2546
1900
1015
272
-546
-1636
-2479
-2965
-2930
-2492
-1864
-926
-24
729
1157
1218
1332
1303
1166
1027
930
1145
1350
1614
1955
1890
1614
1096
453
92
-140
-203
-128
120
551
845
997
974
821
521
-146
-735
-1027
-1088
-830
-513
-123
431
985
1331
1357
1295
1010
550
52
-531
-726
-734
-731
-454
-285
-222
-395
-837
-1473
-3837
-7087
-8574
-8465
-7208
-6095
-6171
-4907
-2009
328
1809
2669
3609
4307
3370
1879
1606
2355
2963
2708
2237
2214
2258
1556
290
-628
-1733
-3311
-4594
-4965
-4021
-2615
-1321
129
1381
2388
3088
3389
3632
3426
2728
2144
1903
2142
2332
2326
2384
2000
1087
-78
-1179
-1967
-2666
-3130
-3224
-2812
-1783
-625
503
1468
1979
2050
1754
1404
1164
894
684
667
984
1353
1616
1828
1595
1069
398
-354
-713
-834
-693
-196
325
933
1352
1435
1300
845
250
-482
-1164
-1383
-1237
-720
-170
317
1064
1531
1663
1567
1033
461
-73
-606
-858
-923
-790
-424
-25
367
508
222
-280
-888
-2213
-4890
-7578
-8763
-8643
-7716
-7015
-6369
-4041
-1238
623
2186
3280
4427
5002
3882
2986
3022
3222
3270
2609
2153
2140
1443
235
-945
-1934
-3077
-4431
-5196
-4939
-3662
-2147
-671
1128
2551
3535
4126
4200
4281
3842
2920
2415
2165
2138
2036
1715
1519
922
-144
-1316
-2256
-2861
-3388
-3492
-3060
-2102
-794
334
1492
2360
2634
2644
2095
1437
1063
556
275
328
585
966
1169
1194
907
401
-168
-687
-869
-790
-396
215
798
1421
1694
1627
1347
631
-83
-717
-1192
-1126
-768
-258
302
890
1369
1556
1570
1148
533
-27
-653
-907
-953
-854
-209
249
607
1145
969
361
-341
-1715
-4212
-7287
-9211
-9482
-8575
-7176
-6330
-4938
-2239
284
2036
3128
3977
4603
3981
2770
2300
2638
3341
3311
2445
1856
1591
852
-532
-1979
-3132
-4199
-4974
-4868
-3717
-1785
159
1662
2829
3666
4258
4307
3895
3371
2517
1754
1438
1394
1611
1617
1272
758
-229
-1333
-2195
-2875
-3138
-2952
-2419
-1482
-197
1025
1994
2690
2781
2328
1705
978
454
179
4
159
509
936
1353
1463
1244
743
33
-541
-744
-610
-199
378
978
1468
1670
1506
1035
403
-331
-971
-1319
-1253
-741
-104
606
1283
1497
1515
1359
735
152
-377
-792
-900
-1016
-722
-78
261
765
1120
940
817
-145
-1992
-4040
-6907
-9020
-9277
-8972
-7718
-6178
-5076
-2766
-100
1858
3523
4165
4416
4401
3375
2690
2671
2768
2860
2210
1280
806
178
-858
-2104
-3303
-4116
-4545
-4338
-3224
-1385
583
2158
3411
4143
4467
4540
4008
3286
2538
1581
1067
940
872
927
566
-13
-602
-1526
-2327
-2708
-2730
-2328
-1542
-484
606
1658
2486
2758
2687
2297
1444
658
160
-208
-275
-131
256
836
1181
1325
1224
726
142
-305
-578
-480
-130
292
792
1137
1263
1175
799
224
-333
-852
-1095
-784
-305
192
817
1259
1433
1358
957
443
-74
-536
-865
-1094
-1034
-529
42
434
771
1054
975
762
352
-1186
-2973
-4984
-7919
-9263
-9047
-8648
-6828
-5341
-4140
-1278
995
2760
4394
4476
4761
4525
3133
2878
2715
2419
2311
1139
330
-5
-979
-1843
-2883
-3796
-4061
-4173
-3494
-1891
92
2005
3262
4203
4813
4831
4446
3606
2721
1826
787
330
239
196
255
-200
-785
-1219
-1950
-2315
-2207
-2005
-1261
-329
557
1605
2431
2735
2471
1973
1314
446
-129
-386
-477
-281
99
698
1278
1527
1560
1150
474
-9
-446
-612
-398
-68
367
652
792
886
705
364
-32
-433
-622
-521
-80
407
817
1254
1328
1223
1045
512
-79
-549
-962
-1102
-949
-600
-14
522
703
922
1141
815
490
-449
-2213
-3647
-6263
-9040
-9278
-8832
-7602
-5634
-4880
-2747
315
2057
4048
4812
4696
5145
3803
2553
2612
2095
2062
1438
-73
-359
-879
-1795
-2346
-3352
-3800
-3753
-3657
-2329
-353
1529
3194
4160
4797
5042
4640
3892
2844
1830
805
-77
-282
-274
-202
-240
-791
-1158
-1471
-1917
-1809
-1557
-1087
-123
780
1570
2211
2593
2580
1909
1185
436
-428
-760
-860
-680
-155
403
1169
1580
1627
1556
928
320
-123
-544
-487
-311
-73
327
539
768
859
614
310
-10
-240
-321
-63
510
860
1179
1351
1050
730
334
-180
-613
-845
-886
-939
-650
-54
280
803
1165
988
1073
758
-90
-1016
-2647
-4794
-7433
-9471
-9393
-8378
-6914
-5324
-4067
-1536
1419
3190
4624
5236
5292
4933
3247
2168
2110
1750
1374
346
-708
-857
-1429
-2259
-2904
-3577
-3702
-3560
-2951
-1129
963
2783
4133
4808
5260
5023
4170
3231
2044
909
-68
-828
-865
-563
-421
-471
-852
-1148
-1434
-1679
-1400
-990
-348
562
1335
2095
2610
2677
2237
1348
489
-348
-981
-1025
-834
-445
235
1045
1796
2104
2052
1555
692
22
-492
-751
-597
-409
-67
328
538
779
811
604
350
44
-87
28
344
797
1055
1069
930
531
198
-48
-464
-824
-984
-983
-798
-164
545
787
995
1134
789
735
308
-1183
-2700
-5390
-8615
-9651
-9570
-8320
-5978
-5116
-3602
-529
1688
3979
5334
5100
5295
4198
2410
2078
1633
1592
1413
-213
-834
-962
-1741
-2155
-3065
-3772
-3561
-3396
-2199
-67
1838
3693
4705
4952
5141
4606
3624
2518
1157
119
-751
-1215
-888
-475
-219
-329
-730
-943
-1320
-1502
-1110
-660
138
1079
1748
2420
2735
2506
1814
718
-263
-1004
-1391
-1198
-720
-133
562
1418
2063
2187
2066
1443
473
-264
-841
-935
-667
-454
54
433
579
837
754
530
341
36
-45
116
462
865
1037
978
830
465
80
-98
-487
-926
-945
-804
-545
183
771
994
1218
1096
772
684
-100
-1583
-3235
-6225
-9069
-9699
-9269
-7662
-5626
-4770
-2779
226
2323
4336
5197
5093
5217
3832
2252
1968
1660
1693
1080
-563
-1075
-1299
-2043
-2607
-3492
-3819
-3391
-3031
-1581
686
2672
4303
4941
4979
4922
4144
3033
1930
797
-61
-795
-1028
-621
-269
-176
-537
-1071
-1307
-1612
-1611
-1068
-407
581
1526
2154
2769
2844
2326
1430
157
-824
-1393
-1574
-1184
-500
251
914
1562
2100
2156
1824
1068
147
-434
-786
-726
-374
-121
250
476
480
542
380
235
178
-12
34
326
725
1123
1213
1020
679
278
-144
-600
-872
-981
-832
-421
-57
523
1076
1315
1528
1163
648
548
-513
-1897
-3211
-6180
-8630
-9238
-9447
-7789
-5611
-4716
-2560
-42
1931
4267
4912
5002
5350
3937
2742
2219
1460
1712
1186
-359
-963
-1683
-2341
-2722
-3623
-3660
-3150
-2783
-1301
711
2659
4459
4993
4899
4777
3823
2650
1653
655
43
-511
-963
-647
-143
-164
-591
-1162
-1548
-1721
-1708
-1223
-241
891
1808
2407
2735
2752
2257
1138
-129
-1048
-1590
-1679
-1208
-381
450
1109
1604
1888
1894
1560
824
105
-365
-675
-568
-256
68
452
543
449
436
291
202
233
158
248
544
866
1187
1268
1046
683
204
-385
-779
-890
-930
-636
-3
402
815
1327
1282
1149
1130
638
250
-391
-1912
-3532
-5991
-8604
-9284
-9083
-7977
-5881
-4756
-3044
-127
1994
3949
5070
5020
5215
4275
2758
2333
1813
1560
1235
-281
-1204
-1618
-2523
-3114
-3745
-3979
-3308
-2621
-1246
957
2881
4416
5119
4949
4623
3733
2514
1555
707
209
-275
-681
-382
-109
-267
-700
-1464
-1923
-2124
-2118
-1357
-191
1096
2189
2649
2913
2766
2021
1112
-167
-1241
-1649
-1730
-1220
-275
546
1093
1401
1613
1588
1256
719
198
-169
-361
-212
110
400
676
661
397
183
-70
-116
15
105
329
614
848
1110
1220
1026
684
213
-409
-704
-699
-760
-447
170
532
965
1366
1239
983
792
510
332
-158
-1313
-2605
-4717
-7585
-9123
-9291
-8358
-6213
-4848
-3620
-1040
1279
3235
4574
4632
4838
4364
2910
2272
2031
2139
2186
796
-540
-1257
-2310
-3146
-3902
-4263
-3656
-2989
-1866
228
2358
4110
4962
4739
4296
3528
2347
1494
936
702
590
144
50
224
-49
-761
-1795
-2536
-2749
-2638
-1884
-545
1020
2378
2873
2843
2744
2184
1245
212
-766
-1322
-1367
-1030
-384
331
851
1099
1061
930
819
519
154
86
124
249
581
824
898
755
375
-31
-277
-319
-204
-9
261
628
978
1162
1186
1030
654
236
-131
-560
-851
-794
-368
213
469
670
1109
1133
928
698
128
103
381
-428
-1585
-2739
-5163
-7829
-9082
-9097
-7432
-5154
-4200
-2771
-288
1754
3429
3951
3896
4444
3757
2402
2127
2217
2796
2556
627
-639
-1498
-2774
-3681
-4420
-4229
-3174
-2559
-1337
840
2778
4129
4333
3857
3536
2815
1945
1550
1500
1745
1637
1046
696
292
-506
-1644
-2757
-3191
-3125
-2592
-1460
2
1568
2575
2666
2422
2087
1501
751
81
-356
-545
-401
-51
309
621
640
452
269
155
157
109
204
428
463
613
866
926
942
669
178
-66
-218
-281
-93
90
341
677
873
1049
1107
898
542
35
-398
-492
-475
-228
325
584
594
705
640
550
558
369
379
470
-151
-1235
-2534
-4607
-7040
-8675
-8949
-7468
-5254
-4016
-2913
-1048
841
2277
2762
2837
3446
3592
2990
2681
2847
3425
3274
1649
-90
-1411
-2620
-3635
-4297
-4058
-3125
-2279
-1269
168
1741
2854
3010
2762
2634
2431
2202
2239
2625
2998
2789
2062
1252
428
-601
-1827
-2743
-3045
-2946
-2442
-1562
-486
694
1500
1592
1417
1343
1202
1001
841
709
711
750
659
593
496
292
140
30
-14
34
53
97
187
261
448
658
783
907
886
655
394
141
-73
-159
-93
180
489
673
917
1018
770
499
120
-184
-100
-77
119
404
339
461
583
509
640
538
86
51
181
-552
-1564
-2665
-4978
-7251
-8377
-8518
-6686
-4476
-3632
-2718
-1486
113
1608
1809
2350
3358
3467
3380
3124
3380
4174
3485
1702
-112
-1594
-2386
-3243
-3712
-3190
-2607
-2025
-1354
-473
774
1540
1705
1758
2009
2421
2658
3121
3724
3823
3401
2362
1236
443
-619
-1625
-2158
-2407
-2370
-2233
-1896
-1143
-403
-9
72
246
771
1190
1461
1583
1491
1518
1387
1081
936
717
494
327
123
51
-12
-138
-185
-236
-199
78
467
811
1012
983
775
597
393
207
214
339
457
465
547
698
612
456
351
176
118
145
192
320
475
440
311
328
157
41
42
-169
150
42
-1284
-2426
-4432
-6806
-7524
-7780
-6809
-4715
-3946
-3188
-2002
-995
429
1020
1411
2474
3019
3448
3794
4048
4517
3987
2439
686
-792
-1608
-2312
-2731
-2606
-2394
-2155
-1965
-1545
-777
-213
239
625
1187
2116
2724
3394
4111
4192
3877
3041
2062
1422
570
-248
-795
-1252
-1553
-1966
-2279
-2232
-1953
-1578
-1199
-657
-258
183
970
1397
1639
1850
1665
1676
1758
1511
1324
1134
877
555
164
-79
-270
-455
-478
-258
83
323
560
717
684
657
466
279
358
496
619
596
650
775
591
416
312
216
435
505
335
405
429
386
362
87
-156
-228
-267
-202
17
-81
-1049
-2258
-3842
-6185
-7551
-7572
-6548
-4516
-3564
-3580
-2828
-1757
-732
-147
325
1749
3019
3512
3874
4309
4832
4457
2817
1133
11
-597
-1203
-1664
-1497
-1494
-1946
-2510
-2638
-2073
-1570
-1014
-309
487
1540
2276
3040
3832
3970
3837
3397
2859
2566
2015
1426
852
112
-720
-1674
-2315
-2665
-2707
-2380
-2053
-1467
-1170
-1083
-304
295
757
1382
1609
2050
2513
2486
2246
1901
1661
1279
761
455
200
17
-201
-320
-274
-316
-204
-54
50
301
440
433
454
543
611
551
556
656
696
668
621
544
493
475
504
561
621
574
381
190
-139
-473
-410
-311
-192
-567
-1806
-2764
-4097
-6025
-7007
-7065
-5830
-4041
-3747
-3817
-3132
-2159
-1223
-825
-43
1558
2890
3607
3882
4297
4574
3920
2680
1508
911
534
-75
-453
-734
-1168
-1763
-2537
-2867
-2652
-2196
-1476
-829
-97
706
1323
2199
2898
3250
3553
3561
3509
3341
3008
2616
1917
1104
122
-845
-1441
-1963
-2213
-2270
-2304
-2120
-2374
-2640
-1939
-933
-99
641
1190
1712
2250
2487
2321
2235
2323
2145
1835
1568
1348
1045
435
-102
-367
-493
-466
-343
-208
-46
66
27
-90
9
302
371
334
521
718
683
634
700
700
761
1009
1066
986
929
551
-39
-209
-134
-296
-446
-977
-2010
-2858
-4231
-6035
-6886
-6757
-5599
-4254
-4150
-4243
-3764
-2922
-1937
-1241
-131
1539
2751
3365
3727
4210
4500
4011
3078
2293
1931
1512
842
281
-324
-1004
-1803
-2567
-2715
-2583
-2267
-1789
-1531
-1093
-571
-47
961
1938
2621
3237
3567
3769
3800
3577
3230
2708
2147
1436
695
32
-732
-1295
-1791
-2374
-2614
-3039
-3551
-2992
-1937
-1304
-626
-49
351
1154
1780
1988
2343
2711
2857
2737
2410
2247
1895
1199
805
639
414
261
46
-207
-367
-575
-775
-868
-692
-309
-6
93
183
291
112
110
332
495
943
1471
1625
1535
1343
1034
748
531
261
-146
-319
-672
-1740
-2747
-3874
-5595
-6667
-6836
-6204
-5049
-4763
-4860
-4425
-3641
-2698
-1947
-915
707
2129
3064
3596
4157
4670
4583
4128
3565
3164
2765
1970
1155
369
-426
-1237
-2142
-2680
-2815
-2726
-2489
-2445
-2278
-1856
-1434
-599
459
1519
2500
3074
3458
3734
3920
3921
3652
3427
3051
2470
1772
891
160
-596
-1538
-2209
-2684
-3395
-3762
-3210
-2685
-2392
-1839
-1489
-814
329
1027
1633
2327
2743
2911
2764
2688
2715
2453
2223
2167
1952
1493
971
442
-73
-417
-677
-860
-849
-789
-674
-696
-801
-771
-877
-804
-356
86
541
1037
1354
1491
1549
1479
1325
1271
1267
1188
1069
276
-1075
-2197
-3505
-4910
-5892
-6435
-5903
-5077
-5446
-6118
-6046
-5177
-4136
-3351
-2099
-300
1195
2036
2646
3544
4399
4749
4745
4803
5037
4785
3891
2917
1919
892
-146
-1081
-1660
-2104
-2428
-2689
-3157
-3538
-3595
-3290
-2567
-1500
-290
763
1540
2061
2492
3071
3636
4045
4343
4446
4338
3855
2976
2157
1381
394
-388
-1267
-2295
-2540
-2602
-3191
-3601
-3774
-3650
-2758
-1746
-904
24
713
1137
1459
1678
2055
2506
2839
3235
3549
3448
3021
2445
1850
1308
913
650
424
155
-233
-632
-993
-1320
-1571
-1772
-1817
-1562
-1145
-829
-538
-149
67
375
792
1036
1454
1854
1871
1933
1360
68
-813
-1780
-2983
-3808
-4459
-4501
-4300
-5143
-6167
-6476
-6057
-5272
-4616
-3649
-2305
-1179
-372
369
1402
2572
3428
4116
4853
5491
5654
5264
4659
3964
3249
2514
1754
1052
201
-705
-1536
-2448
-3186
-3605
-3771
-3602
-3198
-2600
-1955
-1394
-901
-358
546
1620
2520
3286
3832
4113
4075
3787
3552
3438
3036
2496
1854
755
54
-319
-1342
-2230
-2725
-3196
-2910
-2372
-2253
-2006
-1724
-1508
-1109
-624
-8
624
1194
1805
2386
2738
2818
2832
2770
2665
2653
2602
2352
1951
1448
921
501
124
-383
-877
-1129
-1426
-1557
-1588
-1776
-1615
-1402
-1273
-934
-639
-366
96
395
645
807
347
-279
-885
-1802
-2510
-2708
-2682
-2526
-2995
-4035
-4757
-4877
-4489
-4069
-3632
-2944
-2268
-1679
-1127
-533
309
1117
1847
2660
3502
4135
4339
4233
3999
3779
3589
3267
2756
2111
1398
749
-18
-859
-1502
-1957
-2211
-2368
-2417
-2320
-2222
-2168
-1983
-1433
-556
306
950
1368
1736
2059
2239
2507
2914
3185
3099
2605
1970
1720
1598
1086
311
-344
-807
-983
-1027
-1203
-1329
-1446
-1593
-1529
-1286
-1063
-871
-663
-240
324
763
1072
1282
1488
1694
1931
2124
2172
2141
1978
1777
1684
1571
1183
652
289
-17
-255
-371
-634
-865
-1018
-1172
-1191
-1176
-1091
-996
-752
-313
-276
-742
-1256
-1754
-2305
-2842
-3117
-2681
-2124
-2382
-3317
-4012
-4059
-3678
-3269
-2905
-2283
-1650
-1298
-1034
-593
3
551
1057
1770
2541
3131
3337
3244
3156
3164
3245
3225
2928
2450
1868
1188
547
5
-419
-793
-1116
-1403
-1597
-1633
-1773
-1975
-1986
-1645
-1003
-346
203
583
791
938
1163
1545
2046
2499
2608
2226
1798
1685
1634
1450
1106
568
157
-7
-148
-349
-615
-832
-944
-928
-843
-836
-858
-790
-612
-299
18
300
530
661
844
1094
1382
1609
1659
1590
1518
1563
1601
1387
1070
768
532
448
401
265
-3
-359
-622
-689
-736
-815
-767
-521
-543
-609
-870
-1525
-2041
-2733
-3348
-3187
-2665
-2442
-2794
-3623
-4206
-4305
-3897
-3231
-2708
-2276
-2000
-1700
-1207
-689
-137
418
1003
1716
2359
2878
3154
3130
3100
3219
3532
3652
3377
2952
2291
1613
1081
612
278
-133
-640
-1086
-1489
-1720
-1910
-2116
-2173
-2019
-1572
-1093
-676
-317
-192
57
507
1018
1614
2097
2334
2124
1809
1941
2122
2051
1811
1379
1061
898
697
378
75
-92
-376
-593
-570
-623
-821
-1015
-962
-668
-401
-237
-156
-84
15
239
622
942
1187
1326
1326
1429
1515
1421
1288
1146
1028
941
904
831
612
274
-62
-278
-389
-411
-432
-480
-574
-712
-1188
-1725
-2269
-3087
-3532
-3293
-2872
-2749
-3215
-4065
-4547
-4498
-3946
-3206
-2698
-2441
-2347
-2113
-1576
-875
-155
477
1041
1599
2126
2631
2992
3112
3185
3385
3779
4048
3929
3467
2765
2117
1650
1313
1082
666
-30
-676
-1201
-1600
-1843
-1983
-2111
-2150
-2045
-1820
-1484
-1180
-1067
-869
-400
237
886
1383
1600
1523
1458
1735
2219
2432
2263
1911
1584
1456
1476
1331
991
663
315
61
-37
-137
-410
-763
-908
-790
-592
-455
-446
-555
-609
-492
-151
280
584
693
747
902
1043
1095
1133
1150
1138
1125
1159
1170
999
688
438
259
255
209
43
-52
-202
-545
-1033
-1573
-2261
-3010
-3320
-3058
-2679
-2805
-3712
-4537
-4750
-4556
-3987
-3355
-2978
-2886
-2990
-2846
-2170
-1194
-389
123
569
1116
1699
2234
2667
2993
3294
3632
3994
4294
4262
3858
3308
2856
2590
2406
2141
1630
852
23
-565
-952
-1255
-1562
-1909
-2220
-2376
-2370
-2189
-2015
-1955
-1890
-1606
-1032
-397
79
360
415
616
1225
1850
2180
2179
1971
1871
2062
2282
2287
2089
1734
1316
1040
961
858
523
74
-222
-285
-262
-291
-470
-655
-802
-844
-668
-428
-242
-185
-135
72
274
394
539
643
730
856
1067
1202
1098
940
799
779
816
791
588
408
181
-214
-757
-1598
-2476
-2839
-2593
-2167
-2445
-3591
-4525
-4803
-4552
-4141
-3708
-3314
-3298
-3714
-3812
-3090
-1934
-1085
-741
-414
174
804
1337
1876
2443
2905
3237
3647
4114
4338
4145
3687
3388
3328
3350
3253
2812
2100
1315
656
222
-19
-359
-891
-1498
-2053
-2328
-2218
-2080
-2168
-2396
-2440
-2203
-1828
-1366
-1049
-922
-708
-208
543
1116
1276
1249
1288
1638
2162
2471
2530
2391
2103
1852
1794
1890
1813
1425
937
609
530
547
444
184
-140
-422
-561
-495
-380
-426
-531
-530
-475
-388
-236
-103
24
147
239
396
554
671
647
606
631
628
599
633
567
361
-297
-1378
-2085
-2028
-1466
-1237
-1993
-3318
-4155
-4216
-3786
-3395
-3145
-3150
-3566
-3993
-3881
-3050
-1999
-1518
-1493
-1233
-673
-57
461
940
1506
2011
2394
2880
3426
3730
3600
3302
3250
3478
3737
3660
3199
2621
2063
1635
1425
1358
1071
357
-594
-1294
-1430
-1280
-1282
-1592
-1972
-2247
-2390
-2297
-2005
-1772
-1797
-1818
-1415
-688
-148
-37
-35
182
684
1249
1659
1948
2046
1924
1829
2018
2347
2449
2188
1764
1448
1358
1395
1361
1180
893
500
193
145
173
70
-148
-308
-429
-539
-550
-473
-364
-343
-353
-272
-157
-42
-34
-81
-13
95
112
101
143
65
-539
-1470
-1985
-1668
-915
-866
-1880
-3089
-3546
-3294
-2926
-2639
-2449
-2542
-3068
-3618
-3471
-2489
-1520
-1264
-1430
-1322
-847
-333
105
565
1104
1487
1716
2081
2575
2934
2937
2758
2763
3014
3285
3191
2782
2391
2119
1885
1809
1830
1653
1074
172
-537
-680
-515
-547
-910
-1296
-1576
-1790
-1920
-1849
-1660
-1719
-1913
-1766
-1265
-838
-725
-785
-579
-32
475
765
1001
1219
1276
1310
1585
2006
2239
2106
1807
1643
1656
1673
1676
1565
1304
974
739
674
726
693
455
177
-74
-280
-384
-367
-334
-366
-439
-492
-482
-407
-361
-363
-425
-404
-311
-206
-155
-162
-560
-1344
-1891
-1734
-1030
-694
-1323
-2513
-3243
-3161
-2654
-2257
-1983
-1956
-2472
-3179
-3286
-2466
-1383
-885
-1031
-1124
-884
-537
-108
409
942
1285
1350
1486
1853
2252
2401
2301
2294
2525
2750
2765
2555
2188
1864
1626
1583
1763
1812
1432
725
44
-242
-172
-70
-216
-581
-959
-1276
-1478
-1413
-1275
-1381
-1547
-1566
-1397
-1175
-1077
-1030
-838
-489
-117
116
360
596
702
833
1127
1542
1798
1775
1673
1649
1686
1770
1837
1779
1608
1292
974
878
916
949
790
502
260
-8
-223
-219
-155
-189
-379
-535
-568
-480
-374
-360
-375
-394
-439
-451
-376
-209
-324
-1076
-1869
-1940
-1264
-620
-965
-2116
-2983
-3143
-2771
-2323
-1929
-1746
-2176
-3075
-3478
-2793
-1568
-844
-913
-1124
-1065
-788
-349
279
974
1379
1321
1230
1555
2035
2287
2280
2212
2324
2516
2571
2464
2218
1892
1619
1482
1573
1715
1519
909
215
-140
-38
147
105
-196
-609
-953
-1202
-1202
-989
-939
-1106
-1289
-1300
-1177
-1069
-980
-820
-639
-476
-320
-123
137
327
458
669
972
1260
1409
1394
1429
1576
1717
1817
1844
1792
1642
1356
1154
1147
1195
1073
875
649
325
13
-116
-101
-113
-265
-499
-657
-681
-672
-639
-570
-565
-597
-693
-730
-504
-327
-766
-1605
-2012
-1524
-725
-620
-1466
-2442
-2762
-2552
-2252
-1900
-1512
-1612
-2453
-3231
-3032
-1945
-986
-846
-1121
-1213
-1025
-690
-158
620
1188
1206
1026
1153
1637
2067
2191
2166
2213
2282
2341
2349
2237
2029
1795
1573
1506
1590
1564
1216
619
128
3
102
131
-14
-305
-635
-961
-1123
-1087
-982
-939
-1005
-1092
-1130
-1114
-1050
-870
-586
-370
-299
-257
-126
87
284
483
703
959
1129
1126
1183
1331
1469
1611
1692
1721
1648
1454
1355
1319
1289
1216
1079
900
643
393
148
-11
-1
-27
-248
-525
-732
-794
-711
-661
-676
-742
-885
-992
-918
-586
-544
-1257
-2041
-2013
-1186
-519
-884
-1888
-2523
-2524
-2280
-1985
-1449
-1032
-1484
-2511
-2995
-2350
-1211
-641
-786
-989
-1020
-949
-622
35
825
1196
1017
876
1095
1540
1898
2026
2044
2046
2063
2070
2049
1970
1873
1638
1466
1455
1442
1374
1075
599
234
63
29
25
-90
-229
-474
-762
-985
-1045
-924
-770
-789
-945
-1032
-1052
-959
-702
-393
-211
-228
-268
-162
62
284
467
669
795
846
894
1027
1223
1374
1419
1419
1475
1505
1456
1390
1303
1193
1110
1037
915
748
512
288
114
48
-69
-224
-378
-499
-596
-674
-752
-811
-849
-930
-946
-867
-672
-902
-1643
-2125
-1814
-1067
-660
-1131
-1965
-2436
-2420
-2177
-1786
-1197
-943
-1533
-2404
-2623
-1963
-1028
-565
-608
-721
-814
-873
-560
124
806
1057
968
952
1132
1419
1696
1898
1986
1967
1921
1871
1864
1832
1768
1569
1387
1299
1204
1156
994
688
386
166
32
-17
-31
-119
-323
-638
-942
-982
-806
-660
-670
-785
-906
-1017
-963
-712
-403
-181
-200
-252
-136
55
240
407
524
636
727
792
945
1143
1217
1233
1262
1327
1356
1369
1420
1344
1204
1055
948
856
717
543
356
240
81
-91
-205
-319
-400
-495
-615
-720
-817
-871
-871
-819
-797
-784
-1021
-1631
-2014
-1785
-1150
-753
-1092
-1795
-2256
-2315
-2109
-1770
-1215
-918
-1344
-2080
-2374
-1938
-1137
-619
-534
-556
-624
-669
-484
-25
598
1020
1064
989
1041
1311
1632
1823
1888
1889
1866
1844
1793
1739
1714
1559
1335
1168
1071
1072
957
672
371
124
-33
-131
-193
-163
-314
-619
-837
-914
-845
-728
-705
-714
-735
-798
-787
-644
-437
-256
-145
-101
-16
124
320
452
497
569
658
792
985
1071
1117
1149
1136
1139
1179
1233
1250
1213
1136
1005
910
832
700
574
445
260
98
-20
-158
-263
-372
-472
-559
-686
-784
-803
-833
-836
-867
-844
-1005
-1525
-1896
-1714
-1192
-904
-1179
-1743
-2035
-2087
-2007
-1763
-1313
-1004
-1260
-1815
-2000
-1681
-1141
-723
-573
-487
-472
-517
-363
-7
443
818
952
984
1069
1290
1519
1658
1747
1786
1773
1747
1717
1696
1697
1564
1306
1107
994
935
830
656
439
219
-18
-226
-276
-310
-391
-473
-639
-782
-836
-815
-723
-648
-578
-583
-618
-544
-410
-275
-147
-10
110
218
333
413
489
561
668
794
896
982
1058
1102
1062
1040
1064
1052
1062
1078
1032
955
851
697
581
499
365
246
132
-56
-240
-360
-389
-438
-566
-692
-767
-787
-841
-865
-856
-811
-1023
-1514
-1794
-1594
-1163
-1006
-1259
-1638
-1797
-1866
-1901
-1673
-1244
-982
-1221
-1624
-1647
-1376
-1024
-725
-516
-382
-368
-407
-214
168
507
756
834
875
1026
1236
1465
1611
1665
1691
1610
1569
1631
1661
1659
1507
1261
1035
867
794
680
558
441
212
-86
-320
-470
-461
-416
-491
-596
-734
-844
-839
-742
-628
-530
-514
-495
-396
-298
-140
-24
70
228
352
443
526
624
696
683
691
829
984
1074
1100
1061
1009
942
897
915
939
918
809
669
551
435
335
253
145
45
-81
-262
-394
-453
-522
-603
-695
-777
-782
-754
-787
-860
-902
-1104
-1444
-1601
-1414
-1118
-1037
-1240
-1502
-1634
-1680
-1655
-1483
-1162
-981
-1159
-1381
-1314
-1034
-786
-608
-404
-276
-261
-241
-49
275
571
730
757
790
915
1108
1290
1413
1456
1440
1418
1353
1337
1420
1434
1297
1091
920
795
686
541
405
303
151
-79
-297
-415
-422
-425
-509
-602
-643
-662
-634
-580
-516
-434
-378
-337
-229
-85
48
185
242
296
384
482
603
696
711
722
770
840
925
934
926
916
861
827
817
829
810
710
566
457
411
334
227
133
52
-27
-127
-243
-352
-433
-526
-591
-657
-724
-735
-750
-782
-838
-924
-1140
-1403
-1501
-1337
-1109
-1075
-1232
-1411
-1499
-1535
-1471
-1254
-1022
-958
-1092
-1189
-1048
-823
-637
-490
-377
-279
-166
-66
153
409
575
648
654
741
884
1050
1189
1257
1246
1231
1189
1171
1235
1268
1255
1130
980
853
675
511
428
380
258
88
-108
-252
-361
-430
-444
-453
-501
-548
-542
-520
-445
-392
-335
-262
-188
-44
67
163
275
323
380
467
569
662
715
749
760
787
836
869
879
873
828
762
682
609
597
574
503
425
347
286
188
48
-54
-120
-170
-221
-291
-386
-480
-570
-688
-785
-796
-775
-751
-788
-860
-949
-1126
-1315
-1322
-1167
-1059
-1083
-1176
-1233
-1289
-1327
-1266
-1119
-982
-909
-937
-931
-775
-599
-458
-328
-260
-180
-51
94
284
462
583
667
697
762
909
1052
1131
1147
1130
1116
1092
1058
1084
1112
1082
963
799
688
609
509
378
279
189
40
-97
-226
-315
-332
-352
-422
-494
-507
-478
-397
-335
-306
-251
-187
-141
-56
63
175
310
384
432
528
604
629
652
677
724
789
799
823
830
767
667
565
550
546
472
395
341
267
177
70
-26
-100
-206
-279
-321
-348
-365
-424
-492
-567
-647
-696
-723
-744
-772
-821
-863
-943
-1055
-1114
-1120
-1083
-1051
-1044
-1060
-1099
-1129
-1080
-1006
-934
-845
-762
-697
-627
-531
-374
-226
-155
-66
41
149
280
421
550
633
661
689
787
883
942
987
961
929
924
894
861
844
820
734
608
535
513
451
309
184
139
61
-76
-164
-200
-218
-237
-293
-352
-357
-345
-312
-260
-229
-178
-114
-33
57
115
218
314
345
392
497
602
642
651
659
687
710
720
721
727
694
598
518
459
435
380
292
217
140
51
-46
-96
-146
-250
-320
-347
-418
-478
-500
-544
-554
-577
-643
-667
-667
-681
-657
-641
-631
-635
-695
-744
-810
-828
-781
-744
-713
-706
-727
-748
-734
-699
-670
-626
-556
-520
-482
-416
-354
-273
-176
-113
-65
-3
85
199
294
366
450
513
522
571
614
624
655
685
703
669
655
676
669
632
565
487
477
451
393
363
298
205
130
81
45
16
-12
-45
-76
-83
-100
-120
-81
-44
-31
-1
46
104
167
227
276
327
358
384
445
479
507
537
552
556
549
571
543
490
460
399
360
292
214
190
134
57
7
-53
-133
-192
-267
-332
-365
-438
-501
-515
-551
-568
-570
-605
-621
-631
-628
-630
-633
-616
-645
-678
-654
-626
-618
-632
-674
-676
-651
-635
-601
-552
-521
-542
-549
-488
-415
-357
-305
-256
-183
-127
-91
-43
5
75
148
192
248
327
393
437
442
449
520
565
542
561
575
563
576
522
449
434
440
439
421
385
335
319
281
226
210
165
125
111
110
102
80
67
70
67
44
47
81
125
149
180
209
223
261
300
329
346
351
380
406
386
375
395
400
374
341
323
294
259
204
135
90
44
-14
-65
-99
-159
-234
-269
-321
-385
-423
-458
-480
-481
-489
-507
-505
-508
-530
-551
-545
-550
-503
-448
-458
-472
-470
-476
-476
-466
-493
-490
-489
-477
-454
-452
-433
-416
-398
-383
-373
-339
-284
-229
-186
-146
-98
-33
25
58
98
152
193
233
280
312
336
358
375
380
376
390
407
414
407
400
393
374
352
335
327
316
326
323
304
278
242
222
206
201
206
204
173
160
172
159
160
175
201
224
220
237
273
288
290
294
311
316
289
285
319
331
315
314
281
244
231
192
154
128
89
51
8
-33
-77
-138
-187
-215
-228
-264
-318
-355
-394
-429
-435
-437
-441
-459
-490
-509
-504
-483
-481
-469
-449
-429
-427
-420
-401
-399
-403
-382
-365
-363
-374
-370
-344
-331
-320
-312
-289
-269
-276
-282
-246
-193
-146
-92
-69
-56
-17
20
52
97
135
143
149
174
228
267
265
264
277
296
293
298
318
314
306
315
343
342
328
348
355
331
332
347
326
304
297
302
311
282
252
245
252
233
204
204
208
208
217
234
264
260
227
236
240
228
217
210
218
213
188
165
171
152
108
88
54
31
17
-22
-51
-61
-100
-161
-206
-227
-258
-294
-328
-367
-373
-395
-420
-416
-427
-447
-435
-425
-429
-407
-398
-389
-347
-343
-347
-315
-303
-302
-304
-293
-298
-300
-277
-261
-234
-217
-219
-205
-190
-196
-194
-182
-161
-109
-95
-97
-56
-15
31
50
41
66
99
118
124
134
168
185
176
185
216
221
205
213
219
228
237
248
256
259
282
279
274
288
294
303
303
299
305
302
300
312
314
304
289
260
243
228
207
203
194
180
196
200
204
204
184
183
178
154
127
111
104
91
66
51
53
29
-3
-24
-43
-63
-107
-136
-144
-172
-221
-234
-235
-250
-277
-290
-289
-339
-370
-353
-364
-360
-360
-372
-356
-353
-343
-325
-318
-294
-273
-253
-239
-226
-189
-177
-181
-180
-160
-128
-116
-118
-103
-69
-63
-60
-65
-65
-36
-22
-33
-10
18
17
6
-16
-8
17
34
51
43
31
47
54
58
61
66
90
84
95
115
111
131
137
154
175
167
200
221
222
252
253
264
261
241
260
266
266
258
259
253
235
228
218
207
196
197
183
172
166
185
216
194
157
143
132
115
113
108
93
62
37
18
4
-11
-40
-64
-69
-85
-106
-116
-133
-143
-150
-157
-156
-181
-226
-263
-256
-219
-228
-259
-249
-248
-266
-262
-246
-221
-228
-242
-214
-194
-188
-178
-174
-161
-136
-131
-138
-144
-133
-115
-106
-69
-45
-36
-29
-50
-52
-48
-45
-12
0
-12
-22
-35
-28
-23
-38
-26
-38
-47
-44
-44
-23
-33
-45
-24
-7
-3
2
10
40
66
84
109
121
122
141
184
202
218
239
253
249
251
260
257
244
215
209
223
205
181
196
178
138
135
132
140
134
123
149
149
137
132
119
111
90
79
91
79
58
45
36
47
17
-10
-18
-47
-62
-81
-94
-86
-103
-129
-151
-154
-142
-161
-179
-188
-182
-176
-176
-168
-174
-168
-159
-150
-147
-150
-148
-139
-120
-123
-131
-121
-98
-83
-85
-93
-78
-55
-46
-42
-31
-26
-29
-17
-5
-6
-25
-34
-19
-4
-24
-53
-57
-54
-52
-67
-78
-57
-56
-79
-86
-85
-86
-96
-101
-84
-63
-44
-15
14
29
58
69
78
107
125
156
182
200
219
221
202
183
187
180
179
184
184
163
135
133
124
100
84
66
59
67
58
61
70
58
68
70
43
45
53
38
34
50
39
26
25
18
4
4
6
-6
-15
-39
-47
-37
-45
-59
-75
-91
-93
-82
-65
-70
-83
-77
-75
-78
-65
-60
-69
-88
-70
-47
-56
-44
-30
-26
-18
-31
-57
-43
-26
-30
-13
-20
-33
-24
-29
-19
-10
-3
-12
-28
-26
-44
-57
-35
-45
-61
-69
-103
-110
-101
-112
-114
-123
-128
-114
-118
-121
-93
-67
-48
-29
-23
-22
-3
32
50
53
69
95
123
129
122
127
126
122
131
127
110
95
83
97
85
58
57
48
45
56
55
57
61
59
54
62
59
55
58
47
41
33
24
28
38
29
8
-10
-5
4
-2
-20
-24
-5
-20
-27
-24
-33
-26
-24
-21
-14
-23
-32
-22
-16
-3
-12
-6
-1
-1
3
-18
-16
9
1
-13
-22
-31
-22
-32
-37
-28
-21
-21
-18
-18
-14
4
2
3
-4
-18
-31
-25
-5
-18
-21
-18
-26
-39
-59
-62
-73
-86
-84
-81
-79
-95
-107
-95
-88
-77
-65
-61
-40
-32
-32
-3
-3
24
77
76
60
67
93
127
141
109
93
114
114
73
44
53
61
49
21
1
5
-4
-22
-14
-17
-20
-17
-34
-20
1
-7
-8
12
31
23
4
14
31
27
15
13
19
12
-2
-18
-21
-30
-27
-9
-23
-20
-25
-37
-21
-3
16
30
9
-1
10
8
4
8
10
15
25
20
13
2
-5
-10
-16
0
-13
-24
-16
-5
14
21
27
32
26
-4
-21
-3
20
16
20
37
25
20
22
-10
-34
-21
-23
-34
-50
-77
-85
-90
-80
-65
-73
-84
-63
-31
-25
-37
-26
10
20
29
39
42
62
74
77
81
93
100
83
74
71
60
54
39
22
16
-4
-23
-25
-24
-20
-36
-57
-52
-58
-83
-82
-57
-27
-18
-37
-37
-18
-20
-54
-40
-20
-16
6
-8
-4
23
15
8
-12
-21
7
7
-1
15
7
3
12
26
52
45
16
14
22
19
12
2
-5
11
13
-1
14
28
29
25
10
-8
-15
-8
4
23
38
40
44
36
24
25
31
45
37
16
7
1
-7
-12
-12
-4
-13
-54
-82
-89
-87
-73
-63
-73
-68
-56
-69
-61
-37
-36
-16
-4
9
49
54
55
69
71
94
110
105
85
71
65
52
45
46
48
22
-12
-7
-20
-36
-36
-46
-47
-53
-69
-70
-73
-48
-21
-31
-32
-43
-55
-51
-45
-23
-3
0
4
12
0
-2
5
0
-2
-16
-22
6
21
12
17
25
20
34
28
23
33
15
10
19
22
31
26
15
8
13
20
17
6
-2
-2
-3
-8
-17
-27
-29
-21
-11
1
0
-10
-5
-9
1
21
23
11
3
2
3
19
26
10
-7
-12
-22
-22
-32
-46
-46
-36
-27
-37
-41
-42
-39
-34
-24
-19
-19
1
11
15
20
51
84
69
77
92
90
100
95
83
75
64
53
55
53
25
9
4
-16
-11
-25
-74
-62
-54
-69
-72
-69
-71
-90
-96
-80
-81
-67
-37
-52
-37
-22
-36
-26
-8
3
10
10
15
41
41
24
24
30
29
14
25
28
0
-9
3
16
17
8
6
11
-6
-26
-16
-10
0
2
-37
-22
2
-14
-5
7
17
12
-4
5
15
21
32
39
53
51
27
22
57
69
60
43
31
27
3
-17
-20
-15
1
-6
-21
-36
-57
-61
-67
-64
-48
-34
-24
-29
-28
-20
-18
-4
9
22
33
36
45
44
41
45
61
81
72
45
25
24
37
35
25
6
-7
-14
-38
-64
-53
-31
-36
-46
-39
-50
-63
-46
-44
-56
-41
-38
-42
-30
-38
-31
-19
-19
-13
-18
-1
12
-11
-2
18
22
22
14
16
35
41
28
19
32
26
10
6
4
11
14
19
18
25
13
-17
-10
-7
-8
-7
-13
7
14
-4
-5
-8
-16
3
1
-6
12
27
45
36
30
44
28
17
13
15
34
4
-16
1
-18
-27
-32
-35
-18
-22
-44
-47
-35
-38
-25
-19
-27
-14
11
17
11
24
29
35
43
32
45
62
56
49
44
38
28
30
20
9
18
10
-16
-31
-30
-42
-53
-39
-33
-35
-38
-50
-41
-29
-23
-35
-47
-20
-2
-12
-14
7
13
19
6
4
12
11
29
13
7
29
26
17
10
-6
9
37
17
3
-14
-20
-31
-38
-28
-10
-4
-17
-2
-5
-16
-27
-15
-15
-36
-29
-16
4
11
0
-2
-5
0
-3
-14
-7
0
-4
4
3
16
32
11
19
24
8
3
12
6
18
21
0
14
15
0
1
-16
-25
1
-5
0
10
2
4
-1
5
28
48
33
29
38
34
50
60
54
53
31
12
10
10
26
16
5
3
-19
-17
-30
-37
-40
-45
-40
-40
-44
-64
-65
-57
-54
-53
-48
-40
-36
-37
-19
-4
-8
-6
10
36
49
41
29
53
69
43
26
29
26
16
4
1
8
10
23
23
7
4
-2
-17
-33
-31
-12
-7
-18
-33
-40
