2
-3
-3
-5
-3
-1
-1
0
-1
-4
-4
0
3
2
4
0
-6
-6
-4
0
4
3
1
1
-3
-1
3
1
-2
-2
4
5
3
2
3
4
6
5
1
-1
2
-1
-3
1
6
10
0
-8
-6
-4
-2
0
1
2
3
3
3
2
-1
1
0
2
0
3
4
10
7
-25
-36
-21
-1
10
-9
-14
22
41
41
17
-5
-12
-31
-56
-56
-36
6
47
44
30
24
11
-1
-3
-8
-7
8
20
22
24
-8
-29
-36
-71
-71
-45
-19
5
6
4
21
10
-22
-34
-15
11
24
-4
-34
-8
30
38
14
-14
-6
37
37
12
15
23
37
69
69
47
21
-12
6
42
37
38
62
59
71
60
26
34
45
27
11
13
21
39
41
8
-23
-53
-64
-69
-90
-76
-55
-61
-54
-70
-86
-77
-85
-94
-89
-79
-60
-43
-30
-32
-24
-4
6
20
15
9
17
12
11
6
9
21
15
8
1
-20
-42
-54
-58
-60
-58
-66
-56
-21
-27
-47
-44
-37
-25
-30
-40
-15
6
15
36
60
83
90
94
99
87
71
82
103
104
109
141
138
125
120
89
71
58
49
59
70
63
65
60
57
50
53
72
74
70
68
58
67
72
51
62
130
155
129
104
99
103
64
21
-36
-25
-16
-65
-86
-229
-481
-635
-716
-646
-635
-830
-926
-929
-875
-884
-945
-891
-830
-787
-770
-750
-520
-328
-226
-54
79
250
419
562
730
825
878
967
1075
1162
1218
1243
1259
1259
1117
987
892
742
603
454
319
188
-36
-247
-400
-556
-703
-827
-901
-936
-957
-941
-884
-798
-647
-519
-407
-237
-70
78
191
271
439
638
804
968
1080
1177
1263
1300
1282
1231
1183
1087
995
908
775
674
540
398
289
160
18
-105
-222
-366
-463
-548
-565
-547
-525
-454
-397
-402
-392
-385
-380
-331
-311
-264
-241
-218
-251
-314
-477
-916
-1395
-1630
-1671
-1703
-1852
-2002
-1947
-1803
-1747
-1760
-1702
-1547
-1519
-1596
-1534
-1269
-839
-483
-187
185
606
1006
1248
1395
1532
1676
1784
1854
1960
2083
2235
2333
2267
2149
2004
1795
1489
1046
714
552
385
200
9
-156
-298
-522
-825
-1103
-1394
-1616
-1730
-1800
-1713
-1566
-1344
-977
-648
-312
-12
196
356
414
505
678
868
1071
1324
1582
1786
1973
2037
2017
1885
1662
1514
1343
1211
1136
1067
1006
898
755
596
357
20
-283
-533
-689
-822
-889
-848
-740
-637
-574
-522
-547
-641
-719
-783
-765
-719
-586
-376
-231
-72
-150
-424
-696
-1283
-1918
-2398
-2765
-2719
-2812
-2919
-2720
-2485
-2148
-1955
-1970
-1886
-1923
-2001
-1968
-1808
-1387
-780
-215
295
922
1443
1848
2149
2182
2266
2391
2326
2386
2378
2471
2720
2706
2604
2510
2296
1986
1501
924
533
235
-126
-356
-552
-706
-748
-920
-1116
-1311
-1569
-1819
-2016
-2085
-1914
-1602
-1262
-836
-367
114
553
861
1054
1214
1380
1550
1617
1687
1893
2072
2206
2263
2260
2266
2156
1868
1575
1392
1209
992
820
614
463
297
88
-79
-332
-540
-704
-904
-1034
-1126
-1069
-994
-989
-828
-717
-616
-517
-495
-390
-330
-276
-207
-177
5
-44
-229
-486
-1031
-1601
-2313
-2812
-2940
-3145
-3368
-3475
-3315
-2894
-2622
-2474
-2370
-2224
-2175
-2264
-2175
-1920
-1412
-853
-327
325
994
1683
2221
2489
2701
2854
2925
2875
2708
2668
2815
2952
2903
2846
2771
2535
2164
1601
1124
786
337
-142
-510
-771
-947
-1097
-1281
-1412
-1537
-1679
-1803
-1940
-2002
-1903
-1665
-1297
-986
-602
-39
415
832
1159
1457
1777
1848
1840
1899
2003
2127
2122
2098
2109
2082
1982
1862
1771
1615
1470
1247
923
709
425
191
-12
-270
-407
-581
-696
-786
-877
-827
-778
-759
-719
-699
-606
-563
-568
-497
-404
-303
-250
-262
-183
-122
-212
-498
-849
-1230
-1923
-2702
-3250
-3494
-3503
-3763
-4051
-3828
-3408
-2915
-2732
-2668
-2318
-2177
-2204
-2192
-2006
-1398
-745
-220
389
1137
1943
2591
3028
3227
3398
3572
3459
3292
3180
3163
3212
3039
2850
2763
2586
2316
1904
1467
1083
534
-67
-580
-1023
-1333
-1596
-1841
-1913
-1995
-2089
-2102
-2116
-2060
-1965
-1806
-1506
-1228
-904
-413
115
627
1068
1502
1949
2211
2313
2409
2510
2524
2436
2353
2291
2264
2162
2056
2036
1897
1761
1578
1269
992
608
240
-88
-397
-672
-884
-995
-1116
-1175
-1142
-1064
-998
-939
-848
-832
-802
-765
-776
-628
-602
-460
-301
-211
-43
-261
-428
-689
-1252
-1753
-2575
-3075
-3298
-3707
-3855
-4046
-3712
-3223
-3051
-2722
-2626
-2302
-2108
-2232
-2010
-1851
-1418
-939
-538
216
894
1704
2408
2927
3408
3580
3771
3719
3536
3414
3225
3150
2930
2751
2690
2583
2400
2077
1776
1401
946
432
-182
-694
-1167
-1595
-1917
-2088
-2196
-2293
-2215
-2110
-2058
-1978
-1816
-1599
-1371
-1131
-829
-332
141
515
1051
1601
1997
2358
2544
2704
2800
2652
2565
2446
2272
2151
2013
2003
1987
1899
1813
1645
1419
1071
667
275
-130
-540
-945
-1218
-1397
-1466
-1408
-1391
-1249
-1112
-985
-815
-809
-808
-801
-787
-695
-713
-646
-484
-268
-122
-282
-523
-895
-1238
-1706
-2325
-2766
-3280
-3603
-3794
-3934
-3648
-3416
-3081
-2688
-2627
-2292
-1995
-1846
-1592
-1505
-1184
-805
-429
154
781
1561
2248
2813
3222
3541
3806
3851
3860
3679
3406
3178
2843
2634
2469
2278
2170
1947
1645
1353
1096
714
177
-373
-916
-1346
-1815
-2183
-2305
-2377
-2382
-2384
-2335
-2103
-1822
-1533
-1245
-1029
-779
-407
47
480
891
1284
1681
2068
2309
2535
2740
2799
2720
2520
2341
2243
2145
2061
1935
1809
1723
1583
1381
1102
839
534
108
-326
-742
-1003
-1223
-1422
-1534
-1548
-1444
-1334
-1149
-947
-819
-723
-716
-659
-616
-610
-537
-510
-334
-313
-417
-546
-898
-1076
-1534
-2175
-2522
-3127
-3385
-3660
-4060
-3728
-3514
-3225
-2898
-2850
-2350
-1994
-1792
-1567
-1442
-1060
-786
-457
-3
550
1270
1845
2484
2922
3281
3782
3912
4010
3918
3622
3521
3185
2771
2492
2215
2037
1808
1530
1313
1083
773
445
-10
-560
-1008
-1446
-1860
-2194
-2495
-2614
-2605
-2577
-2408
-2085
-1663
-1267
-991
-721
-302
108
422
718
999
1386
1740
1935
2206
2437
2589
2731
2647
2545
2491
2375
2329
2136
1889
1736
1583
1402
1105
817
541
272
-45
-463
-732
-982
-1205
-1328
-1467
-1497
-1506
-1442
-1254
-1167
-1040
-859
-801
-698
-597
-562
-378
-313
-302
-316
-526
-736
-1089
-1524
-1942
-2413
-2784
-3101
-3458
-3700
-3609
-3290
-3174
-3053
-2832
-2492
-2040
-1879
-1786
-1458
-1170
-830
-519
-223
382
1022
1563
2071
2511
2989
3465
3722
3735
3721
3677
3516
3275
2864
2570
2420
2152
1880
1615
1389
1239
963
624
260
-167
-635
-1104
-1547
-1921
-2280
-2550
-2602
-2580
-2459
-2160
-1780
-1339
-910
-551
-200
150
469
732
988
1228
1472
1725
1962
2229
2394
2505
2609
2661
2674
2564
2451
2293
2052
1809
1516
1249
970
670
418
153
-115
-409
-660
-890
-1116
-1269
-1424
-1500
-1523
-1537
-1440
-1328
-1225
-1053
-901
-788
-629
-478
-308
-204
-201
-259
-402
-688
-1059
-1532
-2011
-2389
-2781
-3130
-3465
-3714
-3651
-3378
-3146
-2975
-2897
-2614
-2201
-1958
-1801
-1606
-1254
-832
-562
-280
268
981
1573
2070
2488
2963
3473
3715
3858
3877
3781
3725
3465
3075
2788
2538
2313
2005
1657
1445
1265
1005
673
295
-87
-534
-1016
-1495
-1901
-2252
-2537
-2717
-2777
-2617
-2384
-2039
-1553
-1135
-722
-310
148
564
816
1119
1359
1552
1740
1888
2182
2377
2485
2622
2676
2726
2668
2602
2509
2275
2044
1753
1401
1027
644
312
-13
-359
-707
-912
-1073
-1255
-1344
-1486
-1539
-1558
-1586
-1514
-1408
-1330
-1206
-1075
-978
-784
-613
-516
-270
-174
-293
-355
-650
-989
-1383
-1922
-2360
-2763
-3114
-3422
-3677
-3582
-3331
-2967
-2744
-2717
-2359
-1912
-1620
-1515
-1372
-1015
-716
-450
-207
159
830
1418
1882
2325
2800
3348
3728
3887
3857
3745
3619
3350
2986
2589
2263
2055
1747
1420
1224
1064
957
704
362
72
-348
-777
-1219
-1760
-2186
-2496
-2691
-2697
-2563
-2315
-1927
-1411
-897
-400
22
431
797
987
1186
1342
1464
1643
1766
1898
2071
2231
2377
2529
2642
2675
2628
2503
2296
1989
1633
1290
882
457
78
-241
-500
-801
-970
-1034
-1129
-1216
-1333
-1378
-1364
-1388
-1374
-1322
-1274
-1211
-1074
-912
-798
-641
-448
-297
-241
-378
-592
-836
-1319
-1807
-2248
-2725
-3058
-3563
-3955
-3737
-3423
-3200
-3044
-2866
-2284
-1757
-1556
-1444
-1212
-811
-627
-558
-394
47
726
1080
1508
2019
2545
3280
3667
3869
3954
3905
3935
3676
3215
2780
2441
2150
1666
1294
1074
993
983
698
391
169
-148
-436
-880
-1430
-1855
-2288
-2610
-2742
-2760
-2560
-2200
-1808
-1342
-790
-197
371
784
1026
1239
1446
1529
1551
1648
1743
1880
1987
2115
2392
2591
2683
2734
2718
2584
2367
2024
1579
1201
715
224
-95
-500
-817
-973
-1154
-1221
-1265
-1340
-1301
-1248
-1236
-1281
-1242
-1231
-1277
-1248
-1239
-1106
-974
-832
-610
-521
-548
-651
-782
-1115
-1608
-1896
-2350
-2771
-3259
-3919
-3773
-3505
-3384
-3115
-3065
-2556
-1894
-1599
-1308
-1006
-634
-423
-289
-174
28
617
955
1262
1747
2138
2914
3462
3623
3831
3911
3984
3846
3467
3097
2748
2391
1812
1305
990
754
718
497
237
168
-43
-265
-528
-970
-1381
-1802
-2208
-2462
-2590
-2619
-2424
-2035
-1650
-1202
-600
5
566
962
1238
1552
1665
1661
1760
1829
1860
1900
1920
2087
2297
2357
2519
2650
2623
2514
2284
1978
1557
1107
615
111
-315
-716
-1038
-1244
-1393
-1511
-1529
-1487
-1437
-1395
-1354
-1295
-1299
-1291
-1245
-1230
-1150
-1140
-1041
-781
-685
-717
-825
-933
-1141
-1470
-1779
-2236
-2535
-2919
-3492
-3496
-3380
-3280
-3015
-2947
-2678
-2123
-1704
-1411
-1063
-729
-495
-195
-25
153
670
1044
1280
1629
1963
2514
3069
3371
3584
3735
3836
3763
3552
3265
2911
2547
2045
1619
1304
942
754
560
287
123
-137
-438
-591
-842
-1233
-1582
-1887
-2121
-2223
-2257
-2203
-1939
-1610
-1259
-763
-293
192
686
1036
1333
1525
1616
1810
1906
1858
1896
1927
1978
2085
2142
2224
2322
2324
2233
2118
1884
1561
1192
752
298
-141
-528
-898
-1193
-1380
-1509
-1580
-1557
-1503
-1457
-1390
-1276
-1224
-1169
-1103
-1110
-1041
-1030
-962
-776
-739
-704
-804
-981
-1099
-1460
-1734
-2041
-2440
-2714
-3201
-3421
-3281
-3152
-3018
-3037
-2785
-2297
-1871
-1510
-1298
-866
-483
-320
-50
160
574
1027
1235
1576
1928
2398
2890
3213
3492
3602
3740
3763
3589
3350
3026
2774
2361
1808
1456
1169
891
670
363
82
-121
-353
-573
-798
-1159
-1536
-1794
-1979
-2094
-2145
-2111
-1967
-1691
-1372
-1014
-562
-80
372
717
1043
1356
1560
1699
1796
1862
1921
1932
1983
2074
2120
2176
2194
2231
2219
2078
1861
1607
1379
1020
580
163
-290
-673
-1017
-1272
-1399
-1531
-1555
-1532
-1517
-1405
-1316
-1211
-1150
-1155
-1051
-968
-880
-802
-756
-718
-833
-1023
-1152
-1403
-1728
-1992
-2291
-2580
-2968
-3332
-3333
-3165
-3078
-3023
-2902
-2566
-2129
-1829
-1636
-1222
-789
-574
-307
-50
340
840
1129
1366
1737
2162
2613
3020
3286
3452
3637
3717
3623
3496
3260
2995
2688
2246
1798
1459
1179
916
660
319
65
-144
-465
-704
-954
-1320
-1636
-1908
-2075
-2119
-2150
-2123
-1904
-1611
-1309
-920
-475
-42
393
757
1064
1326
1510
1679
1792
1860
1886
1943
2036
2064
2119
2213
2288
2297
2192
2105
1923
1664
1346
932
569
130
-299
-655
-957
-1191
-1368
-1490
-1583
-1566
-1537
-1478
-1333
-1290
-1258
-1158
-1117
-1086
-988
-859
-799
-797
-985
-1162
-1279
-1534
-1782
-2155
-2511
-2761
-3104
-3246
-3213
-3143
-2962
-2844
-2590
-2225
-1916
-1609
-1273
-849
-607
-404
-56
211
589
874
1121
1552
1909
2298
2674
3009
3317
3490
3613
3583
3494
3370
3096
2824
2405
1937
1622
1312
990
674
412
207
11
-253
-584
-768
-979
-1333
-1621
-1869
-2037
-2126
-2194
-2163
-1975
-1650
-1312
-911
-478
-59
382
744
1058
1336
1556
1727
1796
1829
1849
1901
1989
2005
2013
2119
2208
2198
2148
2068
1966
1799
1467
1020
604
251
-160
-613
-945
-1172
-1343
-1470
-1576
-1573
-1442
-1376
-1301
-1213
-1127
-1012
-932
-938
-889
-796
-792
-849
-1121
-1392
-1616
-1804
-2004
-2395
-2756
-3036
-3147
-3065
-3116
-3048
-2863
-2617
-2258
-2061
-1733
-1351
-1006
-714
-616
-304
42
393
779
973
1346
1745
2130
2542
2771
3092
3357
3502
3538
3382
3315
3130
2796
2418
1980
1711
1446
1146
840
539
366
143
-92
-340
-644
-842
-1141
-1485
-1732
-1973
-2065
-2091
-2151
-2049
-1745
-1393
-1063
-705
-284
174
592
874
1135
1426
1605
1694
1754
1803
1859
1898
1910
1962
2014
2077
2167
2170
2097
1947
1761
1583
1269
843
416
33
-348
-780
-1094
-1269
-1323
-1440
-1545
-1468
-1392
-1282
-1190
-1117
-973
-916
-856
-801
-776
-727
-870
-1059
-1287
-1607
-1811
-2064
-2389
-2714
-3070
-3167
-3128
-3017
-2937
-2910
-2663
-2402
-2046
-1728
-1508
-1122
-806
-560
-363
-100
368
736
1058
1314
1651
2192
2583
2926
3189
3358
3529
3576
3536
3361
3126
2874
2495
2070
1685
1439
1220
839
496
285
132
-83
-338
-596
-870
-1129
-1477
-1804
-1996
-2122
-2208
-2297
-2275
-2041
-1686
-1271
-915
-511
-57
348
733
1033
1310
1535
1693
1790
1803
1831
1929
2027
2014
1993
2122
2222
2272
2263
2129
1993
1778
1506
1155
749
373
-87
-502
-840
-1151
-1294
-1411
-1538
-1519
-1465
-1377
-1223
-1156
-1076
-932
-879
-863
-804
-801
-846
-1071
-1427
-1712
-1980
-2168
-2489
-2880
-3082
-3229
-3106
-2964
-2910
-2710
-2600
-2316
-1949
-1710
-1410
-1139
-842
-610
-368
-2
317
769
1073
1301
1748
2134
2609
2988
3153
3364
3451
3480
3417
3275
3081
2719
2397
1999
1627
1414
1136
853
531
233
83
-29
-226
-587
-872
-1107
-1452
-1746
-1994
-2150
-2186
-2250
-2252
-2055
-1719
-1359
-931
-488
-85
362
766
1094
1359
1549
1706
1790
1810
1803
1861
1977
2016
2036
2099
2189
2288
2272
2141
2007
1836
1580
1220
838
423
17
-369
-775
-1098
-1317
-1467
-1587
-1605
-1555
-1476
-1334
-1217
-1069
-954
-927
-835
-799
-818
-999
-1283
-1512
-1845
-2075
-2335
-2685
-2905
-3166
-3193
-3046
-2955
-2775
-2641
-2350
-2027
-1779
-1443
-1176
-897
-714
-598
-290
56
428
726
991
1407
1775
2210
2608
2914
3263
3366
3404
3407
3320
3182
2918
2616
2165
1770
1512
1243
1000
687
448
267
103
-26
-270
-455
-742
-1079
-1329
-1671
-1863
-2029
-2220
-2220
-2228
-2086
-1716
-1344
-964
-534
-101
313
728
1050
1287
1536
1655
1686
1749
1753
1782
1821
1848
1914
1987
2097
2145
2188
2196
2073
1927
1665
1338
949
544
141
-267
-609
-948
-1166
-1356
-1497
-1504
-1529
-1419
-1284
-1166
-1011
-925
-821
-759
-762
-823
-1024
-1307
-1666
-2030
-2301
-2579
-2917
-3199
-3326
-3283
-3110
-3006
-2851
-2576
-2251
-1864
-1584
-1363
-1092
-818
-576
-435
-227
107
470
823
1072
1432
1921
2356
2770
3030
3257
3440
3485
3466
3278
3080
2858
2462
2051
1662
1329
1097
841
583
351
186
43
-144
-344
-586
-819
-1095
-1370
-1620
-1850
-1993
-2167
-2239
-2159
-2023
-1728
-1384
-1048
-603
-110
354
786
1129
1368
1570
1704
1763
1813
1845
1848
1799
1811
1891
1978
2084
2156
2204
2158
2066
1947
1739
1420
1029
634
201
-199
-545
-872
-1126
-1359
-1494
-1521
-1482
-1350
-1272
-1130
-1001
-933
-791
-727
-744
-893
-1162
-1465
-1825
-2117
-2404
-2751
-3113
-3364
-3395
-3269
-3109
-2939
-2707
-2427
-2144
-1827
-1511
-1233
-957
-756
-605
-420
-155
171
518
818
1091
1529
2018
2466
2824
3066
3328
3461
3485
3458
3301
3029
2645
2260
1872
1492
1242
990
707
474
270
143
41
-129
-353
-631
-897
-1154
-1407
-1659
-1922
-2102
-2224
-2246
-2155
-1927
-1590
-1229
-860
-500
-19
472
829
1177
1424
1570
1693
1752
1820
1844
1822
1810
1841
1923
1997
2080
2147
2162
2130
2046
1902
1688
1392
998
566
165
-239
-592
-876
-1126
-1297
-1421
-1443
-1368
-1255
-1155
-1103
-998
-867
-784
-741
-829
-994
-1213
-1501
-1785
-2090
-2407
-2788
-3086
-3224
-3330
-3270
-3107
-2953
-2758
-2547
-2197
-1808
-1475
-1178
-1025
-775
-516
-332
-12
270
582
865
1143
1568
1974
2433
2789
2999
3210
3331
3381
3364
3230
2949
2585
2223
1842
1531
1224
897
652
426
253
129
34
-77
-324
-609
-900
-1158
-1377
-1623
-1837
-2061
-2157
-2180
-2142
-1896
-1576
-1236
-890
-493
-9
437
839
1138
1335
1534
1657
1744
1782
1795
1815
1794
1820
1852
1947
2039
2075
2131
2089
2038
1939
1703
1415
1040
646
245
-110
-444
-827
-1067
-1268
-1384
-1356
-1323
-1252
-1197
-1144
-1061
-940
-832
-841
-956
-1147
-1404
-1697
-2019
-2352
-2713
-3018
-3267
-3435
-3394
-3271
-3069
-2844
-2619
-2267
-1869
-1452
-1120
-850
-589
-425
-218
29
271
548
751
968
1284
1661
2084
2470
2772
2990
3164
3310
3331
3235
3074
2743
2328
1919
1537
1240
908
611
368
128
1
-81
-176
-268
-460
-682
-899
-1116
-1292
-1520
-1751
-1922
-2016
-1978
-1837
-1679
-1429
-1096
-726
-275
161
587
975
1228
1411
1535
1675
1748
1745
1757
1693
1697
1741
1766
1846
1865
1915
1967
1916
1886
1759
1557
1274
935
598
243
-94
-484
-796
-1037
-1220
-1288
-1325
-1299
-1224
-1126
-1003
-912
-778
-750
-836
-957
-1269
-1574
-1858
-2209
-2526
-2939
-3278
-3489
-3516
-3321
-3202
-2979
-2707
-2417
-1965
-1594
-1210
-857
-598
-371
-257
-32
180
407
645
757
1036
1403
1818
2240
2530
2817
3058
3236
3300
3265
3156
2892
2557
2140
1706
1379
1029
665
334
98
-18
-114
-184
-279
-392
-531
-705
-920
-1140
-1302
-1517
-1769
-1947
-2024
-1929
-1722
-1514
-1247
-899
-473
-28
428
809
1099
1360
1535
1678
1774
1806
1783
1705
1653
1630
1689
1781
1800
1835
1831
1833
1879
1786
1602
1349
1022
698
330
1
-282
-572
-858
-1106
-1221
-1213
-1177
-1186
-1140
-1009
-885
-783
-739
-792
-869
-1122
-1464
-1738
-2107
-2407
-2808
-3230
-3389
-3462
-3352
-3221
-3070
-2771
-2482
-2057
-1666
-1349
-980
-727
-470
-293
-96
178
378
633
784
1000
1361
1705
2101
2409
2693
2953
3120
3219
3186
3108
2904
2594
2210
1758
1448
1113
716
416
166
6
-127
-232
-307
-437
-552
-727
-875
-982
-1216
-1449
-1627
-1793
-1873
-1860
-1764
-1555
-1281
-1010
-674
-192
283
690
1045
1292
1482
1618
1712
1747
1701
1646
1603
1561
1578
1639
1687
1717
1709
1703
1721
1699
1589
1414
1166
859
536
219
-118
-440
-691
-955
-1087
-1095
-1141
-1095
-1024
-977
-865
-768
-732
-792
-943
-1178
-1483
-1847
-2214
-2558
-2955
-3296
-3490
-3548
-3421
-3311
-3097
-2765
-2421
-1970
-1584
-1176
-814
-542
-274
-133
83
330
508
670
803
1096
1427
1798
2166
2404
2746
2965
3090
3213
3148
3036
2808
2453
2081
1690
1288
908
582
284
5
-167
-232
-315
-418
-502
-620
-763
-859
-980
-1168
-1384
-1590
-1743
-1802
-1768
-1661
-1503
-1289
-948
-555
-133
297
641
979
1278
1440
1608
1742
1752
1698
1614
1531
1508
1550
1573
1600
1637
1678
1741
1755
1661
1537
1364
1106
816
533
248
-81
-375
-655
-888
-1000
-1078
-1100
-1057
-1016
-909
-788
-773
-745
-804
-1051
-1315
-1657
-2018
-2354
-2814
-3159
-3417
-3550
-3521
-3431
-3191
-2932
-2577
-2128
-1697
-1220
-822
-504
-245
-91
119
297
433
571
731
945
1178
1553
1914
2207
2503
2730
2948
3101
3169
3116
2883
2591
2250
1845
1438
1037
635
271
-12
-235
-319
-358
-464
-528
-617
-691
-811
-947
-1000
-1205
-1458
-1623
-1748
-1740
-1678
-1577
-1377
-1101
-771
-397
73
468
814
1172
1401
1582
1675
1742
1761
1674
1584
1494
1504
1565
1587
1577
1538
1605
1643
1625
1590
1399
1223
994
681
412
53
-264
-544
-806
-950
-1026
-1024
-996
-967
-876
-731
-690
-670
-666
-883
-1134
-1463
-1850
-2125
-2573
-2966
-3246
-3453
-3411
-3388
-3204
-2927
-2665
-2205
-1804
-1367
-962
-648
-340
-158
70
216
376
566
631
821
1040
1328
1671
1948
2300
2552
2765
2959
3009
3029
2889
2619
2269
1886
1523
1120
770
408
100
-125
-304
-389
-485
-526
-569
-632
-671
-839
-944
-1043
-1250
-1428
-1616
-1697
-1652
-1552
-1397
-1223
-924
-558
-157
278
623
951
1191
1391
1564
1626
1687
1693
1609
1492
1435
1430
1443
1491
1492
1541
1596
1580
1580
1476
1311
1125
849
576
265
3
-292
-625
-803
-915
-984
-994
-959
-869
-768
-685
-651
-686
-794
-1046
-1326
-1657
-1985
-2318
-2717
-3038
-3254
-3307
-3267
-3195
-3009
-2718
-2310
-1894
-1517
-1101
-758
-432
-210
-60
159
311
478
581
704
916
1128
1455
1765
2071
2348
2543
2759
2868
2871
2786
2619
2378
1997
1631
1284
899
547
227
-15
-230
-368
-442
-493
-503
-574
-616
-662
-792
-869
-1021
-1249
-1376
-1500
-1557
-1499
-1352
-1250
-1107
-737
-414
-19
385
637
965
1183
1313
1479
1559
1552
1490
1423
1353
1333
1360
1363
1365
1365
1435
1492
1468
1490
1404
1234
1002
690
451
175
-88
-366
-610
-727
-863
-921
-898
-833
-768
-696
-630
-625
-646
-796
-1053
-1304
-1633
-1986
-2314
-2667
-2948
-3133
-3195
-3121
-2984
-2758
-2449
-2097
-1692
-1278
-919
-598
-328
-161
34
178
272
441
536
661
859
1094
1384
1672
1968
2208
2449
2586
2651
2714
2574
2380
2122
1796
1508
1153
797
477
184
-45
-192
-297
-404
-434
-455
-498
-512
-585
-651
-761
-933
-1077
-1299
-1412
-1403
-1341
-1250
-1153
-957
-683
-339
12
333
649
949
1161
1293
1388
1437
1421
1391
1316
1220
1209
1232
1272
1279
1298
1348
1389
1405
1378
1289
1170
986
702
456
210
-59
-304
-541
-723
-848
-899
-844
-817
-730
-643
-644
-581
-661
-871
-1047
-1303
-1600
-1937
-2281
-2574
-2836
-2937
-3005
-2983
-2793
-2607
-2296
-1934
-1578
-1162
-834
-542
-317
-127
62
198
346
437
523
644
838
1115
1330
1587
1845
2061
2287
2404
2482
2505
2432
2228
1916
1649
1355
1054
702
360
137
-82
-203
-293
-368
-372
-421
-436
-502
-619
-638
-726
-896
-1020
-1152
-1253
-1232
-1166
-1105
-964
-724
-445
-146
155
442
682
941
1112
1151
1240
1269
1248
1228
1164
1152
1148
1147
1158
1166
1210
1245
1259
1245
1194
1096
934
784
627
394
140
-128
-341
-492
-629
-689
-732
-716
-669
-626
-565
-552
-565
-691
-881
-1084
-1324
-1555
-1910
-2257
-2531
-2754
-2802
-2814
-2734
-2573
-2348
-2020
-1720
-1364
-1027
-716
-396
-247
-63
142
266
391
385
492
699
867
1073
1287
1536
1798
1983
2092
2251
2332
2253
2136
1934
1701
1445
1118
841
561
281
73
-108
-185
-248
-340
-372
-430
-466
-476
-539
-607
-693
-851
-976
-1044
-1097
-1076
-1017
-932
-816
-605
-322
-59
220
458
650
835
981
1093
1163
1173
1129
1055
1039
1055
1049
1045
1046
1070
1092
1143
1163
1155
1122
996
834
687
490
267
89
-139
-316
-423
-543
-558
-578
-624
-591
-567
-511
-484
-546
-708
-907
-1087
-1324
-1556
-1874
-2199
-2386
-2509
-2538
-2567
-2484
-2320
-2114
-1772
-1531
-1214
-853
-623
-394
-236
-94
117
301
347
369
502
665
858
1032
1200
1475
1658
1833
1937
2001
2142
2071
1915
1695
1493
1312
1027
768
456
220
64
-85
-138
-255
-346
-371
-414
-437
-471
-510
-607
-695
-759
-839
-852
-876
-858
-794
-685
-525
-356
-112
104
295
499
678
852
969
1003
1036
1014
989
998
974
968
922
866
868
941
974
965
982
927
808
715
607
466
332
166
-36
-218
-354
-439
-504
-573
-603
-571
-509
-470
-459
-474
-591
-770
-892
-1065
-1222
-1468
-1842
-2051
-2169
-2242
-2251
-2226
-2139
-2000
-1787
-1563
-1310
-996
-730
-476
-322
-239
-38
138
253
292
341
498
690
903
1017
1189
1409
1529
1634
1759
1871
1886
1798
1628
1461
1310
1089
867
618
339
164
20
-70
-156
-254
-282
-371
-385
-390
-486
-461
-518
-636
-681
-730
-694
-638
-608
-550
-457
-283
-103
60
247
424
589
732
818
861
940
952
902
886
852
846
822
783
770
798
804
762
756
731
661
593
493
407
290
110
3
-146
-274
-363
-431
-435
-476
-507
-517
-489
-469
-444
-497
-699
-806
-911
-1097
-1307
-1573
-1760
-1903
-1999
-2010
-2009
-1896
-1782
-1636
-1400
-1192
-914
-681
-501
-328
-243
-123
19
186
260
266
414
533
685
826
950
1149
1287
1434
1550
1655
1689
1573
1456
1333
1202
1040
847
625
436
258
54
-53
-129
-208
-269
-362
-377
-356
-418
-440
-462
-493
-514
-517
-506
-482
-420
-390
-285
-175
-23
165
293
449
601
723
776
820
873
848
840
829
783
768
749
721
678
666
629
600
587
551
518
403
315
256
132
36
-89
-243
-304
-386
-439
-442
-459
-458
-485
-495
-456
-421
-482
-617
-759
-860
-945
-1100
-1318
-1514
-1632
-1689
-1723
-1716
-1626
-1546
-1397
-1245
-1094
-839
-656
-472
-320
-225
-85
60
175
193
181
275
413
558
688
805
955
1077
1171
1256
1327
1376
1343
1257
1182
1065
912
739
584
433
218
41
-40
-90
-137
-189
-234
-231
-259
-273
-264
-291
-310
-328
-337
-280
-194
-151
-144
-109
-30
55
193
302
401
495
577
669
706
738
748
731
710
703
717
697
612
511
482
497
458
408
371
337
287
172
84
36
-48
-168
-242
-294
-350
-380
-404
-433
-443
-477
-508
-504
-474
-509
-651
-749
-807
-877
-951
-1101
-1297
-1364
-1373
-1406
-1406
-1367
-1235
-1073
-952
-831
-682
-516
-386
-311
-247
-124
30
112
122
136
224
345
433
520
631
745
849
942
1012
1095
1136
1089
1013
910
850
781
610
453
338
224
132
84
26
-71
-115
-149
-140
-85
-108
-102
-123
-171
-155
-143
-108
-76
-51
-12
40
122
204
279
372
425
461
517
568
620
621
602
614
602
573
586
552
481
449
408
364
316
238
183
164
87
8
-65
-158
-182
-206
-281
-344
-338
-358
-413
-432
-457
-460
-425
-448
-476
-490
-592
-678
-740
-804
-895
-1029
-1118
-1128
-1105
-1095
-1080
-998
-903
-859
-764
-629
-504
-415
-351
-264
-187
-86
-6
41
92
90
143
265
357
470
557
632
707
738
787
843
868
826
737
670
636
560
463
398
308
246
187
110
86
60
24
21
22
9
21
48
47
28
21
7
32
79
104
132
191
256
256
268
327
380
426
437
478
517
519
514
469
450
451
449
389
348
362
274
191
165
94
32
-43
-110
-133
-166
-219
-275
-304
-346
-394
-379
-419
-433
-416
-439
-425
-437
-458
-503
-515
-565
-663
-685
-719
-758
-820
-884
-885
-864
-812
-752
-680
-576
-523
-469
-338
-256
-217
-144
-96
-65
-5
28
64
92
80
123
187
256
344
407
445
472
526
579
557
516
490
436
426
375
276
240
188
144
100
75
113
149
135
105
125
156
161
148
161
184
183
204
219
215
238
249
262
305
327
360
388
384
391
418
441
443
441
423
384
354
338
318
292
254
189
148
119
62
3
-71
-121
-142
-175
-186
-231
-294
-321
-355
-358
-367
-379
-356
-354
-372
-351
-347
-362
-334
-327
-345
-355
-386
-419
-452
-500
-514
-523
-556
-586
-611
-593
-547
-527
-488
-467
-449
-381
-327
-278
-230
-203
-164
-115
-113
-107
-54
-6
17
43
79
150
243
298
312
328
386
423
407
395
383
371
343
298
286
288
275
255
259
254
228
234
224
226
233
214
250
275
273
285
282
294
309
318
309
296
311
331
328
322
311
299
328
326
298
286
279
267
242
221
196
177
149
94
41
-24
-77
-71
-84
-153
-191
-205
-227
-260
-286
-287
-297
-292
-275
-289
-303
-292
-300
-309
-339
-352
-318
-293
-281
-268
-245
-267
-321
-330
-348
-375
-385
-418
-427
-431
-476
-513
-481
-418
-414
-416
-373
-317
-286
-262
-232
-177
-130
-118
-76
-50
-38
0
47
72
100
144
167
229
299
284
288
333
327
325
325
312
338
348
314
259
273
307
264
252
277
290
303
319
336
339
334
330
335
355
356
353
354
330
315
315
306
290
257
227
210
196
219
229
171
149
165
154
106
57
35
7
-24
-75
-116
-138
-157
-184
-199
-220
-232
-218
-219
-224
-258
-263
-242
-250
-236
-239
-263
-258
-273
-284
-265
-255
-249
-235
-225
-213
-236
-261
-242
-249
-292
-337
-354
-327
-330
-363
-376
-399
-409
-385
-370
-333
-300
-283
-253
-224
-181
-156
-140
-93
-45
-32
-7
46
73
88
109
144
188
200
226
263
283
299
297
301
304
284
296
303
300
310
282
279
302
311
297
306
340
351
347
339
354
371
369
352
331
342
353
321
318
321
284
224
198
194
170
147
132
104
73
44
18
7
-18
-63
-90
-111
-126
-162
-205
-191
-198
-212
-234
-254
-226
-221
-228
-223
-223
-220
-232
-254
-242
-222
-202
-195
-188
-158
-187
-210
-178
-175
-171
-161
-193
-178
-143
-173
-202
-215
-211
-214
-238
-295
-330
-305
-322
-322
-296
-299
-278
-240
-234
-244
-226
-216
-221
-177
-133
-141
-97
-74
-67
-25
2
57
105
136
171
191
225
267
294
336
387
385
405
448
426
413
430
452
492
508
481
434
422
430
413
399
388
377
353
314
295
268
233
202
184
161
128
102
50
39
27
-6
18
-16
-73
-86
-86
-71
-107
-134
-146
-156
-148
-157
-166
-181
-187
-218
-250
-230
-208
-198
-184
-197
-193
-200
-229
-202
-193
-176
-153
-171
-197
-175
-151
-161
-187
-193
-165
-167
-166
-156
-155
-164
-203
-229
-235
-228
-209
-206
-246
-249
-231
-237
-225
-219
-216
-218
-190
-161
-159
-139
-94
-90
-85
-51
-35
0
37
57
86
129
157
187
215
245
264
283
313
315
358
376
372
391
371
383
403
379
391
390
371
359
353
363
375
367
321
279
254
215
169
187
175
121
106
62
60
56
-19
-53
-72
-87
-91
-102
-84
-91
-108
-109
-149
-154
-180
-216
-195
-187
-169
-176
-182
-176
-185
-172
-145
-140
-142
-132
-119
-92
-102
-131
-122
-115
-123
-111
-108
-118
-102
-105
-143
-140
-129
-165
-155
-162
-177
-161
-188
-214
-199
-178
-166
-150
-156
-178
-214
-200
-144
-134
-161
-160
-146
-115
-73
-68
-56
-26
-43
-50
2
25
24
73
132
134
139
168
175
194
211
203
234
277
262
280
306
301
302
298
293
298
309
299
286
285
295
291
266
261
254
210
194
170
122
134
108
23
65
67
6
38
1
-38
-19
-56
-86
-69
-86
-101
-95
-111
-136
-115
-128
-153
-134
-152
-140
-119
-136
-127
-102
-92
-105
-108
-101
-109
-100
-75
-75
-90
-88
-107
-119
-114
-133
-114
-84
-75
-68
-97
-98
-84
-117
-114
-85
-87
-126
-159
-164
-175
-165
-157
-164
-139
-123
-114
-106
-115
-139
-142
-103
-106
-92
-46
-61
-39
-16
-38
-22
-6
10
37
69
101
120
124
127
158
181
188
206
226
257
257
223
200
223
246
255
249
238
267
241
206
218
207
182
171
167
144
126
121
91
64
59
49
23
19
-1
-38
-48
-60
-67
-56
-76
-94
-72
-105
-117
-104
-111
-123
-120
-97
-68
-44
-73
-77
-64
-69
-50
-51
-53
-18
-35
-68
-36
-23
-41
-34
-33
-45
-56
-46
-42
-42
-20
-24
-37
-49
-65
-83
-85
-78
-93
-76
-79
-106
-115
-135
-150
-141
-141
-129
-102
-101
-105
-99
-109
-112
-82
-58
-93
-100
-53
-35
-47
-41
-20
-8
20
8
6
63
88
109
123
119
145
153
163
174
164
187
186
155
164
187
192
184
182
190
196
185
156
144
145
123
107
102
82
54
46
56
24
-7
-4
-23
-36
-40
-54
-63
-71
-82
-82
-87
-99
-117
-116
-99
-86
-92
-87
-85
-109
-78
-52
-64
-42
-35
-32
-13
-28
-32
-7
24
19
25
29
9
25
34
18
4
5
-12
-25
-10
-19
-37
-33
-58
-82
-61
-69
-92
-81
-84
-87
-75
-87
-99
-90
-94
-97
-82
-84
-76
-56
-72
-71
-34
-18
3
-8
-7
36
27
10
32
43
53
71
90
123
97
51
62
95
94
100
147
150
144
141
118
91
78
105
136
130
114
130
127
106
82
56
72
65
18
27
28
-26
-33
-46
-83
-87
-80
-68
-52
-63
-82
-90
-95
-126
-156
-139
-121
-113
-90
-77
-98
-106
-124
-116
-65
-59
-40
2
-6
2
32
29
62
73
55
72
71
61
66
61
67
65
29
28
34
7
1
-10
-9
-19
-22
0
-11
-31
-67
-72
-45
-36
-53
-77
-63
-69
-81
-69
-59
-47
-55
-72
-50
-9
-6
-4
16
13
18
29
40
65
62
40
47
75
78
73
69
81
103
89
87
114
116
93
73
95
127
120
85
65
91
75
55
63
41
31
40
-7
-44
-23
-38
-43
-52
-88
-84
-70
-88
-85
-79
-86
-88
-126
-127
-107
-133
-144
-116
-110
-94
-83
-119
-89
-48
-74
-59
-30
-11
31
28
21
55
56
65
81
62
53
76
89
83
104
91
66
63
50
42
47
54
13
-7
1
-17
-37
-62
-82
-69
-43
-77
-95
-68
-49
-57
-72
-52
-31
-48
-50
-34
-23
-5
-11
9
50
37
11
28
47
48
48
49
49
51
59
55
70
75
52
64
74
67
75
93
75
56
73
68
72
87
70
58
49
43
53
42
18
8
11
0
3
-5
-14
5
-23
-55
-58
-77
-84
-78
-89
-102
-100
-103
-114
-125
-123
-104
-109
-112
-104
-77
-50
-66
-71
-57
-36
-22
-32
-13
15
28
49
41
36
39
39
53
44
49
63
59
36
22
41
48
20
9
20
38
24
-29
-31
-11
-21
-34
-39
-50
-46
-46
-64
-42
-29
-50
-25
-26
-47
-20
-24
-21
0
1
24
27
29
51
43
38
58
66
77
92
74
55
76
86
69
79
71
70
80
66
76
103
101
68
30
41
64
46
35
37
17
-16
-17
-11
-12
-10
-14
-31
-26
-17
-37
-47
-46
-64
-79
-69
-78
-77
-68
-95
-109
-94
-81
-84
-80
-77
-74
-66
-75
-59
-34
-38
-34
-28
-14
-6
1
16
13
32
35
18
40
57
44
49
49
36
37
13
20
34
16
13
7
4
-16
-19
-10
-30
-29
-32
-59
-50
-48
-56
-30
-27
-47
-24
-32
-55
-20
5
-3
7
14
-11
2
44
33
24
57
72
64
70
57
60
88
62
43
55
58
57
39
49
71
69
66
58
64
69
51
44
52
32
34
59
40
36
24
18
22
-9
-6
-9
-22
-10
-34
-39
-30
-69
-86
-87
-111
-104
-91
-91
-88
-94
-117
-124
-90
-87
-86
-59
-47
-46
-29
-28
-34
-10
-2
6
26
43
43
36
40
55
77
71
43
36
34
41
51
36
23
51
12
-31
-11
-28
-14
-13
-35
-24
0
-23
-52
-52
-41
-23
-30
-35
-18
-25
-36
-44
-45
-10
-10
-16
-10
15
30
13
45
53
35
50
62
69
55
41
52
55
60
69
67
57
43
21
17
19
33
37
37
48
35
38
37
7
-1
-3
1
28
32
6
-1
-6
-16
-14
-17
-25
-27
-21
-24
-33
-45
-52
-50
-66
-76
-65
-64
-58
-47
-70
-76
-76
-63
-36
-33
-37
-34
-34
-32
-13
8
4
-2
19
24
3
4
25
38
33
30
54
53
34
23
21
51
56
34
32
25
10
8
1
-8
-14
-32
-35
-20
-21
-20
-35
-52
-41
-33
-49
-51
-51
-40
-14
1
9
20
31
22
16
15
28
44
43
46
48
52
57
30
26
29
22
37
24
27
57
45
35
47
43
23
22
18
21
26
14
21
40
33
12
-6
-9
1
4
-5
-6
12
21
5
-28
-47
-45
-33
-43
-71
-72
-72
-54
-46
-73
-77
-71
-84
-83
-61
-58
-51
-46
-47
-25
-20
-32
-25
-32
-36
-19
4
34
32
28
52
49
39
50
41
48
64
54
56
62
47
38
19
11
27
15
16
9
-26
-21
-16
-47
-44
-42
-49
-32
-36
-29
-32
-34
-15
-14
-16
-6
7
16
8
23
55
47
38
47
63
60
34
39
53
61
59
44
55
56
35
26
4
23
43
18
21
17
7
-3
-22
-14
3
2
-19
-25
-3
1
-7
-8
-25
-17
-14
-33
-45
-66
-67
-56
-55
-56
-55
-64
-69
-83
-92
-70
-53
-68
-58
-13
-5
-19
-24
-8
12
12
4
11
19
34
47
33
45
63
65
68
50
47
56
45
35
37
35
38
36
32
29
22
12
-25
-33
-18
-6
-16
-46
-36
-34
-39
-30
-46
-48
-43
-55
-48
-44
-39
-16
-14
-22
-11
2
15
11
7
22
29
37
44
47
54
57
52
49
66
61
37
32
56
68
47
32
18
37
29
6
7
-8
-12
-14
-11
2
11
5
-11
-28
-38
-38
-54
-31
-7
-24
-31
-37
-34
-21
-17
-45
-69
-57
-46
-36
-37
-23
-26
-35
-28
-48
-40
-34
-34
-12
-1
1
9
16
12
12
16
5
7
50
55
40
48
27
24
33
3
7
29
20
11
19
5
6
9
-13
-8
9
8
-6
-15
-19
-10
-26
-34
1
-4
-21
-13
-19
-4
-11
-33
-27
0
5
3
27
46
31
14
24
36
32
27
49
67
49
21
19
36
20
2
25
24
8
10
7
12
2
-18
-7
6
10
9
-5
-24
-20
-23
-27
-17
-17
-17
-20
-29
-37
-24
-35
-46
-27
-32
-22
-5
-26
-20
-9
-34
-27
-17
-28
-10
-5
-21
-9
-2
-15
-21
-17
-8
-1
12
11
8
20
32
19
16
