12
15
1
-5
-6
-8
-11
-20
-19
-15
-20
-23
-28
-32
-30
-36
-41
-44
-45
-37
-28
-25
-12
-8
-14
-9
-18
-23
-18
-4
10
16
20
18
15
19
20
23
23
21
22
26
37
51
53
56
68
72
73
76
84
85
90
96
101
105
100
97
102
88
80
74
60
55
50
48
26
-1
-13
-30
-45
-58
-70
-82
-89
-97
-102
-120
-180
-244
-280
-264
-220
-223
-248
-267
-272
-258
-247
-233
-211
-193
-192
-168
-102
-30
33
58
89
129
159
195
238
288
317
330
370
412
414
396
361
323
280
221
171
121
77
43
11
-30
-85
-160
-246
-313
-349
-358
-354
-334
-317
-311
-300
-272
-212
-143
-107
-69
0
69
150
226
290
363
414
453
481
508
547
553
545
551
528
496
458
401
387
355
307
264
184
118
77
42
13
-41
-105
-163
-223
-249
-259
-259
-291
-349
-384
-467
-539
-610
-754
-927
-1129
-1186
-1123
-1095
-1095
-1127
-1100
-1058
-1055
-1004
-936
-832
-722
-629
-472
-257
-14
205
365
507
650
749
821
932
1052
1144
1229
1280
1292
1268
1219
1100
920
715
541
413
302
234
179
128
1
-159
-311
-460
-558
-661
-694
-655
-632
-595
-528
-415
-338
-314
-275
-234
-144
-51
3
96
237
376
466
518
589
650
659
627
590
568
568
593
596
611
662
660
632
642
625
569
507
437
416
406
394
392
371
345
309
270
209
154
107
56
-30
-142
-207
-207
-216
-308
-456
-626
-805
-1031
-1352
-1760
-2100
-2243
-2227
-2202
-2200
-2174
-2086
-1976
-1893
-1780
-1615
-1466
-1331
-1106
-767
-327
122
491
864
1173
1377
1507
1587
1720
1854
1981
2040
2038
2068
2063
1962
1742
1425
1090
757
413
123
-62
-217
-361
-472
-633
-790
-926
-1115
-1265
-1298
-1273
-1226
-1147
-1006
-792
-583
-381
-206
-57
61
146
245
375
558
758
919
1061
1200
1277
1297
1257
1175
1087
949
821
785
775
778
789
776
751
690
597
487
372
262
169
132
134
151
164
190
193
174
131
59
-15
-44
-50
-62
-66
-89
-35
-61
-269
-475
-727
-1078
-1628
-2253
-2585
-2618
-2543
-2612
-2712
-2589
-2302
-2126
-2147
-2112
-1876
-1669
-1619
-1452
-969
-312
241
647
1060
1476
1771
1882
1914
2033
2165
2238
2234
2214
2286
2311
2172
1885
1526
1185
754
287
-118
-375
-471
-631
-831
-930
-989
-1136
-1340
-1491
-1511
-1461
-1458
-1418
-1180
-833
-494
-214
-5
225
405
480
568
716
878
1033
1182
1355
1521
1630
1602
1478
1340
1162
948
748
593
533
580
586
530
526
508
457
369
215
80
-13
-27
-19
-14
103
205
251
288
317
315
264
225
157
104
101
137
161
128
-7
-290
-625
-1066
-1733
-2413
-2833
-2939
-2945
-3077
-3175
-2962
-2584
-2412
-2450
-2380
-2141
-1949
-1880
-1767
-1306
-580
62
569
1046
1561
2011
2207
2292
2360
2442
2521
2469
2432
2467
2507
2441
2200
1849
1464
1060
562
70
-265
-531
-779
-997
-1123
-1176
-1246
-1351
-1483
-1519
-1504
-1572
-1571
-1382
-1086
-737
-434
-135
198
421
563
684
800
949
1075
1175
1318
1443
1577
1651
1609
1507
1345
1141
920
731
613
553
509
454
450
506
535
486
374
282
168
57
7
-33
28
145
224
274
286
323
340
266
204
172
143
131
41
-50
-172
-405
-662
-1052
-1636
-2308
-2849
-2990
-2993
-3247
-3505
-3419
-3001
-2653
-2613
-2545
-2246
-1911
-1821
-1859
-1503
-763
-96
333
740
1336
1979
2395
2555
2615
2748
2856
2835
2708
2546
2574
2630
2419
2043
1718
1455
1078
537
17
-333
-573
-898
-1248
-1400
-1453
-1521
-1629
-1691
-1654
-1678
-1671
-1536
-1322
-1066
-825
-520
-177
109
357
581
818
1004
1142
1250
1362
1518
1611
1674
1693
1620
1529
1411
1254
1079
947
862
738
604
512
507
507
415
352
320
228
118
5
-47
-30
-26
3
33
63
121
154
158
154
151
156
132
73
19
-104
-295
-565
-900
-1247
-1817
-2537
-2958
-3048
-3079
-3313
-3613
-3410
-2938
-2701
-2679
-2555
-2131
-1809
-1790
-1724
-1307
-572
23
390
900
1518
2111
2507
2665
2827
2984
3072
3011
2789
2632
2635
2631
2333
1912
1644
1460
1135
550
27
-252
-561
-982
-1357
-1546
-1598
-1681
-1805
-1852
-1805
-1745
-1699
-1539
-1307
-1098
-842
-541
-202
86
318
581
846
1106
1276
1412
1601
1752
1858
1845
1770
1713
1601
1476
1336
1176
1040
909
809
687
567
488
447
379
274
174
66
-30
-105
-125
-83
-79
-116
-87
-62
-6
58
83
123
120
95
125
103
39
-104
-310
-540
-830
-1288
-2056
-2671
-2946
-3074
-3210
-3557
-3636
-3206
-2860
-2742
-2736
-2487
-1982
-1838
-1930
-1792
-1216
-491
-58
319
852
1544
2203
2537
2770
2986
3144
3171
2924
2708
2694
2723
2627
2272
1932
1747
1532
1129
610
241
-92
-487
-953
-1384
-1561
-1679
-1848
-1933
-1935
-1864
-1767
-1662
-1462
-1254
-1061
-867
-637
-354
-88
186
492
809
1060
1270
1499
1718
1888
1979
1973
1891
1758
1609
1455
1321
1166
1028
976
884
736
665
590
473
367
223
93
-30
-101
-150
-191
-192
-178
-149
-111
-93
-43
49
76
86
76
71
100
105
102
5
-247
-576
-892
-1369
-2123
-2728
-2973
-3035
-3297
-3723
-3707
-3241
-2832
-2748
-2759
-2402
-1981
-1872
-1880
-1660
-1032
-458
-148
210
772
1559
2219
2598
2871
3114
3300
3288
3051
2798
2723
2714
2459
1996
1724
1628
1453
1056
613
306
-2
-402
-941
-1357
-1522
-1748
-1988
-2081
-2045
-1931
-1818
-1634
-1369
-1097
-887
-716
-490
-266
-55
165
406
667
940
1249
1546
1774
1949
2062
2060
1970
1840
1698
1515
1303
1131
980
857
781
745
740
711
648
533
405
251
89
-29
-111
-176
-229
-223
-171
-121
-75
24
132
135
87
84
148
197
94
-58
-203
-383
-693
-1112
-1663
-2240
-2662
-2931
-3141
-3541
-3814
-3627
-3285
-3058
-3017
-2820
-2307
-1960
-1900
-1793
-1368
-810
-461
-220
242
908
1567
2054
2447
2836
3124
3286
3322
3211
3008
2891
2736
2336
1892
1652
1510
1274
886
533
299
6
-408
-853
-1157
-1373
-1682
-2011
-2169
-2141
-2082
-1974
-1727
-1406
-1056
-825
-634
-337
-88
101
284
464
685
939
1195
1435
1688
1909
2074
2147
2104
2027
1891
1674
1426
1176
989
870
750
687
657
619
587
551
502
375
247
135
-23
-161
-316
-355
-286
-267
-235
-125
21
134
180
210
283
295
209
13
-210
-453
-796
-1314
-1975
-2545
-2875
-3058
-3340
-3738
-3844
-3578
-3249
-3070
-3049
-2739
-2212
-2028
-2026
-1836
-1339
-746
-434
-178
313
1037
1701
2112
2502
2916
3246
3377
3324
3243
3151
3035
2783
2328
1938
1724
1565
1243
772
522
369
73
-370
-817
-1059
-1267
-1661
-2017
-2128
-2167
-2184
-2078
-1847
-1584
-1288
-973
-678
-408
-180
67
283
431
590
821
1117
1370
1622
1857
2046
2172
2141
2101
2040
1828
1577
1315
1150
1001
831
759
671
658
667
638
585
466
372
254
96
-98
-272
-292
-330
-400
-369
-291
-163
-24
64
178
256
250
165
-20
-313
-673
-1066
-1684
-2423
-2963
-3217
-3355
-3669
-3941
-3798
-3397
-3042
-2932
-2778
-2329
-1958
-1911
-1909
-1624
-1074
-632
-413
-59
602
1361
1932
2357
2756
3152
3447
3504
3378
3185
3060
2927
2528
2035
1702
1526
1370
1032
684
488
336
15
-395
-704
-992
-1327
-1727
-2047
-2138
-2142
-2156
-2017
-1727
-1435
-1133
-847
-550
-222
1
144
269
416
617
857
1074
1270
1507
1754
1981
2082
2078
2090
2033
1853
1599
1351
1155
957
809
739
650
573
601
608
561
480
375
294
160
-47
-212
-304
-394
-487
-511
-387
-265
-175
-84
81
261
285
246
31
-362
-702
-1276
-1963
-2559
-3115
-3285
-3514
-3980
-4052
-3730
-3236
-2909
-2874
-2554
-2061
-1770
-1762
-1738
-1369
-923
-611
-423
-6
724
1443
2032
2439
2828
3319
3603
3627
3462
3274
3179
2883
2342
1842
1571
1499
1236
802
578
526
382
-4
-375
-641
-929
-1339
-1799
-2077
-2225
-2301
-2285
-2166
-1870
-1543
-1190
-791
-490
-212
38
221
382
528
678
880
1051
1223
1465
1739
1950
2071
2133
2154
2118
1948
1729
1490
1275
1092
888
716
621
547
545
561
513
460
399
365
232
41
-123
-301
-419
-466
-495
-485
-443
-294
-72
104
183
227
201
-33
-337
-836
-1531
-2168
-2756
-3151
-3452
-3881
-4130
-4012
-3600
-3174
-2995
-2721
-2229
-1842
-1723
-1682
-1426
-1047
-823
-709
-416
156
822
1383
1895
2432
2947
3291
3509
3584
3483
3348
3085
2666
2143
1733
1505
1286
971
664
555
505
299
-39
-299
-478
-819
-1308
-1690
-1939
-2121
-2258
-2284
-2113
-1851
-1546
-1206
-805
-412
-129
133
365
509
647
813
939
1079
1243
1436
1686
1855
1968
2104
2187
2132
1973
1836
1660
1410
1176
955
790
664
512
456
462
431
388
345
272
170
94
-42
-237
-399
-529
-589
-549
-505
-388
-202
-80
36
83
15
-159
-448
-962
-1653
-2317
-2861
-3242
-3650
-4115
-4248
-4003
-3617
-3264
-3037
-2637
-2055
-1724
-1608
-1456
-1137
-793
-680
-568
-238
298
894
1402
1908
2417
2927
3384
3624
3644
3570
3482
3215
2674
2099
1730
1519
1157
704
460
417
389
168
-97
-209
-385
-783
-1278
-1559
-1719
-2000
-2221
-2250
-2127
-1904
-1647
-1291
-861
-508
-138
193
434
624
779
959
1074
1132
1268
1460
1653
1760
1832
1975
2081
2075
1992
1881
1750
1534
1257
1044
873
687
510
405
348
291
243
250
259
179
51
-80
-202
-318
-399
-466
-501
-476
-470
-353
-180
-77
-68
-212
-364
-584
-1136
-1827
-2445
-2898
-3191
-3732
-4264
-4301
-3964
-3522
-3315
-3140
-2546
-1898
-1651
-1546
-1251
-857
-600
-558
-487
-87
465
951
1435
1893
2426
2980
3395
3652
3660
3647
3572
3175
2619
2140
1827
1568
1083
566
378
387
279
13
-130
-184
-399
-832
-1190
-1362
-1630
-1968
-2201
-2233
-2093
-1940
-1715
-1313
-921
-590
-219
137
436
663
865
1037
1127
1176
1301
1486
1553
1636
1765
1890
1969
1925
1899
1897
1775
1539
1361
1189
979
778
606
455
361
274
205
233
213
120
20
-45
-155
-277
-344
-427
-456
-445
-437
-344
-240
-163
-131
-221
-433
-801
-1256
-1803
-2407
-2889
-3316
-3747
-4107
-4217
-3999
-3635
-3333
-3100
-2631
-2060
-1721
-1469
-1192
-828
-516
-408
-278
54
543
1021
1420
1853
2364
2881
3274
3513
3637
3625
3530
3224
2728
2292
1902
1504
1054
603
365
251
90
-102
-268
-368
-541
-804
-1097
-1372
-1575
-1811
-1975
-2084
-2082
-1901
-1702
-1408
-1058
-719
-302
94
383
662
925
1098
1217
1343
1478
1584
1659
1725
1776
1832
1885
1895
1868
1812
1725
1616
1483
1326
1141
939
746
582
424
299
207
117
75
9
-105
-181
-234
-300
-376
-427
-437
-419
-397
-386
-320
-252
-264
-373
-548
-885
-1412
-1938
-2449
-2909
-3339
-3850
-4145
-4100
-3907
-3630
-3373
-3021
-2511
-2078
-1798
-1490
-1064
-703
-510
-386
-182
192
622
996
1379
1789
2301
2808
3156
3425
3575
3640
3509
3183
2792
2363
2004
1573
1057
658
383
197
24
-185
-310
-391
-587
-793
-962
-1159
-1427
-1688
-1841
-1934
-1919
-1844
-1715
-1455
-1133
-804
-455
-40
352
700
1030
1223
1403
1574
1693
1783
1765
1773
1825
1811
1747
1718
1727
1667
1584
1509
1405
1310
1188
1013
817
651
482
292
125
-22
-121
-221
-341
-377
-398
-427
-424
-489
-500
-375
-294
-266
-241
-185
-221
-458
-699
-1087
-1605
-2102
-2632
-2990
-3367
-3844
-4018
-3948
-3700
-3434
-3230
-2781
-2302
-1939
-1663
-1388
-995
-718
-557
-402
-168
262
663
1010
1438
1892
2367
2811
3147
3379
3530
3561
3392
3056
2673
2290
1909
1442
957
573
330
200
-40
-234
-280
-351
-482
-712
-895
-1077
-1341
-1573
-1766
-1851
-1872
-1864
-1720
-1471
-1144
-816
-482
-44
370
729
1002
1223
1456
1609
1734
1772
1758
1755
1729
1736
1704
1664
1703
1663
1639
1618
1512
1452
1304
1096
902
680
493
301
84
-92
-228
-334
-424
-468
-493
-509
-531
-536
-478
-405
-323
-276
-261
-239
-273
-396
-645
-1097
-1616
-2059
-2486
-2879
-3312
-3774
-3913
-3802
-3654
-3410
-3156
-2784
-2322
-1996
-1695
-1341
-956
-695
-569
-413
-173
208
623
963
1320
1780
2225
2633
3008
3258
3461
3540
3307
2973
2657
2324
1973
1467
956
607
376
186
-8
-137
-213
-309
-450
-660
-810
-944
-1195
-1455
-1665
-1788
-1795
-1770
-1714
-1513
-1216
-926
-576
-157
243
615
927
1200
1454
1635
1753
1783
1762
1750
1740
1746
1701
1646
1644
1638
1617
1585
1551
1501
1366
1161
964
771
586
370
148
-42
-218
-336
-468
-547
-563
-611
-594
-551
-503
-445
-340
-256
-232
-207
-280
-407
-663
-1091
-1573
-2052
-2489
-2908
-3347
-3753
-3911
-3804
-3659
-3453
-3136
-2713
-2272
-1963
-1693
-1328
-918
-678
-590
-448
-199
173
505
779
1176
1634
2071
2492
2874
3190
3406
3460
3304
3048
2777
2446
2024
1515
1018
674
455
244
45
-76
-122
-222
-369
-472
-589
-757
-1048
-1340
-1481
-1633
-1753
-1773
-1718
-1529
-1361
-1094
-675
-244
184
539
882
1151
1387
1616
1727
1757
1716
1660
1626
1571
1547
1542
1560
1555
1542
1561
1528
1513
1408
1212
1077
891
631
390
149
-63
-250
-445
-553
-592
-638
-649
-623
-607
-498
-350
-274
-254
-251
-215
-223
-349
-614
-1054
-1554
-1986
-2400
-2815
-3257
-3654
-3792
-3746
-3653
-3460
-3112
-2685
-2327
-2005
-1696
-1305
-905
-716
-582
-405
-196
111
414
717
1124
1557
1957
2375
2805
3151
3366
3427
3297
3065
2829
2509
2073
1569
1117
760
489
229
23
-73
-152
-210
-329
-451
-519
-642
-868
-1157
-1333
-1497
-1664
-1720
-1723
-1579
-1351
-1141
-815
-380
55
456
778
1094
1411
1618
1729
1745
1734
1720
1645
1567
1494
1430
1429
1425
1444
1481
1494
1491
1398
1275
1123
931
740
473
204
-44
-274
-441
-557
-629
-661
-670
-702
-614
-467
-360
-269
-257
-242
-225
-254
-379
-672
-1077
-1544
-1946
-2310
-2837
-3335
-3671
-3771
-3690
-3640
-3476
-3134
-2670
-2261
-2006
-1652
-1193
-836
-679
-608
-434
-127
200
435
699
1069
1500
1929
2349
2756
3091
3349
3437
3293
3110
2949
2632
2158
1605
1128
835
548
210
-23
-117
-155
-268
-393
-431
-451
-560
-834
-1093
-1241
-1398
-1538
-1691
-1728
-1608
-1497
-1249
-889
-474
-23
327
716
1094
1388
1644
1760
1778
1750
1711
1634
1526
1425
1345
1345
1315
1309
1394
1471
1493
1423
1305
1174
1037
848
573
303
44
-225
-450
-637
-703
-750
-829
-812
-742
-612
-499
-417
-341
-323
-292
-282
-321
-578
-1055
-1524
-1913
-2195
-2661
-3200
-3512
-3608
-3563
-3520
-3355
-2992
-2560
-2236
-1994
-1617
-1122
-743
-610
-574
-392
-99
178
391
626
995
1403
1820
2236
2586
2970
3267
3319
3196
3007
2899
2684
2161
1578
1148
861
560
151
-94
-122
-186
-361
-480
-479
-485
-574
-840
-1069
-1139
-1272
-1470
-1588
-1597
-1537
-1365
-1080
-778
-394
63
441
814
1175
1482
1734
1847
1807
1754
1757
1678
1506
1373
1310
1283
1261
1242
1269
1335
1332
1258
1187
1057
900
707
409
137
-68
-304
-521
-714
-803
-795
-834
-829
-732
-608
-475
-369
-335
-311
-278
-245
-295
-598
-1092
-1515
-1814
-2108
-2557
-3085
-3388
-3392
-3377
-3366
-3168
-2774
-2316
-2092
-1938
-1539
-1074
-797
-733
-702
-501
-211
21
234
533
895
1269
1680
2083
2467
2856
3123
3179
3055
2917
2821
2598
2140
1602
1226
963
629
264
111
87
15
-138
-291
-290
-286
-502
-804
-1013
-1156
-1302
-1459
-1561
-1559
-1453
-1300
-1076
-741
-337
74
427
731
1060
1374
1578
1658
1664
1646
1617
1558
1428
1341
1334
1308
1298
1304
1321
1357
1333
1251
1163
1031
814
569
317
57
-177
-395
-603
-717
-769
-844
-842
-753
-694
-610
-517
-456
-403
-371
-402
-374
-318
-563
-984
-1355
-1611
-1734
-2098
-2625
-2886
-2929
-2873
-2939
-2919
-2606
-2238
-2029
-2019
-1797
-1369
-1037
-915
-955
-777
-407
-122
75
242
592
1053
1416
1681
1980
2438
2782
2822
2712
2660
2697
2579
2210
1788
1502
1308
1044
692
489
431
314
145
-77
-192
-209
-382
-673
-915
-1043
-1136
-1274
-1440
-1469
-1324
-1137
-983
-779
-423
-64
237
471
745
1106
1327
1370
1368
1416
1493
1479
1381
1349
1378
1375
1363
1316
1298
1340
1261
1148
1041
895
742
550
334
99
-95
-265
-449
-588
-710
-764
-769
-781
-762
-734
-609
-512
-493
-460
-433
-382
-297
-255
-460
-933
-1257
-1377
-1579
-2079
-2726
-2891
-2738
-2800
-3007
-2987
-2480
-2046
-2080
-2052
-1631
-973
-759
-977
-882
-504
-168
-93
-51
263
669
1010
1272
1585
1987
2373
2680
2746
2679
2713
2776
2614
2116
1618
1424
1313
951
457
287
388
291
-46
-240
-98
-72
-444
-794
-824
-721
-888
-1225
-1287
-1155
-1057
-1041
-962
-652
-274
15
208
457
825
1132
1280
1291
1313
1409
1462
1387
1239
1191
1258
1232
1119
1090
1149
1232
1116
949
889
780
594
339
101
-41
-192
-402
-570
-659
-725
-744
-768
-802
-756
-680
-542
-506
-507
-425
-348
-317
-324
-351
-565
-947
-1251
-1434
-1556
-1956
-2456
-2595
-2580
-2518
-2610
-2578
-2145
-1789
-1688
-1701
-1413
-895
-735
-789
-803
-570
-231
-122
-29
162
523
884
1138
1448
1797
2206
2488
2480
2425
2445
2465
2253
1821
1454
1243
1140
856
511
410
406
279
33
-90
7
0
-235
-503
-615
-589
-754
-943
-981
-921
-833
-820
-692
-403
-105
153
307
493
773
997
1119
1130
1181
1257
1247
1200
1111
1052
1112
1111
1003
935
990
1079
1005
810
665
584
399
155
-34
-190
-315
-464
-591
-631
-666
-665
-650
-636
-618
-596
-519
-495
-482
-443
-365
-307
-301
-366
-648
-946
-1157
-1337
-1478
-1879
-2319
-2391
-2330
-2311
-2389
-2259
-1867
-1623
-1618
-1568
-1161
-787
-738
-807
-765
-481
-303
-224
-68
157
478
720
1005
1369
1701
2017
2204
2263
2237
2232
2245
2036
1666
1367
1214
1070
784
511
426
399
272
91
59
115
34
-211
-442
-463
-453
-590
-737
-755
-693
-642
-591
-476
-254
8
187
306
486
682
848
978
1015
1040
1086
1101
1062
994
1023
1018
952
920
876
920
906
774
663
546
438
289
113
-24
-135
-247
-389
-480
-542
-555
-508
-575
-634
-566
-499
-470
-454
-449
-395
-354
-310
-242
-430
-760
-971
-1148
-1214
-1500
-2027
-2227
-2214
-2230
-2378
-2448
-2175
-1865
-1786
-1841
-1572
-1058
-844
-875
-873
-620
-306
-253
-213
-8
334
609
806
1103
1430
1797
2054
2139
2196
2264
2334
2269
1991
1658
1465
1336
1072
749
549
457
355
136
14
87
70
-117
-364
-435
-382
-455
-618
-716
-660
-602
-632
-571
-360
-147
-13
101
261
518
723
846
890
923
1021
1054
1056
1008
988
1009
952
875
833
831
829
711
577
504
421
325
157
3
-92
-177
-279
-360
-407
-463
-468
-514
-554
-560
-565
-505
-506
-497
-477
-439
-338
-263
-355
-635
-809
-959
-1100
-1373
-1846
-2053
-2142
-2217
-2277
-2332
-2117
-1880
-1773
-1669
-1464
-1065
-830
-790
-748
-585
-326
-208
-109
23
235
527
708
926
1225
1574
1903
2031
2048
2106
2226
2196
1934
1625
1405
1264
1022
689
501
429
334
176
12
13
70
-39
-212
-304
-307
-315
-427
-553
-564
-502
-495
-485
-364
-221
-55
114
221
382
602
758
818
865
916
946
983
934
859
859
819
760
731
727
686
571
513
460
365
275
170
78
-40
-148
-216
-300
-366
-435
-469
-476
-488
-511
-517
-460
-447
-490
-496
-427
-344
-286
-363
-625
-758
-835
-1015
-1233
-1630
-1879
-1892
-1974
-2090
-2130
-1988
-1774
-1660
-1620
-1393
-1018
-812
-724
-670
-534
-275
-172
-132
-25
157
404
578
798
1115
1413
1640
1790
1904
1998
2074
2030
1828
1612
1403
1210
1029
787
530
360
263
145
12
-19
24
-25
-136
-203
-197
-222
-289
-364
-426
-388
-381
-379
-277
-179
-47
88
193
348
496
611
703
743
794
868
876
816
759
749
725
678
628
589
571
500
414
362
309
240
143
54
-24
-127
-233
-260
-268
-361
-393
-432
-446
-379
-417
-427
-383
-409
-364
-341
-345
-301
-447
-673
-783
-850
-965
-1242
-1553
-1712
-1785
-1830
-1896
-1900
-1745
-1574
-1522
-1457
-1226
-931
-764
-731
-689
-532
-352
-221
-97
22
186
353
516
745
999
1239
1434
1578
1694
1791
1854
1817
1643
1427
1285
1159
952
728
562
449
327
201
117
101
115
45
-38
-60
-74
-110
-171
-246
-276
-263
-271
-269
-216
-130
-34
87
182
291
453
520
556
642
695
724
732
696
672
658
575
530
536
499
443
398
376
338
276
195
130
61
-47
-134
-165
-191
-270
-317
-366
-409
-426
-416
-395
-397
-402
-429
-369
-341
-386
-383
-455
-600
-726
-833
-940
-1102
-1346
-1521
-1562
-1583
-1649
-1686
-1576
-1431
-1362
-1324
-1179
-923
-759
-716
-627
-529
-393
-250
-184
-51
111
301
490
649
865
1088
1242
1361
1439
1496
1595
1613
1534
1369
1209
1099
908
731
596
485
395
288
209
192
204
190
114
62
65
32
-31
-107
-145
-92
-104
-201
-209
-120
15
63
90
216
347
417
425
489
606
627
587
550
533
542
478
422
430
416
390
300
261
271
185
110
74
17
-17
-70
-155
-176
-198
-242
-289
-318
-339
-382
-391
-374
-368
-386
-423
-425
-378
-384
-473
-560
-657
-746
-837
-969
-1108
-1255
-1352
-1401
-1421
-1433
-1395
-1287
-1193
-1103
-1000
-837
-705
-635
-556
-502
-382
-258
-194
-77
65
214
349
471
660
870
1009
1122
1219
1286
1335
1310
1231
1139
1024
921
808
685
586
486
402
341
310
295
302
280
209
190
164
157
114
21
-7
-36
-62
-94
-110
-30
45
70
124
199
312
388
378
394
444
452
417
435
419
358
354
315
314
310
245
190
182
177
135
119
82
34
10
-39
-58
-79
-140
-157
-193
-234
-252
-311
-338
-342
-376
-404
-401
-380
-378
-372
-392
-431
-481
-578
-664
-766
-886
-990
-1127
-1200
-1198
-1222
-1229
-1212
-1136
-1033
-927
-823
-733
-608
-518
-433
-342
-289
-203
-127
-45
64
152
281
427
582
745
853
944
1051
1121
1132
1087
1001
939
870
754
678
620
521
438
391
376
353
317
315
335
322
276
206
179
159
78
2
-31
-30
-34
-23
16
61
126
151
185
257
274
286
305
324
324
305
277
247
218
193
181
188
177
154
154
142
117
105
102
65
28
2
-6
-26
-68
-87
-126
-158
-193
-232
-238
-263
-268
-309
-349
-318
-330
-346
-340
-369
-410
-444
-489
-526
-597
-704
-758
-832
-926
-978
-1008
-999
-965
-938
-885
-812
-755
-695
-600
-517
-427
-350
-259
-175
-137
-42
-2
90
235
286
394
503
600
721
785
832
852
855
872
831
763
719
682
620
566
496
440
446
436
383
366
361
324
302
266
201
170
149
83
23
-24
-12
12
12
7
22
78
97
111
141
217
268
242
216
191
198
188
172
193
180
175
149
125
141
152
161
153
107
95
64
8
6
-42
-127
-149
-175
-192
-200
-228
-232
-244
-260
-317
-363
-311
-325
-376
-366
-399
-390
-358
-382
-409
-442
-472
-482
-517
-565
-582
-635
-711
-733
-768
-768
-714
-705
-626
-557
-525
-445
-393
-325
-242
-178
-109
-46
14
72
111
150
261
353
417
478
525
601
637
658
684
688
662
653
641
590
562
556
527
497
454
434
414
352
307
255
223
200
153
109
81
24
8
26
13
13
21
36
39
45
61
78
109
110
94
106
126
136
155
156
163
167
140
151
174
170
149
131
122
107
98
86
33
-12
-29
-58
-68
-84
-119
-140
-174
-231
-251
-270
-297
-305
-340
-377
-342
-311
-348
-382
-396
-387
-353
-352
-370
-366
-374
-383
-400
-454
-476
-491
-524
-528
-546
-532
-502
-514
-492
-460
-397
-329
-301
-231
-148
-103
-62
-11
73
120
138
200
247
293
336
362
404
455
474
487
525
535
555
583
582
561
536
542
514
457
396
329
293
260
250
198
120
86
62
81
100
98
79
40
46
53
27
36
49
46
45
18
-3
47
74
61
77
92
106
143
175
178
190
193
182
180
181
177
137
107
109
92
60
18
-12
-25
-71
-138
-165
-196
-253
-265
-270
-292
-336
-381
-368
-366
-397
-426
-417
-394
-408
-393
-363
-348
-344
-306
-274
-299
-305
-304
-298
-301
-346
-381
-346
-316
-343
-330
-295
-272
-255
-259
-218
-148
-94
-64
-52
-19
25
41
47
72
94
143
203
216
273
340
346
371
444
488
514
548
553
578
541
467
437
394
356
326
288
278
262
226
199
157
116
77
53
54
30
-12
3
-6
-71
-92
-90
-80
-52
-46
-24
12
24
46
96
135
156
164
180
213
236
219
195
201
192
171
161
140
132
114
84
53
23
-13
-67
-127
-158
-180
-239
-268
-287
-344
-375
-411
-436
-429
-439
-445
-426
-405
-405
-383
-346
-341
-325
-289
-273
-245
-252
-241
-181
-182
-203
-196
-192
-163
-123
-114
-99
-77
-64
-65
-58
-39
-23
-26
-31
-19
12
47
74
80
78
108
150
184
190
236
278
270
293
313
314
306
305
302
284
272
263
253
233
221
214
204
181
175
152
85
64
60
36
28
6
-16
-20
-38
-60
-42
-32
-27
11
39
44
61
106
135
167
192
194
197
205
232
235
226
234
199
174
175
145
107
77
56
38
6
-26
-61
-114
-143
-151
-187
-240
-264
-278
-294
-301
-334
-367
-361
-372
-381
-350
-355
-354
-293
-272
-277
-259
-227
-189
-174
-169
-170
-139
-103
-100
-75
-58
-67
-55
-20
-4
4
27
56
63
41
17
9
11
28
49
43
53
80
80
68
78
104
144
150
147
172
146
110
111
110
89
98
99
74
116
115
86
105
94
65
70
106
79
63
73
41
5
-32
-30
-7
6
30
47
46
62
89
95
102
121
155
197
192
181
186
178
170
146
150
182
164
164
176
164
128
99
93
53
21
3
-38
-52
-68
-115
-159
-174
-178
-199
-219
-242
-247
-268
-268
-267
-276
-259
-268
-270
-257
-244
-217
-228
-215
-144
-134
-128
-93
-67
-46
-40
-32
-27
-7
12
2
13
37
57
63
59
48
57
65
44
61
97
104
93
87
100
82
49
67
74
58
64
60
37
18
1
2
1
-9
-12
-21
-6
4
-32
-32
-16
-34
-55
-62
-57
-36
-38
-37
-5
13
24
25
16
59
77
68
90
104
114
125
132
157
135
120
156
160
161
150
133
151
144
104
104
105
98
78
37
39
45
14
-18
-32
-40
-55
-62
-73
-79
-81
-103
-125
-131
-125
-145
-142
-112
-130
-145
-142
-164
-150
-121
-123
-109
-92
-99
-77
-48
-78
-78
-32
-8
-2
0
6
29
38
22
28
37
53
70
73
90
91
58
57
78
60
66
86
57
67
71
39
34
10
7
23
24
6
-40
-65
-62
-80
-80
-78
-79
-57
-88
-127
-122
-129
-116
-92
-83
-62
-63
-62
-37
-56
-49
-19
-5
26
52
63
81
91
82
100
114
113
130
143
155
159
133
134
121
110
111
94
85
53
37
34
16
2
-11
-7
-4
-17
-40
-62
-45
-61
-107
-107
-79
-81
-88
-69
-95
-95
-64
-89
-95
-51
-56
-59
-14
-26
-50
-5
15
-23
-33
15
46
35
32
40
66
80
68
52
56
72
52
60
73
70
81
69
49
40
42
60
55
34
19
22
39
30
18
-20
-41
-39
-74
-59
-39
-60
-36
-52
-110
-91
-90
-121
-92
-82
-112
-101
-82
-109
-95
-66
-92
-78
-70
-63
-19
-4
2
20
46
61
72
61
65
105
105
99
97
103
121
98
80
89
86
86
69
44
56
43
39
49
26
-12
-30
-33
-56
-65
-59
-57
-68
-97
-89
-70
-71
-63
-81
-84
-52
-49
-44
-26
-37
-17
-6
-40
-32
1
1
7
24
18
8
33
57
42
8
28
63
68
56
72
102
90
72
49
66
67
39
39
55
63
58
47
39
28
26
5
-23
11
7
-22
-13
-24
-30
-40
-63
-59
-48
-61
-61
-28
-50
-66
-58
-82
-74
-66
-110
-101
-67
-62
-24
-16
-20
-8
-23
-28
-5
5
29
43
37
55
30
10
29
48
65
66
74
84
72
48
21
25
46
31
29
27
-2
-8
-10
-43
-57
-32
-23
-34
-20
-18
-50
-58
-62
-86
-60
-42
-46
-20
-16
-27
-18
-20
-44
-32
-5
-7
-5
1
6
32
53
33
31
42
49
63
60
50
65
69
54
53
40
35
39
65
57
27
47
45
49
30
-10
26
46
12
10
27
7
-3
-9
-34
-46
-24
-20
-39
-31
-48
-54
-40
-56
-69
-104
-104
-69
-90
-102
-77
-71
-64
-67
-71
-36
-18
-25
-8
-7
-21
6
20
19
50
61
58
80
83
72
78
67
78
81
41
37
38
18
31
39
23
19
5
-9
-8
-27
-33
-9
-40
-48
-36
-40
-33
-46
-34
-8
-23
-32
-5
3
-13
-2
-12
-22
1
-10
-7
6
-5
4
1
10
14
12
30
29
40
39
8
20
39
39
38
29
28
40
47
43
47
50
43
48
42
31
27
22
21
9
-7
-29
-25
5
4
-28
-57
-38
-59
-80
-38
-44
-60
-52
-64
-75
-66
-77
-89
-63
-53
-71
-78
-50
-23
-33
-37
-3
7
2
10
28
40
38
39
37
31
20
33
44
38
35
34
56
53
29
53
40
16
42
9
-13
17
10
-7
3
-23
-43
-17
-23
-35
-18
-17
-23
-3
-14
-45
-23
-17
-25
-14
-23
-6
15
15
5
15
25
22
3
11
46
38
22
41
51
38
35
8
38
59
18
21
43
33
44
48
22
26
28
7
15
17
6
9
16
24
9
-18
-16
6
-15
-14
-15
-24
-11
-36
-41
-32
-44
-28
-49
-68
-29
-50
-82
-71
-64
-68
-70
-77
-52
-51
-67
-45
-28
-23
-20
-19
7
14
-3
14
28
33
29
34
49
55
43
39
61
55
59
43
20
54
37
3
16
21
12
-3
-4
-4
-23
-31
-22
-38
-47
-30
-36
-23
-22
-36
-27
-25
-21
-21
-13
11
-12
-41
-14
19
18
8
27
21
30
39
28
39
50
36
38
62
53
39
51
39
21
32
39
43
47
30
19
44
42
9
14
17
7
20
6
2
14
-19
-16
-1
-28
-32
-19
-13
-24
-44
-42
-37
-45
-53
-57
-44
-53
-71
-51
-46
-74
-69
-56
-62
-43
-33
-39
-45
-41
-1
-2
-7
20
12
7
26
30
33
32
37
50
37
14
32
58
46
39
25
13
27
29
18
21
5
-14
-13
-17
-13
-13
-19
-32
-47
-26
-10
-26
-6
0
-17
-13
-11
-14
1
20
15
10
13
15
22
23
-10
-12
14
9
11
11
27
46
19
18
37
22
17
16
22
25
24
33
20
16
14
11
27
40
28
12
10
17
33
-6
-22
27
9
-17
-19
0
25
-16
-35
-24
-7
-5
-33
-51
-54
-74
-72
-53
-78
-68
-53
-63
-64
-65
-63
-38
-11
-25
-35
-11
9
4
9
0
21
61
48
35
35
46
57
62
47
43
80
58
13
13
30
30
25
18
12
34
16
-14
-10
-13
-8
-10
-45
-48
-15
-32
-71
-36
-14
-27
-26
-26
1
4
-14
-11
-6
6
8
-4
15
25
7
13
7
3
33
39
9
-3
14
23
32
26
21
21
16
15
18
7
4
24
0
-15
3
1
16
-1
-28
2
16
5
4
-3
-16
-19
