-8
-10
-10
-7
-4
2
-3
-2
2
2
-2
0
4
9
10
2
4
5
-4
-3
-2
-3
4
-2
-5
-1
-7
-3
1
-5
-9
-11
-9
-5
-2
2
4
5
4
2
5
5
6
11
4
-6
-2
3
1
1
13
19
19
21
25
35
38
36
37
43
48
44
37
31
30
23
16
5
-7
-10
-20
-20
-18
-22
-20
-28
-34
-32
-28
-24
-25
-26
-24
-29
-32
-34
-32
-33
-36
-26
-18
-9
-3
2
6
8
6
6
14
14
5
-4
-9
-15
-25
-25
-26
-21
-19
-29
-31
-29
-25
-23
-21
-21
-19
-13
-9
-2
10
17
17
32
32
25
39
37
34
48
45
41
55
45
41
38
26
31
33
29
13
-4
-1
9
23
35
13
7
27
20
25
38
16
6
2
-19
-13
-6
-8
10
17
21
41
37
40
55
48
19
-6
-15
-23
-58
-83
-72
-54
-39
-48
-82
-119
-159
-207
-253
-340
-444
-526
-606
-693
-768
-766
-719
-663
-586
-490
-354
-199
-59
51
154
278
333
377
410
409
420
415
419
417
412
402
401
403
377
370
361
309
245
199
150
74
1
-51
-35
-22
-28
2
55
120
177
245
316
407
484
541
589
626
650
643
630
636
632
577
502
429
365
279
186
128
32
-53
-109
-191
-242
-264
-267
-260
-257
-225
-174
-124
-57
-14
32
95
117
141
170
159
111
81
64
41
2
-71
-167
-208
-225
-308
-376
-399
-439
-479
-526
-693
-905
-1146
-1394
-1600
-1852
-2154
-2401
-2448
-2381
-2310
-2137
-1831
-1431
-1018
-630
-201
277
698
968
1119
1247
1348
1383
1356
1291
1241
1218
1222
1209
1182
1214
1258
1238
1151
999
868
724
473
168
-108
-314
-533
-729
-810
-839
-816
-731
-616
-432
-201
5
159
364
602
755
861
952
1025
1092
1061
1031
1071
1018
934
840
731
626
506
366
222
123
25
-78
-136
-166
-175
-179
-152
-56
45
96
138
199
241
278
307
316
315
288
265
293
318
266
235
199
118
62
-64
-210
-319
-435
-520
-680
-821
-902
-985
-979
-987
-984
-858
-875
-1127
-1391
-1667
-1750
-1868
-2401
-2847
-2956
-2885
-2740
-2673
-2400
-1787
-1176
-713
-245
469
1194
1610
1716
1768
1964
2037
1920
1715
1503
1398
1287
1183
1159
1155
1236
1274
1176
1017
819
683
455
22
-434
-780
-989
-1164
-1329
-1371
-1234
-963
-686
-383
43
476
830
1072
1210
1299
1325
1271
1191
1093
918
761
704
660
641
648
628
641
609
530
508
411
272
137
-24
-127
-207
-270
-274
-162
-22
76
207
349
530
647
690
718
685
652
586
480
354
267
172
14
-79
-187
-329
-439
-594
-714
-778
-886
-981
-1012
-988
-940
-894
-863
-770
-569
-432
-679
-1057
-1340
-1511
-1458
-1892
-2714
-3004
-2956
-2742
-2602
-2615
-2160
-1383
-844
-561
-43
774
1375
1549
1446
1462
1720
1733
1540
1354
1200
1136
1011
994
1084
1129
1185
1117
1053
967
782
661
373
-54
-504
-878
-986
-1099
-1256
-1252
-1086
-756
-464
-143
319
762
1115
1267
1407
1585
1601
1516
1318
1084
891
656
472
326
234
149
128
181
203
327
372
320
328
263
167
133
49
-22
-43
-25
36
127
257
369
578
717
767
843
856
857
797
656
497
381
273
126
-50
-225
-358
-440
-529
-615
-647
-647
-657
-698
-667
-709
-852
-831
-855
-734
-843
-1750
-2330
-2531
-2574
-2508
-3453
-4229
-3937
-3472
-2981
-2822
-2396
-1274
-299
158
472
1405
2394
2666
2477
2164
2334
2521
2131
1732
1430
1272
1134
885
901
895
845
832
585
435
145
-104
-173
-655
-1185
-1625
-1705
-1437
-1405
-1373
-1159
-636
-47
369
932
1459
1923
2180
2045
2055
2037
1844
1590
1099
694
397
186
51
-133
-181
-233
-167
-32
-75
20
124
169
138
-51
-84
28
125
121
136
354
536
733
916
1057
1323
1351
1228
1163
1049
953
759
401
118
-41
-205
-446
-657
-784
-909
-895
-907
-986
-926
-820
-721
-634
-600
-619
-515
-432
-385
-438
-1138
-1822
-2191
-2468
-2584
-3396
-4321
-4317
-3924
-3424
-3139
-2831
-1838
-658
89
513
1320
2338
2872
2844
2423
2439
2727
2395
1900
1481
1215
1237
1008
853
935
914
896
742
583
334
1
-234
-658
-1221
-1761
-2023
-1908
-1768
-1718
-1584
-1082
-345
271
877
1399
1937
2383
2357
2348
2358
2172
1939
1464
988
658
327
73
-113
-252
-364
-346
-215
-141
-22
21
9
-21
-150
-168
-130
-57
13
9
132
365
640
862
957
1184
1375
1361
1308
1200
1119
956
600
308
111
-70
-267
-479
-654
-829
-923
-964
-980
-933
-844
-732
-659
-614
-575
-514
-448
-305
-368
-1123
-2046
-2521
-2638
-2705
-3509
-4657
-4815
-4274
-3661
-3294
-3010
-2001
-626
241
686
1462
2676
3414
3281
2780
2688
3038
2861
2166
1590
1274
1154
880
654
715
757
727
543
324
176
-67
-276
-613
-1203
-1782
-2036
-1878
-1699
-1714
-1628
-1127
-331
332
872
1508
2109
2535
2568
2498
2577
2466
2152
1585
954
532
223
-38
-297
-513
-631
-639
-478
-334
-244
-143
-105
-67
-138
-185
-38
98
151
145
256
541
809
1023
1149
1326
1474
1435
1371
1253
1181
1059
643
215
-25
-192
-359
-584
-829
-916
-905
-1013
-1049
-967
-892
-757
-702
-658
-582
-511
-447
-472
-762
-1460
-2127
-2594
-3038
-3403
-4107
-4712
-4596
-4269
-3777
-3271
-2598
-1405
-260
573
1284
2233
3153
3470
3418
3219
3150
3113
2612
1995
1582
1237
932
649
532
557
555
506
350
229
17
-312
-503
-887
-1442
-1829
-1997
-1913
-1836
-1768
-1459
-845
-125
450
1113
1775
2320
2709
2737
2794
2835
2542
2098
1561
1022
581
152
-209
-456
-648
-788
-785
-615
-476
-366
-277
-183
-14
-9
-51
56
189
253
277
412
628
883
1064
1207
1418
1454
1385
1313
1168
1035
809
479
199
-57
-266
-480
-745
-869
-957
-987
-996
-1048
-903
-802
-724
-590
-561
-444
-370
-434
-613
-1247
-1962
-2432
-2920
-3401
-4202
-5006
-5056
-4703
-4236
-3829
-3259
-2050
-732
322
1167
2140
3260
3871
3947
3779
3649
3609
3158
2419
1743
1255
969
628
374
273
204
198
167
74
-54
-260
-426
-783
-1334
-1757
-2000
-1976
-1967
-1943
-1711
-1200
-399
283
886
1595
2285
2843
3051
3099
3156
3046
2649
2022
1442
959
457
-66
-484
-691
-818
-920
-884
-734
-558
-454
-343
-194
-143
-93
20
103
225
303
410
657
889
1085
1246
1453
1538
1510
1485
1318
1171
927
556
275
-19
-318
-585
-831
-1014
-1128
-1195
-1180
-1149
-1089
-870
-730
-580
-407
-421
-365
-387
-698
-1299
-2052
-2547
-2949
-3497
-4353
-5242
-5303
-4813
-4336
-3902
-3412
-2262
-829
225
1164
2184
3265
3956
4037
3937
3912
3905
3551
2763
2084
1539
1155
909
580
377
211
126
137
3
-167
-453
-703
-927
-1420
-1863
-2099
-2051
-1939
-2010
-1808
-1230
-466
298
892
1583
2308
2837
3149
3270
3343
3180
2788
2246
1623
1127
571
50
-354
-732
-958
-1073
-1028
-916
-864
-709
-553
-394
-273
-238
-84
40
139
271
422
679
922
1086
1189
1349
1509
1518
1520
1400
1178
1002
722
393
106
-198
-519
-774
-926
-1059
-1160
-1179
-1164
-1064
-968
-810
-567
-420
-298
-237
-286
-396
-982
-1810
-2337
-2911
-3425
-4148
-5112
-5331
-5097
-4719
-4186
-3689
-2656
-1338
-238
806
1899
3094
3855
4064
4100
4085
4074
3704
3064
2461
1847
1407
1056
770
619
358
159
95
30
-111
-442
-669
-931
-1413
-1858
-2190
-2188
-2099
-2190
-2078
-1607
-827
-70
606
1383
2081
2681
3037
3276
3488
3398
3071
2512
1913
1428
880
316
-224
-653
-873
-1031
-1073
-994
-868
-739
-671
-492
-370
-275
-81
-20
87
196
327
616
849
1033
1137
1313
1541
1596
1586
1448
1292
1149
792
480
225
-93
-399
-716
-907
-1000
-1091
-1099
-1095
-1059
-964
-883
-653
-431
-320
-173
-293
-556
-840
-1505
-2187
-2759
-3423
-4019
-4737
-5254
-5202
-4946
-4501
-3874
-3056
-1932
-746
409
1495
2585
3532
3978
4182
4242
4191
4027
3453
2788
2222
1724
1347
948
683
461
222
144
14
-160
-375
-693
-931
-1289
-1744
-2097
-2279
-2229
-2217
-2163
-1809
-1164
-363
306
994
1749
2414
2980
3255
3419
3480
3254
2822
2241
1635
1113
567
17
-512
-889
-1058
-1134
-1053
-957
-834
-666
-528
-402
-308
-166
-19
111
217
312
526
793
998
1156
1302
1513
1627
1591
1555
1443
1289
1049
670
372
84
-248
-523
-804
-1029
-1177
-1249
-1241
-1229
-1155
-1050
-868
-612
-462
-344
-331
-490
-809
-1423
-2075
-2593
-3221
-3870
-4615
-5249
-5246
-4919
-4520
-4035
-3351
-2246
-949
227
1254
2293
3288
3899
4171
4211
4163
4096
3661
3014
2391
1861
1499
1123
810
555
326
233
114
-28
-213
-572
-887
-1238
-1632
-1928
-2167
-2212
-2171
-2097
-1837
-1325
-564
173
844
1541
2187
2823
3224
3352
3377
3243
2883
2360
1782
1191
642
92
-464
-849
-1042
-1124
-1083
-984
-889
-756
-595
-433
-298
-160
-19
88
198
272
419
646
866
1060
1165
1340
1540
1574
1533
1436
1260
1043
760
418
99
-196
-499
-786
-1019
-1161
-1218
-1177
-1120
-1067
-955
-733
-453
-296
-174
-128
-299
-644
-1316
-2002
-2545
-3237
-4012
-4832
-5402
-5400
-5145
-4780
-4219
-3427
-2296
-1003
227
1356
2462
3424
4032
4361
4419
4322
4152
3712
3094
2441
1859
1485
1101
784
552
310
244
129
-33
-218
-571
-883
-1231
-1679
-2053
-2313
-2370
-2326
-2288
-2055
-1477
-672
89
827
1583
2311
2947
3327
3512
3597
3449
3016
2435
1802
1109
513
-45
-608
-1024
-1303
-1357
-1260
-1209
-1072
-824
-598
-379
-219
-84
89
240
299
347
486
718
961
1126
1251
1416
1555
1618
1577
1459
1322
1069
757
468
127
-171
-468
-801
-1037
-1210
-1262
-1240
-1216
-1121
-940
-754
-564
-321
-165
-158
-263
-568
-1134
-1811
-2477
-3131
-3718
-4442
-5196
-5366
-5137
-4729
-4111
-3515
-2584
-1232
25
1106
2118
3089
3826
4190
4268
4176
4084
3777
3133
2518
1964
1521
1208
826
573
396
280
252
114
-105
-438
-778
-1149
-1607
-1964
-2230
-2308
-2292
-2284
-2030
-1541
-843
-26
746
1472
2157
2776
3192
3433
3570
3462
3079
2533
1875
1235
686
69
-552
-999
-1274
-1388
-1326
-1250
-1095
-866
-669
-455
-270
-115
38
187
255
323
456
629
856
1036
1163
1330
1489
1559
1596
1524
1362
1213
938
607
329
7
-303
-619
-965
-1144
-1213
-1224
-1204
-1148
-978
-772
-543
-267
-164
-148
-212
-624
-1146
-1843
-2652
-3307
-4000
-4742
-5384
-5599
-5349
-4918
-4335
-3592
-2456
-1030
227
1321
2398
3401
4170
4464
4507
4456
4236
3845
3141
2424
1883
1432
1075
755
503
338
179
105
-3
-239
-515
-849
-1216
-1654
-2047
-2321
-2444
-2422
-2369
-2118
-1553
-845
-98
675
1503
2294
2941
3382
3601
3734
3631
3198
2639
1992
1327
657
-14
-587
-1086
-1368
-1446
-1448
-1328
-1168
-960
-716
-503
-299
-129
60
169
259
421
526
682
879
1037
1214
1376
1493
1578
1592
1537
1404
1178
914
598
297
-3
-347
-684
-932
-1090
-1237
-1267
-1211
-1144
-957
-753
-552
-334
-290
-371
-544
-966
-1594
-2289
-2998
-3638
-4270
-4942
-5352
-5323
-4984
-4404
-3724
-2870
-1667
-396
805
1879
2825
3706
4247
4414
4403
4226
3954
3503
2862
2227
1684
1275
936
668
488
320
199
56
-135
-379
-729
-1052
-1415
-1849
-2186
-2418
-2471
-2400
-2293
-1949
-1315
-561
221
1028
1767
2462
3072
3424
3603
3587
3320
2896
2310
1653
1001
348
-267
-795
-1179
-1413
-1483
-1386
-1254
-1037
-804
-615
-340
-116
64
194
261
386
490
623
785
948
1119
1238
1372
1520
1577
1529
1442
1317
1098
806
503
167
-134
-401
-736
-990
-1133
-1206
-1135
-1100
-1024
-838
-626
-384
-256
-284
-423
-690
-1197
-1895
-2644
-3349
-3916
-4531
-5164
-5405
-5232
-4747
-4084
-3416
-2407
-1123
110
1280
2287
3204
3933
4314
4386
4244
4083
3739
3140
2563
1963
1466
1098
778
574
369
239
150
36
-138
-508
-843
-1135
-1582
-1998
-2341
-2461
-2410
-2337
-2107
-1702
-1029
-177
583
1320
2077
2778
3301
3550
3631
3518
3216
2701
2010
1315
672
71
-529
-1035
-1389
-1592
-1552
-1419
-1270
-1007
-766
-505
-239
-52
115
261
378
469
551
658
822
1042
1184
1270
1391
1492
1575
1562
1484
1343
1121
825
481
146
-183
-512
-814
-1033
-1179
-1276
-1271
-1153
-977
-766
-587
-412
-260
-303
-558
-950
-1540
-2193
-2893
-3587
-4228
-4864
-5261
-5314
-5016
-4452
-3796
-2934
-1786
-517
661
1681
2706
3611
4144
4347
4343
4216
3978
3501
2858
2287
1812
1373
973
733
521
349
231
54
-60
-269
-637
-973
-1325
-1767
-2121
-2346
-2455
-2454
-2361
-2073
-1507
-724
33
815
1618
2369
3002
3363
3593
3660
3501
3093
2424
1684
983
310
-318
-889
-1340
-1597
-1700
-1596
-1401
-1174
-854
-579
-316
-68
125
305
441
476
496
610
732
844
991
1121
1299
1450
1477
1510
1528
1459
1295
1015
702
421
106
-264
-583
-878
-1088
-1192
-1270
-1222
-1114
-959
-643
-436
-349
-261
-327
-407
-845
-1671
-2350
-3037
-3614
-4189
-5028
-5440
-5322
-4960
-4387
-3784
-2860
-1593
-299
844
1823
2875
3743
4249
4470
4370
4226
3963
3440
2831
2191
1662
1286
995
715
410
298
194
41
-102
-435
-713
-974
-1351
-1792
-2248
-2445
-2453
-2443
-2331
-2024
-1395
-624
132
948
1707
2505
3113
3415
3632
3621
3441
2952
2222
1554
810
149
-477
-1120
-1473
-1675
-1685
-1552
-1361
-1030
-738
-423
-157
44
273
386
498
545
539
628
695
819
948
1064
1266
1414
1523
1543
1497
1454
1246
1013
742
396
136
-207
-547
-828
-1072
-1159
-1219
-1170
-1037
-883
-607
-459
-364
-316
-501
-696
-1217
-1970
-2667
-3426
-3987
-4596
-5244
-5467
-5326
-4867
-4247
-3546
-2484
-1194
105
1249
2263
3296
4046
4460
4567
4450
4286
3855
3267
2660
2041
1568
1157
839
601
316
151
29
-74
-206
-531
-811
-1113
-1506
-1926
-2331
-2486
-2491
-2411
-2199
-1880
-1209
-395
397
1241
2004
2782
3351
3658
3763
3637
3403
2863
2105
1339
539
-134
-716
-1248
-1592
-1749
-1708
-1565
-1288
-943
-650
-300
-2
217
372
483
567
570
595
633
710
894
1012
1104
1258
1392
1539
1579
1527
1457
1258
973
660
301
-27
-306
-640
-933
-1132
-1300
-1290
-1159
-1103
-944
-670
-502
-377
-388
-550
-822
-1423
-2158
-2858
-3516
-4134
-4865
-5426
-5546
-5278
-4724
-4140
-3357
-2187
-885
365
1463
2532
3546
4252
4576
4598
4518
4294
3833
3225
2538
1960
1487
1065
771
486
252
139
24
-94
-273
-569
-857
-1206
-1620
-2031
-2311
-2435
-2480
-2397
-2180
-1709
-1036
-274
572
1389
2203
2940
3411
3711
3827
3703
3356
2725
1985
1218
475
-198
-893
-1382
-1649
-1804
-1751
-1570
-1266
-896
-556
-273
-19
218
377
506
547
533
577
626
732
873
964
1093
1269
1417
1495
1517
1498
1433
1255
943
635
349
-9
-391
-691
-947
-1140
-1258
-1290
-1190
-1056
-875
-627
-438
-366
-389
-500
-813
-1413
-2151
-2927
-3549
-4112
-4883
-5442
-5543
-5255
-4710
-4177
-3403
-2187
-837
390
1446
2506
3528
4247
4565
4563
4470
4286
3822
3177
2522
1960
1495
1095
791
519
317
176
118
18
-272
-550
-839
-1187
-1584
-2019
-2315
-2407
-2435
-2437
-2233
-1737
-1017
-233
535
1349
2202
2962
3460
3758
3853
3675
3340
2735
1930
1157
364
-379
-1017
-1515
-1808
-1902
-1821
-1595
-1265
-897
-497
-115
158
366
530
646
702
678
632
633
684
773
865
1045
1243
1357
1500
1534
1491
1430
1250
987
671
329
-37
-379
-700
-1025
-1213
-1265
-1320
-1241
-1084
-911
-597
-377
-325
-333
-528
-872
-1441
-2225
-2970
-3636
-4281
-5015
-5505
-5560
-5284
-4745
-4188
-3351
-2083
-745
501
1618
2686
3653
4300
4595
4603
4522
4283
3757
3128
2516
1924
1469
1082
748
544
333
196
125
15
-215
-557
-912
-1294
-1681
-2093
-2404
-2469
-2516
-2478
-2182
-1695
-944
-140
654
1505
2315
3043
3546
3792
3851
3693
3277
2653
1845
997
201
-533
-1171
-1632
-1870
-1919
-1737
-1493
-1195
-764
-384
-15
291
453
584
680
693
653
627
654
728
778
823
993
1254
1424
1496
1534
1545
1479
1257
908
614
318
-84
-493
-814
-1053
-1234
-1305
-1367
-1318
-1087
-854
-582
-370
-361
-401
-555
-1008
-1668
-2449
-3162
-3786
-4496
-5194
-5590
-5541
-5156
-4601
-3939
-2970
-1656
-297
900
2021
3093
3967
4513
4673
4589
4462
4177
3580
2864
2207
1654
1267
936
602
409
328
226
92
-107
-380
-670
-1024
-1478
-1947
-2306
-2541
-2614
-2597
-2470
-2076
-1445
-671
159
986
1856
2745
3364
3689
3878
3852
3606
3083
2311
1466
625
-147
-786
-1305
-1674
-1830
-1746
-1499
-1193
-849
-471
-39
264
408
504
564
606
573
472
409
476
580
684
866
1080
1290
1498
1603
1633
1606
1452
1231
917
543
162
-253
-633
-961
-1216
-1343
-1365
-1290
-1129
-896
-631
-449
-347
-336
-457
-872
-1559
-2296
-3106
-3812
-4516
-5333
-5781
-5759
-5437
-4858
-4150
-3162
-1801
-390
846
1972
3128
4051
4587
4778
4676
4523
4189
3553
2864
2232
1669
1224
885
621
443
386
250
131
32
-286
-616
-987
-1477
-1950
-2415
-2711
-2789
-2787
-2645
-2249
-1565
-748
115
1056
1971
2859
3514
3902
4187
4078
3687
3133
2320
1536
683
-241
-963
-1490
-1797
-1968
-1926
-1649
-1294
-842
-463
-117
267
515
592
580
575
532
492
490
488
545
709
971
1242
1408
1578
1749
1779
1711
1524
1272
992
578
105
-332
-725
-1050
-1272
-1404
-1487
-1407
-1209
-962
-659
-438
-345
-359
-476
-834
-1462
-2195
-3024
-3752
-4384
-5186
-5667
-5654
-5380
-4781
-4066
-3152
-1857
-461
802
1884
2910
3783
4334
4583
4512
4309
3953
3403
2797
2180
1676
1256
985
837
652
573
527
385
235
-119
-571
-943
-1433
-1968
-2478
-2834
-2953
-2929
-2743
-2355
-1632
-719
186
1128
1999
2846
3566
3935
4118
4037
3628
2950
2130
1372
541
-296
-1060
-1641
-1848
-1896
-1780
-1479
-1107
-649
-230
122
427
586
630
620
544
420
358
373
403
478
577
823
1217
1475
1664
1802
1832
1841
1675
1380
1029
611
179
-314
-753
-1095
-1372
-1486
-1529
-1476
-1255
-982
-685
-436
-322
-356
-526
-918
-1618
-2425
-3160
-3907
-4681
-5414
-5849
-5735
-5281
-4685
-3937
-2831
-1423
-103
1112
2237
3263
4103
4461
4505
4428
4142
3700
3137
2522
1942
1505
1233
1071
951
818
755
745
613
311
-117
-604
-1105
-1738
-2386
-2855
-3105
-3166
-3093
-2816
-2233
-1370
-418
541
1534
2483
3244
3817
4102
4119
3926
3305
2527
1787
926
75
-727
-1421
-1740
-1835
-1836
-1613
-1266
-863
-397
8
251
461
572
525
465
368
257
240
310
409
568
807
1121
1478
1714
1838
1969
2025
1904
1648
1269
826
372
-126
-584
-957
-1237
-1444
-1562
-1525
-1386
-1066
-717
-487
-228
-78
-73
-240
-746
-1509
-2338
-3141
-3906
-4630
-5350
-5809
-5727
-5318
-4710
-3896
-2851
-1535
-180
1014
2058
2987
3701
4044
4066
3906
3635
3297
2848
2341
1887
1564
1462
1467
1437
1365
1303
1267
1047
611
69
-517
-1156
-1925
-2656
-3189
-3457
-3443
-3301
-2966
-2249
-1278
-207
819
1722
2608
3359
3825
3980
3902
3622
3040
2291
1455
649
-59
-713
-1204
-1536
-1568
-1388
-1193
-823
-458
-168
144
292
351
360
314
203
62
0
-10
101
286
538
842
1181
1541
1832
2030
2094
2060
1911
1589
1200
808
371
-116
-588
-954
-1200
-1377
-1442
-1410
-1280
-996
-661
-354
-148
-87
-140
-426
-988
-1779
-2641
-3381
-4129
-4884
-5529
-5812
-5543
-5041
-4399
-3513
-2368
-1044
196
1277
2255
3089
3648
3811
3690
3466
3209
2902
2451
2040
1757
1592
1648
1702
1725
1727
1632
1448
1073
497
-214
-908
-1627
-2485
-3173
-3509
-3590
-3452
-3107
-2505
-1588
-478
568
1507
2413
3133
3600
3799
3696
3435
2983
2282
1489
726
154
-309
-748
-1052
-1154
-1040
-892
-694
-452
-260
-89
-1
-17
-88
-156
-200
-250
-254
-141
93
417
741
1053
1340
1653
1925
2042
2103
2036
1838
1579
1195
770
400
1
-388
-752
-1030
-1164
-1287
-1283
-1200
-1114
-874
-597
-335
-117
-88
-210
-473
-977
-1720
-2503
-3195
-3857
-4482
-5087
-5395
-5172
-4677
-4032
-3244
-2283
-1114
39
974
1781
2493
2951
3110
3037
2917
2804
2605
2319
2076
1993
1981
2012
2113
2218
2152
1934
1593
1094
480
-304
-1144
-1938
-2686
-3269
-3528
-3481
-3193
-2697
-2041
-1157
-131
817
1633
2296
2744
3029
3107
2903
2617
2264
1748
1232
711
276
76
-98
-276
-355
-422
-370
-287
-344
-392
-426
-506
-600
-629
-595
-506
-308
-146
28
354
710
1063
1386
1626
1785
1890
1911
1817
1702
1547
1279
992
724
442
197
-48
-371
-688
-871
-974
-1048
-1050
-1045
-941
-738
-598
-433
-366
-409
-587
-1050
-1645
-2357
-3030
-3608
-4272
-4895
-5208
-5064
-4585
-3983
-3264
-2369
-1248
-143
734
1538
2239
2695
2845
2782
2708
2644
2520
2309
2171
2130
2120
2273
2420
2446
2388
2056
1596
1062
291
-522
-1402
-2230
-2830
-3327
-3543
-3375
-2953
-2387
-1687
-839
110
1030
1705
2183
2522
2648
2614
2400
2110
1845
1495
1129
802
598
555
420
222
82
-74
-162
-240
-445
-604
-733
-927
-1027
-999
-878
-605
-264
19
350
756
1118
1398
1629
1728
1746
1743
1685
1641
1577
1418
1219
1014
776
581
375
111
-191
-500
-712
-945
-1162
-1249
-1271
-1186
-997
-799
-575
-390
-356
-467
-871
-1532
-2239
-2975
-3568
-4118
-4786
-5168
-5035
-4553
-3913
-3159
-2221
-1134
-62
792
1462
2121
2522
2548
2428
2275
2227
2214
2105
2086
2223
2354
2488
2671
2750
2626
2251
1663
958
107
-865
-1744
-2458
-3069
-3454
-3519
-3160
-2505
-1832
-1107
-283
560
1273
1761
2041
2151
2133
1955
1674
1517
1454
1315
1204
1127
955
1001
1012
784
570
171
-195
-480
-856
-1147
-1281
-1341
-1375
-1204
-862
-426
63
429
756
1102
1384
1572
1617
1615
1518
1384
1359
1336
1354
1377
1314
1236
1061
812
598
255
-155
-509
-847
-1159
-1379
-1478
-1449
-1313
-1073
-800
-477
-194
-165
-262
-608
-1291
-2123
-2942
-3569
-4176
-4786
-5140
-4985
-4330
-3612
-2815
-1830
-799
132
781
1282
1795
2089
2007
1764
1664
1752
1843
1921
2105
2436
2753
2923
3048
3100
2881
2294
1466
560
-361
-1319
-2179
-2770
-3153
-3316
-3109
-2579
-1858
-1112
-439
235
796
1136
1345
1432
1375
1240
1112
1081
1174
1355
1535
1668
1760
1814
1783
1565
1147
644
76
-521
-1029
-1413
-1609
-1637
-1517
-1276
-928
-463
16
435
743
916
1028
1077
1097
1090
1054
1067
1146
1243
1381
1534
1632
1648
1543
1328
1046
653
196
-291
-781
-1088
-1351
-1561
-1486
-1341
-1077
-692
-453
-215
7
-1
-193
-669
-1451
-2277
-3025
-3642
-4157
-4529
-4673
-4444
-3852
-3123
-2291
-1457
-669
45
472
716
967
1122
1159
1137
1163
1400
1771
2166
2570
2963
3231
3349
3272
2961
2522
1805
911
13
-870
-1572
-2074
-2385
-2478
-2400
-2138
-1682
-1141
-621
-200
69
263
369
389
441
528
654
854
1112
1469
1935
2283
2370
2327
2126
1790
1293
579
-98
-659
-1114
-1453
-1583
-1445
-1187
-893
-579
-239
117
337
415
494
527
479
452
519
654
874
1087
1307
1613
1810
1888
1883
1752
1540
1170
692
257
-164
-533
-818
-1081
-1153
-1121
-1043
-938
-798
-530
-336
-214
-170
-300
-499
-836
-1419
-2130
-2759
-3206
-3587
-3838
-4021
-3963
-3486
-2933
-2350
-1745
-1143
-569
-196
77
358
697
972
1054
1228
1558
1968
2394
2615
2864
3162
3145
2937
2622
2193
1651
898
76
-600
-1096
-1527
-1815
-1909
-1880
-1669
-1389
-1119
-798
-546
-368
-250
-171
-5
158
405
711
1027
1438
1804
2127
2392
2391
2138
1753
1309
801
193
-378
-814
-1023
-1111
-1125
-959
-703
-449
-265
-118
1
79
111
48
31
135
276
469
742
1055
1371
1640
1783
1847
1878
1748
1539
1277
899
578
250
-64
-324
-600
-781
-888
-928
-903
-936
-883
-719
-578
-497
-435
-429
-481
-725
-1245
-1784
-2420
-2946
-3203
-3527
-3805
-3833
-3594
-3033
-2409
-1795
-1150
-591
-196
59
339
631
878
1023
1104
1327
1689
2128
2529
2836
3107
3103
2862
2545
2112
1607
921
138
-536
-1073
-1445
-1611
-1606
-1590
-1485
-1241
-1037
-804
-609
-501
-366
-338
-291
-14
327
688
1119
1502
1847
2124
2256
2217
2038
1669
1151
647
114
-320
-604
-814
-841
-793
-700
-518
-347
-231
-213
-216
-218
-234
-209
-114
63
299
592
881
1164
1441
1628
1745
1755
1652
1489
1284
1089
859
565
303
71
-151
-381
-618
-787
-906
-994
-1063
-1072
-968
-846
-681
-540
-411
-313
-295
-434
-974
-1636
-2219
-2633
-2888
-3290
-3611
-3568
-3137
-2556
-2098
-1496
-874
-479
-321
-298
-64
259
439
484
667
1167
1666
2145
2584
2932
3159
2976
2608
2244
1805
1286
614
-9
-435
-778
-891
-903
-969
-958
-926
-926
-959
-943
-897
-848
-791
-710
-431
22
482
947
1337
1659
1898
1951
1890
1662
1373
1026
588
240
-20
-132
-166
-203
-189
-149
-102
-99
-140
-223
-304
-365
-448
-453
-291
-60
183
422
614
852
1115
1242
1310
1391
1337
1215
1143
1029
918
766
505
295
123
-96
-316
-524
-688
-772
-797
-863
-858
-687
-575
-453
-357
-351
-293
-216
-460
-1183
-1966
-2498
-2705
-2847
-3314
-3604
-3285
-2723
-2248
-1891
-1354
-711
-433
-564
-595
-186
233
375
465
847
1578
2073
2348
2722
2997
2976
2556
2049
1652
1267
855
352
-54
-272
-440
-502
-582
-757
-908
-1043
-1153
-1274
-1314
-1150
-902
-623
-360
31
589
998
1277
1469
1587
1632
1504
1269
1092
983
825
634
455
320
298
252
127
20
-103
-209
-302
-402
-448
-453
-417
-365
-305
-159
61
280
465
603
763
949
1098
1195
1246
1268
1216
1146
987
795
677
438
132
-67
-219
-362
-539
-678
-717
-714
-746
-785
-683
-620
-557
-502
-479
-389
-277
-355
-1009
-1831
-2289
-2398
-2371
-2803
-3261
-2984
-2452
-2054
-1792
-1313
-707
-500
-669
-734
-228
234
240
392
873
1500
1884
2071
2428
2679
2509
2063
1752
1580
1242
846
548
321
99
-153
-312
-406
-640
-923
-1128
-1223
-1240
-1164
-958
-721
-445
-158
198
623
884
1010
1107
1137
1129
1053
988
965
944
899
776
707
650
468
308
128
-80
-197
-278
-257
-230
-268
-266
-222
-182
-175
-107
-4
162
367
480
652
845
1003
1136
1174
1180
1112
976
800
603
448
235
62
-33
-145
-249
-387
-498
-581
-656
-652
-747
-806
-690
-612
-556
-397
-301
-158
-102
-774
-1580
-1965
-2244
-2320
-2610
-2957
-2707
-2323
-2144
-1858
-1131
-607
-643
-829
-843
-326
61
5
297
881
1340
1564
1828
2282
2459
2237
1847
1636
1478
1075
752
662
618
397
108
-57
-211
-460
-797
-992
-1036
-1152
-1145
-885
-592
-306
-82
82
375
599
635
713
742
645
662
744
795
928
1006
962
925
862
682
518
342
121
24
-57
-115
-45
31
43
26
-28
-154
-167
-116
-61
105
247
405
611
774
886
917
897
829
688
481
353
292
150
86
127
121
64
-97
-292
-388
-465
-549
-596
-606
-679
-661
-567
-436
-274
-278
-264
-698
-1528
-2046
-2439
-2452
-2375
-2504
-2314
-2108
-1916
-1490
-846
-451
-597
-797
-883
-606
-224
-40
453
909
1177
1461
1815
2189
2085
1777
1537
1401
1257
881
758
859
799
644
477
301
-18
-440
-727
-801
-841
-959
-961
-734
-475
-263
-64
49
135
115
47
163
210
190
309
545
806
959
1073
1068
1024
941
680
532
378
214
209
242
308
390
443
366
233
114
-41
-102
-145
-194
-46
160
334
477
557
579
500
446
349
230
139
23
23
63
186
299
243
173
8
-199
-298
-400
-506
-579
-612
-599
-541
-438
-331
-254
-301
-418
-776
-1357
-1867
-2271
-2276
-2063
-1919
-1664
-1457
-1282
-990
-662
-446
-520
-676
-788
-712
-331
36
448
827
1032
1232
1402
1507
1454
1252
1053
922
882
896
916
856
768
700
617
449
142
-207
-509
-683
-683
-551
-417
-284
-193
-163
-102
-111
-119
-126
-232
-221
-134
21
292
531
716
822
912
883
763
693
541
393
344
327
399
517
553
549
563
503
381
257
90
-68
-88
6
125
223
366
434
340
235
70
-35
-150
-361
-460
-449
-350
-248
-124
-80
-252
-436
-554
-630
-696
-745
-694
-610
-508
-406
-373
-278
-185
-236
-280
-277
-326
-359
-373
-318
-180
-89
-1
38
20
-30
-165
-269
-355
-418
-371
-298
-227
-91
9
51
67
7
-42
-67
-112
-151
-119
-89
-38
79
100
108
138
75
10
-11
-74
-73
-44
-78
-26
43
116
169
208
272
258
183
127
130
143
178
247
309
341
374
405
384
362
376
333
294
301
266
303
363
339
288
277
265
282
316
299
280
255
213
156
133
135
122
78
15
-49
-123
-162
-155
-197
-272
-265
-272
-287
-257
-266
-237
-224
-257
-245
-226
-217
-191
-151
-77
-22
-11
33
54
50
63
67
47
37
32
-18
-31
-41
-47
-46
-61
-57
-90
-127
-180
-226
-205
-195
-217
-193
-159
-120
-98
-85
-23
-58
-106
-94
-104
-116
-101
-58
-67
-74
-83
-137
-135
-142
-173
-172
-187
-220
-208
-153
-145
-124
-96
-91
-43
-12
3
42
66
67
74
89
129
174
226
219
200
239
178
167
191
152
186
176
112
124
129
94
107
115
122
173
157
115
162
158
144
200
202
208
200
172
167
143
116
90
54
63
52
40
109
96
30
-8
-55
-80
-75
-43
-14
-19
-55
-40
-6
41
42
-37
-14
14
-23
-26
-29
-13
6
-26
-51
-36
-39
-72
-80
-108
-124
-133
-165
-130
-116
-151
-142
-95
-64
-44
-37
-37
-54
-101
-98
-91
-112
-109
-65
-48
-93
-96
-73
-106
-159
-176
-166
-146
-154
-177
-162
-115
-111
-114
-73
-59
-99
-103
-66
-36
-41
-42
-35
-28
13
12
7
43
24
18
71
57
32
23
50
94
89
118
157
161
190
209
171
168
189
185
237
250
226
256
198
134
125
112
97
70
27
28
50
30
10
-18
-48
-65
-78
-110
-90
-41
-67
-85
-58
-32
28
52
31
43
72
90
71
57
61
46
68
59
0
27
64
59
-6
-132
-233
-255
-111
74
154
143
59
-3
7
51
71
79
71
-2
-53
-62
-44
-26
-32
-32
-78
-133
-131
-164
-204
-196
-205
-157
-115
-142
-135
-154
-184
-142
-66
-5
19
17
4
38
76
46
22
9
-24
-18
15
31
62
59
12
2
13
-28
-39
6
6
-12
-5
-16
-12
18
40
65
105
85
55
69
44
36
56
49
41
22
19
14
-37
-17
29
-39
-87
-116
-265
-346
-433
-411
-83
119
223
214
63
73
150
229
308
307
254
190
130
144
233
255
233
133
-77
-163
-159
-130
-56
-85
-150
-197
-268
-185
-66
-37
-5
-54
-37
22
46
204
383
481
435
303
174
107
114
88
90
24
-92
-116
-110
-63
-5
-62
-144
-221
-279
-265
-271
-269
-237
-216
-167
-86
6
57
51
-8
-56
-42
-72
-32
34
63
179
176
101
104
27
-56
-109
-145
-124
-100
-71
-23
36
38
-31
-94
-108
-54
-29
-30
-54
-88
-45
-27
-13
11
39
63
21
-27
-94
-115
-57
-59
-65
-29
0
45
46
19
4
-51
-91
-68
-45
15
100
125
146
161
151
145
124
71
58
98
148
157
97
85
124
191
237
161
49
16
22
76
134
98
52
48
42
69
70
23
-17
-57
-79
-85
-82
-60
-85
-124
-109
-85
-74
-100
-97
-75
-98
-108
-107
-73
1
34
39
3
-32
-31
3
70
65
10
-7
9
39
17
-64
-111
-127
-106
-59
-28
-44
-73
-76
-100
-128
-115
-71
-14
40
58
23
28
52
64
108
121
95
20
-8
4
-26
-9
11
11
-11
-90
-124
-86
-77
-87
-124
-159
-160
-134
-91
-61
-14
36
48
26
-13
-36
26
124
150
127
108
115
153
168
153
137
80
34
40
37
44
80
115
121
116
89
40
19
28
32
10
-30
-42
20
92
117
76
20
-5
-46
-53
-25
-57
-124
-136
-77
-33
-5
-54
-144
-76
-1
-39
-73
-70
-28
19
22
19
34
57
75
47
8
10
14
27
-2
-29
26
43
47
22
-83
-122
-137
-140
-83
-73
-95
-91
-83
-33
55
40
-30
-42
-53
10
89
61
42
46
6
-17
17
12
-25
-30
-64
-66
-24
-14
-12
-60
-99
-74
-74
-65
-33
-28
3
32
15
-7
-17
0
40
110
151
141
59
-26
2
78
143
132
73
31
-6
35
71
73
56
-15
-35
19
92
103
65
36
14
13
8
27
54
34
23
29
5
-9
-17
-39
-40
-69
-98
-81
-110
-123
-52
-9
-13
-38
-63
-76
-81
-49
20
76
89
81
36
35
92
105
86
24
-23
-4
-3
10
11
-31
-50
-69
-111
-86
-64
-71
-74
-114
-98
-44
-30
-11
2
-9
-24
-2
33
40
45
15
22
30
20
61
25
-32
-28
-6
66
30
-59
-77
-68
-22
-7
-29
-60
-93
-87
-47
-33
11
59
-11
-31
-12
3
87
87
43
40
35
43
34
50
116
114
37
-26
-29
25
94
112
114
104
36
8
47
85
92
71
16
-28
-39
-14
57
84
19
-46
-73
-54
-14
-57
-107
-104
-104
-63
-34
-46
-58
-57
-50
-51
-44
-45
-24
6
23
24
25
35
44
69
72
62
52
20
0
21
10
-13
-51
-63
-6
-2
-47
-46
-46
-59
-46
-45
-50
-24
1
-1
19
28
20
18
-9
-50
-65
-17
23
24
-1
-26
-35
-50
-58
-24
8
-20
-45
-58
-39
-4
1
18
39
38
18
-5
28
78
59
21
37
64
56
52
75
81
63
56
26
-4
29
12
-20
24
25
13
31
19
25
27
-1
14
40
42
14
2
18
-7
2
29
18
-10
-68
-93
-66
-70
-90
-64
-69
-99
-73
-45
-41
-48
-78
-54
-31
-36
28
53
43
62
42
29
68
82
72
65
47
38
35
23
6
-14
-29
-30
-44
-46
-22
-20
-29
-22
-5
18
35
14
25
54
13
-16
-11
3
15
5
-2
-14
-18
-10
-20
-16
-7
-26
-38
-34
-42
-57
-75
-75
-44
-23
-33
-50
-45
-36
-12
9
16
45
67
82
58
22
33
48
47
43
48
68
84
46
7
11
11
14
23
1
-6
21
25
23
1
5
43
45
35
3
-24
-20
3
12
-1
-20
-47
-36
-17
-35
-54
-70
-62
-38
-30
-52
-74
-69
-69
-55
-37
-12
21
45
29
-2
34
53
44
66
47
27
27
27
44
37
11
-8
-17
-4
-3
-35
-37
-3
-3
-7
-15
-13
-4
17
57
23
-19
-12
14
58
35
-28
-26
-19
-25
3
23
-3
-20
-38
-29
-4
-7
-36
-70
-16
12
-27
-38
-15
-2
-43
-26
0
11
34
1
2
50
48
2
8
55
71
41
34
37
11
-6
-29
-23
-5
-23
-9
-3
-19
-4
-12
8
42
-6
-2
28
15
11
6
2
3
-5
-23
-26
-2
-11
-17
9
-8
-1
-15
-43
-19
-11
-4
7
-1
1
-3
0
19
37
44
45
42
49
66
47
46
43
12
-3
-14
5
8
-7
-18
-49
-40
-37
-64
-72
-63
-29
10
7
-13
-10
-2
0
-11
1
25
14
-9
-3
8
-17
-33
-38
-18
-6
-7
2
6
2
-24
-22
-10
-18
-9
9
-2
-20
-11
-6
9
34
11
17
27
6
5
27
19
-6
1
-1
8
-2
-45
-33
7
-19
-29
10
12
0
-3
-8
2
17
8
23
72
64
31
35
26
27
16
-13
3
-15
-44
-6
7
4
-15
-18
-14
-25
-16
-15
-17
-26
-29
-19
-4
20
32
40
54
38
21
46
52
18
22
18
6
1
-33
-2
32
11
-11
-12
-21
-49
-55
-42
-10
8
-17
-8
21
23
13
-7
-4
13
19
-6
9
28
5
6
4
4
4
4
15
5
-7
-20
-25
-16
-24
-10
-11
-31
-30
-39
-29
-1
-11
1
12
-18
-6
-2
-10
10
10
0
-17
-17
-2
0
-6
-9
-8
-14
2
11
14
9
-2
5
2
-15
-12
1
4
19
27
-10
-9
11
-4
0
-4
-26
-10
0
-22
-1
7
-19
-6
-4
-30
-43
-54
-39
-15
-15
9
34
8
23
56
38
44
52
41
46
48
29
25
17
2
26
31
11
