-8
4
-5
-11
15
-6
-14
10
-9
-9
5
5
2
-11
9
9
-21
23
-2
-25
33
-8
-16
21
1
-8
4
5
2
0
3
4
-3
3
-9
-9
12
2
-12
3
9
-15
0
20
-15
-10
5
0
11
-18
2
32
-17
-5
2
-9
4
-20
-3
18
-10
0
4
-10
17
6
1
12
-16
10
9
-10
-2
14
10
-15
11
1
-7
6
-18
7
12
-22
14
24
-25
-2
15
-8
-5
1
-3
-2
-1
-2
12
17
-14
-7
24
-6
-26
16
31
-10
-14
18
4
11
8
-19
29
-4
-31
27
-10
-21
22
-10
-6
0
-2
4
-15
-11
-5
2
-15
-2
10
-22
0
29
-19
-28
5
-4
31
-18
-40
33
24
-19
-13
15
6
-1
-8
5
2
-19
-1
19
-13
1
2
-23
33
3
-16
21
-5
-21
21
-1
-7
13
-17
16
-1
-38
11
16
-31
34
-26
-23
59
-35
10
5
-19
46
-24
-24
48
-16
-19
5
-5
39
6
-35
-2
65
-14
-34
33
-18
24
-12
-46
80
-18
-50
61
-51
12
36
-48
45
16
-74
24
75
-55
-22
27
-10
26
-40
-57
84
1
-24
26
-66
111
-10
-125
111
10
-21
20
-72
49
57
-55
24
35
-17
-59
11
32
-14
-14
-15
10
-9
-48
15
51
-59
-48
42
13
-52
34
-3
4
40
-119
119
80
-172
35
60
36
19
-114
94
50
-129
79
-12
14
-5
-173
162
62
-245
106
105
-102
-34
-30
52
43
-148
-42
212
-59
-177
118
101
33
-101
-84
235
-28
-196
110
66
-40
-79
-4
122
-53
-124
86
54
-59
-95
-14
155
-127
-83
150
11
-13
-47
-30
134
-68
-77
133
-65
-17
85
53
-28
-80
134
76
-115
19
-28
0
88
-152
35
84
-110
37
13
-28
-16
-34
99
-78
-77
221
-63
-117
114
-43
43
156
-135
0
189
-187
65
233
-295
99
154
-174
138
-151
27
278
-306
-124
170
-28
-83
-34
-16
52
-19
-157
48
151
-155
-124
213
63
-112
-73
229
91
-260
94
72
3
20
-163
124
138
-160
-119
124
57
-100
-49
-6
92
-37
-157
116
15
-153
165
-97
-187
254
-123
-130
279
-149
-55
167
-130
28
56
-145
39
72
-91
77
-75
-75
289
-199
-34
216
-230
94
136
-113
41
-7
-15
152
-118
-29
110
-18
49
-161
91
119
-169
53
-25
-19
127
-129
-2
80
-128
50
14
-71
42
36
-48
32
6
-64
85
64
-53
18
67
-23
93
-73
-57
215
-87
-42
45
11
101
-102
-49
126
-120
-84
163
-109
0
7
-112
205
-166
-146
252
-179
-56
181
-229
89
197
-225
105
21
-144
195
-24
-154
170
33
-136
155
-12
-93
111
-113
12
55
-235
158
57
-243
213
-59
-92
80
-163
122
-35
-141
204
-28
-122
211
0
-58
59
-160
117
111
-223
147
82
-130
129
-120
24
-16
-167
236
-173
13
135
-227
212
-34
-115
142
-143
42
22
-62
165
-144
98
118
-157
163
-122
-9
155
-123
38
-29
-5
40
-61
4
68
30
-126
55
66
7
-69
-100
97
-6
-59
24
119
3
-150
55
91
-37
-7
-37
116
109
-189
-24
131
-43
14
-34
1
51
-178
169
-38
-118
229
-259
140
-19
-341
348
-112
-155
205
-303
215
94
-329
276
-146
-11
165
-200
185
0
-226
308
0
-205
177
-11
156
-8
-277
288
75
-309
209
-20
-138
155
-96
-18
-23
-34
7
7
-7
-116
103
62
-269
148
85
-187
204
-104
34
90
-269
270
104
-278
134
12
21
57
-223
194
160
-185
-24
41
96
-35
-152
15
147
32
-227
61
158
-92
-85
-32
337
-129
-203
181
-47
90
-108
-101
120
12
-123
24
24
-68
14
-14
63
-58
-64
130
-97
-28
202
-176
-65
126
23
132
-166
-57
256
-79
-130
111
7
105
-47
-298
274
81
-214
58
28
30
-75
-94
83
132
-109
-130
105
46
-42
-50
63
66
-141
20
100
-48
-85
-28
99
-55
-39
6
35
91
-119
72
-7
-79
73
-31
51
91
-127
71
140
-239
192
-24
-192
294
-132
-3
43
-125
155
-42
-113
7
55
17
-84
-23
16
90
-72
-152
213
42
-102
11
-42
66
33
-134
72
114
-136
-53
20
134
-8
-214
99
95
-88
-31
-7
76
-3
-86
64
-1
-18
11
-49
8
107
-42
-66
216
-119
-105
265
-85
-123
92
-158
54
156
-190
33
78
-102
129
71
-147
57
6
-85
149
-106
-102
245
-152
-62
156
-162
137
-115
-80
208
-238
113
90
-185
89
94
-120
79
-2
-97
163
-86
-47
57
126
-27
-139
77
62
-9
-105
-27
67
36
-57
-25
61
15
-153
90
35
-114
87
65
10
-1
-33
-125
162
-25
-113
199
-26
-109
15
87
-58
-71
25
-76
-16
48
-4
37
50
-88
13
66
-93
-46
151
-33
-78
131
-27
-37
140
-75
-98
103
-3
-42
-8
40
-2
-38
37
-43
-30
97
-94
-6
46
-16
43
-57
67
14
-48
-13
-64
-5
93
-76
-49
146
-171
17
99
-117
69
29
-73
107
-25
-64
133
34
-47
-153
156
74
-243
72
150
-63
-15
-61
49
59
-201
154
-51
-40
88
-238
167
83
-147
71
33
-118
122
50
-58
95
-182
67
101
-159
179
5
-163
175
-4
-94
72
-87
91
-49
-103
167
-111
-4
98
-142
80
74
-157
-1
57
14
0
20
-49
40
119
-23
-96
-1
106
-35
-100
92
-30
-43
98
-97
8
83
-232
103
106
-129
161
-108
-17
109
-112
60
29
-59
-3
3
0
-87
-9
119
-124
-34
190
-171
76
130
-185
48
75
-58
0
38
-63
35
70
-89
33
4
-17
66
-129
37
121
-195
52
201
-212
26
36
-119
188
-97
-47
90
-55
160
-125
-95
227
-47
-43
30
-71
33
30
7
-90
38
83
-171
24
93
-75
-88
62
95
7
-70
-5
59
25
-21
-126
108
30
-32
4
-17
60
-70
34
71
-140
100
78
-230
234
-93
-173
277
-118
-98
68
55
-3
-53
-9
95
-10
-45
-18
-6
89
-99
-60
84
119
-223
-43
205
-125
-19
37
36
47
-36
45
-85
60
88
-229
146
59
-192
131
-41
-45
118
-157
66
98
-146
124
-70
2
114
-212
84
40
-26
-23
-66
96
10
36
-58
-56
164
-69
-50
72
-133
87
101
-233
72
102
-101
57
29
-4
-50
147
7
-148
127
-60
-57
112
-52
-88
73
7
-33
-42
-19
41
-57
121
-131
15
188
-117
44
-7
-55
122
-92
1
85
-125
88
-16
20
-13
-68
72
-89
77
-42
-63
101
-126
53
108
-186
132
72
-213
254
-96
-69
141
-149
176
-122
-67
190
-234
150
69
-269
216
-32
-136
178
-146
46
86
-178
147
-37
-121
242
-105
-59
177
-229
121
82
-229
153
-22
-120
127
-20
3
56
-128
114
34
-201
65
88
4
-53
-21
58
15
-45
-18
9
96
-28
-80
62
-33
25
20
-57
65
55
-136
34
32
-79
95
-61
22
-1
-126
135
0
-68
112
-65
-3
118
-147
78
20
-144
167
-15
-164
161
-47
-76
213
-128
-32
108
-149
19
157
-163
-14
109
-109
71
-42
-30
168
-59
-42
36
-34
79
-59
-133
162
-46
-120
118
-65
-50
122
-44
8
114
-124
-20
111
-6
-52
-25
33
26
-27
50
-18
-97
168
-80
-115
224
-163
-33
159
-173
40
51
-46
4
-112
113
-6
-94
183
-94
-22
133
-101
3
75
-31
-26
47
-18
-52
69
-34
-89
92
-34
-72
115
-84
-2
51
-38
32
-47
30
-17
9
40
-17
4
-1
6
-8
48
13
-61
37
-12
-32
70
-64
43
16
-88
77
-77
3
86
-70
25
52
-64
2
24
-7
-24
-20
15
-15
35
-64
14
100
-93
24
33
-47
65
-35
4
58
-70
47
17
-49
58
-50
-7
27
-83
34
43
-30
56
-36
-18
47
-59
4
33
-8
-25
-16
16
-34
29
5
2
10
-63
28
-27
-53
69
-33
-14
37
-51
26
-6
41
2
-61
64
-68
38
93
-108
81
21
-77
41
-20
13
-11
6
58
-99
44
5
-59
158
-72
-9
104
-90
64
10
0
45
-48
94
-28
-76
54
-7
87
8
-37
56
-51
58
-43
-27
64
-81
42
-1
-57
35
-32
4
16
-46
26
-38
-43
34
-30
-2
-15
19
-15
-52
28
-21
-21
7
-19
-4
-39
28
15
-80
84
-37
-16
59
-66
23
-36
-21
2
-69
46
-53
-17
46
-108
-8
-10
-48
21
-18
-3
-36
4
45
-46
57
10
-37
110
-38
-23
103
4
70
69
22
32
43
57
79
81
75
71
85
108
87
16
55
115
27
50
46
9
45
30
43
-15
-5
43
-40
18
-7
-82
-2
-45
-70
-40
-112
-63
-59
-106
-88
-137
-146
-179
-193
-166
-226
-233
-212
-237
-250
-251
-260
-279
-272
-278
-312
-259
-256
-248
-180
-193
-140
-126
-99
-10
1
83
129
108
212
254
287
372
355
365
428
445
446
440
442
505
439
407
467
324
372
436
291
313
310
259
321
287
219
210
201
136
110
137
64
46
72
42
59
-7
-13
-1
-78
37
-20
-131
-34
-72
-99
-83
-105
-87
-74
-26
-31
-29
16
-45
-64
-105
-298
-517
-584
-557
-603
-588
-685
-774
-763
-832
-906
-950
-989
-1069
-1110
-1032
-918
-816
-679
-664
-626
-593
-584
-423
-253
-44
71
173
329
454
600
692
736
789
805
833
942
1038
1103
1032
961
925
840
846
799
712
630
509
425
317
280
179
66
35
-106
-153
-169
-214
-203
-264
-289
-254
-190
-123
-78
-6
19
22
119
174
203
275
288
336
358
404
465
470
453
438
455
412
422
390
331
356
234
189
169
69
126
46
-25
4
-101
-78
-82
-195
-186
-222
-241
-203
-211
-166
-146
-162
-239
-299
-316
-383
-716
-1161
-1209
-1130
-992
-1031
-1402
-1376
-1396
-1657
-1649
-1652
-1505
-1510
-1643
-1397
-1171
-906
-757
-705
-450
-494
-430
-14
417
757
746
871
1171
1235
1386
1474
1656
1836
1605
1605
1706
1809
1799
1448
1359
1276
1077
975
845
848
652
308
88
-112
-142
-291
-442
-407
-617
-770
-793
-815
-756
-899
-949
-942
-867
-613
-594
-376
-230
-355
-203
-49
201
448
484
604
702
802
892
991
1175
1109
1016
1058
1065
1101
1049
924
856
730
581
552
549
398
136
-22
-179
-272
-245
-340
-374
-397
-520
-579
-595
-616
-630
-548
-521
-519
-458
-554
-583
-693
-1397
-1931
-1876
-1571
-1185
-1331
-1799
-1843
-1813
-1952
-2080
-1968
-1660
-1824
-1892
-1468
-964
-514
-492
-500
-305
-272
-52
578
1341
1633
1392
1441
1718
1822
1853
1960
2296
2298
1879
1764
1951
2111
1784
1260
1189
1073
825
651
594
613
189
-363
-634
-688
-610
-735
-786
-737
-1013
-1220
-1270
-1105
-901
-1035
-1005
-784
-522
-312
-245
17
187
195
339
630
1027
1155
1104
1132
1184
1243
1259
1405
1558
1419
1248
1143
1117
1050
790
643
584
455
316
167
145
2
-347
-568
-598
-468
-438
-493
-515
-599
-579
-563
-572
-438
-409
-446
-364
-329
-406
-520
-1169
-2073
-2226
-1879
-1458
-1452
-2188
-2416
-2155
-2343
-2642
-2700
-2237
-2037
-2399
-2169
-1488
-866
-621
-814
-514
-164
-67
513
1408
2052
1932
1714
2144
2465
2500
2516
2765
3106
2620
2105
2234
2438
2290
1542
1183
1298
1020
597
318
313
85
-692
-1195
-1169
-972
-1007
-1319
-1362
-1422
-1619
-1665
-1563
-1192
-995
-999
-824
-519
-137
11
200
598
795
999
1208
1479
1757
1634
1475
1503
1646
1775
1689
1721
1702
1417
1167
922
869
809
530
408
286
137
-52
-289
-345
-458
-630
-703
-646
-474
-473
-626
-614
-506
-430
-434
-450
-292
-191
-353
-572
-756
-1607
-2580
-2556
-1895
-1250
-1806
-3039
-3012
-2607
-2853
-3242
-3188
-2336
-2178
-2751
-2397
-1518
-781
-775
-1033
-376
218
522
1216
2079
2588
2190
1967
2650
3096
3226
3227
3432
3551
2788
2272
2384
2552
2237
1411
1162
1218
847
311
-152
-335
-688
-1400
-1652
-1418
-1253
-1489
-1976
-2076
-2052
-2053
-1835
-1442
-959
-835
-823
-530
-146
210
372
722
1254
1462
1640
1829
1969
1939
1655
1658
1899
2058
2053
1877
1735
1443
1031
832
780
736
526
308
271
60
-265
-487
-589
-620
-721
-708
-567
-428
-413
-641
-711
-563
-417
-252
-174
-202
-210
-437
-666
-973
-2171
-3053
-2676
-1695
-1103
-2131
-3476
-3421
-3120
-3364
-3583
-3080
-2059
-2129
-2776
-2455
-1511
-768
-805
-796
8
679
1165
1877
2525
2709
2258
2251
2930
3459
3797
3904
3931
3406
2338
1966
2210
2342
2019
1414
1176
939
233
-388
-743
-983
-1445
-1888
-1702
-1419
-1481
-1967
-2457
-2438
-2334
-2004
-1361
-788
-519
-677
-660
-207
287
716
1059
1544
1945
1947
2034
2186
2180
1955
1737
1982
2308
2328
2131
1725
1323
912
633
722
773
616
289
-23
-155
-404
-709
-800
-648
-516
-678
-669
-507
-549
-701
-899
-655
-133
15
-68
-189
-241
-426
-953
-1527
-2494
-3045
-2415
-1530
-1155
-2227
-3869
-4181
-3795
-3541
-3291
-2852
-2194
-2397
-2943
-2640
-1811
-919
-674
-527
316
1045
1672
2307
2602
2593
2341
2571
3406
4031
4353
4320
3912
3124
2196
2033
2378
2416
2065
1517
1077
533
-299
-858
-1075
-1277
-1602
-1818
-1682
-1600
-1948
-2501
-2794
-2625
-2204
-1528
-777
-433
-569
-824
-653
20
776
1383
1800
2077
2114
2012
2098
2207
2174
2115
2179
2373
2490
2289
1885
1415
950
662
684
915
922
556
35
-344
-479
-617
-738
-661
-508
-447
-498
-545
-386
-419
-710
-739
-389
71
293
177
-56
-392
-1041
-1888
-2884
-3050
-2249
-1556
-1582
-2845
-4283
-4454
-4136
-3929
-3567
-3158
-2725
-2869
-3245
-2819
-1961
-1271
-972
-641
175
998
1631
2226
2533
2546
2523
2951
3796
4338
4512
4330
3900
3271
2598
2479
2714
2698
2292
1655
1073
484
-266
-801
-1027
-1168
-1413
-1686
-1757
-1926
-2397
-2906
-3027
-2630
-2064
-1472
-962
-796
-925
-1015
-670
110
932
1557
1908
2056
2068
2077
2240
2412
2396
2316
2385
2492
2444
2223
1903
1498
1089
861
849
941
817
374
-51
-306
-451
-583
-634
-436
-295
-441
-661
-675
-453
-390
-496
-396
12
334
187
-61
-299
-660
-1161
-2327
-3453
-3010
-1866
-1281
-1975
-4002
-5148
-4777
-4178
-3713
-3357
-3029
-3060
-3701
-3673
-2669
-1550
-840
-716
-263
606
1214
1851
2429
2619
2602
2797
3649
4506
4766
4649
4183
3482
2701
2452
2917
3184
2800
1975
1222
665
-5
-662
-875
-922
-1183
-1634
-1892
-1943
-2186
-2629
-3000
-2846
-2286
-1732
-1184
-836
-888
-1013
-883
-238
683
1394
1828
2008
2048
2022
2089
2380
2565
2454
2289
2296
2400
2323
2047
1756
1396
1022
779
823
910
647
247
-63
-266
-370
-506
-624
-535
-342
-291
-427
-489
-496
-527
-507
-250
162
403
239
-150
-586
-903
-1352
-2664
-3537
-2873
-1709
-1247
-2527
-4638
-5239
-4666
-4197
-3829
-3316
-2788
-3076
-3887
-3797
-2671
-1436
-785
-558
-9
682
1169
1770
2328
2591
2666
3025
3840
4482
4733
4597
4092
3361
2692
2689
3206
3371
2848
2007
1269
601
-153
-589
-597
-678
-1052
-1583
-1916
-2130
-2489
-2838
-2867
-2483
-2082
-1790
-1403
-1140
-1173
-1166
-756
-14
768
1304
1662
1900
1930
1962
2225
2586
2704
2557
2403
2427
2493
2434
2247
1969
1648
1292
996
913
889
654
242
-101
-273
-467
-667
-660
-558
-475
-604
-791
-798
-642
-599
-614
-367
-94
-67
-118
-169
-475
-845
-1642
-3080
-3511
-2542
-1496
-1266
-2739
-4738
-5335
-4858
-4115
-3280
-2571
-2455
-3445
-4403
-3948
-2476
-1019
-306
-206
14
272
664
1599
2481
2831
2841
3106
3690
4165
4462
4461
4024
3232
2565
2720
3276
3388
2849
1964
1109
371
-196
-281
-121
-251
-858
-1564
-1989
-2274
-2409
-2393
-2294
-2154
-2140
-1987
-1546
-1185
-1078
-954
-597
9
647
1081
1390
1608
1713
1831
2112
2468
2593
2471
2293
2216
2306
2357
2325
2135
1750
1277
952
960
1038
909
580
158
-198
-510
-599
-441
-309
-353
-586
-830
-904
-911
-730
-467
-323
-216
-169
-258
-353
-443
-683
-1241
-2722
-3865
-2951
-1184
-636
-2228
-4668
-5431
-4608
-3782
-3262
-2759
-2486
-3098
-4302
-4498
-3209
-1409
-288
-273
-532
-434
24
921
1831
2340
2723
3023
3261
3507
3915
4324
4243
3618
2962
3047
3547
3621
3196
2576
1853
1094
523
404
595
372
-403
-1240
-1717
-1983
-2156
-2154
-2036
-1970
-2184
-2369
-2147
-1707
-1393
-1281
-1079
-684
-196
312
709
1108
1398
1487
1634
1918
2201
2353
2403
2455
2518
2499
2439
2232
1947
1767
1597
1533
1431
1079
778
507
118
-220
-370
-271
-150
-325
-722
-1003
-1024
-889
-781
-774
-770
-622
-525
-616
-637
-454
-185
-282
-1336
-3342
-4129
-2595
-435
-7
-2424
-5292
-5706
-4099
-2636
-2039
-2128
-2739
-3871
-4791
-4270
-2241
-203
321
-482
-1341
-1397
-405
1141
2260
2621
2528
2315
2339
2708
3484
4252
4234
3391
2614
2676
3128
3346
3079
2533
1840
1086
584
694
995
711
-96
-910
-1388
-1604
-1656
-1519
-1337
-1477
-1965
-2221
-1914
-1369
-1105
-1086
-1082
-900
-460
13
547
1036
1101
976
1049
1390
1864
2246
2402
2311
2121
1958
1963
2102
2209
2142
1988
1705
1261
881
740
754
667
295
-127
-248
-223
-437
-847
-1124
-1012
-810
-857
-1025
-1143
-1074
-844
-768
-853
-859
-749
-531
-555
-1881
-3677
-3512
-1584
86
-618
-3220
-4683
-4235
-3472
-2864
-1837
-1062
-1843
-3830
-4851
-3632
-1493
-116
245
-115
-1092
-1830
-1265
481
2138
2835
2636
2034
1419
1387
2413
3717
4084
3418
2800
2381
2147
2321
2824
3116
2554
1537
919
957
961
774
692
421
-315
-1009
-1214
-973
-605
-684
-1021
-1260
-1438
-1519
-1265
-878
-597
-386
-356
-332
-98
173
367
581
853
1123
1375
1516
1536
1546
1580
1656
1746
1754
1598
1469
1301
860
452
510
755
780
470
-56
-358
-468
-551
-444
-410
-447
-555
-830
-983
-965
-887
-729
-603
-744
-975
-1046
-931
-675
-408
-148
-56
-969
-2400
-2736
-1606
-1
173
-1356
-2615
-2643
-2336
-2207
-1663
-767
-692
-1842
-3142
-3277
-2147
-892
-256
-178
-699
-1450
-1640
-1018
20
1012
1474
1291
741
290
544
1503
2401
2691
2557
2000
1441
1347
1838
2587
2939
2706
2047
1311
797
775
1234
1613
1345
698
-2
-395
-367
-126
210
260
-127
-625
-835
-713
-477
-192
58
105
-47
-314
-282
145
566
721
674
542
368
225
219
519
841
794
433
204
122
27
50
145
257
230
-67
-380
-471
-339
-212
-130
-194
-419
-527
-567
-564
-368
-157
-199
-311
-519
-624
-441
-406
-354
-184
-278
-464
-560
-490
-269
-131
-137
-330
-729
-1118
-1129
-648
-114
-150
-793
-1289
-1314
-1175
-958
-677
-489
-601
-1034
-1389
-1257
-913
-713
-580
-445
-434
-621
-703
-414
-68
62
63
133
256
388
577
815
989
1013
952
915
1029
1206
1299
1269
1161
955
710
649
747
918
955
764
573
420
307
350
560
747
701
453
198
106
232
344
432
584
627
467
212
94
190
339
393
376
307
238
141
29
28
90
88
51
41
30
53
67
-2
-62
-42
-17
-23
-55
-62
-2
-37
-150
-266
-304
-243
-272
-307
-257
-306
-477
-593
-624
-619
-617
-625
-638
-640
-667
-787
-797
-686
-586
-532
-559
-569
-521
-482
-476
-423
-328
-245
-196
-194
-211
-209
-221
-215
-166
-151
-164
-215
-300
-381
-409
-399
-366
-274
-223
-277
-349
-401
-376
-272
-151
-12
113
70
-18
1
66
283
545
585
493
479
490
494
576
686
792
813
619
408
325
372
531
656
657
572
501
454
370
392
520
597
572
435
348
383
429
391
369
447
494
472
408
313
239
253
309
309
303
334
278
142
23
-46
-16
43
1
-79
-87
-122
-183
-217
-248
-311
-372
-363
-318
-299
-336
-361
-404
-474
-534
-521
-425
-356
-311
-394
-487
-513
-520
-449
-379
-314
-297
-334
-400
-400
-363
-364
-327
-324
-356
-310
-293
-315
-282
-272
-289
-289
-292
-256
-212
-194
-175
-144
-131
-130
-125
-99
-31
29
24
-20
18
52
77
106
137
140
95
116
120
170
241
224
215
190
188
203
223
257
219
185
198
189
205
287
332
287
206
156
184
259
343
379
381
355
322
261
229
299
348
353
406
443
421
362
246
226
289
298
278
263
233
148
54
19
35
93
69
-23
-72
-147
-156
-118
-118
-123
-179
-238
-273
-229
-133
-93
-83
-128
-197
-281
-316
-256
-138
-64
-86
-188
-316
-371
-334
-231
-165
-169
-251
-333
-349
-353
-343
-289
-221
-179
-173
-235
-306
-281
-185
-127
-120
-89
-57
-56
-16
25
41
87
89
36
65
105
110
152
154
145
133
82
32
46
113
146
142
137
79
21
-8
-73
-54
51
86
68
-4
-111
-86
7
21
58
88
87
106
86
39
72
134
170
203
193
140
104
110
92
138
231
230
165
70
-2
48
89
52
77
67
22
-35
-107
-80
-35
-15
3
-16
-46
-42
-66
-65
-3
44
69
16
-43
-70
-74
-20
-1
18
44
-20
-115
-185
-172
-69
-22
-60
-79
-107
-142
-178
-186
-145
-122
-85
-53
-92
-125
-123
-91
-15
28
45
63
37
-11
18
129
209
194
136
131
138
104
93
133
175
194
146
96
82
43
30
60
80
70
17
-49
-59
-36
-22
-48
-61
-66
-100
-105
-61
-23
-4
-6
-40
-53
-35
-22
-11
-8
7
55
49
19
-5
-12
-3
1
21
46
40
-8
-69
-72
-21
-36
-63
-22
-37
-101
-119
-112
-56
-12
-62
-100
-83
-87
-74
-46
-35
-14
-33
-80
-88
-54
-10
12
-18
-52
-53
-66
-40
-7
-36
-31
-34
-104
-131
-110
-52
29
18
-72
-111
-99
-96
-59
12
70
85
39
-12
-6
50
90
124
168
178
161
140
169
205
219
225
169
147
207
217
192
162
157
161
111
69
49
75
106
79
50
20
-14
-38
-39
-11
11
14
22
-24
-59
-21
3
29
36
-17
-38
-10
0
10
35
29
5
-33
-45
-23
-18
-24
-20
11
11
-35
-68
-83
-105
-112
-122
-112
-79
-80
-90
-99
-120
-144
-147
-134
-114
-78
-68
-105
-132
-134
-129
-117
-128
-130
-102
-115
-117
-99
-126
-121
-108
-125
-114
-88
-95
-87
-44
-65
-88
-106
-96
-53
-49
4
63
48
12
7
10
35
114
127
132
135
115
134
132
135
156
166
154
180
202
188
209
186
154
176
168
146
143
136
115
124
137
111
83
87
84
60
71
78
91
95
46
44
60
21
22
67
77
52
12
-18
-8
13
-4
-23
-13
-20
-34
-38
-69
-80
-82
-85
-91
-113
-99
-93
-98
-95
-105
-116
-99
-100
-114
-98
-78
-83
-113
-96
-67
-83
-97
-102
-99
-92
-98
-114
-105
-103
-123
-120
-118
-117
-112
-119
-129
-126
-133
-128
-101
-90
-85
-82
-66
-56
-29
2
0
-11
4
22
20
58
93
83
102
124
120
120
120
140
173
163
143
133
134
144
132
138
148
129
108
107
104
118
127
93
92
89
84
93
86
94
80
49
57
71
78
73
53
55
52
42
64
46
15
27
-10
-35
-26
-29
-8
-37
-75
-60
-89
-106
-91
-86
-75
-98
-131
-113
-95
-81
-77
-82
-87
-107
-99
-98
-92
-58
-48
-50
-66
-95
-70
-34
-20
-23
-35
-47
-58
-32
-35
-51
-42
-45
-41
-32
-56
-60
-41
-62
-71
-71
-73
-63
-55
-46
-32
-8
-23
-45
-42
-52
-6
53
72
88
82
43
28
47
87
131
151
151
149
114
86
108
116
117
130
125
118
106
78
65
80
52
13
41
58
39
24
24
30
32
-4
-15
12
16
14
9
26
25
3
-1
8
10
-17
-22
-10
-13
-15
-36
-36
-39
-73
-75
-70
-70
-63
-66
-72
-60
-67
-73
-65
-76
-69
-73
-60
-38
-56
-59
-43
-37
-36
-33
-20
-3
-9
-16
-11
-4
4
0
-11
-4
-10
-26
-22
-15
-12
-21
-31
-38
-53
-58
-57
-30
-3
-10
-23
-29
-43
-51
-31
1
19
47
50
31
48
42
27
39
66
97
118
104
91
110
89
76
82
86
100
93
88
99
89
63
57
42
33
39
57
71
53
27
-9
-17
0
-2
22
51
29
-5
-23
-36
-33
-17
7
21
-10
-35
-41
-51
-61
-79
-78
-75
-84
-90
-89
-81
-82
-92
-98
-102
-82
-69
-79
-50
-27
-53
-58
-59
-66
-37
-27
-19
23
26
23
25
8
5
-6
3
27
26
23
4
-29
-46
-43
-20
-10
-17
-21
-35
-43
-56
-68
-34
-6
-15
-24
-22
-36
-39
-33
-34
-6
30
50
73
61
40
48
58
67
90
116
144
153
110
79
77
83
105
112
130
134
98
65
69
68
57
69
69
71
70
38
26
38
41
44
38
18
8
26
21
7
13
-5
0
-7
-38
-44
-51
-53
-39
-57
-79
-76
-98
-118
-113
-121
-120
-109
-115
-116
-116
-130
-134
-127
-110
-97
-95
-86
-74
-58
-47
-32
-19
-30
-28
-7
9
21
18
7
0
13
33
36
41
17
-16
-17
-4
5
7
-7
-30
-50
-51
-43
-50
-51
-36
-37
-61
-68
-61
-46
-31
-20
6
35
23
12
29
46
63
76
94
106
111
107
109
133
132
133
139
130
143
149
141
137
130
122
120
118
110
112
123
114
93
60
55
87
83
66
64
56
48
30
6
2
5
-11
-24
-31
-50
-72
-97
-97
-82
-113
-139
-126
-148
-177
-168
-168
-161
-153
-166
-155
-137
-155
-164
-158
-155
-132
-93
-65
-52
-47
-60
-62
-32
-5
13
29
40
33
21
40
46
42
41
31
37
36
23
7
-6
-16
-33
-30
-8
2
-9
-33
-64
-80
-71
-59
-32
-7
-14
-37
-40
-24
-2
12
14
22
33
41
68
87
83
91
85
74
93
96
98
126
137
118
117
124
117
133
141
119
116
124
123
124
121
110
100
90
80
79
94
99
72
59
38
14
32
35
11
3
-21
-64
-81
-73
-80
-93
-90
-101
-124
-137
-157
-170
-159
-166
-174
-157
-154
-170
-173
-144
-127
-129
-125
-112
-78
-49
-55
-51
-25
-14
2
31
46
60
60
35
36
53
48
49
47
53
68
46
17
9
-14
-14
-1
-21
-47
-56
-54
-64
-79
-86
-79
-69
-73
-84
-70
-47
-39
-39
-33
-6
8
14
37
52
73
87
69
50
71
119
141
152
158
129
103
97
110
133
129
110
103
96
81
82
98
108
94
67
51
44
57
57
52
57
46
35
22
-5
-3
-3
-30
-58
-75
-65
-65
-74
-89
-99
-104
-123
-142
-131
-112
-99
-93
-107
-108
-98
-94
-92
-105
-102
-69
-41
-35
-36
-39
-34
-17
-1
8
23
39
36
24
10
-1
18
39
44
53
58
52
46
35
28
33
35
31
15
-3
-22
-32
-29
-43
-57
-47
-41
-45
-44
-45
-46
-38
-31
-30
-20
-8
3
17
28
24
13
25
33
23
4
-22
-39
-40
-39
-18
33
90
151
209
252
289
317
316
279
223
172
123
61
6
-30
-60
-73
-81
-85
-83
-69
-56
-57
-56
-57
-72
-93
-119
-129
-110
-107
-110
-115
-122
-126
-124
-101
-87
-83
-76
-76
-75
-69
-74
-90
-81
-58
-48
-28
-12
-21
-19
-21
-18
13
41
53
57
69
69
57
61
73
100
104
79
74
75
51
38
47
57
63
65
67
66
62
28
-12
-13
-28
-53
-56
-63
-78
-96
-106
-77
-42
-43
-53
-37
-25
-27
-7
8
24
66
95
116
131
134
103
47
9
-43
-89
-121
-151
-128
-86
-34
42
130
227
299
339
361
356
304
231
174
120
50
-9
-50
-87
-114
-136
-159
-172
-142
-103
-84
-73
-91
-114
-119
-134
-155
-162
-183
-196
-181
-158
-141
-126
-108
-88
-60
-64
-69
-50
-55
-67
-63
-57
-50
-28
10
47
56
74
94
90
88
66
47
31
24
42
56
58
53
58
59
45
36
20
28
41
23
18
14
18
50
58
34
15
13
-8
-18
-19
-48
-24
-20
-54
-30
-26
-24
19
13
-7
4
23
41
52
62
62
77
87
76
79
85
82
69
46
49
67
66
63
49
57
55
44
67
66
66
46
12
26
9
8
28
-7
-8
-13
-48
-82
-110
-96
-85
-99
-123
-82
-72
-195
-153
-95
-103
-27
-91
-90
-19
-100
-87
-54
-108
-88
-84
-72
-18
-16
-9
37
55
34
57
63
21
16
8
-25
4
28
44
73
57
81
46
11
27
19
19
9
29
31
31
33
11
9
-12
-41
-32
-38
-18
-13
-36
-9
-27
-18
35
-3
6
16
-5
20
-22
-24
39
34
46
80
82
46
29
30
38
96
54
21
67
46
45
53
31
36
42
-22
-44
33
9
-16
5
6
45
7
-50
-14
-29
-40
-14
-38
-47
5
29
8
-11
-29
-4
-21
-56
-52
-46
-58
-63
-23
-14
-15
-96
-94
-31
-108
-128
-103
-94
-74
-123
-128
5
15
-28
16
44
70
76
66
91
68
32
55
66
100
110
51
55
69
44
59
66
46
79
72
46
-13
-42
22
-12
-45
-17
-28
-7
5
-51
-64
-75
-29
-15
-64
-46
-27
2
-20
-68
-5
-20
-33
28
-10
14
19
-14
75
64
36
77
56
66
44
-6
54
65
-21
0
40
21
51
21
8
-25
-47
62
-18
-10
45
-62
46
45
-61
54
-36
-90
-16
-91
-47
-4
-28
11
-21
-79
-47
-7
-5
-46
-87
-47
-49
-94
-94
-106
-60
-11
-58
-89
-61
-32
16
-74
-70
36
10
-42
-69
54
73
-12
61
21
67
115
-8
107
105
-23
102
77
71
124
17
12
78
95
33
38
35
3
88
27
-72
42
11
-50
12
16
-2
-1
-33
13
-24
-81
23
75
-24
-62
27
-9
65
59
1
77
32
31
35
26
77
50
-27
-41
77
78
-61
-12
32
20
-16
-48
-15
-16
17
-74
-24
17
-72
-113
-52
27
-38
-61
-90
-45
31
-39
-63
-36
-39
-19
-177
-47
112
-101
-61
-65
-8
25
-284
-36
128
-178
-10
-51
-102
71
-133
-90
-63
-98
-57
-93
-5
6
90
64
-21
97
8
71
144
2
109
85
-1
124
108
145
161
16
128
18
-29
131
28
66
11
11
43
-32
99
80
-54
-80
-8
-23
-48
37
-11
35
69
-79
18
108
16
87
85
-57
169
59
-92
213
-15
23
145
18
142
-27
8
156
-59
-110
85
36
-82
56
-33
-91
41
-177
-46
52
-297
-69
-48
-173
92
-62
-152
-1
-237
64
17
-433
54
21
-128
-7
-116
41
-17
-167
18
-160
-223
96
-148
-100
7
-170
26
104
-137
-60
-63
-100
-11
-222
98
32
-82
178
25
-2
84
156
77
97
18
-73
248
218
65
164
84
144
257
37
124
60
26
236
-24
127
140
16
96
-102
121
-7
-143
152
-119
-56
2
-91
281
-78
-183
251
-179
-43
194
-263
182
129
-121
248
-130
108
141
-149
112
1
55
-77
-205
185
64
-202
125
-26
-62
168
-289
64
-154
-304
361
-326
-59
120
-284
6
-248
-136
-45
-85
54
36
-242
-105
129
-147
140
-231
-55
43
-276
167
-177
137
-89
-398
302
-94
-138
40
-233
-128
249
15
-39
76
-185
227
14
-6
151
-48
91
-120
264
59
24
309
-224
204
-38
-87
273
-48
312
100
-111
184
61
18
261
-75
67
366
-644
393
348
-425
472
-346
149
311
-622
89
228
-140
11
-46
-111
304
-146
119
89
-302
425
-370
52
200
-386
404
-16
-226
209
-168
-54
279
-300
-49
52
-304
252
-117
-86
143
-211
-17
-190
28
143
-178
13
-305
15
167
-181
217
-164
-380
169
21
-152
218
-465
37
155
-404
444
-224
-167
276
-182
35
4
-143
36
245
-323
105
378
-633
186
301
-494
445
-13
-345
612
-487
-144
615
-445
220
150
-303
349
-278
228
251
-200
521
-155
91
294
-16
70
-174
132
164
103
-212
95
324
-293
0
243
-191
131
215
-329
122
22
-78
137
18
221
-28
-130
-137
-32
285
-24
56
-44
-287
205
-142
156
213
-122
87
-356
-156
21
135
259
-157
-78
199
-399
-190
115
-153
278
-412
-397
526
-309
-108
333
-521
60
11
-420
261
-31
-125
90
-338
222
265
-416
331
-361
-122
389
-705
411
132
-375
299
-144
140
47
-267
61
-183
-104
-36
54
491
-151
-127
304
-268
33
89
-176
224
41
-86
343
44
-37
505
-218
-367
421
-266
36
515
-537
368
155
-487
757
-113
-336
285
-441
82
154
-174
447
-483
-38
592
-292
256
-176
139
394
-609
313
303
-59
212
-261
331
82
-332
492
-126
108
45
-256
309
-238
65
132
-135
94
-50
106
-171
-222
245
-569
160
145
-631
535
-303
-235
449
-610
30
29
-252
419
-528
-124
463
-385
-10
85
-228
78
-158
-244
309
-198
-347
262
-55
-22
-71
-14
44
-239
-53
214
32
-213
81
256
238
-128
101
24
-160
457
-180
283
132
-521
694
-268
-164
490
-348
201
-91
-167
333
-156
133
127
-235
55
-116
-6
3
0
-49
-180
68
-126
68
106
-153
116
53
-33
203
-107
51
69
64
243
-55
248
34
90
151
-356
297
5
-221
327
-149
25
56
-145
30
-301
-98
132
-104
-28
-136
22
31
-266
228
-31
-215
301
-229
33
-18
-224
244
144
-51
-62
232
-262
-79
200
-439
264
81
-333
608
-282
-56
395
-697
397
-8
-550
493
-423
-125
266
-415
338
6
-339
234
-239
-15
-126
-149
255
-185
169
157
-26
218
-123
237
183
-279
266
-49
26
416
-162
209
116
-392
327
87
-481
133
203
-364
37
96
-146
359
-94
-176
218
-154
-103
-65
-22
94
-14
101
153
-61
-87
88
46
-181
11
225
-178
126
128
-160
205
38
-55
264
-127
-132
179
-211
294
7
-320
328
-90
-219
206
-257
-89
182
-351
-124
66
-221
131
111
-381
313
-49
-281
455
-393
-126
571
-452
205
293
-572
390
-3
-238
430
-336
-199
283
-151
-44
100
-133
78
77
-259
91
168
-398
152
291
-483
297
89
-262
334
-93
-255
349
47
-344
410
-151
-276
517
-303
57
322
-467
336
125
-249
236
-331
-20
181
-221
329
-227
41
264
-363
396
-337
-180
420
-487
396
-32
-351
559
-605
400
308
-680
734
-427
-237
563
-465
290
297
-363
233
133
-242
261
-134
-124
161
-35
125
7
-123
32
-19
-290
425
-144
-246
240
-479
348
53
-367
616
-437
27
449
-489
417
-261
-172
476
-410
124
283
-294
204
-65
-266
243
-308
58
-2
-248
215
-133
87
12
18
107
-106
-30
-16
23
-27
-235
122
130
-131
213
-30
-201
136
13
-177
183
-137
-32
337
-341
178
199
-237
326
-132
-314
249
-52
-37
301
-342
83
277
-212
124
-86
-87
153
-79
-101
127
-18
-47
278
-248
-33
283
-353
36
69
-219
129
-44
-49
246
-166
-155
234
-61
-126
94
-86
73
-62
-130
219
31
-5
22
-13
-69
29
-47
-149
44
-2
158
-149
35
-18
-124
231
-203
21
103
-83
-52
30
-10
-78
163
19
4
12
-172
103
5
-96
99
-46
106
56
-231
211
35
-215
221
-61
-89
222
-225
-23
201
-115
189
34
-188
7
108
11
-16
71
-46
-4
8
83
162
-206
32
207
-60
143
-112
-26
88
-297
105
121
16
82
-145
69
58
-11
148
-113
-111
180
-73
69
39
6
244
-155
-94
92
-96
-152
56
50
-179
67
-156
79
317
-482
121
-27
-286
315
-212
14
104
-57
132
2
66
-142
-113
228
-164
-178
234
-228
-7
173
-265
89
-68
-105
-18
-116
120
-218
163
25
-188
178
-362
187
90
-303
227
-260
-114
237
-140
-15
149
-83
-49
146
-72
76
155
-298
68
333
-300
248
168
-279
454
-183
-166
310
-303
213
-39
-5
334
-439
218
137
-237
230
42
10
103
-50
-38
167
148
-67
194
213
-304
79
174
-81
164
-229
38
148
-120
256
-112
-4
34
-239
268
-98
8
66
-301
316
-162
-85
383
-336
186
9
-461
282
-45
-38
137
-108
16
-23
-35
-24
-11
-84
-122
1
-40
1
-68
-188
122
-137
-46
232
-484
123
129
-409
151
-59
-125
253
-220
-88
150
-347
138
-66
-121
106
-122
86
-86
68
-23
-127
99
31
24
54
-59
69
182
-96
111
-6
177
53
-138
212
-75
76
73
10
163
15
27
41
42
28
-71
-8
-100
101
77
-202
196
-5
5
16
-232
166
-7
15
209
-148
207
288
-203
264
-99
-118
299
-310
145
107
-164
228
-118
44
185
-173
20
83
-235
83
77
-293
119
12
-208
26
-122
-239
168
-170
-251
190
-256
79
9
-153
317
-122
-84
-10
-196
40
-40
-127
108
10
-120
76
46
-120
141
99
-139
-14
-61
62
-8
14
73
-27
-39
12
-76
-41
20
-146
208
-13
30
150
-90
142
53
-32
178
70
-322
171
103
-158
281
-30
52
142
-130
91
50
-178
114
61
-189
160
-66
-163
271
-82
-84
104
-237
-4
85
14
93
-113
45
201
-11
20
87
-37
40
28
30
-94
63
154
-192
206
-97
-64
356
-305
-98
102
-118
230
-213
-200
279
-274
-6
26
-200
164
-154
-157
90
-23
-95
70
-4
-156
106
-123
-175
275
-154
-31
9
-234
303
-223
-111
209
-217
58
108
-63
86
22
-44
105
45
-64
0
120
-157
-87
147
-1
143
-46
-40
236
-141
4
130
-59
79
-70
31
139
5
-69
19
63
-47
-74
-99
2
109
27
-55
64
54
-5
-58
88
19
-218
8
-40
91
101
-220
54
133
-37
-22
-8
16
-46
-42
54
96
63
38
157
-13
-27
166
19
24
146
-54
6
39
5
18
-79
-6
-176
15
-133
-227
181
-126
-106
34
-76
90
-148
52
72
-158
163
-32
-61
143
-60
-27
165
-22
-19
-36
-46
62
-70
22
-57
-16
58
-93
6
40
56
3
-54
-47
-28
-2
16
107
-52
-107
178
-71
-73
195
-149
76
56
-177
112
14
18
96
-149
-91
116
-77
-53
-40
-111
90
45
-70
92
26
-133
50
-8
-69
92
-40
-38
123
-38
45
111
-108
37
16
-38
36
5
-23
0
74
-23
39
111
-98
-79
42
-68
67
-7
3
119
-70
70
102
-3
30
-39
-26
59
44
23
-27
13
28
-19
30
-8
-11
-54
-83
-13
-31
30
38
-132
-7
3
-5
90
-77
64
50
-68
23
26
-31
-20
9
-20
54
49
-30
-42
8
0
-14
-29
-56
23
-15
24
-19
-24
68
-117
-70
-31
-67
36
-36
-65
-52
87
45
-7
42
-91
-15
-57
-14
47
-41
80
-2
-63
71
37
9
77
30
-9
59
-50
17
34
-11
41
-33
39
-11
-36
34
8
-14
-45
-6
-19
30
-8
13
99
-23
27
12
-57
-20
12
26
50
18
5
120
16
-61
39
-4
18
-32
-73
11
56
75
59
56
-90
-18
15
-116
-21
-17
35
40
-44
32
79
56
11
-91
-66
1
-38
1
-18
-64
69
46
-77
-7
-16
-66
-37
-44
-25
11
21
12
-7
-13
21
37
-3
-31
-32
33
32
-44
-1
31
-40
2
-7
-26
-22
-31
16
-67
-150
47
68
-26
68
-77
-49
75
-26
-32
18
32
39
-18
-13
56
59
119
41
-74
56
-4
-47
78
-68
-61
89
26
18
-15
-33
4
-15
-45
-1
37
-19
28
36
-20
-1
22
-16
-42
0
-8
17
30
-12
16
49
-28
-52
31
30
-18
-7
-8
1
25
53
63
-28
-1
25
38
29
14
69
-3
-9
23
-3
37
1
-59
-19
-20
-12
-7
-24
-1
-32
-50
-43
-10
35
-5
-22
-62
-25
92
3
5
65
-26
-21
21
75
11
-47
-16
-49
-4
17
-8
46
-34
-94
3
-6
-2
-53
-60
-28
-73
9
22
37
18
-104
-14
46
-56
0
29
-12
17
-4
-15
17
20
-16
-3
20
-1
-52
-55
39
33
-5
33
16
39
87
-3
-5
27
-25
36
31
-7
47
45
-15
38
27
-25
23
-22
-66
-29
-15
-7
39
15
-14
8
4
-37
-53
-58
-7
42
-45
0
76
12
36
8
6
60
9
-49
-51
3
14
-4
21
-28
-72
-3
20
-30
-1
1
-43
-26
-11
-7
-26
14
97
94
20
-52
-27
73
70
15
23
37
66
56
18
37
24
-7
18
-56
-55
8
-8
29
-32
-26
22
-26
-29
-70
-75
-25
8
16
22
-9
-23
-20
-7
30
15
-8
-20
-9
9
20
-3
-29
-1
10
2
35
1
6
3
-34
14
-3
5
20
9
-26
-58
-14
-10
8
-4
-26
7
-19
-24
-24
-19
14
-47
-55
0
-50
-18
29
21
59
0
-25
33
-36
-35
24
9
18
31
56
60
37
-4
-5
-2
-30
-10
-19
16
30
-24
29
21
-65
-46
-40
-42
9
-29
-35
9
-14
3
-27
-47
14
8
-21
-26
-25
-11
55
48
-6
38
44
55
82
36
27
50
47
26
27
32
21
20
19
20
5
3
4
-17
-2
24
-23
-15
10
-16
-11
-47
-53
-6
1
5
-8
8
56
22
8
39
23
25
36
46
35
28
30
22
8
-7
-11
-24
-14
-29
-19
-7
-44
-81
-53
-31
-58
-65
-103
-99
-60
-22
-22
-36
-24
-23
8
17
5
48
32
-1
4
-2
27
9
14
39
15
17
-7
-10
36
16
-23
-26
-21
9
3
-32
-33
-29
-30
-30
-27
-11
-8
2
-20
-38
-6
31
62
32
-6
4
34
37
24
35
41
11
2
26
36
37
-8
-33
-9
-1
10
12
10
11
-16
-19
10
17
42
20
-23
16
41
6
1
28
10
10
13
-35
13
67
15
2
11
-9
13
11
-49
-26
28
-11
-25
-14
-24
30
25
-53
-30
-15
-39
-7
-15
-24
25
18
-20
-10
2
8
5
-25
-17
18
10
-20
-8
8
16
23
-5
-6
-4
-10
-8
-16
-27
-33
-11
-13
-25
-16
5
10
-27
-24
-23
-37
-12
0
6
30
4
-10
10
0
2
-4
-11
15
28
15
19
32
28
49
33
-7
3
3
16
27
9
8
18
12
24
20
-8
0
-1
-7
-4
-10
-19
-18
8
8
-17
-32
-38
-12
-16
-19
-1
-14
10
18
1
25
19
19
27
12
7
14
27
39
44
44
25
9
1
-15
-21
-33
-28
-7
-11
-20
-7
-8
-22
-27
-39
-31
-7
9
6
-23
-22
6
14
10
1
-2
8
-12
-35
-32
-8
36
18
-35
-30
-21
-27
-16
-23
-20
3
-23
-60
-41
-12
-13
-12
-8
-19
-17
-4
-20
-1
23
15
33
27
15
30
40
40
36
40
30
17
9
9
14
21
29
13
-2
-5
-26
-33
-22
-8
4
7
4
19
31
4
-2
10
3
16
23
18
36
34
27
32
34
21
23
37
28
21
16
19
28
37
16
-6
4
4
0
5
-7
-5
-10
-36
-37
-29
-8
-25
-45
-29
-36
-29
-25
-35
-30
-33
-42
-30
-12
-16
-4
9
5
8
3
-5
7
14
-18
-18
1
0
9
4
-9
0
-9
-37
-32
-7
-5
-23
-26
-46
-35
-23
-41
-5
5
-11
2
-6
-10
-12
-18
11
19
11
28
34
28
18
1
10
23
28
10
-9
12
5
-8
-16
-14
19
11
-23
-41
-25
17
10
-11
-1
20
42
34
10
-7
11
35
24
35
53
46
27
10
11
32
39
24
17
15
10
2
-15
5
22
19
14
-10
-6
-5
-20
-15
0
-11
-21
-14
-9
-19
-45
-49
-34
-13
-16
-25
-7
0
-5
2
0
22
43
15
7
9
10
25
25
15
15
18
12
-11
-11
-3
-21
-17
-19
-31
-8
6
-25
-24
-5
-15
-6
-11
-23
8
18
4
21
14
-6
8
11
4
5
-6
-20
-15
0
-19
-23
6
-12
-27
-19
-29
-4
9
-8
1
6
-10
-12
-15
-15
-4
-12
-24
-14
-6
6
13
-1
3
17
18
12
16
11
18
20
-6
6
23
32
29
4
-1
-1
-3
-6
2
0
