4
5
7
4
18
21
-5
-3
5
-3
1
1
-7
3
3
-4
26
23
-24
-12
17
-5
-17
13
3
-23
-9
-8
-24
-6
-12
-31
8
8
-14
1
0
-14
-14
-8
-14
-3
16
33
45
56
52
35
29
13
-3
0
-2
-13
-7
6
-7
-24
-24
-18
-34
-126
-69
112
10
-153
-50
70
69
52
22
0
21
25
-23
29
57
-78
-41
95
6
-84
10
45
-23
-15
36
43
12
-25
11
24
-47
24
-78
-264
-73
-117
-195
36
42
29
184
142
28
103
150
58
115
157
-24
19
49
-60
56
61
-11
-87
-123
57
-62
-132
242
211
-106
-32
65
-39
-58
-68
-96
-36
-288
-329
100
53
-101
42
-29
-48
122
-43
-36
97
-461
-406
488
246
-401
71
320
-336
-123
446
95
50
408
54
210
633
-193
-138
438
0
-72
332
235
80
232
-41
-334
-585
-912
-1005
-925
-663
-361
-140
59
232
265
402
390
132
194
520
533
479
591
341
72
74
-73
-348
-194
93
-42
33
-8
123
332
-310
-67
242
-614
-474
190
-112
-268
241
242
-12
126
-51
156
88
-260
235
-207
-424
635
-74
-1178
-620
-155
-210
-495
270
1406
783
-12
419
727
248
-1111
-849
786
-339
-1440
-519
-95
108
152
-39
294
385
307
89
219
1087
601
-52
422
320
191
64
-381
-547
-261
-116
-897
-606
437
6
-328
-119
49
-22
-250
-147
-496
-307
626
593
284
712
721
190
-90
-23
11
-341
-511
-210
-208
-668
-188
295
-198
15
193
-185
-128
26
158
125
42
191
698
871
449
169
-13
-123
-198
-426
-201
97
7
2
-673
-714
385
223
-734
-458
430
219
-321
200
627
479
164
-44
180
276
117
-816
-982
63
6
-298
30
439
357
-273
-265
57
-66
107
-32
-385
194
355
-442
-341
171
-395
-303
181
-303
-263
255
-96
-143
416
309
285
208
-321
-69
430
132
-183
-281
-17
574
201
-398
276
310
-487
-194
-54
-55
131
-99
84
285
255
21
-332
-19
126
24
-38
-89
497
428
-177
-8
256
157
184
74
82
230
-4
9
-136
-41
652
286
-264
328
364
-246
-54
64
-181
-14
-21
-298
-131
-4
-174
-241
-288
-18
-33
-412
-482
-397
-223
-48
-59
-50
107
-25
-137
-89
-207
83
162
-295
240
741
159
-145
27
18
-302
-175
80
-184
60
263
-73
-33
82
38
-66
-190
34
267
112
-92
73
255
-5
-168
-24
-24
-74
-103
-137
-160
-138
-57
-217
-183
33
-60
-58
20
-16
109
121
-42
55
218
142
71
76
94
111
3
-42
51
104
33
-16
13
10
87
164
52
40
186
144
32
35
97
71
-20
-18
14
-11
-78
-140
-110
-60
-27
39
43
-3
64
58
-51
-12
50
84
111
107
170
195
220
293
177
81
131
46
-20
29
11
-45
-107
-95
-9
16
16
35
-5
-77
-48
-3
-19
-31
31
91
79
88
89
57
-46
-151
-145
-97
-57
-48
-100
-170
-226
-197
-136
-156
-208
-286
-311
-304
-280
-186
-175
-275
-311
-239
-92
-35
-59
-155
-272
-227
-224
-300
-374
-424
-382
-426
-470
-316
-123
-160
-299
-213
-146
-267
-430
-297
63
148
-80
-248
-50
216
200
37
-22
153
417
430
302
379
546
497
397
460
553
570
521
362
382
547
387
267
328
324
409
478
477
656
851
816
701
736
793
730
633
564
557
653
719
681
604
533
510
396
177
87
200
316
330
384
479
399
215
75
-31
-148
-267
-402
-366
-241
-301
-507
-693
-753
-885
-1016
-1028
-1013
-1150
-1311
-995
-321
-156
-721
-1282
-1181
-906
-1005
-1037
-642
-109
22
-40
-203
-1057
-2264
-2774
-2533
-2392
-2481
-2023
-1271
-1161
-1491
-1437
-1018
-1042
-1324
-1063
-469
54
591
1224
1571
1535
1564
1567
1285
1044
1192
1347
1002
551
682
1111
1160
756
433
366
299
262
350
607
976
1216
1306
1307
1360
1482
1412
1130
936
1184
1599
1744
1770
1880
1976
1807
1464
1344
1378
1333
1164
1042
1081
1028
815
533
235
-33
-249
-380
-415
-383
-336
-347
-434
-533
-550
-487
-531
-642
-583
-428
-395
-503
-523
-367
-290
-412
-616
-682
-638
-670
-790
-937
-1074
-1160
-1099
-1075
-1149
-1268
-1388
-1316
-1253
-1364
-1584
-1562
-1208
-937
-835
-869
-1279
-2494
-3918
-4143
-3218
-2634
-2966
-3072
-2302
-1706
-1839
-1873
-1265
-760
-935
-1006
-280
845
1697
2043
2048
2001
2176
2415
2326
2142
2232
2466
2287
1862
1864
2113
1869
1053
294
-141
-370
-338
-130
-11
18
169
438
501
468
664
889
791
750
1286
2044
2394
2381
2352
2327
2199
2041
1990
2033
2094
2114
2041
1920
1829
1651
1244
700
314
132
-32
-220
-354
-376
-410
-472
-536
-597
-672
-766
-840
-779
-582
-398
-213
20
184
54
-116
-120
-34
-138
-401
-517
-683
-886
-929
-794
-909
-1596
-2074
-1801
-1241
-1140
-1452
-1676
-1839
-1970
-1953
-1842
-1660
-1556
-1466
-1667
-2368
-2911
-3247
-3670
-4251
-4254
-3411
-2768
-2633
-2392
-1722
-1241
-1382
-1258
-699
-191
171
690
1510
2001
2283
2654
2773
2590
2350
2470
2512
2216
2160
2310
2361
1936
1458
1199
683
21
-509
-735
-840
-857
-484
-132
-8
68
337
698
799
992
1421
1836
2126
2390
2797
2966
2824
2660
2508
2364
2204
2169
2153
2042
1973
1894
1718
1391
1030
746
405
83
-153
-306
-416
-545
-587
-609
-664
-701
-741
-721
-697
-610
-455
-307
-161
-7
160
227
47
-210
-196
-118
-236
-416
-370
-321
-699
-1092
-1168
-1151
-1467
-1997
-2209
-2292
-2521
-2729
-2754
-2672
-2699
-2876
-3112
-3136
-2703
-2582
-3475
-4617
-4597
-3424
-2601
-2409
-1813
-783
-415
-889
-921
-66
641
663
567
939
1620
2248
2628
2561
2186
1850
1642
1430
1318
1511
1733
1521
1101
905
884
594
-31
-501
-665
-711
-752
-566
-87
317
469
516
684
1005
1330
1675
2000
2293
2550
2769
2999
3117
3078
2860
2478
2191
2108
2131
2086
1949
1798
1563
1295
1079
903
677
401
230
137
65
38
8
-102
-294
-406
-353
-260
-232
-246
-200
-60
103
180
145
77
-39
-184
-212
-179
-202
-286
-461
-615
-855
-1117
-1183
-1200
-1290
-1448
-1585
-1736
-1937
-2134
-2401
-2656
-2794
-2702
-2473
-2434
-2558
-2764
-3114
-3494
-3786
-4011
-4223
-4193
-3652
-2861
-2205
-1838
-1588
-1277
-1010
-809
-535
-42
571
1103
1607
2086
2443
2618
2629
2567
2410
2244
2199
2242
2248
2188
2145
1961
1624
1106
364
-297
-644
-606
-573
-720
-656
-333
25
152
155
275
501
933
1355
1691
2100
2547
2844
2786
2695
2708
2651
2529
2392
2376
2357
2275
2203
2016
1776
1458
1137
920
708
518
275
125
101
-68
-348
-626
-705
-676
-680
-640
-607
-475
-358
-276
-158
-77
-23
-75
-153
-134
-159
-208
-244
-177
-226
-540
-814
-947
-860
-873
-1134
-1465
-1726
-1830
-2001
-2331
-2767
-3285
-3538
-3393
-2968
-2691
-2855
-3213
-3690
-4241
-4723
-4719
-3889
-2771
-2093
-1992
-1826
-1180
-540
-299
-370
-229
330
942
1502
2121
2756
3052
2859
2550
2404
2441
2439
2342
2311
2256
2104
1888
1830
1798
1341
478
-407
-784
-667
-456
-306
-269
-271
-300
-288
-124
91
279
423
728
1264
1808
2256
2521
2636
2582
2352
2204
2269
2476
2554
2389
2209
2067
1935
1690
1324
967
649
425
245
141
109
23
-143
-374
-557
-737
-947
-943
-688
-494
-512
-458
-337
-231
-77
-142
-408
-550
-419
-258
-316
-526
-664
-611
-618
-820
-1090
-1270
-1236
-1201
-1336
-1499
-1564
-1468
-1523
-1829
-2009
-1966
-1910
-1878
-1790
-1673
-1695
-1959
-2331
-2600
-2812
-3102
-3347
-3261
-2710
-1877
-1066
-541
-410
-561
-747
-711
-480
-196
150
594
1144
1643
1928
2022
1990
1854
1585
1313
1235
1392
1683
1885
1936
1861
1710
1569
1399
1270
1146
950
788
738
813
913
998
1044
995
865
730
716
854
1008
1073
1043
1029
1079
1143
1138
988
742
538
476
487
477
418
324
234
155
118
102
47
-40
-126
-170
-177
-195
-205
-192
-189
-185
-184
-215
-243
-255
-258
-258
-284
-320
-336
-329
-308
-307
-350
-409
-470
-513
-530
-555
-588
-625
-672
-716
-746
-760
-769
-770
-779
-777
-774
-776
-768
-745
-696
-652
-618
-583
-540
-504
-486
-465
-446
-416
-371
-331
-301
-299
-339
-414
-503
-564
-578
-526
-442
-374
-346
-337
-320
-297
-277
-293
-312
-314
-323
-330
-319
-262
-159
-44
46
102
132
157
181
201
233
278
324
395
500
609
684
713
724
736
771
820
856
884
909
931
932
928
927
941
956
953
920
878
845
812
781
752
741
719
690
667
631
589
534
476
424
376
331
286
244
202
152
102
52
12
-11
-42
-85
-147
-195
-225
-255
-273
-278
-286
-312
-350
-384
-411
-451
-484
-500
-526
-551
-560
-560
-544
-516
-511
-525
-533
-526
-517
-511
-519
-535
-541
-533
-501
-466
-446
-423
-404
-398
-391
-412
-434
-421
-373
-321
-285
-238
-176
-101
-50
-43
-55
-70
-83
-152
-285
-421
-498
-477
-399
-353
-341
-337
-333
-336
-397
-493
-535
-518
-512
-525
-454
-234
44
215
226
210
250
287
292
292
337
441
537
590
653
739
780
752
698
666
660
643
663
733
800
790
704
673
669
641
609
544
511
503
452
448
524
544
507
446
323
264
293
206
87
82
110
53
-45
-61
-106
-203
-269
-337
-458
-489
-299
-169
-67
301
431
222
203
201
177
153
24
56
324
322
-64
-151
-95
-270
-400
-433
-438
-369
-164
-180
-343
-258
-287
-443
-450
-447
-429
-275
-106
-53
-81
-188
-100
23
-182
-281
-154
2
-24
-146
1
114
35
26
18
-116
-239
-209
-169
-256
-427
-589
-726
-1018
-1480
-1709
-1512
-1260
-1297
-1491
-1451
-1171
-1085
-1334
-1487
-1237
-893
-823
-843
-509
147
560
496
405
654
968
1011
961
1210
1703
1914
1722
1567
1694
1821
1590
1212
1154
1328
1324
1068
905
1007
977
603
254
101
47
-41
-163
-184
-156
-209
-375
-473
-408
-341
-371
-394
-237
-40
15
82
238
386
315
161
178
394
501
-19
-292
233
632
387
-53
43
365
282
50
128
461
573
487
513
490
458
273
106
112
-6
-14
-47
-125
-112
-281
-339
-148
-150
-228
-206
-201
-203
-318
-350
-275
-271
-278
-322
-289
-168
-171
-262
-219
-106
-122
-224
-241
-296
-319
-336
-505
-545
-482
-539
-726
-925
-1207
-1812
-2515
-2755
-2335
-1714
-1688
-2088
-2151
-1943
-1972
-2295
-2234
-1488
-838
-789
-854
-333
529
793
463
407
931
1432
1536
1673
2233
2788
2691
2124
1896
2174
2353
2159
1979
2082
2131
1797
1319
1107
1045
713
166
-142
-75
-13
-249
-600
-790
-785
-849
-1054
-1109
-853
-514
-410
-423
-249
55
256
267
286
490
725
875
1005
1174
1268
1168
984
872
864
891
863
809
760
667
554
420
343
288
100
-58
-116
-178
-234
-247
-263
-367
-490
-492
-401
-242
-55
88
186
241
261
304
394
457
422
227
-22
-227
-374
-445
-518
-587
-603
-594
-609
-640
-713
-869
-1030
-1140
-1099
-977
-1022
-1213
-1398
-1593
-2062
-2890
-3482
-3259
-2432
-1886
-2116
-2490
-2416
-2222
-2415
-2652
-2133
-1086
-507
-641
-676
-10
694
680
337
540
1361
1940
1965
2079
2577
2883
2453
1809
1811
2322
2561
2271
1987
1988
1864
1348
835
732
808
580
111
-151
-190
-345
-699
-874
-792
-796
-986
-1072
-799
-459
-393
-420
-228
164
443
573
818
1215
1509
1539
1538
1736
1983
2026
1873
1799
1867
1829
1644
1486
1468
1396
1152
924
814
760
612
348
145
39
-107
-323
-454
-447
-469
-595
-665
-578
-467
-479
-586
-593
-419
-275
-276
-393
-443
-384
-354
-336
-373
-331
-257
-346
-521
-570
-537
-645
-900
-1143
-1238
-1186
-1300
-1627
-1976
-2226
-2592
-3467
-4273
-4248
-3407
-2668
-2905
-3551
-3689
-3459
-3436
-3545
-2984
-1814
-1052
-1146
-1388
-902
0
424
370
653
1546
2343
2535
2548
2884
3294
3184
2786
2858
3482
3893
3636
3141
2844
2639
2279
1907
1850
1918
1654
1064
509
221
32
-195
-456
-752
-971
-1107
-1109
-925
-747
-717
-796
-755
-444
-13
388
682
852
915
922
1119
1521
1824
1885
1766
1623
1534
1524
1557
1526
1435
1291
1067
868
765
708
557
275
28
-95
-151
-253
-407
-555
-737
-903
-939
-807
-648
-611
-680
-734
-715
-645
-526
-380
-254
-255
-384
-408
-314
-210
-193
-290
-328
-374
-430
-547
-665
-799
-1033
-1221
-1370
-1514
-1659
-1914
-2556
-3631
-4359
-4034
-3037
-2470
-2872
-3493
-3696
-3711
-3781
-3435
-2335
-1277
-1087
-1426
-1407
-745
-26
321
611
1229
1954
2323
2420
2687
3102
3231
2988
2932
3451
4021
3965
3398
2964
2741
2422
2138
2175
2377
2152
1347
581
212
75
-42
-126
-199
-548
-1053
-1448
-1645
-1505
-1104
-760
-730
-803
-624
-350
-215
-73
338
843
1078
1196
1433
1620
1533
1347
1349
1521
1715
1787
1639
1381
1157
984
825
758
824
782
482
112
-84
-140
-247
-388
-468
-548
-640
-756
-820
-815
-786
-745
-738
-677
-495
-303
-260
-407
-547
-449
-233
-123
-62
-98
-167
-196
-257
-369
-572
-656
-686
-749
-947
-1293
-1511
-1620
-1955
-2887
-3924
-4076
-3221
-2387
-2630
-3477
-3766
-3569
-3607
-3735
-3033
-1703
-1148
-1687
-2112
-1426
-308
129
120
593
1612
2195
2052
2037
2603
3203
3159
2920
3350
4120
4228
3505
2828
2810
2952
2783
2570
2571
2496
1866
995
544
530
529
275
-22
-226
-424
-692
-958
-1189
-1396
-1696
-1984
-1571
-521
100
-379
-1128
-1038
-308
317
742
1273
1584
1235
759
843
1389
1779
1735
1447
1212
1277
1343
1067
718
683
817
710
482
486
467
47
-508
-625
-337
-173
-355
-636
-808
-876
-917
-934
-839
-654
-524
-522
-543
-483
-388
-360
-383
-340
-201
-100
-113
-117
-93
-120
-222
-466
-645
-635
-526
-665
-1135
-1467
-1540
-1893
-2990
-3877
-3355
-2128
-1934
-3013
-3830
-3596
-3220
-3361
-3300
-2307
-1288
-1459
-2247
-2229
-1125
-123
-26
-80
601
1638
1959
1562
1628
2431
3014
2885
2822
3519
4150
3734
2822
2606
3105
3311
2996
2745
2643
2283
1581
1086
1090
1130
852
426
84
-182
-425
-602
-762
-976
-1133
-1336
-1563
-1362
-763
-436
-737
-1108
-928
-313
181
396
647
851
748
629
840
1231
1434
1367
1152
1054
1215
1266
1017
744
682
733
691
583
517
411
152
-169
-279
-158
-115
-296
-574
-737
-696
-613
-659
-726
-699
-660
-611
-477
-337
-329
-443
-536
-491
-222
14
3
-144
-297
-318
-273
-281
-366
-473
-517
-666
-954
-1168
-1213
-1356
-2167
-3338
-3526
-2399
-1461
-2038
-3336
-3795
-3272
-2884
-2971
-2571
-1603
-1299
-2095
-2637
-1778
-378
63
-336
-257
749
1565
1433
1225
1706
2424
2622
2510
2889
3605
3712
2959
2374
2753
3378
3351
2867
2544
2359
1931
1486
1432
1546
1361
848
386
87
-106
-167
-230
-492
-785
-904
-876
-943
-1233
-1348
-1164
-848
-634
-545
-555
-631
-450
15
479
692
682
618
562
645
928
1216
1265
1037
846
810
783
756
744
700
566
485
475
380
209
39
-65
-92
-110
-134
-246
-470
-629
-657
-502
-413
-413
-463
-562
-490
-343
-301
-337
-324
-277
-259
-269
-146
-7
-63
-273
-453
-451
-352
-356
-508
-776
-1086
-1093
-1079
-1707
-2841
-3269
-2395
-1447
-1788
-2975
-3517
-3109
-2734
-2870
-2654
-1822
-1422
-1998
-2594
-2062
-805
-200
-502
-595
212
1139
1191
834
1110
1925
2399
2310
2435
3068
3317
2754
2244
2601
3311
3384
2875
2460
2339
2187
1881
1758
1786
1615
1210
798
529
337
190
71
-144
-376
-468
-519
-672
-877
-914
-889
-1201
-1465
-959
-192
-229
-906
-1069
-446
174
321
345
463
451
356
487
854
1097
1034
774
479
519
891
993
636
333
459
620
462
281
286
270
59
-113
28
121
-117
-434
-556
-443
-286
-208
-324
-537
-578
-497
-386
-286
-176
-247
-375
-345
-241
-119
-165
-247
-281
-266
-299
-452
-599
-709
-770
-920
-998
-1130
-1719
-2647
-3000
-2162
-1305
-1719
-2954
-3389
-2732
-2261
-2498
-2535
-1869
-1448
-1923
-2337
-1705
-628
-349
-795
-714
249
1085
997
601
862
1653
2156
2175
2285
2706
2855
2483
2254
2716
3308
3203
2604
2283
2359
2356
2099
1893
1811
1607
1274
1010
837
596
337
180
85
-134
-379
-424
-453
-667
-941
-885
-661
-817
-1211
-1230
-773
-476
-499
-483
-312
-184
-183
-10
317
529
559
504
498
541
686
774
618
502
619
704
542
351
378
437
313
217
287
312
154
-45
-107
-93
-140
-190
-261
-357
-407
-423
-408
-451
-415
-338
-320
-391
-442
-357
-265
-183
-219
-232
-264
-276
-213
-219
-314
-425
-487
-548
-629
-836
-877
-892
-1416
-2319
-2674
-1902
-1014
-1368
-2684
-3253
-2566
-1868
-2043
-2334
-1934
-1471
-1744
-2163
-1730
-730
-335
-786
-897
-53
892
929
414
515
1383
2088
2093
1963
2233
2501
2342
2193
2576
3119
3062
2456
2091
2226
2398
2239
1939
1754
1611
1414
1213
992
728
485
370
330
183
-63
-304
-479
-673
-758
-593
-477
-742
-1252
-1374
-941
-535
-548
-671
-547
-401
-412
-343
-39
261
287
214
276
394
467
462
407
414
582
727
578
302
272
396
415
350
387
425
243
23
12
91
39
-113
-189
-200
-252
-305
-336
-367
-391
-335
-285
-313
-362
-348
-305
-273
-228
-214
-205
-260
-352
-309
-199
-232
-441
-590
-642
-640
-686
-683
-853
-1586
-2378
-2325
-1327
-770
-1550
-2708
-2846
-2132
-1733
-1922
-1980
-1630
-1474
-1748
-1811
-1273
-658
-599
-866
-621
229
812
575
159
474
1364
1910
1852
1766
1963
2113
2027
2141
2612
2892
2605
2138
2080
2277
2294
2086
1865
1734
1611
1481
1308
1012
680
525
579
557
318
-19
-324
-531
-553
-332
-201
-395
-765
-906
-806
-911
-1063
-1143
-918
-333
-33
-393
-1013
-973
-322
238
354
269
263
84
-119
105
614
798
513
271
244
312
428
405
245
257
480
556
335
73
36
102
114
158
237
119
-289
-515
-350
-71
25
-107
-297
-481
-472
-306
-147
-113
-158
-249
-355
-325
-294
-297
-369
-445
-340
-307
-499
-812
-848
-734
-1150
-1869
-2067
-1387
-799
-1323
-2396
-2699
-2008
-1514
-1725
-1939
-1687
-1411
-1615
-1824
-1447
-772
-564
-857
-818
-151
447
395
78
286
1060
1623
1573
1414
1588
1881
1957
2023
2329
2583
2449
2091
1991
2186
2271
2100
1864
1727
1626
1499
1330
1084
820
673
691
664
416
77
-162
-264
-406
-537
-413
-250
-452
-937
-1092
-788
-634
-823
-874
-714
-667
-693
-522
-309
-349
-414
-178
148
190
124
169
169
166
392
654
543
275
300
436
394
362
473
453
229
150
313
361
194
118
189
136
-29
-66
-2
-56
-160
-172
-156
-210
-261
-199
-204
-249
-246
-190
-153
-204
-242
-254
-281
-344
-313
-253
-337
-577
-709
-625
-443
-639
-1430
-2003
-1783
-1073
-878
-1532
-2219
-2247
-1827
-1659
-1757
-1689
-1508
-1494
-1637
-1550
-1125
-799
-856
-962
-585
89
396
168
-23
340
1005
1381
1363
1356
1519
1642
1686
1894
2232
2326
2116
1899
1954
2105
2048
1839
1667
1615
1589
1491
1279
978
751
708
732
655
419
151
-70
-218
-290
-309
-247
-305
-528
-714
-729
-662
-656
-635
-611
-652
-781
-740
-418
-268
-414
-471
-191
64
30
-33
50
177
223
301
418
409
306
263
299
346
433
479
330
144
199
365
329
170
176
273
212
61
-13
0
1
4
38
-37
-214
-300
-217
-108
-90
-135
-247
-333
-293
-190
-181
-276
-325
-349
-399
-479
-539
-503
-503
-564
-821
-1381
-1773
-1579
-986
-882
-1511
-2104
-2027
-1617
-1521
-1677
-1669
-1438
-1322
-1422
-1410
-1138
-858
-798
-807
-496
38
262
27
-113
323
1012
1278
1140
1123
1360
1553
1563
1692
1991
2097
1915
1751
1858
1969
1835
1646
1602
1642
1587
1395
1142
901
756
783
834
713
429
166
19
-75
-128
-174
-219
-274
-357
-472
-614
-743
-716
-484
-417
-567
-607
-466
-546
-766
-524
38
208
-188
-429
-137
179
161
131
321
378
230
199
273
279
292
390
378
261
277
298
138
3
184
446
334
34
-50
-12
-84
-122
57
142
-65
-300
-318
-234
-181
-96
-121
-278
-380
-238
-101
-242
-408
-353
-205
-296
-483
-485
-370
-451
-632
-815
-1149
-1386
-1267
-890
-866
-1390
-1874
-1765
-1356
-1288
-1478
-1492
-1311
-1217
-1270
-1224
-994
-787
-760
-720
-390
7
94
-76
-52
407
926
1050
909
950
1238
1411
1407
1533
1778
1820
1643
1570
1728
1803
1622
1455
1490
1550
1425
1202
1025
886
802
791
789
644
360
141
77
35
-39
-72
-130
-262
-419
-472
-461
-579
-667
-539
-368
-398
-560
-602
-547
-531
-470
-208
38
-41
-267
-280
-64
128
203
231
214
180
178
209
234
249
301
316
241
185
199
170
81
106
251
278
105
-53
-87
-58
-3
49
62
-39
-186
-242
-222
-182
-118
-67
-142
-277
-277
-169
-163
-286
-333
-261
-233
-329
-426
-371
-366
-480
-707
-1055
-1212
-1033
-714
-776
-1275
-1648
-1519
-1182
-1164
-1350
-1347
-1174
-1090
-1158
-1131
-922
-733
-684
-639
-373
-30
59
-89
-68
371
858
942
774
814
1112
1293
1266
1336
1564
1633
1503
1442
1564
1632
1475
1320
1362
1435
1327
1104
932
841
788
771
737
582
337
165
125
41
-50
-28
-39
-198
-414
-514
-531
-519
-458
-422
-478
-567
-533
-434
-452
-504
-425
-239
-117
-103
-148
-212
-216
-49
168
227
172
119
97
109
189
287
272
180
134
156
178
143
120
149
163
157
132
67
-19
-53
23
86
58
-30
-111
-152
-145
-99
-54
-55
-89
-118
-161
-187
-188
-169
-182
-232
-254
-274
-306
-347
-378
-389
-466
-777
-1116
-1080
-711
-547
-963
-1482
-1500
-1117
-962
-1215
-1331
-1115
-956
-1043
-1109
-918
-683
-646
-683
-486
-94
59
-111
-173
172
646
793
660
658
908
1105
1108
1151
1349
1454
1358
1296
1393
1484
1387
1246
1250
1313
1261
1076
900
803
758
743
720
600
409
249
184
147
73
18
-29
-161
-358
-382
-262
-274
-482
-608
-448
-287
-372
-546
-538
-385
-318
-329
-310
-242
-181
-161
-146
-103
-8
63
48
29
95
193
160
60
93
214
215
115
97
157
154
106
119
149
120
57
25
24
28
47
55
-13
-82
-59
0
-26
-128
-128
-78
-59
-76
-103
-109
-144
-173
-191
-151
-140
-211
-301
-351
-292
-273
-346
-645
-1019
-1022
-691
-434
-739
-1286
-1422
-1091
-839
-1038
-1215
-1054
-878
-920
-1010
-857
-625
-600
-660
-499
-124
42
-111
-197
78
527
725
617
553
728
934
994
1043
1203
1314
1234
1142
1230
1366
1308
1144
1117
1215
1193
1014
846
760
733
703
678
593
420
259
173
142
97
75
2
-197
-324
-230
-162
-394
-610
-464
-201
-250
-518
-545
-363
-318
-396
-323
-179
-232
-314
-208
-53
-32
-62
-43
-4
73
151
147
60
51
194
263
160
87
158
192
120
120
196
172
53
24
79
87
52
39
26
-32
-60
-25
-36
-106
-119
-67
-95
-172
-157
-100
-120
-204
-218
-176
-198
-254
-274
-244
-285
-358
-353
-300
-491
-946
-1066
-671
-288
-558
-1202
-1351
-937
-679
-935
-1138
-908
-684
-817
-987
-796
-495
-497
-633
-480
-78
93
-110
-240
41
488
661
531
477
668
847
858
898
1088
1206
1111
1025
1114
1242
1181
1042
1060
1155
1133
967
816
746
697
693
708
634
454
274
198
176
124
82
-9
-127
-173
-177
-256
-423
-458
-325
-226
-302
-420
-441
-439
-426
-330
-215
-240
-340
-312
-197
-107
-87
-74
-53
-27
48
91
67
50
96
172
188
164
147
114
82
113
185
200
144
79
59
55
55
87
81
37
-9
-37
-51
-73
-71
-60
-80
-126
-161
-155
-138
-173
-198
-180
-178
-229
-265
-259
-268
-304
-321
-292
-268
-433
-824
-1001
-706
-306
-408
-957
-1242
-980
-685
-819
-1019
-855
-641
-720
-870
-757
-522
-488
-566
-448
-111
77
-72
-229
-50
368
611
548
458
569
752
794
824
990
1128
1072
964
1023
1149
1131
1003
987
1092
1091
945
788
704
654
655
683
619
450
288
223
181
123
81
6
-120
-190
-176
-197
-328
-445
-390
-255
-248
-372
-467
-456
-390
-305
-244
-249
-286
-284
-236
-150
-52
-23
-54
-44
51
130
115
68
94
187
224
189
150
131
128
155
191
187
144
89
34
23
52
71
49
-20
-66
-72
-68
-87
-112
-106
-113
-151
-170
-165
-177
-206
-221
-217
-196
-209
-252
-289
-290
-279
-264
-263
-288
-371
-627
-851
-736
-387
-301
-699
-1075
-991
-684
-658
-874
-873
-663
-604
-744
-759
-571
-433
-462
-442
-205
25
-5
-158
-97
248
545
554
450
497
671
765
785
885
1024
1030
948
968
1074
1072
965
925
993
1023
919
778
682
632
608
607
568
438
302
216
166
123
95
-3
-126
-135
-95
-155
-351
-451
-355
-217
-222
-340
-411
-433
-403
-300
-217
-243
-300
-273
-198
-129
-73
-64
-77
-37
67
134
87
28
65
158
196
171
151
119
102
133
185
177
115
62
30
36
58
49
4
-40
-44
-31
-63
-116
-125
-92
-79
-106
-133
-178
-218
-213
-179
-157
-177
-216
-247
-261
-268
-264
-250
-260
-303
-318
-390
-617
-796
-655
-333
-321
-712
-1013
-862
-579
-605
-785
-735
-555
-549
-658
-621
-447
-353
-372
-310
-95
57
-2
-99
13
320
541
517
425
493
652
710
739
862
976
943
863
905
983
953
867
870
934
907
786
679
592
530
538
559
499
347
221
165
118
89
-7
-104
-97
-58
-135
-335
-402
-325
-211
-217
-299
-320
-368
-392
-326
-196
-157
-238
-264
-224
-121
-31
-53
-102
-51
92
141
77
33
78
148
164
179
188
138
67
76
155
184
133
54
1
6
44
50
2
-34
-43
-46
-62
-83
-91
-109
-119
-118
-134
-172
-194
-190
-200
-215
-204
-196
-239
-297
-298
-244
-237
-286
-336
-314
-296
-487
-747
-747
-407
-209
-505
-897
-885
-562
-476
-674
-703
-500
-419
-566
-602
-407
-251
-289
-321
-136
84
82
-70
-45
241
506
534
442
457
576
652
676
762
886
892
802
774
852
889
819
772
790
808
749
636
536
475
473
488
448
337
217
151
107
56
-52
-126
-57
12
-85
-320
-416
-310
-171
-150
-230
-286
-334
-353
-265
-164
-173
-248
-224
-110
-52
-84
-146
-122
6
123
142
74
22
28
86
160
192
176
108
50
74
142
165
92
29
42
74
66
10
-20
-23
-9
-9
-39
-77
-127
-149
-125
-97
-100
-155
-220
-255
-214
-148
-192
-283
-294
-222
-216
-302
-340
-295
-276
-328
-359
-438
-612
-692
-489
-246
-370
-707
-799
-591
-440
-515
-572
-464
-397
-448
-459
-338
-233
-236
-218
-94
71
122
51
33
196
430
520
465
434
506
587
626
692
777
783
719
701
755
761
703
684
711
701
626
548
482
414
384
405
396
295
179
96
28
24
87
99
-46
-194
-173
-71
-96
-244
-271
-148
-96
-188
-272
-253
-200
-180
-176
-130
-84
-111
-179
-160
-42
42
18
-40
-21
44
56
23
26
73
100
81
53
47
66
72
52
47
55
45
-6
-39
-13
18
6
-38
-66
-72
-75
-110
-132
-98
-80
-130
-186
-171
-151
-184
-223
-206
-159
-175
-239
-275
-258
-240
-249
-251
-249
-266
-363
-515
-565
-408
-223
-284
-536
-657
-530
-406
-432
-458
-398
-356
-391
-387
-297
-222
-206
-179
-86
40
94
50
23
131
332
445
413
365
402
478
518
573
657
682
625
591
640
664
631
600
598
601
556
488
421
362
346
366
346
256
149
58
35
82
112
25
-114
-126
-51
-49
-159
-217
-157
-109
-125
-158
-171
-202
-212
-139
-42
-32
-106
-155
-119
-26
55
56
16
1
28
68
82
81
88
101
102
98
105
85
52
47
78
99
70
25
-5
-12
-12
-4
-3
-31
-79
-107
-103
-96
-97
-121
-169
-195
-169
-153
-204
-266
-259
-216
-217
-267
-297
-303
-306
-306
-283
-317
-448
-530
-475
-346
-330
-446
-547
-551
-477
-423
-394
-392
-414
-401
-353
-285
-243
-231
-195
-130
-44
19
30
35
79
184
290
341
344
345
376
437
515
565
567
546
548
576
591
590
584
567
540
519
507
468
404
366
365
366
322
228
152
122
146
151
97
28
-19
-30
-46
-40
-31
-54
-98
-127
-103
-83
-93
-103
-103
-124
-156
-122
-46
-32
-87
-111
-66
-19
-17
-33
-27
2
26
35
24
5
9
24
36
39
45
35
-8
-25
8
50
32
-11
-16
-9
-15
-22
-20
-32
-54
-62
-69
-89
-112
-124
-130
-131
-134
-170
-210
-218
-199
-193
-216
-231
-236
-259
-282
-278
-280
-341
-398
-368
-295
-319
-424
-466
-408
-352
-370
-378
-340
-322
-336
-321
-248
-183
-161
-161
-124
-49
4
16
35
108
189
223
229
246
296
337
361
391
432
450
435
439
467
487
478
462
455
444
431
404
368
351
340
321
296
266
228
177
153
161
160
121
67
43
44
41
25
8
-1
-18
-50
-60
-35
-18
-44
-79
-76
-64
-58
-54
-53
-60
-64
-53
-36
-39
-50
-38
-26
-38
-30
-14
-28
-44
-30
-8
-9
-17
-15
-22
-28
-7
8
-8
-27
-26
-19
-35
-53
-48
-56
-78
-95
-92
-95
-121
-137
-156
-155
-152
-166
-190
-215
-210
-213
-226
-248
-265
-267
-276
-294
-317
-322
-303
-287
-311
-334
-320
-300
-297
-286
-246
-219
-213
-200
-162
-126
-102
-68
-32
3
31
59
86
112
153
192
215
238
275
294
287
301
340
359
346
334
345
351
338
310
295
289
279
261
251
243
214
180
164
171
176
154
124
108
102
101
96
92
90
85
77
70
84
104
107
93
94
126
139
128
119
122
134
132
132
119
101
86
73
70
68
55
20
-18
-27
-33
-57
-87
-105
-116
-137
-149
-167
-199
-222
-223
-221
-237
-259
-278
-298
-312
-304
-297
-317
-343
-350
-385
-423
-396
-336
-349
-420
-427
-377
-354
-360
-331
-286
-291
-303
-262
-208
-196
-187
-135
-84
-52
-26
2
22
52
123
179
181
181
212
249
267
290
326
329
313
318
339
341
332
343
351
332
313
303
289
267
255
254
245
222
193
174
155
144
134
111
104
96
65
39
42
60
51
25
16
23
28
29
36
37
30
34
35
28
32
49
40
22
37
61
52
31
35
49
40
32
35
22
0
-11
-10
-14
-34
-54
-78
-99
-95
-94
-121
-160
-172
-167
-185
-206
-215
-225
-232
-240
-243
-248
-260
-267
-268
-266
-261
-258
-268
-277
-265
-244
-233
-237
-230
-209
-195
-185
-180
-158
-140
-129
-105
-84
-66
-51
-30
-9
15
40
49
58
74
102
123
131
144
158
175
185
194
208
218
221
224
233
234
227
219
216
218
216
208
201
196
197
198
195
194
193
190
183
173
176
180
173
166
164
168
164
153
149
151
148
136
123
117
110
99
92
84
73
58
48
40
21
3
-8
-29
-52
-67
-82
-106
-132
-148
-160
-176
-191
-209
-225
-237
-246
-260
-272
-272
-275
-285
-293
-289
-287
-293
-298
-294
-286
-282
-276
-272
-260
-242
-236
-228
-212
-195
-191
-184
-160
-138
-129
-117
-95
-70
-53
-41
-15
10
23
37
55
77
101
120
128
137
156
174
181
198
216
218
217
226
237
244
239
236
241
235
229
220
215
217
212
201
189
181
178
177
169
162
159
147
140
137
136
134
126
117
112
109
103
96
90
90
90
84
73
64
59
51
44
38
21
9
1
-12
-33
-54
-70
-83
-96
-111
-124
-140
-153
-164
-181
-198
-216
-225
-230
-238
-246
-248
-253
-261
-259
-260
-258
-255
-253
-246
-235
-231
-226
-217
-205
-193
-184
-175
-159
-145
-132
-118
-104
-90
-72
-54
-44
-34
-13
10
28
42
52
58
72
96
118
126
132
141
149
159
170
174
175
177
186
190
186
183
186
186
185
188
181
166
162
162
158
155
152
143
136
133
133
127
121
116
114
114
114
107
97
86
81
85
80
71
62
52
44
37
31
28
23
10
-5
-17
-20
-29
-47
-58
-65
-69
-79
-97
-111
-127
-134
-139
-147
-156
-167
-172
-169
-168
-168
-173
-179
-174
-167
-166
-163
-157
-153
-153
-147
-136
-130
-130
-125
-113
-107
-97
-87
-86
-86
-80
-67
-57
-54
-44
-37
-34
-26
-14
-5
5
12
21
29
35
41
44
54
65
75
76
75
82
89
100
111
109
108
107
109
114
123
127
120
114
115
119
119
114
112
111
112
117
115
105
98
104
108
106
104
90
79
78
81
79
71
58
49
45
41
36
25
16
10
2
-4
-7
-20
-34
-45
-50
-51
-57
-67
-80
-90
-91
-93
-93
-99
-100
-98
-99
-98
-98
-102
-107
-101
-98
-101
-102
-102
-96
-87
-81
-79
-85
-80
-73
-68
-64
-58
-46
-45
-47
-41
-33
-25
-17
-13
-10
-8
-2
8
14
20
22
24
25
27
30
34
40
43
38
36
37
42
43
43
44
43
41
40
41
43
42
43
46
51
54
53
54
52
51
52
51
51
57
58
54
49
47
49
45
41
39
35
28
23
22
18
17
11
3
-2
-4
-5
-10
-22
-29
-27
-26
-29
-32
-38
-42
-42
-45
-46
-43
-48
-50
-49
-42
-40
-44
-41
-38
-39
-40
-40
-38
-33
-30
-27
-26
-26
-25
-27
-24
-12
-3
-7
-11
-8
-2
1
6
6
3
4
7
11
12
9
13
16
20
26
26
23
24
28
32
31
27
28
29
28
34
35
32
28
24
21
23
28
28
25
25
25
24
20
18
17
16
17
12
4
3
1
-4
-5
-7
-10
-13
-18
-17
-16
-21
-24
-26
-22
-22
-23
-29
-36
-38
-36
-36
-34
-30
-30
-30
-30
-25
-22
-25
-23
-21
-16
-18
-20
-17
-10
-4
-4
-5
-7
-6
1
3
4
5
9
7
1
0
