-63
-53
-44
-41
-38
-25
-14
-9
-4
9
16
14
16
28
44
50
51
58
61
63
65
63
66
66
59
50
50
55
43
30
26
20
12
5
2
-5
-7
-13
-27
-22
-21
-27
-13
-7
-10
-4
0
6
8
12
23
26
40
41
38
47
52
56
45
39
47
42
35
27
26
26
17
2
-14
-20
-27
-45
-54
-53
-60
-66
-76
-81
-75
-80
-85
-88
-93
-89
-79
-72
-71
-73
-63
-57
-50
-48
-47
-29
-21
-15
-8
-3
12
21
25
33
39
48
50
46
55
62
57
45
48
56
46
37
37
40
39
27
21
30
35
35
40
35
35
41
45
44
43
51
57
54
61
64
63
56
45
48
39
27
20
18
23
9
-5
-18
-30
-33
-42
-49
-50
-53
-57
-63
-65
-76
-84
-89
-90
-89
-93
-83
-68
-68
-80
-80
-74
-66
-63
-54
-39
-32
-29
-38
-34
-15
-9
-2
-1
3
13
19
19
23
29
27
21
26
27
20
26
27
22
20
18
18
22
26
28
27
28
32
46
58
58
60
71
81
85
96
105
108
112
111
107
100
98
98
92
82
73
63
54
45
29
13
0
-7
-21
-42
-47
-55
-74
-91
-99
-101
-111
-122
-123
-133
-149
-157
-159
-156
-148
-143
-138
-134
-126
-118
-113
-99
-95
-86
-63
-60
-62
-48
-33
-11
9
16
32
48
41
52
58
67
79
78
76
79
88
86
74
65
59
56
49
42
42
42
47
47
41
42
41
39
44
48
63
76
75
86
99
107
100
102
122
123
118
122
133
131
115
112
99
74
77
76
48
34
23
10
-4
-24
-31
-53
-74
-80
-92
-96
-109
-120
-130
-157
-169
-167
-174
-184
-186
-192
-195
-190
-194
-199
-203
-203
-193
-182
-181
-162
-130
-117
-109
-112
-92
-60
-39
-33
-19
25
56
68
76
94
118
112
110
129
141
153
150
146
139
141
141
124
115
106
103
106
106
100
86
67
46
43
55
56
51
56
72
81
72
61
75
90
82
75
89
115
119
98
91
98
94
75
81
77
56
69
62
42
45
24
9
1
-22
-19
-29
-45
-58
-81
-79
-89
-104
-118
-138
-125
-140
-171
-198
-234
-220
-221
-252
-261
-269
-250
-254
-273
-268
-287
-295
-299
-290
-231
-213
-225
-214
-181
-128
-101
-73
-35
-25
19
54
95
152
172
195
194
227
295
291
278
274
271
287
283
278
286
272
229
192
183
171
163
123
53
69
89
56
60
34
-8
8
4
25
52
30
46
55
35
42
59
57
42
63
84
85
102
82
41
81
77
37
63
55
38
48
39
34
27
-19
-43
-44
-28
-25
-55
-66
-57
-81
-103
-99
-110
-106
-108
-147
-146
-136
-149
-140
-155
-184
-158
-158
-189
-189
-222
-229
-184
-221
-234
-208
-221
-211
-211
-217
-207
-213
-209
-198
-184
-154
-133
-120
-110
-71
-46
-34
6
24
52
74
111
157
167
209
229
226
264
266
256
289
291
283
273
282
274
222
241
228
146
147
148
118
130
95
44
63
73
34
78
62
0
80
82
47
83
61
71
92
63
45
83
144
89
69
97
45
77
72
25
89
42
0
54
1
-17
24
-19
-54
-18
-24
-77
-50
-68
-104
-76
-134
-164
-146
-184
-143
-156
-194
-172
-198
-170
-168
-187
-158
-181
-174
-158
-179
-142
-120
-143
-126
-134
-162
-148
-135
-141
-122
-134
-163
-129
-111
-133
-140
-152
-160
-152
-158
-138
-130
-124
-110
-126
-99
-68
-76
-53
-15
2
12
32
68
91
92
117
157
179
200
213
222
239
240
232
231
237
247
246
231
182
215
238
166
183
185
166
199
181
164
174
194
161
155
197
137
158
147
57
150
124
52
133
82
81
112
47
48
50
51
79
31
-21
21
51
-24
-63
13
-6
-39
-57
-101
-56
-75
-143
-119
-93
-118
-164
-119
-167
-213
-109
-190
-184
-158
-202
-123
-194
-223
-138
-196
-202
-181
-180
-134
-151
-149
-174
-174
-149
-178
-138
-114
-151
-152
-160
-163
-129
-142
-156
-178
-160
-136
-152
-113
-147
-176
-150
-129
-83
-101
-112
-82
-77
-39
-4
-5
1
41
94
79
108
178
187
202
209
209
221
235
270
286
272
262
236
245
258
211
221
248
224
210
201
173
169
174
149
136
164
163
126
124
153
139
123
145
91
102
178
91
94
175
113
92
87
61
48
89
63
-3
66
20
-26
27
-26
-9
-56
-112
-3
-47
-96
-48
-77
-106
-79
-96
-129
-148
-153
-112
-120
-194
-190
-193
-204
-134
-215
-240
-188
-232
-216
-214
-255
-185
-192
-260
-134
-167
-220
-137
-130
-140
-118
-136
-121
-70
-65
-74
-72
-20
-54
-41
-3
-63
-52
-1
-42
-73
-5
-40
-53
-43
-50
-8
-8
-57
-68
-23
-17
-1
-30
-48
-18
20
22
37
59
63
68
63
119
132
143
172
151
164
199
154
165
179
161
190
141
173
205
117
144
192
151
169
174
138
162
165
103
132
186
120
139
121
114
226
123
78
180
69
91
137
7
70
99
28
70
53
44
10
-10
22
-7
24
-27
-31
32
-128
-62
19
-134
4
-36
-134
-28
-91
-133
-121
-66
-133
-169
-51
-144
-182
-85
-141
-148
-142
-159
-110
-148
-237
-186
-96
-190
-178
-132
-171
-189
-135
-157
-150
-53
-185
-178
-26
-144
-155
-27
-69
-70
-65
-47
-56
-20
-3
-35
16
-6
-28
4
9
-6
-18
-17
3
6
-55
-11
5
-51
-41
-25
-38
-46
-13
-36
-47
-9
4
1
26
31
20
32
74
60
64
128
110
87
104
116
112
121
106
125
179
140
148
196
144
165
196
116
143
169
130
169
191
139
172
190
147
131
150
155
78
135
175
89
138
160
113
166
54
27
106
27
93
73
-51
111
88
-49
39
-5
-73
42
-18
-116
-5
-20
-71
-53
-69
-107
-72
-55
-120
-119
-70
-141
-123
-130
-219
-158
-150
-220
-159
-130
-230
-126
-157
-272
-172
-136
-206
-154
-177
-158
-105
-164
-160
-166
-177
-162
-112
-133
-66
-73
-130
-83
-45
-62
-66
-8
4
-13
-5
-3
48
24
-40
44
50
-2
2
39
30
10
-24
-21
46
-18
-21
33
-6
-21
-17
-12
-14
-26
-22
19
-21
-1
24
10
37
27
64
70
96
136
118
98
168
144
129
173
137
142
177
212
153
183
185
149
171
150
145
161
123
171
131
100
185
80
138
125
81
171
72
108
146
47
99
70
94
75
29
107
37
8
81
-13
-34
57
-36
-40
80
-95
-96
151
-149
-136
78
-116
-24
-53
-165
16
-123
-146
-22
-179
-123
-44
-204
-121
-108
-218
-130
-194
-122
-114
-212
-118
-179
-186
-142
-167
-143
-207
-147
-148
-181
-50
-143
-91
-75
-218
1
-55
-134
23
-92
-46
11
-160
-10
30
-123
49
7
-58
45
-23
16
22
37
79
28
17
-29
25
15
-36
43
-6
-25
20
-19
-14
-7
-35
-63
-26
-40
-54
-7
-37
-38
-8
-22
-9
22
13
34
88
79
116
113
65
135
123
106
139
155
157
188
190
169
161
178
207
182
193
181
162
223
163
127
258
119
113
251
99
152
193
98
156
115
39
159
122
67
64
48
107
44
74
53
-29
72
10
-69
68
-63
-39
25
-82
-80
-30
-72
-132
16
-107
-183
-17
-128
-194
-64
-124
-186
-104
-199
-208
-73
-231
-216
-107
-258
-193
-112
-278
-236
-129
-211
-224
-148
-219
-211
-134
-161
-209
-167
-89
-197
-142
-97
-162
-47
-59
-164
-41
-57
-101
-14
-13
43
-27
18
46
-42
58
43
72
117
10
103
100
23
97
30
29
61
73
2
18
70
29
12
26
28
-5
42
14
2
30
30
32
17
37
19
25
113
57
93
127
50
123
123
120
144
105
140
162
138
151
175
141
168
133
138
196
116
141
179
152
174
139
114
131
132
90
76
165
58
96
132
31
172
87
29
145
-5
-1
139
-76
-12
160
-116
-10
74
-107
-7
-76
-58
-1
-129
-75
-56
-72
-92
-120
-115
-101
-127
-139
-98
-166
-95
-155
-224
-52
-247
-170
-48
-292
-121
-72
-220
-205
-128
-151
-223
-136
-170
-172
-97
-209
-111
-48
-201
-111
-93
-164
-66
-59
-112
-23
-31
-98
-85
-50
-38
-25
-7
-20
29
8
0
40
83
39
-27
92
33
22
119
46
73
84
-3
40
57
-18
45
60
-7
37
63
19
28
23
9
-1
-6
38
10
42
59
1
30
54
38
78
86
46
128
82
79
152
67
90
139
110
198
200
103
185
166
139
202
117
153
229
122
129
201
149
113
155
120
108
160
143
86
125
103
79
74
34
112
51
-13
115
23
-56
67
-19
-61
96
-56
-165
138
-133
-195
92
-228
-99
92
-239
-110
-40
-306
-28
-79
-311
-31
-121
-312
-78
-79
-269
-148
-245
-219
-93
-232
-212
-107
-227
-177
-150
-278
-66
-172
-208
-94
-168
-11
-109
-221
-20
-171
-112
-19
-225
9
42
-186
1
47
-65
53
14
20
99
-3
35
73
9
95
81
33
181
69
40
194
87
63
116
-30
-15
95
-8
104
43
-71
56
15
-23
11
-25
-1
-15
-46
81
65
-50
31
-6
-39
68
38
73
121
46
49
89
82
83
117
87
85
179
134
110
155
141
175
170
103
175
168
163
182
77
199
177
60
184
96
212
166
-28
286
128
-16
264
12
46
186
-58
126
86
-23
128
-72
1
103
-146
92
16
-209
104
-73
-207
5
-108
-165
-71
-114
-204
-154
-159
-241
-98
-117
-239
-122
-211
-199
-139
-233
-217
-188
-200
-226
-176
-215
-168
-110
-282
-155
-123
-301
-100
-142
-137
-47
-200
-86
-40
-193
-73
49
-123
-38
-43
-86
61
-101
15
65
-143
99
78
-77
150
-5
-17
162
31
75
57
1
125
-15
-10
112
-29
59
63
-31
63
48
-4
50
49
13
14
-13
26
55
56
50
49
69
56
92
111
121
100
75
138
133
104
186
121
112
163
130
160
165
144
151
201
184
111
175
209
111
178
228
100
133
164
119
129
137
145
67
150
207
65
82
122
8
102
71
-92
125
89
-109
65
-20
-116
39
-170
-87
58
-236
-120
43
-181
-194
-94
-138
-157
-184
-136
-145
-212
-120
-162
-204
-119
-261
-189
-107
-253
-211
-176
-148
-202
-268
-161
-72
-260
-139
-125
-307
10
-141
-270
12
-137
-189
-27
-96
-141
-88
-27
-47
-60
22
-10
-27
36
-19
19
34
-30
58
55
36
23
24
72
31
21
64
79
-1
-27
45
5
-6
65
-8
19
35
6
39
23
22
-19
20
21
11
79
67
17
96
120
79
118
94
127
116
143
141
79
194
152
119
243
129
94
281
161
135
239
167
179
166
161
208
190
164
178
156
133
138
135
181
95
21
193
69
48
172
6
72
9
61
77
-112
123
8
-143
63
-32
-123
-78
-4
-95
-176
47
-153
-281
53
-171
-283
4
-273
-194
-4
-376
-126
-75
-287
-74
-248
-225
-148
-162
-127
-280
-138
-114
-221
-200
-142
-148
-158
-143
-187
-29
-104
-218
1
-127
-153
4
-170
-55
2
-153
25
-24
-107
93
-48
-50
105
-41
42
23
-46
73
-17
15
67
-28
-3
-20
-72
-26
17
-48
-62
17
-54
-15
-30
-97
11
-14
-12
24
-16
42
72
24
39
66
92
118
117
153
144
134
158
138
167
154
151
188
198
181
193
240
155
185
174
137
267
127
185
300
90
238
156
65
337
61
127
291
94
183
135
86
130
82
148
32
22
267
-9
-25
217
-52
-31
116
-106
-27
24
-66
-26
-142
-75
-17
-144
-177
23
-97
-231
41
-202
-236
1
-283
-204
-45
-277
-262
-211
-205
-153
-231
-328
-118
-137
-296
-163
-233
-115
-158
-312
-70
-156
-204
-127
-230
-174
-125
-175
-96
-71
-206
-46
-7
-202
-37
14
-111
-1
-46
-57
104
-10
-41
61
-90
-88
-17
-116
-43
-71
-97
-47
-51
-37
-113
-103
-79
-128
-73
-44
-81
-21
24
0
38
74
38
91
115
125
211
224
233
236
225
272
262
305
298
168
327
331
243
301
251
275
258
257
286
224
319
240
199
260
99
180
253
187
166
91
299
249
38
288
104
43
243
67
72
188
102
90
74
23
-24
54
-6
-134
43
-9
-145
-43
-49
-174
-101
-95
-169
-133
-99
-179
-119
-158
-352
-144
-114
-340
-197
-231
-299
-238
-329
-260
-262
-252
-338
-301
-127
-361
-258
-166
-376
-199
-170
-300
-95
-132
-259
-79
-80
-143
-45
-95
-106
-25
-47
-5
-7
-36
29
34
-39
-79
-12
1
-85
-121
-166
-188
-166
-149
-211
-161
-137
-230
-216
-122
-164
-205
-152
-189
-99
-11
-84
-14
98
48
57
125
177
244
317
306
310
356
343
362
345
370
453
369
335
443
362
298
390
333
294
365
339
293
320
303
293
231
245
328
190
175
264
166
173
277
252
62
33
214
204
75
128
215
105
-32
118
49
-121
94
-119
-121
224
-203
-232
96
-197
-210
-30
-40
-288
-219
66
-217
-346
-88
-224
-285
-188
-346
-281
-186
-260
-481
-377
-111
-349
-484
-222
-356
-326
-178
-394
-305
-277
-229
-264
-330
5
-146
-300
-50
-78
-75
-74
-95
-81
-50
82
-36
-98
-43
-20
21
-69
-223
-200
-145
-220
-230
-275
-203
-328
-383
-267
-308
-297
-383
-428
-297
-230
-239
-154
-104
-85
-34
22
83
222
250
249
351
387
455
507
570
596
576
633
626
613
692
636
511
541
491
501
560
403
368
440
348
290
284
290
353
204
142
303
240
153
258
301
183
176
311
207
238
352
55
152
266
23
160
159
7
-29
43
-146
-317
247
-117
-547
206
-86
-432
60
-254
-497
-216
-230
-231
-252
-300
-223
-405
-585
-204
-201
-584
-385
-233
-436
-292
-270
-619
-381
-308
-568
-352
-305
-455
-307
-273
-340
-342
-207
-231
-257
-63
-26
-124
-223
-76
-14
-7
-64
-122
-118
-184
-297
-385
-354
-359
-409
-522
-565
-461
-546
-700
-550
-586
-685
-539
-520
-447
-293
-256
-269
-168
-17
138
230
241
473
598
603
703
796
858
965
982
956
1149
1179
1055
930
860
895
875
777
797
747
588
566
447
392
470
323
233
265
208
315
251
146
269
147
205
193
47
411
360
112
313
202
209
357
213
229
180
155
131
26
56
-59
-218
-156
-149
-12
-201
-463
-293
-248
-513
-442
-86
-342
-445
-386
-635
-481
-256
-571
-557
-624
-639
-264
-442
-735
-464
-533
-795
-534
-471
-485
-345
-447
-533
-387
-351
-344
-275
-286
-260
-206
-203
-86
-144
-296
-557
-670
-344
-351
-469
-491
-673
-674
-744
-873
-784
-642
-682
-744
-841
-771
-517
-520
-535
-470
-275
-106
29
212
346
499
584
623
738
1010
1242
1200
1183
1330
1451
1573
1494
1328
1298
1274
1337
1315
1204
1166
1053
735
634
618
609
585
380
262
157
159
205
85
23
140
110
-8
48
189
115
51
149
160
186
250
314
238
195
284
269
187
197
209
204
161
47
63
19
-63
-172
-276
-270
-297
-305
-403
-533
-533
-610
-723
-667
-489
-526
-791
-780
-770
-694
-581
-717
-579
-658
-813
-546
-612
-683
-537
-486
-454
-581
-441
-268
-349
-393
-572
-793
-853
-752
-620
-788
-983
-1072
-1121
-1036
-1123
-1154
-1021
-1075
-1096
-1179
-1177
-796
-703
-762
-716
-552
-225
-85
21
236
395
577
662
776
1110
1393
1494
1450
1502
1738
1832
1757
1731
1755
1857
1859
1686
1602
1602
1416
1139
1055
1054
1010
901
627
460
472
377
195
100
95
158
84
-128
-50
84
27
-54
-94
53
247
219
219
239
158
214
232
170
367
476
280
307
264
222
307
126
18
-5
-65
-74
-235
-315
-342
-457
-497
-638
-599
-562
-797
-789
-847
-911
-849
-948
-873
-803
-816
-788
-867
-824
-768
-853
-731
-640
-670
-650
-820
-1185
-1371
-1252
-1126
-1207
-1320
-1364
-1314
-1450
-1676
-1605
-1497
-1344
-1303
-1452
-1303
-1011
-969
-902
-755
-573
-258
20
154
452
736
722
849
1070
1332
1694
1856
1924
1953
1828
1866
1980
2027
2195
2110
1945
1907
1765
1629
1528
1397
1270
1150
959
818
704
551
463
314
149
153
199
177
63
-31
29
14
-63
73
210
184
166
172
234
356
394
464
401
305
372
340
445
529
428
489
271
113
203
-57
-57
-31
-197
-113
-215
-386
-477
-628
-624
-699
-762
-706
-798
-979
-1041
-1010
-984
-1056
-1093
-1004
-1012
-940
-916
-1104
-1288
-1506
-1636
-1560
-1603
-1662
-1629
-1667
-1774
-1947
-2106
-2062
-1791
-1575
-1552
-1608
-1553
-1344
-1189
-1055
-871
-579
-238
-64
46
289
567
823
990
1126
1454
1839
2047
1996
1994
2025
2061
2207
2255
2303
2314
2110
1925
1759
1630
1649
1563
1314
1166
1017
762
554
424
345
302
180
67
27
-49
-116
-220
-245
-85
19
-6
92
117
157
273
245
322
550
699
775
666
556
764
808
772
931
841
771
735
385
376
485
157
53
-20
-153
-31
-281
-620
-727
-813
-755
-832
-1020
-1042
-1100
-1233
-1414
-1388
-1153
-1144
-1258
-1329
-1412
-1476
-1699
-1978
-1888
-1837
-1995
-2104
-2097
-1876
-1896
-2317
-2437
-2131
-1799
-1645
-1743
-1730
-1410
-1196
-1230
-1021
-531
-89
154
85
193
656
962
1187
1382
1565
1971
2155
2020
2115
2221
2341
2460
2209
2153
2306
2210
1990
1760
1618
1661
1553
1244
1081
994
800
542
335
334
435
266
39
-22
-58
-59
-132
-240
-105
65
25
-35
-27
124
308
339
379
512
593
577
556
618
754
835
724
709
843
808
748
569
364
427
345
206
54
-234
-185
-107
-294
-439
-680
-894
-901
-1080
-1086
-950
-1107
-1300
-1460
-1503
-1353
-1256
-1398
-1677
-1885
-2043
-2075
-2059
-2245
-2266
-2173
-2158
-2158
-2384
-2524
-2271
-1976
-1888
-1882
-1896
-1639
-1268
-1147
-985
-672
-282
114
227
303
673
1037
1286
1470
1727
2098
2352
2293
2241
2376
2525
2634
2516
2411
2437
2392
2154
1893
1837
1806
1719
1365
1012
891
739
511
361
218
143
63
-160
-258
-225
-201
-260
-367
-348
-181
-110
-120
-111
-11
191
325
317
389
564
642
656
696
836
1026
1006
923
911
837
831
889
763
666
578
339
194
84
-137
-223
-246
-387
-423
-637
-935
-1104
-1219
-1157
-1114
-1285
-1338
-1394
-1549
-1608
-1776
-1858
-1978
-2230
-2359
-2452
-2509
-2445
-2473
-2524
-2689
-2880
-2737
-2410
-2123
-2124
-2247
-2238
-1941
-1552
-1173
-858
-600
-327
-59
178
524
978
1305
1518
1699
2024
2402
2662
2651
2650
2723
2966
3135
2969
2872
2729
2551
2434
2326
2209
2089
1775
1364
1114
937
798
622
366
91
-75
-221
-359
-411
-436
-465
-575
-672
-625
-554
-527
-419
-362
-238
10
95
150
296
393
514
713
854
984
1026
992
1076
1169
1156
1220
1160
1055
997
859
847
766
539
218
165
98
-132
-351
-645
-631
-490
-973
-1311
-1391
-1502
-1218
-1374
-1720
-1631
-1794
-2107
-2103
-2489
-2560
-2381
-2662
-2649
-2579
-2809
-2879
-3099
-3128
-2522
-2264
-2369
-2470
-2471
-2209
-1675
-1561
-1348
-840
-600
-327
-183
51
684
1223
1251
1474
1820
2185
2589
2484
2491
2852
2995
3039
2965
2781
2913
2844
2479
2376
2400
2324
2113
1634
1280
1285
1203
968
677
349
206
91
-173
-252
-194
-300
-405
-581
-686
-506
-427
-514
-496
-366
-168
-8
-10
26
202
364
463
576
703
853
932
903
992
1160
1223
1226
1053
953
1011
919
753
712
581
441
248
17
-100
-199
-519
-900
-971
-940
-852
-1074
-1620
-1827
-1667
-1554
-1446
-1724
-2221
-2366
-2515
-2589
-2476
-2519
-2546
-2589
-2872
-2936
-2836
-2718
-2457
-2328
-2375
-2385
-2301
-2031
-1575
-1365
-1254
-1039
-706
-271
71
185
444
815
1138
1539
1839
2167
2362
2316
2276
2580
2866
3078
3049
2776
2648
2612
2607
2557
2507
2283
2044
1723
1428
1334
1255
1066
762
500
256
174
56
-83
-171
-288
-407
-522
-563
-555
-548
-582
-528
-407
-239
-155
-196
-183
-19
200
369
495
526
592
666
772
935
1027
1050
1073
1026
965
895
843
924
847
724
600
395
284
154
-43
-97
-321
-483
-679
-946
-929
-1054
-1032
-1077
-1499
-1614
-1774
-1993
-2132
-2595
-2697
-2568
-2488
-2459
-2756
-3104
-3177
-3163
-2911
-2537
-2383
-2456
-2695
-2817
-2392
-1668
-1266
-1170
-1199
-925
-490
-142
142
586
1031
1234
1459
1623
2077
2494
2468
2451
2607
2920
3105
2971
2739
2694
2718
2785
2760
2553
2279
1958
1632
1492
1511
1483
1236
740
339
182
205
165
-8
-267
-493
-585
-663
-715
-694
-631
-609
-616
-587
-446
-288
-275
-315
-214
26
262
409
394
430
593
812
982
1009
992
966
986
1000
1002
1047
1008
908
706
609
536
417
395
204
-59
-308
-480
-456
-525
-760
-961
-1236
-1233
-1212
-1303
-1480
-1970
-2288
-2335
-2302
-2360
-2497
-2730
-2759
-2760
-2966
-3077
-3061
-2851
-2484
-2402
-2527
-2640
-2612
-2165
-1630
-1260
-1089
-857
-649
-289
19
287
769
1184
1518
1716
1947
2179
2459
2565
2676
2881
2994
2986
2937
2852
2789
2780
2696
2682
2510
2177
1875
1691
1514
1387
1190
898
664
348
129
77
27
-129
-334
-550
-697
-753
-775
-693
-661
-680
-653
-566
-478
-409
-378
-263
-56
115
264
316
394
434
570
784
921
1001
992
920
886
955
1046
1077
912
746
688
669
561
405
212
38
-122
-242
-248
-503
-847
-1005
-1075
-1013
-1084
-1434
-1758
-2019
-2210
-2244
-2360
-2587
-2637
-2672
-2759
-2903
-3213
-3312
-2977
-2674
-2531
-2599
-2779
-2695
-2473
-2161
-1646
-1260
-1087
-933
-794
-482
28
489
859
1194
1419
1704
2010
2229
2384
2576
2800
2967
3085
3033
2951
2942
2917
2899
2907
2822
2586
2220
1859
1762
1732
1611
1415
1049
632
406
308
289
276
19
-292
-542
-690
-696
-651
-632
-652
-728
-790
-757
-668
-594
-492
-426
-322
-117
24
104
142
162
349
616
765
786
709
653
734
913
1002
977
841
663
585
571
521
534
378
192
-48
-175
-233
-365
-544
-727
-838
-903
-989
-1350
-1563
-1969
-2336
-2391
-2364
-2261
-2233
-2724
-3162
-3287
-3270
-2945
-2752
-2743
-2759
-2840
-2984
-2787
-2450
-1948
-1498
-1434
-1427
-1150
-730
-212
163
348
772
1271
1542
1660
1876
2152
2551
2741
2909
3159
3212
3023
2822
2891
3160
3410
3158
2740
2382
2187
2186
2138
1948
1672
1382
956
706
557
495
485
193
-180
-381
-514
-586
-599
-707
-718
-720
-814
-870
-861
-812
-660
-546
-555
-429
-289
-217
-159
-56
168
480
555
508
567
554
626
844
990
1029
984
751
701
737
727
747
610
432
270
101
-32
-196
-367
-360
-460
-663
-877
-1371
-1756
-1847
-2101
-2353
-2555
-2561
-2223
-2334
-3326
-4134
-3871
-2884
-2231
-2666
-3526
-3614
-3077
-2788
-2643
-2262
-1573
-1096
-1380
-1835
-1267
-164
586
673
457
857
1714
2088
1941
1897
2354
3174
3456
3088
2875
3067
3284
3311
3198
3302
3470
3111
2386
1965
2133
2506
2434
1744
1123
857
716
713
621
463
290
-147
-616
-745
-717
-601
-621
-871
-936
-891
-918
-964
-969
-844
-610
-471
-437
-372
-306
-155
70
225
408
579
559
540
601
700
1013
1173
1047
870
741
782
905
833
692
661
445
208
127
7
-10
-205
-543
-520
-531
-884
-1443
-1983
-2066
-1993
-2160
-2507
-2692
-2667
-2933
-3508
-3848
-3398
-2772
-2753
-3363
-3818
-3508
-2876
-2643
-2649
-2343
-1766
-1447
-1550
-1517
-839
73
463
538
698
1256
1848
2073
2092
2325
2834
3293
3372
3120
3097
3296
3458
3429
3382
3383
3276
2847
2379
2336
2480
2435
1972
1397
1055
955
788
552
371
219
-23
-437
-734
-804
-726
-796
-924
-1012
-1030
-1008
-1065
-1071
-946
-778
-617
-494
-500
-408
-237
-42
211
383
528
595
602
672
829
1000
1105
1055
927
944
940
970
999
826
750
645
376
262
130
104
89
-222
-531
-576
-638
-994
-1536
-2091
-2183
-2129
-2353
-2531
-2605
-2793
-3304
-3947
-3964
-3301
-2777
-2934
-3509
-3806
-3544
-3109
-2826
-2472
-1962
-1612
-1618
-1726
-1339
-513
247
590
716
1022
1520
1960
2022
2161
2635
3185
3506
3390
3208
3290
3406
3463
3562
3618
3581
3226
2582
2279
2396
2557
2419
1848
1250
929
758
611
475
364
180
-201
-666
-879
-801
-772
-846
-1025
-1121
-1075
-1098
-1167
-1126
-956
-788
-708
-636
-509
-361
-219
-59
145
372
513
524
572
655
839
1018
1151
1192
1124
1006
983
972
1024
1021
914
880
640
264
140
168
95
78
-220
-486
-786
-1285
-1682
-1967
-2186
-2441
-2600
-2489
-2521
-3122
-4006
-4496
-3949
-3105
-2852
-3409
-4057
-4123
-3759
-3277
-2834
-2318
-1905
-1812
-1993
-1807
-992
-46
487
677
889
1330
1822
2134
2319
2639
3156
3517
3685
3602
3524
3569
3608
3669
3826
3941
3699
3078
2453
2333
2549
2598
2220
1599
1050
698
494
387
425
232
-223
-733
-1110
-1154
-978
-962
-1154
-1298
-1382
-1335
-1297
-1240
-1116
-931
-824
-719
-588
-392
-193
-89
135
425
690
794
770
797
950
1122
1296
1385
1328
1291
1236
1147
1123
1171
1152
959
666
378
330
405
221
-11
-292
-485
-577
-883
-1338
-1886
-2343
-2753
-2854
-2488
-2230
-2674
-3885
-4970
-4683
-3470
-2726
-3041
-3999
-4505
-4209
-3607
-3154
-2557
-1959
-1829
-2035
-2175
-1587
-405
495
720
767
1154
1818
2316
2414
2550
3087
3591
3818
3801
3776
3850
3777
3632
3636
3945
4057
3620
2755
2145
2172
2433
2362
1811
1136
655
378
141
71
166
-12
-565
-1181
-1489
-1295
-1067
-1167
-1352
-1398
-1380
-1359
-1339
-1196
-961
-730
-634
-547
-304
-69
131
314
472
700
1023
1131
1096
1092
1197
1476
1637
1619
1476
1385
1317
1251
1231
1189
1098
861
556
258
227
166
-59
-383
-567
-632
-937
-1366
-2095
-2579
-2862
-3217
-2962
-2543
-2717
-3488
-4873
-5385
-4360
-3143
-2852
-3582
-4442
-4584
-3953
-3440
-2871
-2024
-1548
-1616
-1894
-1846
-805
545
1141
1167
1272
1804
2472
2819
2760
3176
3759
4020
3961
3842
3977
4099
3893
3433
3534
3814
3739
3101
2227
1848
1966
1998
1668
1141
564
185
-208
-444
-340
-264
-517
-1122
-1692
-1762
-1426
-1256
-1349
-1403
-1374
-1317
-1256
-1195
-889
-492
-394
-353
-205
133
525
705
778
988
1240
1392
1476
1477
1568
1772
1782
1647
1690
1634
1594
1442
1177
1124
1031
900
615
306
35
-74
-196
-489
-683
-759
-1085
-1388
-1897
-2510
-2835
-3499
-3580
-2877
-2494
-2983
-4454
-5732
-5139
-3608
-2866
-3274
-4126
-4469
-4046
-3695
-3428
-2329
-1239
-1065
-1591
-1909
-1190
482
1358
1361
1511
1901
2589
2960
2900
3181
3905
4092
3954
3745
3910
4307
4106
3404
3037
3387
3579
3231
2280
1591
1571
1497
1114
695
361
83
-402
-1036
-1055
-730
-718
-1179
-1776
-1978
-1712
-1438
-1499
-1372
-1141
-1133
-1124
-1073
-728
-88
148
34
170
499
1006
1301
1267
1421
1740
1841
1844
1894
1980
2162
2085
1841
1746
1797
1702
1536
1217
988
977
743
479
163
-112
-272
-555
-759
-844
-996
-1125
-1628
-2168
-2710
-3492
-3923
-3724
-2886
-2409
-3302
-5051
-5923
-5114
-3734
-3112
-3421
-3939
-4110
-4192
-4129
-3360
-1988
-882
-891
-1540
-1648
-629
655
1398
1576
1876
2519
2884
2955
3012
3608
4231
4213
3907
3779
4070
4238
3781
3239
3148
3355
3181
2460
1725
1433
1311
958
507
220
18
-433
-1093
-1446
-1283
-1004
-1099
-1582
-1969
-1968
-1788
-1697
-1475
-1086
-778
-797
-1010
-807
-157
370
595
609
787
1213
1492
1630
1854
2149
2337
2254
2038
2065
2326
2399
2210
1953
1813
1723
1522
1216
1047
968
767
388
17
-241
-457
-622
-857
-1025
-1081
-1250
-1558
-1761
-2054
-2648
-3451
-4021
-3827
-2933
-2625
-3475
-4656
-5317
-4980
-4243
-3779
-3448
-3231
-3468
-4108
-4337
-3433
-1883
-827
-907
-1307
-1098
-370
413
988
1599
2322
2762
2795
2825
3327
3900
4162
4013
3821
4016
4160
3947
3487
3147
3097
3039
2649
2180
1706
1311
834
308
83
-18
-233
-780
-1410
-1631
-1500
-1429
-1501
-1657
-1694
-1696
-1848
-1782
-1327
-783
-467
-522
-496
-74
357
621
822
1137
1537
1769
1821
1931
2255
2510
2526
2393
2317
2428
2460
2289
2072
1917
1776
1522
1182
1002
863
757
401
-140
-248
-436
-713
-753
-1154
-1358
-1202
-1580
-1666
-1635
-2083
-2709
-3517
-4152
-3879
-2961
-2797
-3487
-4355
-5018
-4842
-4181
-3915
-3444
-3030
-3353
-3789
-3816
-3214
-1913
-1006
-993
-951
-590
-8
606
1092
1546
2293
2761
2788
3065
3561
3896
3924
3632
3555
3937
4076
3846
3381
2935
2679
2535
2214
1873
1606
1107
552
-33
-416
-467
-678
-1065
-1399
-1725
-1689
-1590
-1694
-1628
-1578
-1642
-1608
-1468
-1109
-553
-267
-213
34
355
745
1095
1267
1509
1828
1981
2139
2384
2632
2788
2676
2434
2345
2407
2332
2194
1998
1705
1501
1246
879
738
644
385
95
-289
-555
-669
-968
-1043
-1206
-1367
-1360
-1624
-1602
-1633
-2223
-2861
-3671
-3970
-3385
-2973
-2882
-3402
-4205
-4709
-4723
-4251
-3608
-3120
-3000
-3293
-3559
-3426
-2803
-1847
-1137
-746
-588
-358
136
686
1198
1740
2140
2476
2785
3161
3624
3817
3755
3486
3412
3529
3672
3640
3353
2978
2505
2102
1769
1573
1371
914
406
-12
-391
-675
-994
-1278
-1418
-1550
-1633
-1593
-1540
-1475
-1519
-1651
-1572
-1228
-777
-397
-190
-8
212
487
812
1131
1491
1690
1817
2000
2211
2435
2661
2751
2673
2503
2349
2270
2274
2243
2053
1824
1451
1050
841
670
474
260
-47
-306
-582
-915
-1098
-1266
-1345
-1447
-1669
-1675
-1591
-1635
-2076
-2980
-3759
-3877
-3436
-2921
-2750
-3106
-3846
-4393
-4474
-4235
-3592
-2970
-2712
-2786
-3226
-3266
-2524
-1666
-1068
-878
-766
-322
274
753
1146
1575
1962
2154
2263
2581
3233
3811
3732
3258
2889
2883
3192
3299
3124
2963
2679
2240
1763
1365
1201
1085
786
349
-18
-262
-544
-815
-1028
-1181
-1216
-1200
-1189
-1139
-1100
-1160
-1229
-1139
-851
-488
-193
27
255
464
631
842
1095
1351
1583
1707
1899
2141
2337
2480
2441
2247
2006
1867
1863
1813
1679
1436
1085
820
526
193
21
-115
-236
-436
-798
-1055
-1198
-1353
-1510
-1591
-1499
-1481
-1656
-1684
-1614
-1692
-2073
-2812
-3380
-3218
-2548
-1849
-1815
-2474
-3008
-3095
-2801
-2574
-2548
-2375
-2056
-1856
-1920
-2010
-1606
-935
-612
-791
-1021
-622
174
797
1041
1025
1149
1413
1469
1544
1850
2304
2597
2391
2067
2056
2340
2497
2289
1993
1875
1859
1754
1581
1427
1313
1141
748
265
57
141
303
308
100
-122
-262
-320
-343
-331
-288
-236
-194
-42
147
295
387
357
349
431
507
592
721
764
773
772
686
672
755
778
713
443
255
275
372
478
302
91
17
-77
-123
-203
-314
-285
-259
-387
-528
-616
-675
-588
-606
-765
-811
-877
-875
-741
-746
-708
-631
-635
-670
-844
-1125
-1268
-1129
-880
-651
-738
-1024
-1175
-1232
-1312
-1370
-1311
-1169
-1016
-1018
-1101
-1006
-762
-576
-599
-737
-756
-556
-237
-99
-161
-170
-88
-10
41
90
235
428
519
460
352
370
500
710
874
928
935
892
808
779
780
820
869
830
863
889
869
857
828
808
844
855
806
778
718
660
711
764
750
750
694
625
621
658
661
651
645
597
558
518
471
511
635
664
542
404
274
213
260
263
232
182
100
34
-58
-156
-168
-174
-239
-329
-435
-508
-514
-540
-560
-556
-588
-635
-712
-730
-686
-628
-577
-536
-581
-756
-941
-1014
-922
-822
-832
-947
-1059
-1007
-915
-934
-1048
-1152
-1171
-1121
-1096
-1115
-1042
-872
-772
-860
-1025
-1031
-880
-742
-665
-632
-527
-344
-207
-149
-134
-56
77
146
191
302
457
564
566
499
517
677
846
891
815
713
697
759
808
869
944
1004
1052
1053
991
948
960
1047
1101
1037
963
933
953
998
1023
998
953
938
927
861
791
780
701
602
607
612
596
537
445
385
285
177
127
79
33
-19
-49
-60
-130
-190
-260
-328
-351
-447
-561
-570
-551
-536
-556
-639
-684
-701
-723
-727
-741
-705
-636
-637
-618
-553
-561
-671
-824
-915
-806
-643
-589
-662
-818
-879
-836
-836
-928
-1007
-966
-879
-913
-978
-922
-758
-602
-617
-742
-765
-666
-578
-550
-584
-554
-394
-207
-35
83
195
268
258
253
284
357
525
677
705
674
611
614
731
804
778
728
704
779
954
1067
1055
963
914
907
904
975
937
926
950
854
875
910
885
911
873
775
677
585
552
514
469
372
259
213
143
162
222
160
46
-79
-112
-89
-129
-154
-214
-304
-280
-271
-291
-319
-369
-390
-474
-498
-488
-492
-446
-467
-498
-472
-549
-595
-495
-452
-465
-475
-513
-505
-412
-330
-244
-176
-146
-191
-272
-444
-608
-552
-367
-208
-221
-372
-482
-453
-389
-415
-587
-724
-761
-896
-1037
-975
-807
-607
-603
-846
-995
-967
-845
-718
-643
-571
-402
-117
154
327
424
488
536
602
686
785
972
1130
1184
1167
1093
1049
1041
990
913
863
817
819
883
904
880
832
643
530
517
501
586
576
509
445
323
263
421
448
391
347
-53
-269
-186
-81
186
154
-72
-56
-89
-69
36
21
-42
-93
-95
19
12
-117
-237
-352
-259
-131
-156
-147
-148
-208
-209
-263
-256
-203
-230
-306
-415
-377
-254
-229
-203
-230
-364
-350
-364
-327
-170
-108
-66
-116
-113
6
111
172
-29
-477
-831
-911
-634
-328
-375
-648
-765
-694
-678
-879
-1165
-1239
-1184
-1112
-1132
-1117
-884
-622
-575
-769
-911
-800
-492
-192
7
183
454
714
847
944
1022
1082
1157
1171
1153
1300
1534
1626
1513
1308
1137
1108
1202
1090
857
768
669
587
567
478
443
407
235
74
-77
-113
26
84
46
-13
-126
-157
-27
45
-50
-167
-272
-191
91
-6
-223
-182
-342
-241
-51
-234
-134
4
-129
10
20
-214
-101
-65
-92
-30
-131
-60
22
-129
75
106
-229
-355
-363
-141
-176
-609
-573
-145
103
191
-61
-203
-4
62
111
78
20
218
601
709
355
170
234
-29
-512
-1126
-1412
-1053
-669
-616
-1000
-1405
-1406
-1277
-1449
-1843
-2050
-1891
-1598
-1478
-1364
-1065
-675
-530
-712
-787
-529
-70
370
651
865
1145
1490
1778
1879
1895
1845
1781
1720
1771
1882
1908
1976
1865
1587
1251
1003
995
929
629
311
259
342
246
2
-213
-343
-478
-726
-854
-802
-737
-654
-648
-644
-675
-677
-547
-515
-491
-376
-240
-26
140
136
88
5
2
112
217
319
360
492
594
479
428
409
429
433
276
351
429
396
482
297
163
111
-87
13
-2
-163
60
111
56
121
-108
-279
-253
-310
-307
-202
-65
7
2
19
-8
21
-187
-886
-1631
-2050
-1950
-1474
-1152
-1328
-1731
-1916
-1887
-1857
-2071
-2350
-2266
-1937
-1682
-1449
-1048
-502
-128
-167
-274
-81
381
823
1095
1379
1754
2210
2621
2786
2744
2570
2274
2081
1984
1989
2091
2064
1860
1552
1278
1050
802
471
20
-382
-567
-640
-678
-755
-875
-1001
-1183
-1408
-1571
-1604
-1516
-1392
-1267
-1009
-684
-440
-316
-249
-117
114
319
528
760
916
1062
1115
1065
1067
1090
1103
1101
1120
1183
1152
1071
1046
867
643
512
345
355
336
159
113
41
-38
-60
-244
-299
-270
-363
-366
-296
-214
-98
-109
-111
-58
-135
-191
-178
-122
-62
-248
-865
-1783
-2613
-2849
-2561
-2187
-2220
-2622
-2880
-2786
-2584
-2599
-2791
-2841
-2630
-2280
-1889
-1418
-741
-42
347
494
771
1154
1538
1769
2010
2428
2941
3491
3794
3807
3538
3075
2691
2451
2258
2003
1661
1328
1055
802
643
440
47
-548
-1257
-1760
-1951
-1983
-1956
-1923
-1855
-1762
-1749
-1845
-1862
-1667
-1400
-1073
-696
-271
270
764
1084
1311
1500
1741
1914
1922
1898
1858
1854
1910
1937
1829
1631
1437
1269
1090
860
626
430
243
2
-175
-232
-225
-241
-346
-457
-494
-466
-370
-244
-140
-21
96
213
381
458
445
443
370
374
367
298
43
-688
-1845
-2964
-3602
-3605
-3362
-3470
-3806
-3978
-3794
-3535
-3508
-3632
-3717
-3640
-3299
-2825
-2167
-1283
-345
553
1220
1694
2079
2358
2516
2645
2937
3527
4196
4673
4736
4449
4096
3645
3149
2516
1785
1136
591
296
168
137
74
-353
-1087
-1902
-2530
-2787
-2877
-2894
-2778
-2521
-2198
-1928
-1672
-1329
-983
-749
-572
-333
85
661
1234
1712
2165
2592
2854
2895
2703
2391
2112
1941
1904
1894
1821
1635
1433
1306
1205
1000
679
342
-5
-307
-504
-519
-377
-252
-172
-148
-144
-68
-56
-87
-11
88
261
514
629
678
701
684
676
515
29
-866
-2121
-3336
-4121
-4274
-4072
-4107
-4398
-4622
-4527
-4221
-4095
-4191
-4255
-4125
-3692
-3142
-2502
-1575
-486
643
1578
2268
2767
3043
3186
3315
3601
4052
4542
4916
4991
4832
4571
4132
3518
2723
1754
835
107
-408
-676
-741
-827
-1118
-1624
-2247
-2742
-3075
-3287
-3364
-3293
-2990
-2541
-2083
-1618
-1079
-442
129
481
726
968
1260
1649
2031
2465
2918
3174
3201
3047
2734
2282
1857
1537
1260
1045
816
708
816
850
759
573
254
-48
-339
-582
-613
-488
-286
-74
170
460
634
762
807
770
811
749
711
755
777
910
984
882
589
-305
-1679
-3210
-4498
-5065
-5238
-5328
-5429
-5446
-5122
-4629
-4300
-4231
-4299
-4110
-3762
-3408
-2869
-2104
-868
598
1907
3007
3704
4118
4319
4302
4300
4383
4567
4709
4693
4621
4473
4246
3792
2965
1950
776
-415
-1315
-1925
-2150
-2164
-2241
-2335
-2513
-2681
-2799
-3012
-3180
-3231
-3126
-2827
-2396
-1737
-846
189
1198
1876
2264
2432
2403
2344
2260
2298
2482
2642
2780
2878
2772
2484
2078
1496
806
163
-346
-549
-466
-273
-3
246
362
359
199
-37
-238
-330
-243
-88
104
472
968
1437
1803
1983
1959
1743
1409
949
586
413
338
431
345
-362
-1544
-3181
-4578
-5220
-5746
-6178
-6623
-6919
-6347
-5445
-4619
-3985
-3756
-3260
-2716
-2484
-2226
-1872
-925
577
2017
3352
4333
5018
5544
5684
5529
5154
4772
4421
3994
3617
3302
3146
2984
2399
1541
482
-714
-1742
-2609
-3137
-3382
-3503
-3502
-3434
-3121
-2730
-2433
-2177
-2151
-2068
-1843
-1590
-1083
-358
590
1624
2489
3144
3433
3442
3320
2987
2641
2286
1953
1749
1533
1412
1361
1232
1004
537
-5
-506
-963
-1148
-1120
-952
-610
-219
118
386
577
710
827
903
883
891
1024
1255
1595
1933
2205
2284
2187
1940
1532
1122
723
360
86
-359
-1221
-2518
-4045
-5158
-5677
-5981
-6405
-6910
-7095
-6627
-5660
-4806
-4236
-3697
-3042
-2262
-1668
-1327
-841
62
1382
2701
3646
4443
5094
5553
5869
5798
5483
5039
4383
3670
3022
2475
2091
1713
1152
440
-452
-1459
-2268
-2844
-3257
-3510
-3766
-3889
-3695
-3336
-2788
-2188
-1729
-1298
-931
-591
-203
211
731
1390
2133
2780
3202
3410
3406
3300
3089
2738
2301
1747
1200
813
534
333
162
-33
-244
-510
-746
-896
-954
-878
-694
-465
-221
60
399
822
1165
1422
1584
1636
1710
1763
1806
1918
2000
1989
1952
1848
1578
1274
907
473
156
-133
-673
-1604
-2957
-4498
-5595
-6104
-6382
-6675
-7067
-7200
-6525
-5416
-4415
-3668
-3084
-2325
-1530
-1027
-763
-417
443
1749
2951
3782
4399
5058
5690
6051
5935
5414
4763
4011
3146
2270
1560
1131
870
457
-229
-1057
-1804
-2332
-2736
-3050
-3362
-3622
-3706
-3533
-3079
-2451
-1762
-1101
-495
3
368
686
1033
1441
1919
2348
2650
2856
2964
3010
2890
2613
2276
1871
1336
707
184
-148
-343
-541
-791
-999
-1090
-1040
-893
-703
-492
-252
-30
216
493
816
1166
1463
1768
1917
1963
2079
2121
2167
2190
2051
1957
1761
1417
1117
765
404
102
-264
-541
-910
-1772
-2982
-4338
-5493
-6045
-6341
-6748
-7079
-7137
-6562
-5365
-4177
-3232
-2421
-1610
-766
-206
31
302
933
1870
2790
3431
3914
4550
5299
5855
5883
5350
4587
3823
2931
1935
1007
270
-196
-654
-1202
-1736
-2134
-2267
-2306
-2452
-2685
-2935
-3043
-2923
-2616
-2179
-1656
-1013
-331
292
840
1356
1930
2446
2747
2841
2759
2594
2471
2370
2169
1876
1549
1216
846
439
47
-264
-488
-766
-1099
-1368
-1494
-1367
-1115
-848
-496
-116
253
663
1011
1296
1593
1804
1988
2055
1974
1967
2026
2075
2045
1831
1604
1390
1114
794
438
115
-229
-560
-888
-1249
-1628
-2286
-3267
-4354
-5274
-5658
-5858
-6229
-6505
-6508
-5814
-4603
-3567
-2648
-1766
-898
-24
497
719
1028
1635
2355
2862
3157
3453
4079
4822
5154
5014
4584
4046
3452
2628
1625
691
-33
-658
-1343
-1976
-2440
-2614
-2466
-2318
-2303
-2295
-2276
-2159
-1948
-1675
-1333
-987
-581
-98
462
1033
1530
2017
2479
2800
2887
2779
2591
2335
2072
1749
1268
784
392
88
-63
-191
-363
-510
-696
-857
-1003
-1110
-1038
-844
-615
-338
-18
389
879
1308
1675
1956
2117
2152
2081
1975
1849
1709
1590
1491
1300
1066
885
705
488
260
-67
-431
-662
-924
-1152
-1378
-2048
-2975
-3950
-4869
-5231
-5419
-5778
-5937
-5899
-5371
-4303
-3333
-2445
-1566
-743
-39
338
544
858
1458
2069
2403
2641
2925
3460
4126
4471
4433
4128
3694
3190
2485
1682
860
111
-499
-1243
-1957
-2371
-2500
-2370
-2181
-2086
-1993
-1859
-1680
-1439
-1176
-889
-556
-278
-57
256
676
1232
1785
2131
2393
2546
2578
2568
2371
2061
1704
1217
742
326
3
-159
-225
-323
-462
-543
-619
-627
-553
-528
-460
-333
-212
42
377
721
1113
1468
1760
1955
1986
1962
1905
1817
1631
1363
1140
934
794
641
428
240
68
-143
-325
-519
-705
-873
-1066
-1487
-2272
-3195
-4118
-4679
-4890
-5269
-5636
-5738
-5443
-4524
-3500
-2677
-1866
-1077
-359
157
440
667
1056
1568
1907
2118
2351
2767
3425
3929
4097
4014
3735
3400
2914
2198
1394
611
-89
-822
-1579
-2076
-2287
-2229
-2070
-2043
-1971
-1771
-1531
-1246
-1015
-859
-658
-487
-346
-84
234
570
1095
1597
1908
2198
2382
2473
2526
2317
1929
1453
978
594
228
-36
-209
-311
-349
-378
-399
-396
-347
-290
-258
-225
-183
-22
234
481
750
1042
1355
1588
1736
1812
1790
1763
1641
1410
1187
966
759
592
418
201
59
-20
-155
-243
-310
-484
-610
-847
-1487
-2358
-3344
-4161
-4510
-4871
-5366
-5623
-5536
-4905
-3934
-3043
-2311
-1571
-766
-134
235
442
701
1160
1516
1679
1884
2261
2858
3480
3832
3853
3772
3625
3291
2744
2008
1183
428
-348
-1192
-1839
-2226
-2343
-2243
-2159
-2081
-1884
-1589
-1282
-1060
-915
-785
-573
-419
-381
-210
100
518
1076
1535
1843
2166
2467
2659
2630
2389
1975
1512
1128
678
226
-78
-274
-319
-304
-385
-371
-217
-115
-74
-102
-163
-122
34
214
417
660
895
1168
1386
1498
1557
1585
1596
1492
1298
1114
947
751
514
303
121
11
-40
-154
-231
-293
-426
-507
-855
-1619
-2475
-3373
-4032
-4310
-4786
-5338
-5536
-5289
-4497
-3569
-2797
-2076
-1288
-508
17
296
542
932
1378
1601
1641
1825
2275
2855
3345
3533
3546
3585
3517
3177
2620
1918
1081
309
-510
-1360
-1931
-2273
-2398
-2321
-2256
-2121
-1798
-1459
-1164
-886
-675
-575
-485
-409
-427
-325
-14
399
904
1323
1633
2001
2335
2548
2564
2342
2002
1641
1215
698
248
-44
-207
-299
-342
-349
-287
-137
7
52
31
62
226
337
340
450
612
817
1071
1208
1253
1367
1483
1504
1435
1275
1059
861
678
463
264
107
-30
-84
-178
-330
-380
-431
-566
-1044
-1890
-2709
-3419
-3850
-4241
-4863
-5316
-5400
-4966
-4147
-3347
-2572
-1773
-954
-293
127
519
833
1182
1468
1451
1473
1753
2236
2812
3161
3273
3347
3401
3350
2996
2406
1719
950
163
-720
-1561
-2087
-2332
-2410
-2454
-2398
-2161
-1760
-1306
-1007
-765
-545
-419
-326
-333
-298
-150
78
446
832
1235
1695
2120
2435
2605
2585
2365
2050
1664
1148
646
251
-87
-307
-432
-515
-431
-279
-178
-72
25
101
193
293
340
374
491
617
762
947
1090
1221
1352
1464
1521
1484
1377
1216
1002
754
484
258
64
-55
-164
-301
-382
-562
-624
-785
-1507
-2261
-2949
-3589
-3929
-4457
-5079
-5299
-5118
-4558
-3790
-2989
-2187
-1365
-540
96
597
937
1196
1536
1656
1593
1640
1942
2420
2783
2956
3078
3203
3254
3062
2666
2141
1409
621
-195
-1040
-1697
-2186
-2483
-2580
-2577
-2445
-2167
-1733
-1239
-892
-667
-529
-397
-268
-273
-185
-22
153
499
883
1263
1700
2138
2423
2504
2503
2346
2041
1624
1123
682
245
-142
-364
-488
-495
-453
-379
-210
-69
60
174
244
349
409
417
479
610
749
826
912
1056
1216
1317
1331
1323
1252
1126
974
774
560
328
117
-31
-192
-360
-501
-522
-673
-1326
-2039
-2604
-3156
-3539
-4082
-4652
-4771
-4702
-4451
-3898
-3125
-2285
-1530
-855
-229
404
904
1172
1435
1633
1662
1664
1815
2173
2491
2655
2733
2887
3041
2870
2524
2170
1620
919
59
-826
-1403
-1858
-2292
-2591
-2678
-2504
-2229
-1956
-1569
-1104
-706
-527
-449
-243
-126
-62
77
183
389
708
1014
1402
1880
2206
2343
2398
2346
2161
1846
1374
894
517
119
-242
-470
-515
-468
-456
-402
-213
-13
101
195
292
377
423
472
552
628
710
832
889
995
1143
1191
1244
1278
1193
1090
931
706
523
306
92
-93
-275
-473
-601
-747
-1251
-1904
-2461
-3000
-3337
-3747
-4325
-4542
-4515
-4357
-3851
-3149
-2412
-1665
-935
-304
315
910
1219
1446
1673
1705
1717
1830
2047
2344
2455
2407
2480
2631
2592
2353
2028
1597
1005
228
-557
-1155
-1607
-2075
-2459
-2595
-2505
-2307
-2022
-1616
-1150
-757
-519
-317
-97
40
115
160
238
454
717
992
1325
1669
1970
2144
2212
2191
2069
1845
1478
1061
663
295
-46
-326
-472
-542
-553
-483
-332
-155
-11
105
242
388
440
473
529
605
682
692
737
889
1022
1081
1111
1116
1066
987
861
708
569
336
105
-89
-278
-483
-628
-719
-1136
-1827
-2399
-2856
-3092
-3406
-3973
-4232
-4183
-3962
-3559
-2985
-2261
-1578
-992
-476
102
712
1040
1265
1530
1617
1606
1646
1849
2154
2254
2209
2243
2349
2373
2188
1867
1464
976
372
-333
-886
-1245
-1675
-2074
-2224
-2177
-2047
-1825
-1516
-1199
-880
-627
-477
-226
-32
8
95
204
421
699
918
1170
1518
1819
1968
2040
2051
1945
1732
1415
1052
730
438
134
-120
-275
-343
-352
-346
-284
-126
45
119
214
350
386
380
472
571
589
616
651
760
881
921
950
971
905
791
734
640
438
260
103
-93
-259
-435
-595
-651
-955
-1579
-2067
-2370
-2642
-2979
-3486
-3836
-3778
-3614
-3381
-2923
-2307
-1684
-1133
-590
-36
519
883
1013
1166
1325
1350
1325
1453
1686
1818
1799
1771
1975
2137
1982
1756
1480
1086
604
60
-443
-888
-1294
-1653
-1878
-1887
-1790
-1623
-1379
-1106
-810
-563
-380
-179
-15
6
11
114
263
477
700
922
1253
1574
1763
1860
1916
1875
1731
1492
1132
785
515
243
20
-133
-223
-223
-182
-149
-61
104
232
309
368
397
417
469
494
467
478
498
566
711
773
769
822
847
785
697
596
452
277
97
-98
-275
-469
-647
-700
-782
-1120
-1609
-1999
-2217
-2417
-2753
-3135
-3363
-3294
-3096
-2878
-2430
-1881
-1425
-976
-560
-133
309
624
813
936
1022
1016
1035
1236
1429
1498
1499
1537
1690
1804
1697
1473
1249
909
448
26
-375
-728
-1025
-1306
-1438
-1464
-1394
-1221
-1041
-850
-635
-440
-313
-192
-69
-29
17
102
267
527
744
923
1146
1403
1562
1645
1680
1588
1486
1320
1021
779
608
395
209
109
33
12
21
64
179
238
263
334
370
360
379
389
369
389
422
453
502
531
607
661
647
633
570
489
398
267
145
-12
-174
-303
-461
-569
-684
-883
-1186
-1589
-1892
-2088
-2249
-2476
-2748
-2859
-2807
-2604
-2285
-1940
-1601
-1298
-928
-493
-107
228
442
575
717
767
770
864
1000
1134
1175
1166
1247
1359
1418
1344
1182
973
672
316
-14
-320
-614
-861
-1045
-1137
-1143
-1071
-932
-799
-696
-562
-400
-271
-140
-45
-10
56
164
336
498
667
856
1035
1243
1356
1395
1437
1423
1313
1157
990
784
615
472
346
216
107
135
189
197
230
282
350
401
390
405
434
406
410
421
409
422
447
531
564
539
544
503
471
433
327
229
138
-15
-139
-278
-447
-569
-664
-798
-1046
-1308
-1573
-1772
-1912
-2088
-2232
-2372
-2428
-2320
-2140
-1886
-1578
-1299
-1020
-712
-389
-89
133
267
394
507
547
616
726
853
955
965
1001
1108
1171
1135
1041
882
696
468
199
-28
-270
-532
-748
-870
-955
-952
-892
-841
-718
-615
-530
-399
-292
-184
-64
24
123
238
387
588
720
852
1023
1146
1248
1312
1350
1320
1232
1109
938
761
605
510
404
301
263
257
212
226
276
302
331
317
346
363
360
374
347
358
371
328
366
410
415
427
423
427
407
318
216
138
45
-97
-246
-359
-488
-596
-720
-916
-1171
-1443
-1605
-1714
-1867
-1994
-2071
-2088
-2008
-1876
-1729
-1483
-1185
-942
-703
-466
-231
25
199
302
385
436
519
638
738
822
894
932
971
1013
989
893
750
613
453
211
-43
-262
-449
-603
-745
-826
-797
-757
-712
-638
-523
-394
-274
-174
-85
18
56
110
289
428
479
634
765
848
990
1043
1109
1175
1132
1080
1003
891
762
638
517
398
316
272
230
201
213
244
292
291
259
290
342
358
340
362
390
364
357
332
331
361
321
294
304
256
167
144
63
-69
-135
-244
-346
-478
-632
-715
-826
-993
-1143
-1300
-1425
-1496
-1640
-1754
-1773
-1804
-1764
-1606
-1401
-1179
-963
-754
-529
-271
-88
61
217
294
381
435
459
515
584
633
638
653
680
728
744
673
585
440
257
128
-26
-186
-328
-508
-629
-671
-676
-623
-552
-434
-281
-155
-20
129
223
290
360
388
438
527
604
690
756
803
873
919
978
1039
1017
950
862
754
652
552
430
306
226
152
107
108
104
142
183
194
254
327
375
384
343
346
341
315
308
240
198
188
155
135
102
72
47
-28
-109
-194
-331
-425
-494
-599
-681
-716
-800
-936
-997
-1038
-1129
-1244
-1350
-1368
-1399
-1421
-1357
-1262
-1122
-985
-824
-650
-490
-306
-153
0
130
176
237
273
312
357
345
372
374
356
412
436
455
448
364
317
215
94
16
-107
-224
-322
-410
-417
-372
-299
-219
-156
-42
62
148
272
343
384
431
465
501
561
615
629
675
760
835
866
863
845
838
802
697
608
518
436
384
296
210
175
161
181
227
268
323
348
346
354
324
297
316
287
224
176
143
112
92
85
66
65
19
-70
-98
-163
-270
-348
-430
-489
-568
-671
-725
-711
-710
-754
-792
-830
-877
-952
-1046
-1097
-1094
-1099
-1091
-1055
-990
-887
-754
-616
-478
-336
-205
-64
26
43
90
133
125
104
104
144
167
175
206
246
296
301
281
308
278
181
97
-34
-135
-180
-253
-238
-168
-135
-71
0
85
181
233
313
400
428
470
516
541
566
550
564
611
653
696
700
715
722
656
616
602
528
477
425
334
312
282
250
281
276
287
324
347
340
312
314
308
278
226
182
132
103
89
57
19
21
20
-24
-56
-134
-204
-250
-331
-417
-492
-544
-565
-623
-662
-663
-686
-707
-735
-747
-730
-742
-807
-849
-863
-880
-921
-917
-833
-739
-631
-526
-431
-295
-191
-136
-88
-31
36
67
60
31
23
44
41
41
97
146
182
227
233
210
179
121
54
16
-4
-46
-83
-105
-79
-40
-6
76
166
253
336
406
442
498
557
576
610
608
595
627
626
607
631
601
582
613
555
507
511
492
483
425
328
299
283
273
290
296
275
263
249
241
229
189
165
119
68
85
107
60
15
-9
-48
-74
-110
-149
-182
-266
-344
-400
-470
-522
-553
-565
-584
-616
-600
-579
-580
-572
-579
-580
-580
-612
-659
-666
-656
-650
-638
-627
-581
-527
-478
-392
-321
-217
-127
-141
-115
-77
-108
-94
-67
-82
-83
-77
-88
-47
23
32
94
148
131
140
142
104
84
63
33
28
39
46
63
144
230
286
323
393
445
474
525
549
539
526
536
529
498
487
479
469
487
482
476
496
491
459
438
413
357
345
336
276
267
288
249
220
220
204
186
172
165
167
157
115
89
65
30
1
-49
-56
-61
-106
-128
-209
-317
-332
-362
-432
-423
-447
-492
-463
-488
-496
-441
-460
-465
-457
-466
-448
-478
-501
-483
-522
-532
-483
-490
-473
-422
-402
-377
-354
-357
-346
-341
-322
-293
-279
-269
-246
-206
-193
-175
-160
-146
-98
-41
23
54
56
61
74
99
116
140
186
213
219
251
275
308
354
363
406
472
472
484
497
462
454
469
425
398
432
451
448
447
433
413
441
434
388
406
393
331
305
270
276
306
295
270
248
246
228
201
161
120
112
87
70
69
44
25
20
-20
-47
-77
-127
-164
-197
-220
-248
-270
-308
-361
-382
-360
-370
-370
-352
-381
-385
-384
-370
-366
-418
-461
-468
-493
-497
-458
-459
-449
-459
-465
-435
-446
-420
-372
-371
-335
-304
-330
-314
-302
-283
-234
-189
-149
-121
-81
-22
19
66
134
145
166
185
156
158
175
156
187
227
241
276
289
353
374
333
346
338
347
375
376
377
381
360
365
403
343
334
378
350
357
362
350
366
341
281
272
273
254
278
276
247
248
256
243
197
152
121
102
70
48
51
56
31
6
-29
-56
-62
-102
-122
-131
-155
-167
-171
-228
-297
-317
-318
-337
-339
-335
-326
-314
-340
-349
-351
-370
-387
-384
-375
-361
-345
-354
-392
-417
-379
-330
-308
-317
-331
-294
-286
-301
-282
-243
-214
-221
-198
-144
-127
-91
-55
-50
-18
10
38
96
138
155
157
108
128
142
128
162
158
171
186
187
195
186
206
250
270
274
273
255
269
260
252
290
277
310
342
299
310
323
321
315
277
269
287
290
281
293
290
292
280
231
235
221
177
172
159
131
111
91
44
-2
-20
-6
-8
-46
-49
-67
-73
-66
-118
-123
-149
-219
-228
-250
-245
-222
-249
-261
-260
-277
-282
-282
-291
-324
-329
-307
-302
-311
-328
-356
-364
-319
-303
-313
-277
-274
-272
-235
-246
-223
-175
-156
-135
-138
-148
-119
-106
-102
-80
-32
1
-9
2
17
38
52
42
59
86
74
68
71
58
34
53
94
120
131
114
163
202
175
179
208
205
193
190
201
225
243
235
223
233
261
291
278
248
246
279
282
272
268
253
241
228
212
204
214
205
207
211
156
132
135
99
67
34
43
54
-15
-40
-20
-54
-69
-102
-120
-95
-117
-149
-158
-159
-172
-190
-219
-234
-218
-219
-233
-202
-211
-231
-207
-200
-198
-199
-228
-247
-239
-229
-207
-197
-215
-224
-201
-165
-158
-154
-133
-111
-92
-108
-102
-72
-80
-91
-99
-125
-112
-76
-58
-16
-16
-35
-20
-14
-45
-60
-14
-19
-38
-17
-15
-3
45
62
69
120
138
116
119
134
160
188
175
202
230
221
242
233
212
221
222
206
212
263
254
217
213
187
197
200
171
180
169
156
138
108
118
111
88
95
100
99
88
59
49
39
17
1
-35
-69
-58
-54
-80
-80
-70
-124
-152
-120
-140
-167
-152
-138
-135
-165
-185
-182
-194
-210
-191
-168
-159
-176
-196
-163
-168
-170
-128
-105
-89
-77
-90
-88
-51
-68
-53
5
-25
-34
-23
-73
-80
-51
-53
-54
-44
-44
-40
-42
-44
-34
-46
-68
-58
-47
-60
-47
-27
-20
-6
2
16
38
43
67
99
96
116
124
108
135
141
126
156
158
150
177
176
157
156
157
166
175
168
168
143
115
104
93
101
90
76
86
98
84
73
77
64
45
33
8
-16
-4
34
46
19
-14
-45
-65
-81
-82
-76
-84
-105
-115
-102
-104
-118
-131
-159
-187
-164
-146
-162
-148
-114
-114
-114
-90
-89
-83
-57
-70
-80
-30
-6
-11
11
15
40
70
39
19
25
15
-4
-23
-16
-14
-22
-25
-41
-36
-42
-84
-94
-91
-85
-52
-62
-54
-46
-74
-59
-30
-37
-20
7
24
73
74
45
69
83
63
88
91
97
134
140
134
127
136
147
139
137
117
106
130
107
94
104
110
108
61
46
81
65
44
40
18
35
30
12
20
5
8
16
1
-18
-2
3
-49
-67
-56
-52
-70
-102
-85
-83
-105
-115
-121
-119
-123
-135
-154
-137
-124
-131
-111
-86
-82
-75
-79
-66
-33
-15
-13
-14
7
23
19
33
47
38
51
62
56
55
46
34
25
-4
-30
-33
-37
-58
-75
-69
-73
-73
-63
-74
-69
-69
-90
-90
-92
-85
-75
-68
-25
11
13
37
76
100
105
102
124
165
171
145
144
156
146
111
111
101
81
108
100
87
99
87
84
62
26
42
39
33
58
45
24
37
52
41
24
19
10
17
22
-2
6
-1
-23
-38
-60
-44
-36
-65
-82
-82
-68
-79
-120
-131
-110
-119
-113
-103
-119
-87
-77
-98
-100
-71
-45
-45
-64
-40
-1
-3
12
20
20
41
59
58
52
40
43
43
21
12
17
23
13
-8
-27
-63
-87
-55
-56
-89
-75
-74
-87
-77
-90
-103
-67
-56
-80
-91
-71
-20
-2
-11
10
45
24
27
88
101
97
102
110
118
116
107
82
89
117
102
82
111
118
85
94
82
63
52
40
67
45
39
80
52
31
42
8
17
39
18
28
12
-13
15
13
-25
-17
-20
-17
8
-34
-41
-40
-85
-112
-133
-121
-107
-105
-81
-93
-133
-106
-103
-133
-120
-103
-40
-10
-48
-8
25
-8
-6
27
56
67
73
97
99
72
54
62
55
43
59
72
56
40
18
-8
-19
-49
-65
-28
-33
-75
-60
-67
-80
-85
-97
-99
-67
-47
-66
-46
-59
-72
-13
-4
-11
17
21
19
10
21
55
71
59
43
60
77
61
69
70
65
65
56
67
72
85
76
67
60
45
63
58
20
34
22
11
58
33
13
31
10
9
8
4
6
-4
-30
-21
-2
-30
-36
-43
-58
-68
-77
-88
-92
-83
-82
-114
-122
-95
-105
-102
-92
-67
-55
-71
-36
-7
-16
-21
-12
5
13
27
64
65
55
72
80
77
87
75
71
80
57
57
72
61
49
23
9
-1
-30
-35
-55
-67
-38
-44
-68
-53
-65
-68
-58
-76
-57
-51
-43
-11
-26
-32
-20
-18
14
30
37
64
66
50
39
71
104
62
64
60
37
59
49
54
67
37
34
47
22
14
36
42
25
27
36
32
14
-11
-16
-2
11
23
14
-4
11
15
12
19
4
-26
-35
-41
-49
-48
-66
-74
-74
-81
-74
-77
-108
-114
-98
-109
-100
-69
-61
-58
-31
-35
-38
-19
-22
1
24
26
41
91
102
70
61
44
33
47
44
56
75
37
14
22
-1
-25
-37
-35
-13
-24
-47
-47
-49
-61
-63
-45
-49
-66
-51
-31
-17
-6
-3
-7
-7
-2
10
28
30
33
45
56
52
60
89
82
68
78
80
98
97
75
81
58
45
41
27
30
27
14
12
37
52
15
-23
-7
-13
-18
-23
-36
-12
4
-1
-20
-7
11
-10
-17
-23
-19
8
-5
-46
-43
-33
-39
-64
-82
-80
-98
-96
-86
-84
-71
-81
-93
-87
-69
-59
-57
-45
-34
-16
12
0
5
36
30
39
83
104
97
103
95
80
83
68
59
74
66
45
14
13
2
-32
-50
-72
-53
-49
-76
-82
-70
-67
-71
-60
-61
-65
-64
-56
-33
-15
-3
4
-5
9
28
31
40
47
76
91
100
106
81
67
57
76
95
68
70
92
72
27
30
48
21
3
9
17
13
5
1
-16
-21
-33
-61
-53
-27
-32
-34
-23
-22
-9
0
-17
-22
-12
-14
-23
-37
-43
-38
-35
-42
-66
-77
-74
-71
-82
-86
-72
-82
-74
-51
-40
-56
-58
-22
-3
2
24
52
49
38
35
66
97
86
96
105
91
107
104
62
54
61
52
44
35
15
4
12
-17
-48
-51
-73
-62
-62
-100
-103
-77
-70
-71
-65
-49
-20
-10
-4
14
10
9
20
12
29
48
57
88
79
74
93
77
56
44
31
10
4
6
2
4
7
1
-4
-7
-7
-19
-29
-10
-8
1
1
-12
5
17
10
-2
7
7
-7
-3
-3
6
10
1
-3
-12
-10
-14
-28
-41
-67
-64
-47
-66
-72
-58
-58
-76
-84
-63
-40
-24
-21
-26
-5
5
-6
13
15
8
12
19
49
50
27
50
68
55
38
38
63
75
48
23
28
25
10
-5
-25
-26
-39
-64
-57
-37
-45
-52
-39
-59
-38
-20
-44
-28
-2
-4
-4
11
19
34
40
39
49
62
73
70
71
98
94
68
56
35
49
51
16
0
-5
1
-12
-25
11
12
-23
-22
4
-9
-22
-14
-28
-44
-54
-52
-7
14
-29
-20
-6
-4
14
31
28
0
-6
4
13
17
-3
-31
-23
-27
-52
-29
-19
-46
-40
-38
-69
-61
-48
-54
-26
-30
-45
-6
20
3
0
5
0
6
18
24
26
23
9
33
44
29
40
30
17
17
0
-12
-4
-8
-11
-20
-42
-42
-41
-36
-36
-44
-21
-9
-19
-20
-18
-10
-3
3
17
31
30
33
51
56
61
64
70
60
57
55
53
52
55
51
17
15
13
-3
12
15
-11
-28
-23
-22
-33
-44
-34
-17
-14
-25
-6
0
-39
-24
-19
-17
6
6
1
-2
5
17
24
14
-9
3
12
-1
7
-24
-30
10
-16
-38
-18
-42
-56
-36
-47
-37
-22
-33
-27
-26
-34
-11
-16
-9
14
-3
5
26
41
48
23
20
41
33
39
60
46
36
27
23
7
-8
21
2
-14
-7
-15
-12
-22
-35
-28
-23
-23
-14
-27
-25
-25
-18
11
4
-17
-7
8
2
4
36
59
46
42
21
31
52
29
30
12
-4
11
-7
-27
-17
-5
-16
-15
-15
-17
-19
-41
-48
-29
-3
-6
-8
2
7
-5
-5
-13
-6
19
11
14
19
5
15
14
5
20
9
-18
-23
-14
-8
-26
-24
-22
-27
-8
-29
-30
-9
-35
-42
-16
-16
-19
-17
-23
-21
-11
-6
9
11
7
18
23
20
23
40
52
61
37
15
27
47
59
43
44
38
24
34
16
-4
18
28
-2
-12
-12
-21
-17
-23
-25
-19
-14
-3
-15
-23
-3
-15
-17
-24
-30
-7
-10
2
