5
0
-5
-4
-5
-4
-4
3
-3
-2
3
-1
-7
-6
2
4
1
-5
-6
-4
0
0
-4
-5
-2
4
6
1
-4
2
4
-4
-4
0
1
5
3
3
3
-4
-2
-4
-2
5
4
5
3
-7
-5
6
6
3
6
4
-2
-7
-4
5
0
-1
-5
-5
6
6
-1
-3
-1
1
3
3
2
-3
1
2
-5
-4
-2
3
3
-2
5
4
2
4
3
4
4
-2
1
6
0
4
9
4
1
-1
4
3
1
5
3
-2
-7
-5
1
1
1
0
0
3
-6
-6
0
4
0
-4
3
4
3
0
-3
-1
3
-5
-11
-1
-3
-1
0
-6
4
4
-9
-5
5
3
1
-2
-1
6
3
3
4
1
0
5
4
-2
3
-7
-21
-27
-39
-34
-19
-21
-11
9
14
20
9
-4
1
-5
-5
4
5
11
2
-3
1
3
1
-20
-46
-39
-6
-15
-29
-46
-38
22
35
36
48
42
61
43
29
26
3
-7
-23
-12
-5
4
19
25
25
30
53
61
69
73
60
69
53
23
1
-12
8
2
-10
4
4
10
11
-9
-21
-25
-24
-30
-48
-52
-66
-80
-57
-45
-34
-21
-19
-17
-31
-30
-25
-22
-10
-8
-11
-1
16
10
-7
-23
-27
-10
6
15
3
-17
-9
0
-21
-49
-70
-74
-46
-45
-64
-63
-53
-44
-60
-86
-82
-74
-70
-69
-71
-51
-34
-35
-26
-17
10
26
15
20
23
26
31
34
37
47
68
96
119
133
147
161
173
170
172
185
203
219
216
233
247
231
238
241
224
195
153
144
149
146
133
101
55
15
-28
-81
-134
-165
-200
-221
-229
-263
-291
-311
-357
-429
-519
-603
-619
-613
-611
-607
-615
-583
-541
-502
-456
-443
-406
-351
-339
-274
-166
-43
104
206
307
430
510
567
611
656
704
720
746
805
845
829
782
721
644
574
452
304
189
83
6
-79
-203
-290
-342
-423
-491
-561
-639
-684
-701
-674
-635
-569
-485
-383
-251
-181
-107
1
71
186
327
451
584
671
763
880
944
964
979
1007
1020
994
972
951
899
848
767
715
681
586
470
327
242
191
101
5
-125
-242
-363
-509
-627
-736
-884
-1061
-1169
-1269
-1434
-1649
-1896
-1977
-1979
-2037
-2141
-2232
-2163
-1991
-1846
-1708
-1556
-1390
-1191
-1004
-821
-567
-243
94
404
677
989
1325
1581
1752
1933
2077
2099
2105
2080
2001
1989
1914
1758
1593
1382
1141
852
547
270
37
-224
-508
-714
-862
-999
-1125
-1188
-1210
-1242
-1250
-1210
-1103
-981
-856
-700
-549
-389
-216
-59
99
331
554
682
803
924
1065
1193
1254
1260
1249
1239
1190
1140
1087
1095
1114
1043
1019
996
920
813
710
648
591
548
437
271
211
219
228
212
143
58
-35
-235
-479
-670
-839
-1009
-1207
-1448
-1702
-1986
-2302
-2526
-2625
-2717
-2846
-2964
-3009
-2884
-2692
-2494
-2284
-2049
-1766
-1483
-1202
-852
-454
22
505
887
1243
1613
2012
2341
2569
2771
2866
2841
2802
2695
2556
2429
2235
1974
1717
1398
1042
702
379
73
-230
-587
-938
-1206
-1405
-1564
-1651
-1671
-1686
-1624
-1569
-1517
-1377
-1185
-965
-776
-637
-497
-291
-4
281
553
796
1038
1296
1479
1634
1787
1837
1844
1779
1641
1536
1453
1424
1412
1357
1330
1313
1191
1037
879
742
610
440
305
136
-10
-89
-132
-169
-177
-180
-184
-235
-407
-602
-777
-923
-1095
-1343
-1628
-1914
-2244
-2544
-2769
-2881
-2886
-2938
-3075
-3123
-2957
-2701
-2513
-2372
-2141
-1823
-1538
-1269
-918
-476
69
570
942
1317
1746
2164
2513
2751
2899
2973
2996
2904
2768
2711
2595
2391
2131
1825
1481
1135
751
384
74
-306
-633
-926
-1222
-1445
-1613
-1724
-1779
-1813
-1796
-1765
-1667
-1443
-1214
-1002
-813
-663
-530
-331
-118
159
460
702
973
1261
1557
1782
1941
2033
2052
1987
1880
1761
1617
1510
1407
1316
1245
1192
1143
1096
1001
853
708
519
310
120
-96
-263
-348
-409
-407
-420
-423
-386
-354
-369
-463
-581
-716
-865
-1018
-1299
-1639
-1952
-2337
-2641
-2809
-2899
-2942
-3031
-3077
-3025
-2841
-2633
-2498
-2333
-2137
-1921
-1699
-1405
-1008
-496
33
472
881
1321
1787
2242
2614
2836
2972
3053
3019
2955
2890
2788
2678
2459
2158
1881
1590
1283
979
677
336
-44
-424
-804
-1089
-1305
-1504
-1628
-1743
-1781
-1737
-1658
-1496
-1328
-1190
-1055
-938
-877
-729
-452
-218
34
335
554
829
1184
1466
1725
1942
1998
1993
1943
1822
1704
1596
1479
1376
1312
1259
1210
1165
1127
1048
927
762
574
372
161
-42
-229
-369
-480
-497
-505
-466
-332
-256
-128
-86
-194
-382
-604
-771
-1031
-1295
-1575
-1978
-2422
-2712
-2823
-2898
-2988
-3184
-3277
-3165
-3011
-2862
-2810
-2658
-2415
-2216
-1984
-1743
-1335
-770
-237
241
724
1215
1736
2242
2609
2898
3102
3197
3257
3255
3218
3143
3023
2805
2531
2283
1995
1740
1449
1094
745
317
-119
-528
-862
-1128
-1376
-1606
-1792
-1901
-1984
-1947
-1807
-1674
-1475
-1266
-1127
-1031
-922
-734
-559
-333
-61
198
494
822
1203
1523
1803
2029
2112
2130
2100
2037
1909
1768
1661
1521
1372
1279
1251
1242
1183
1077
935
752
540
334
132
-114
-319
-471
-592
-677
-687
-632
-566
-471
-337
-278
-278
-354
-496
-620
-875
-1172
-1481
-1868
-2323
-2767
-2996
-3022
-3099
-3264
-3392
-3345
-3135
-2965
-2895
-2772
-2597
-2407
-2134
-1925
-1599
-1111
-617
-83
441
968
1570
2205
2685
3027
3296
3477
3567
3546
3524
3505
3382
3186
2938
2679
2389
2117
1867
1535
1186
782
295
-181
-565
-950
-1369
-1705
-1973
-2170
-2269
-2265
-2157
-1997
-1822
-1641
-1490
-1337
-1133
-912
-722
-538
-313
-47
277
625
982
1369
1766
2080
2252
2411
2465
2428
2369
2201
2014
1804
1605
1490
1362
1224
1144
1049
912
796
616
412
235
36
-212
-492
-737
-878
-940
-982
-965
-921
-768
-579
-483
-371
-333
-340
-452
-721
-1008
-1339
-1695
-2182
-2659
-2972
-3138
-3189
-3316
-3437
-3381
-3205
-3039
-2884
-2710
-2557
-2352
-2195
-2053
-1717
-1289
-868
-378
138
690
1317
1952
2549
3065
3431
3645
3784
3839
3807
3677
3496
3261
2985
2747
2474
2235
1961
1607
1331
1023
550
80
-274
-714
-1165
-1554
-1906
-2124
-2345
-2442
-2359
-2236
-2031
-1830
-1629
-1378
-1159
-992
-773
-541
-341
-147
141
481
822
1219
1581
1905
2188
2360
2492
2583
2539
2442
2257
2024
1806
1607
1422
1280
1160
1053
947
784
640
531
357
115
-147
-421
-611
-831
-1020
-1095
-1131
-1045
-932
-783
-580
-446
-353
-340
-371
-504
-733
-1040
-1451
-1793
-2298
-2755
-3027
-3212
-3289
-3492
-3566
-3448
-3204
-2938
-2873
-2716
-2485
-2282
-2128
-1944
-1589
-1206
-744
-288
214
798
1393
2065
2653
3124
3501
3794
4010
4021
3892
3751
3589
3292
2923
2577
2296
2080
1771
1480
1198
865
517
86
-307
-706
-1102
-1497
-1920
-2157
-2323
-2417
-2393
-2294
-2114
-1944
-1695
-1430
-1178
-889
-640
-427
-198
67
349
650
931
1258
1569
1848
2115
2312
2491
2554
2512
2428
2282
2083
1877
1677
1481
1315
1132
978
888
733
574
436
266
114
-133
-353
-506
-718
-870
-996
-1044
-1008
-920
-791
-650
-530
-519
-437
-393
-505
-723
-1114
-1479
-1879
-2420
-2860
-3208
-3401
-3533
-3780
-3840
-3681
-3387
-3104
-2931
-2664
-2357
-2103
-1924
-1712
-1387
-993
-602
-189
303
856
1507
2128
2697
3209
3590
3922
4151
4192
4126
3941
3653
3303
2905
2501
2170
1840
1463
1180
902
614
335
4
-285
-596
-1027
-1457
-1789
-2044
-2237
-2393
-2458
-2367
-2209
-1999
-1743
-1465
-1125
-768
-442
-192
10
263
530
748
958
1202
1512
1809
2003
2168
2325
2463
2479
2420
2393
2296
2088
1832
1594
1392
1192
998
808
650
523
362
213
35
-114
-291
-485
-619
-784
-861
-941
-999
-949
-904
-737
-707
-689
-592
-586
-612
-875
-1184
-1496
-1934
-2427
-2905
-3233
-3454
-3645
-3882
-3975
-3780
-3532
-3287
-3051
-2752
-2373
-2093
-1813
-1539
-1225
-820
-475
-117
350
880
1453
2101
2663
3133
3597
3971
4243
4335
4259
4134
3879
3491
3030
2610
2266
1864
1429
1059
800
538
250
-36
-271
-533
-932
-1293
-1591
-1875
-2144
-2373
-2465
-2470
-2406
-2194
-1920
-1652
-1282
-959
-639
-224
90
329
587
896
1129
1349
1602
1807
2023
2161
2272
2385
2428
2469
2459
2330
2166
2012
1808
1581
1366
1150
910
682
462
290
141
-59
-230
-400
-559
-727
-874
-932
-993
-990
-989
-947
-834
-814
-787
-762
-739
-770
-959
-1231
-1566
-1932
-2407
-2857
-3170
-3438
-3639
-3863
-3936
-3767
-3538
-3304
-3072
-2726
-2399
-2093
-1778
-1533
-1156
-802
-464
-42
357
908
1506
2105
2643
3054
3521
3936
4199
4286
4225
4124
3936
3574
3158
2764
2375
2023
1580
1169
896
598
308
27
-253
-554
-923
-1273
-1585
-1854
-2130
-2328
-2436
-2495
-2396
-2230
-2045
-1778
-1439
-1076
-747
-444
-112
216
530
806
1050
1325
1589
1821
2011
2159
2313
2438
2500
2461
2394
2370
2233
2082
1869
1613
1423
1223
969
691
464
264
71
-135
-368
-584
-705
-834
-964
-1050
-1113
-1065
-1037
-998
-944
-917
-779
-725
-718
-767
-984
-1260
-1629
-2001
-2411
-2791
-3089
-3422
-3636
-3802
-3819
-3670
-3542
-3286
-3017
-2707
-2369
-2086
-1740
-1413
-1048
-735
-443
-29
439
973
1507
2072
2648
3161
3595
3954
4236
4336
4312
4188
3959
3613
3193
2815
2418
2030
1612
1241
948
614
349
46
-243
-518
-899
-1234
-1579
-1904
-2162
-2407
-2515
-2529
-2486
-2363
-2164
-1874
-1554
-1219
-867
-508
-144
230
556
834
1117
1414
1680
1915
2108
2292
2458
2506
2550
2554
2513
2500
2395
2177
1987
1789
1529
1302
1050
795
557
279
33
-193
-441
-644
-762
-960
-1113
-1154
-1172
-1161
-1142
-1052
-983
-905
-851
-904
-862
-893
-1138
-1455
-1876
-2210
-2562
-2950
-3304
-3610
-3747
-3886
-3841
-3674
-3535
-3233
-2937
-2631
-2320
-2058
-1692
-1325
-933
-635
-322
150
633
1175
1703
2238
2830
3317
3677
4022
4283
4391
4354
4206
3994
3639
3180
2774
2385
1986
1566
1179
859
573
274
-49
-330
-631
-996
-1349
-1711
-2021
-2255
-2453
-2541
-2542
-2482
-2406
-2168
-1831
-1529
-1176
-845
-418
19
378
736
1034
1362
1631
1880
2086
2207
2386
2494
2556
2597
2554
2505
2459
2397
2227
2014
1870
1628
1354
1094
780
484
207
-110
-383
-603
-837
-965
-1085
-1187
-1250
-1248
-1145
-1117
-1015
-956
-957
-836
-940
-1043
-1117
-1425
-1710
-2136
-2582
-2894
-3261
-3567
-3858
-4031
-3946
-3840
-3662
-3439
-3217
-2828
-2491
-2208
-1878
-1564
-1111
-756
-474
-31
413
972
1551
2086
2646
3179
3682
4038
4301
4436
4495
4405
4111
3801
3415
3030
2634
2157
1729
1325
994
712
360
76
-225
-562
-816
-1199
-1561
-1825
-2130
-2315
-2511
-2600
-2499
-2436
-2290
-2014
-1691
-1293
-926
-535
-113
265
654
994
1304
1577
1825
2027
2165
2292
2395
2490
2548
2568
2571
2517
2443
2317
2138
1955
1728
1485
1225
892
591
292
-46
-323
-581
-803
-987
-1135
-1194
-1227
-1270
-1230
-1139
-1062
-1028
-967
-956
-1015
-1047
-1171
-1381
-1706
-2151
-2533
-2846
-3175
-3531
-3857
-3991
-3965
-3903
-3781
-3584
-3267
-2907
-2612
-2341
-1992
-1564
-1160
-786
-460
-79
397
949
1497
1949
2473
3047
3532
3934
4238
4440
4571
4486
4220
3941
3570
3204
2818
2301
1868
1488
1106
777
455
169
-164
-533
-825
-1128
-1432
-1715
-2031
-2267
-2436
-2587
-2626
-2554
-2392
-2161
-1882
-1540
-1167
-718
-236
161
553
913
1209
1534
1770
1978
2192
2311
2406
2492
2516
2551
2595
2577
2520
2421
2309
2098
1855
1618
1358
1087
749
404
91
-247
-558
-776
-969
-1159
-1288
-1353
-1377
-1282
-1173
-1075
-1031
-1038
-996
-1044
-1096
-1139
-1370
-1669
-2130
-2566
-2817
-3195
-3499
-3844
-4066
-3958
-3935
-3812
-3575
-3338
-2935
-2579
-2315
-2012
-1631
-1187
-840
-530
-199
274
900
1383
1862
2421
2934
3446
3803
4124
4416
4527
4521
4284
3993
3688
3246
2872
2403
1927
1573
1169
863
558
234
-24
-324
-656
-992
-1310
-1600
-1891
-2144
-2389
-2551
-2560
-2552
-2468
-2264
-1974
-1621
-1224
-832
-456
-16
393
767
1140
1431
1715
1970
2175
2309
2398
2502
2567
2605
2604
2574
2544
2484
2376
2178
1957
1776
1516
1169
833
507
181
-131
-419
-744
-1023
-1156
-1255
-1371
-1489
-1431
-1259
-1268
-1186
-1034
-1033
-1022
-1107
-1203
-1313
-1670
-2119
-2538
-2830
-3062
-3488
-3842
-4000
-4001
-3895
-3869
-3705
-3352
-3003
-2645
-2324
-2007
-1668
-1257
-843
-597
-245
211
724
1322
1774
2253
2881
3441
3842
4116
4406
4650
4608
4424
4135
3834
3514
2995
2528
2089
1647
1269
889
593
297
-47
-320
-577
-883
-1257
-1590
-1817
-2107
-2433
-2643
-2678
-2656
-2621
-2439
-2171
-1839
-1436
-1029
-506
18
386
758
1147
1460
1751
1965
2135
2286
2358
2429
2518
2571
2579
2605
2585
2492
2403
2250
2077
1873
1572
1268
927
543
212
-121
-427
-730
-1003
-1142
-1276
-1349
-1379
-1364
-1202
-1166
-1117
-1018
-1026
-1013
-1154
-1219
-1347
-1812
-2226
-2644
-2903
-3175
-3670
-3961
-4134
-4118
-4001
-3963
-3685
-3368
-3016
-2620
-2365
-1985
-1619
-1248
-791
-547
-210
283
817
1429
1847
2336
2935
3486
3988
4241
4485
4708
4726
4573
4194
3838
3471
3003
2512
1968
1586
1203
791
536
195
-99
-393
-764
-991
-1307
-1638
-1917
-2199
-2406
-2589
-2637
-2640
-2588
-2386
-2093
-1649
-1276
-930
-413
31
478
858
1136
1510
1791
1987
2144
2215
2319
2422
2485
2497
2479
2511
2502
2444
2344
2162
2008
1825
1503
1165
841
530
183
-207
-503
-757
-983
-1116
-1216
-1289
-1305
-1255
-1120
-1056
-976
-892
-949
-981
-1089
-1305
-1586
-2079
-2564
-2868
-3161
-3520
-3977
-4295
-4301
-4172
-4055
-3900
-3608
-3193
-2797
-2475
-2135
-1751
-1347
-991
-662
-352
27
567
1169
1709
2137
2682
3337
3857
4237
4440
4633
4795
4633
4312
4003
3653
3220
2694
2160
1736
1329
929
627
331
30
-237
-511
-778
-1088
-1460
-1748
-1997
-2302
-2523
-2655
-2711
-2660
-2548
-2302
-1954
-1573
-1117
-663
-193
284
683
1062
1370
1659
1886
2000
2113
2203
2304
2405
2419
2429
2464
2477
2487
2428
2305
2161
2016
1801
1462
1096
732
404
65
-285
-574
-810
-998
-1129
-1151
-1195
-1165
-1061
-993
-869
-898
-960
-970
-1073
-1223
-1638
-2224
-2654
-3029
-3324
-3713
-4213
-4397
-4403
-4327
-4151
-3996
-3676
-3261
-2903
-2570
-2244
-1837
-1388
-968
-654
-380
52
614
1211
1742
2180
2764
3402
3929
4299
4489
4736
4856
4679
4354
3972
3644
3204
2656
2159
1654
1270
937
596
284
-38
-301
-549
-820
-1124
-1463
-1790
-2117
-2394
-2592
-2765
-2821
-2753
-2662
-2389
-2001
-1621
-1142
-686
-166
328
717
1125
1404
1692
1952
2060
2141
2189
2255
2368
2427
2454
2487
2534
2560
2484
2374
2238
2068
1819
1509
1151
766
429
92
-278
-642
-867
-956
-1075
-1116
-1096
-1105
-979
-907
-865
-802
-940
-1025
-1099
-1407
-1882
-2473
-2906
-3170
-3549
-4044
-4448
-4502
-4368
-4332
-4191
-3914
-3511
-3044
-2735
-2375
-1969
-1572
-1081
-727
-444
-98
354
950
1503
1964
2453
3081
3712
4112
4365
4626
4839
4849
4574
4217
3897
3462
2948
2405
1865
1426
1018
671
359
53
-208
-483
-749
-1043
-1363
-1694
-1993
-2270
-2564
-2782
-2886
-2836
-2768
-2664
-2324
-1882
-1399
-946
-480
111
592
970
1287
1555
1825
1965
2060
2154
2254
2358
2397
2411
2453
2519
2586
2573
2520
2435
2272
2068
1767
1379
982
582
204
-102
-432
-710
-854
-999
-1070
-1065
-1048
-951
-870
-811
-844
-969
-1048
-1172
-1463
-2016
-2616
-2985
-3272
-3723
-4244
-4608
-4656
-4508
-4438
-4322
-3967
-3485
-3012
-2653
-2314
-1839
-1393
-1015
-669
-357
-10
426
996
1551
1981
2463
3110
3740
4166
4404
4630
4855
4854
4547
4151
3791
3390
2859
2233
1695
1303
947
570
243
-18
-247
-449
-746
-1034
-1275
-1575
-1849
-2162
-2525
-2724
-2822
-2820
-2711
-2588
-2257
-1832
-1368
-874
-437
92
619
1003
1294
1578
1865
2042
2092
2086
2156
2280
2323
2310
2340
2440
2519
2499
2459
2418
2292
2077
1755
1381
987
599
266
-77
-478
-730
-841
-996
-1042
-1034
-1008
-859
-789
-759
-812
-919
-943
-1180
-1596
-2166
-2762
-3139
-3521
-3967
-4461
-4733
-4631
-4533
-4452
-4194
-3824
-3343
-2877
-2572
-2172
-1654
-1272
-957
-638
-345
54
619
1152
1612
2094
2671
3362
3897
4214
4519
4780
4888
4713
4352
4037
3676
3212
2595
1982
1520
1082
744
431
115
-75
-297
-576
-834
-1078
-1312
-1634
-1984
-2262
-2509
-2683
-2761
-2702
-2584
-2434
-2124
-1711
-1176
-631
-143
396
876
1220
1481
1720
1910
2040
2101
2097
2115
2180
2210
2195
2270
2396
2420
2406
2406
2321
2194
1958
1614
1260
847
439
79
-269
-569
-830
-946
-984
-1020
-911
-826
-726
-642
-643
-678
-807
-924
-1204
-1783
-2404
-2926
-3305
-3704
-4246
-4677
-4793
-4644
-4500
-4391
-4082
-3603
-3074
-2704
-2407
-1962
-1542
-1152
-820
-580
-252
186
740
1321
1793
2321
2948
3580
4061
4309
4613
4885
4872
4563
4135
3781
3368
2816
2205
1667
1271
843
437
188
-53
-245
-434
-647
-843
-1104
-1407
-1724
-2027
-2315
-2558
-2674
-2718
-2676
-2553
-2276
-1769
-1294
-840
-368
179
734
1088
1373
1634
1860
2015
2007
1972
2017
2096
2134
2111
2153
2234
2341
2395
2345
2303
2232
2064
1773
1386
990
608
257
-83
-479
-737
-850
-964
-939
-958
-919
-728
-613
-483
-553
-663
-675
-948
-1349
-1996
-2630
-2926
-3409
-3940
-4453
-4792
-4633
-4525
-4455
-4193
-3831
-3299
-2852
-2542
-2212
-1796
-1329
-1026
-756
-487
-146
418
939
1431
1913
2443
3232
3811
4137
4441
4659
4834
4673
4282
3961
3576
3108
2503
1928
1467
1015
694
422
141
-70
-311
-514
-722
-990
-1233
-1538
-1819
-2136
-2478
-2623
-2651
-2624
-2574
-2439
-2000
-1521
-1053
-539
-33
552
1014
1320
1570
1840
2086
2110
2061
2037
2036
2128
2082
2058
2159
2207
2304
2310
2266
2227
2116
1901
1524
1127
759
396
40
-345
-670
-828
-936
-1004
-996
-981
-857
-704
-582
-463
-545
-623
-781
-1201
-1707
-2373
-2883
-3265
-3839
-4377
-4737
-4768
-4602
-4532
-4365
-4031
-3527
-2993
-2629
-2251
-1822
-1415
-1078
-865
-587
-239
234
811
1270
1772
2355
3003
3661
4060
4357
4664
4820
4753
4439
4071
3696
3223
2643
1985
1465
1111
740
374
98
-78
-250
-470
-682
-927
-1139
-1383
-1692
-2011
-2333
-2468
-2550
-2617
-2603
-2480
-2072
-1597
-1148
-606
-112
436
955
1275
1635
1883
2049
2159
2081
2027
2005
2029
2070
2040
2055
2125
2218
2270
2224
2177
2090
1886
1590
1201
811
435
73
-284
-622
-831
-974
-1040
-1050
-1007
-868
-694
-541
-476
-511
-538
-633
-990
-1519
-2096
-2635
-3063
-3627
-4217
-4543
-4707
-4591
-4443
-4389
-4056
-3579
-3088
-2672
-2351
-1919
-1516
-1197
-968
-759
-376
93
608
1054
1473
2054
2700
3355
3835
4149
4521
4743
4713
4476
4122
3800
3376
2787
2121
1544
1167
800
458
175
-104
-209
-350
-622
-871
-1085
-1273
-1587
-1944
-2274
-2476
-2513
-2621
-2634
-2464
-2157
-1636
-1179
-750
-215
363
953
1309
1593
1882
2113
2234
2141
2060
2033
2060
2097
2026
2037
2111
2190
2249
2158
2087
2030
1847
1591
1198
794
468
101
-235
-607
-889
-962
-1008
-1020
-963
-848
-659
-555
-492
-426
-486
-547
-812
-1288
-1815
-2398
-2832
-3296
-3903
-4331
-4590
-4584
-4387
-4318
-4084
-3676
-3213
-2760
-2452
-2067
-1633
-1270
-1012
-825
-501
-90
381
829
1202
1775
2398
3009
3565
3917
4299
4567
4586
4452
4104
3760
3407
2843
2231
1666
1254
920
515
183
-42
-163
-292
-523
-711
-954
-1170
-1402
-1780
-2064
-2284
-2444
-2497
-2534
-2434
-2176
-1785
-1295
-884
-384
231
768
1228
1531
1789
2049
2193
2210
2134
2103
2115
2086
2032
1976
2047
2163
2179
2177
2113
2053
1917
1607
1294
940
581
240
-152
-507
-774
-952
-1033
-1057
-1030
-956
-818
-624
-516
-427
-383
-485
-709
-1126
-1632
-2150
-2628
-3075
-3659
-4197
-4486
-4522
-4402
-4297
-4092
-3735
-3322
-2884
-2506
-2111
-1691
-1343
-1087
-915
-612
-197
236
692
1090
1575
2175
2793
3359
3777
4151
4449
4545
4465
4171
3814
3472
2985
2351
1748
1320
967
602
265
-22
-156
-262
-474
-678
-905
-1135
-1334
-1679
-2017
-2190
-2354
-2462
-2538
-2519
-2258
-1911
-1460
-930
-445
115
672
1116
1518
1841
2081
2228
2252
2169
2102
2138
2138
2057
1983
2018
2106
2175
2178
2087
2041
1923
1651
1354
986
615
291
-85
-481
-791
-984
-1088
-1092
-1122
-1051
-822
-677
-529
-443
-404
-369
-578
-985
-1475
-1984
-2419
-2888
-3492
-4074
-4396
-4403
-4307
-4250
-4104
-3771
-3252
-2763
-2450
-2128
-1707
-1315
-1038
-869
-646
-262
172
581
954
1388
1982
2632
3163
3613
4009
4314
4479
4365
4096
3823
3492
3043
2405
1796
1363
953
571
226
-54
-217
-333
-459
-687
-885
-1069
-1303
-1547
-1933
-2231
-2362
-2462
-2507
-2534
-2337
-1898
-1482
-1062
-585
-26
566
1061
1436
1739
2004
2191
2222
2145
2081
2074
2077
2010
1958
1980
2053
2129
2108
2070
2016
1930
1773
1424
998
650
310
-82
-497
-836
-992
-1111
-1190
-1155
-1058
-881
-698
-590
-448
-365
-423
-564
-911
-1399
-1915
-2388
-2810
-3361
-3943
-4251
-4249
-4112
-4080
-3983
-3599
-3093
-2656
-2356
-2015
-1509
-1087
-883
-767
-541
-161
255
613
959
1415
1950
2495
3072
3521
3855
4209
4346
4226
3985
3693
3369
2882
2282
1672
1163
844
489
90
-184
-336
-430
-593
-767
-913
-1131
-1364
-1599
-1879
-2128
-2346
-2458
-2406
-2338
-2213
-1874
-1395
-894
-422
74
669
1196
1544
1806
2050
2235
2275
2183
2139
2136
2077
2035
1986
1953
2044
2146
2131
2071
1987
1859
1652
1321
918
554
236
-138
-523
-841
-1017
-1110
-1212
-1183
-1089
-1004
-817
-660
-503
-407
-505
-657
-995
-1497
-1946
-2371
-2809
-3361
-3912
-4179
-4171
-4046
-4007
-3839
-3364
-2941
-2559
-2152
-1760
-1303
-976
-759
-554
-319
21
377
739
1078
1469
1957
2510
3086
3458
3775
4109
4173
4064
3865
3534
3191
2677
2045
1503
1025
651
266
-80
-326
-484
-579
-751
-878
-1058
-1278
-1453
-1688
-1885
-2177
-2362
-2271
-2288
-2258
-2060
-1700
-1144
-686
-233
331
895
1370
1642
1933
2182
2270
2282
2219
2192
2130
2074
2046
1973
1996
2045
2070
2106
2049
1935
1772
1494
1193
814
423
29
-392
-700
-923
-1123
-1296
-1316
-1252
-1178
-1040
-871
-703
-589
-562
-588
-753
-1129
-1600
-2020
-2343
-2735
-3318
-3788
-3879
-3782
-3718
-3686
-3441
-2974
-2546
-2210
-1873
-1445
-1021
-732
-556
-430
-219
115
470
754
1006
1386
1908
2424
2827
3136
3509
3813
3854
3705
3487
3272
2872
2306
1776
1308
895
513
154
-134
-359
-513
-588
-703
-891
-1124
-1272
-1343
-1581
-1883
-2077
-2125
-2082
-2081
-2011
-1718
-1261
-797
-444
-44
536
1043
1370
1585
1809
2070
2135
2060
2023
2031
2030
1989
1956
1945
2014
2054
2050
2020
1886
1768
1608
1297
923
549
212
-87
-423
-722
-927
-1067
-1125
-1141
-1125
-1063
-943
-821
-750
-714
-672
-622
-875
-1399
-1760
-2050
-2269
-2639
-3300
-3581
-3543
-3483
-3448
-3479
-3114
-2594
-2308
-2088
-1806
-1323
-882
-663
-614
-515
-180
214
523
747
1017
1457
1925
2387
2737
3003
3399
3623
3580
3405
3170
3017
2719
2163
1626
1192
873
526
161
-92
-308
-390
-502
-769
-991
-1197
-1311
-1404
-1698
-1996
-2121
-1983
-1884
-1946
-1818
-1403
-904
-608
-288
193
741
1173
1296
1469
1798
2000
2049
1966
1936
2034
2073
2026
1936
1946
2059
2047
1919
1785
1677
1561
1295
920
624
338
47
-211
-546
-800
-917
-1037
-1039
-1033
-1052
-903
-786
-779
-766
-753
-667
-577
-900
-1444
-1716
-1858
-1981
-2416
-3199
-3433
-3247
-3163
-3233
-3348
-2975
-2435
-2207
-2138
-1861
-1271
-885
-775
-716
-514
-100
216
492
709
934
1411
1902
2271
2526
2820
3239
3462
3356
3149
3040
2967
2610
2050
1573
1197
918
579
236
-12
-229
-362
-562
-822
-940
-1047
-1187
-1434
-1768
-1863
-1755
-1703
-1720
-1707
-1510
-1142
-797
-507
-202
212
679
1010
1172
1357
1676
1930
1952
1888
1870
1981
2082
1999
1887
1892
1943
1913
1767
1561
1475
1406
1110
704
404
182
20
-229
-599
-774
-819
-910
-1010
-1087
-1015
-923
-937
-886
-863
-793
-684
-571
-662
-1230
-1615
-1706
-1716
-1977
-2814
-3170
-2985
-2933
-3018
-3304
-3053
-2429
-2233
-2265
-2141
-1500
-893
-739
-668
-508
-53
356
582
817
998
1417
1794
2021
2317
2565
2977
3192
3101
3056
2948
2905
2656
2108
1715
1388
1081
739
324
66
-235
-549
-783
-1017
-1097
-1193
-1308
-1386
-1590
-1692
-1603
-1476
-1407
-1413
-1281
-1002
-679
-453
-208
175
522
892
1111
1226
1533
1861
1964
1883
1840
2018
2174
2058
1814
1705
1808
1733
1456
1259
1158
1062
816
467
218
114
-13
-255
-535
-709
-752
-856
-977
-1040
-1061
-983
-991
-1010
-917
-844
-707
-654
-591
-659
-1118
-1272
-1327
-1437
-1635
-2341
-2637
-2532
-2587
-2666
-2853
-2607
-2198
-2086
-1942
-1633
-1077
-763
-678
-521
-319
24
222
387
611
767
1055
1258
1578
1941
2126
2437
2550
2550
2628
2579
2521
2292
1886
1575
1213
884
589
244
-27
-317
-493
-613
-734
-811
-902
-913
-955
-1030
-1051
-1024
-934
-938
-956
-871
-680
-410
-254
-101
158
490
824
1024
1208
1496
1704
1765
1765
1793
1874
1870
1726
1545
1445
1373
1216
1037
900
805
698
540
338
148
31
-129
-305
-457
-640
-772
-904
-993
-1006
-1061
-1104
-1077
-1027
-947
-848
-785
-710
-589
-570
-685
-808
-945
-1062
-1284
-1620
-1889
-2055
-2097
-2170
-2213
-2113
-1954
-1747
-1579
-1370
-1072
-812
-626
-526
-417
-247
-65
72
158
321
530
741
958
1192
1506
1769
1929
2044
2107
2135
2054
1877
1677
1451
1189
853
530
312
85
-149
-294
-365
-430
-465
-459
-477
-482
-493
-504
-488
-515
-523
-482
-431
-365
-249
-55
108
250
490
738
943
1150
1297
1466
1607
1592
1569
1546
1484
1398
1250
1117
1019
905
769
636
571
465
308
172
29
-99
-222
-380
-557
-668
-727
-814
-900
-997
-1047
-1002
-984
-910
-814
-741
-652
-588
-447
-395
-466
-492
-568
-632
-742
-1009
-1174
-1271
-1399
-1555
-1705
-1716
-1656
-1631
-1587
-1495
-1304
-1181
-1121
-972
-785
-593
-541
-475
-331
-151
20
160
388
589
786
1035
1241
1433
1605
1709
1775
1787
1748
1654
1499
1309
1124
919
655
461
358
210
53
-64
-142
-144
-176
-238
-266
-261
-261
-328
-383
-357
-303
-265
-207
-117
26
203
362
522
695
864
1018
1131
1214
1304
1343
1298
1253
1173
1084
1030
886
750
667
561
469
366
254
110
-65
-170
-262
-410
-535
-625
-731
-808
-880
-900
-892
-921
-893
-858
-807
-735
-695
-671
-594
-556
-596
-595
-599
-604
-640
-768
-851
-889
-950
-1009
-1100
-1103
-1068
-1102
-1085
-1032
-946
-848
-781
-709
-627
-542
-469
-365
-251
-158
-23
64
180
314
413
565
702
843
946
998
1021
1076
1088
1013
970
907
794
709
636
524
413
302
248
213
140
110
90
53
25
1
51
46
23
65
85
153
182
221
324
405
472
508
574
692
761
812
857
875
928
929
860
815
798
782
718
626
543
458
357
256
130
-14
-109
-212
-319
-383
-492
-560
-550
-636
-706
-694
-723
-724
-720
-720
-704
-712
-740
-724
-693
-665
-630
-614
-556
-525
-542
-521
-504
-519
-544
-602
-630
-652
-692
-709
-720
-757
-801
-781
-698
-674
-688
-614
-533
-460
-357
-270
-193
-95
-52
20
132
157
195
313
395
446
464
486
608
674
638
603
631
698
660
552
535
528
484
432
388
379
334
301
285
284
300
292
271
332
378
340
375
420
440
459
455
485
538
532
544
579
607
629
608
605
595
581
554
532
521
475
398
344
301
214
138
57
-45
-108
-182
-279
-355
-401
-439
-492
-536
-548
-563
-596
-591
-596
-612
-630
-629
-593
-588
-592
-598
-550
-501
-507
-480
-444
-419
-398
-401
-377
-369
-435
-432
-420
-459
-453
-471
-489
-476
-483
-473
-477
-497
-433
-385
-408
-400
-370
-307
-272
-275
-213
-157
-123
-86
-30
30
76
142
200
265
314
342
416
459
469
509
534
556
556
556
554
565
583
568
604
624
596
583
552
581
589
539
539
518
518
506
481
455
422
427
417
377
338
329
348
340
306
266
247
242
232
233
179
133
158
112
35
39
22
-16
-40
-117
-166
-162
-212
-270
-282
-305
-347
-370
-383
-442
-461
-462
-512
-527
-570
-611
-575
-556
-585
-571
-502
-504
-505
-443
-436
-432
-391
-358
-336
-318
-311
-299
-259
-277
-302
-271
-257
-271
-282
-244
-228
-246
-251
-260
-230
-160
-183
-216
-160
-137
-140
-126
-79
-36
2
36
33
64
132
180
181
223
283
326
366
388
429
478
537
538
531
561
547
526
554
592
576
550
532
508
493
449
423
432
412
378
348
336
324
292
277
266
236
206
176
145
144
176
142
115
128
114
101
54
11
-4
-8
-43
-72
-98
-130
-135
-167
-205
-238
-283
-286
-286
-316
-346
-357
-357
-353
-389
-460
-451
-412
-439
-445
-415
-428
-410
-379
-391
-347
-305
-286
-247
-250
-222
-188
-187
-163
-157
-143
-124
-130
-129
-99
-83
-94
-114
-138
-150
-175
-197
-175
-150
-162
-157
-154
-139
-111
-120
-93
-32
-11
7
33
41
96
132
145
188
190
203
279
317
344
387
434
452
440
431
438
474
440
420
436
420
404
372
342
344
325
289
295
242
196
194
171
159
162
143
130
139
102
64
63
79
87
76
55
47
57
40
13
-14
-38
-66
-83
-118
-157
-141
-176
-222
-211
-212
-235
-253
-254
-268
-284
-286
-271
-279
-308
-330
-332
-294
-284
-270
-240
-201
-164
-157
-156
-153
-104
-64
-68
-58
-50
-58
-60
-55
-60
-73
-108
-131
-117
-122
-138
-121
-96
-97
-127
-127
-129
-149
-131
-150
-156
-128
-122
-102
-68
-52
5
58
39
53
99
130
156
185
242
269
282
295
270
294
294
264
289
299
306
281
266
280
250
217
188
168
163
166
156
151
143
117
100
117
100
50
74
102
108
111
76
75
87
55
50
71
38
1
2
-13
-48
-86
-76
-97
-122
-117
-125
-110
-145
-188
-169
-199
-242
-205
-195
-195
-173
-198
-196
-141
-145
-172
-147
-129
-142
-89
-57
-80
-43
-41
-54
-44
-61
-48
-37
-31
-14
-22
-40
-47
-33
-32
-41
-65
-101
-78
-64
-78
-71
-88
-105
-94
-94
-96
-80
-67
-66
-42
-22
-12
2
24
53
79
106
141
143
166
211
191
183
211
225
223
227
204
202
205
160
143
147
147
131
128
112
87
95
54
41
36
23
31
54
37
2
13
-3
-12
0
15
17
15
11
-7
-5
-25
-65
-51
-26
-39
-56
-67
-99
-118
-107
-124
-147
-118
-117
-111
-129
-175
-149
-134
-138
-137
-155
-143
-92
-83
-81
-57
-42
-54
-46
-12
8
45
71
49
38
50
27
33
54
42
13
-14
10
0
-26
-19
-34
-19
-13
-57
-88
-67
-55
-81
-73
-61
-60
-48
-28
8
19
15
39
62
71
62
83
119
127
149
167
166
164
162
150
158
141
150
168
159
142
120
120
102
101
88
90
87
64
45
27
36
10
-13
2
7
10
-22
-37
-17
-34
-43
-69
-101
-87
-77
-81
-92
-117
-134
-135
-151
-164
-148
-139
-140
-136
-138
-122
-125
-112
-94
-117
-144
-134
-77
-70
-94
-84
-55
-24
-25
-43
-19
23
4
7
30
28
13
10
25
15
39
65
40
32
41
48
27
21
8
-8
18
1
-12
11
0
-11
-25
-49
-37
-13
39
20
-14
24
55
76
65
68
103
98
78
92
89
100
125
118
127
148
153
149
143
139
127
128
121
102
99
101
100
83
65
26
37
72
45
37
26
30
48
18
-5
-21
-20
-26
-63
-64
-61
-92
-111
-103
-105
-142
-153
-138
-133
-121
-155
-188
-177
-177
-158
-152
-147
-146
-160
-147
-133
-117
-85
-74
-62
-55
-42
-4
30
38
27
35
53
53
59
65
44
51
54
46
57
56
52
37
-3
-13
-7
-4
0
-23
-15
-12
-42
-49
-67
-48
-14
-55
-61
-31
-42
-45
-32
-39
3
6
-18
22
39
48
67
72
53
80
114
129
156
140
109
110
122
136
148
145
166
176
119
100
115
98
109
101
63
72
79
47
41
52
28
9
-20
-57
-53
-56
-51
-59
-81
-86
-80
-93
-108
-109
-137
-140
-111
-95
-104
-113
-113
-108
-110
-132
-137
-110
-107
-92
-50
-55
-59
-59
-52
-30
-15
-8
13
38
35
22
22
36
40
48
50
42
61
62
67
68
28
43
61
30
23
33
-3
-9
-2
-49
-41
-22
-52
-60
-49
-63
-62
-25
-37
-54
-37
-47
-35
-5
-25
-9
29
4
28
59
31
41
70
73
94
108
102
118
123
87
85
111
98
101
106
87
97
94
59
45
53
47
51
62
28
16
11
-1
-2
-23
-26
-23
-46
-79
-72
-65
-100
-86
-62
-68
-61
-71
-103
-112
-135
-144
-109
-112
-116
-102
-111
-120
-95
-78
-80
-64
-56
-28
4
-5
5
13
-5
17
29
31
59
70
70
76
67
70
88
106
100
79
78
89
75
52
40
45
54
30
-3
-20
-24
-45
-62
-59
-73
-76
-66
-74
-84
-72
-53
-53
-51
-46
-54
-42
-16
-16
5
37
24
33
52
34
50
71
79
116
130
128
129
107
119
131
103
99
124
113
86
86
71
58
55
45
31
30
6
-26
-28
-25
-46
-62
-81
-87
-84
-104
-113
-102
-115
-155
-152
-138
-145
-146
-125
-106
-112
-120
-105
-84
-72
-62
-60
-65
-57
-29
-26
-20
26
27
14
22
24
48
76
83
52
44
77
76
69
88
70
60
65
49
62
64
44
47
34
35
43
13
8
4
-30
-34
-22
-32
-16
-25
-43
-37
-71
-81
-41
-37
-39
-21
-8
-10
-6
-5
6
37
40
43
26
45
63
66
93
84
76
91
77
67
107
117
102
98
86
98
101
72
57
43
54
45
21
33
10
0
-5
-58
-50
-29
-71
-71
-56
-96
-124
-115
-121
-136
-124
-127
-150
-140
-139
-160
-139
-116
-112
-104
-120
-91
-60
-73
-66
-28
-26
-33
-25
-24
17
44
50
68
56
64
94
90
72
93
108
86
106
93
72
92
68
46
40
9
25
42
22
18
-10
-19
-7
-32
-61
-45
-36
-52
-67
-75
-61
-36
-20
-21
-31
-9
-6
-12
14
23
31
37
37
40
52
72
61
68
85
52
58
87
83
112
118
84
82
94
103
86
93
108
63
51
53
23
27
43
18
4
-26
-56
-41
-48
-57
-75
-78
-74
-93
-82
-85
-127
-126
-115
-144
-142
-127
-117
-129
-145
-135
-149
-124
-92
-93
-75
-48
-58
-56
-37
-26
-15
-15
23
41
38
49
43
64
68
59
88
113
93
88
106
96
104
96
77
72
55
46
42
43
44
31
-13
-42
-22
-42
-77
-55
-49
-81
-56
-40
-61
-45
-56
-90
-77
-46
-19
5
26
37
23
29
25
39
71
73
72
81
76
57
80
100
90
100
100
95
92
85
99
84
77
84
60
59
55
41
33
8
-25
-8
-12
-32
-16
-28
-44
-45
-57
-88
-91
-77
-98
-107
-115
-139
-130
-119
-138
-142
-148
-147
-100
-111
-130
-93
-80
-63
-30
-10
-30
-25
13
19
11
23
36
35
72
78
50
78
86
75
109
120
88
80
83
84
70
37
45
60
45
19
8
7
-26
-34
-33
-69
-58
-24
-34
-35
-59
-95
-63
-42
-71
-76
-46
-31
-42
-48
-39
-16
31
42
19
43
64
62
51
52
90
106
99
87
66
69
77
78
94
114
99
55
49
68
69
68
55
43
44
22
6
2
0
0
-9
-23
-46
-57
-52
-69
-78
-74
-74
-94
-113
-102
-108
-118
-119
-138
-128
-124
-129
-96
-87
-108
-113
-102
-80
-58
-60
-35
12
1
-22
9
43
36
42
79
76
70
90
84
89
109
111
104
117
101
80
93
82
58
64
54
37
47
37
9
-14
-22
-17
-39
-48
-33
-53
-53
-41
-65
-48
-44
-65
-43
-35
-34
-28
-18
-11
-19
-13
-2
37
50
26
45
59
54
49
54
82
80
63
54
59
61
45
62
71
55
37
10
37
56
10
4
5
-11
-28
-58
-56
-55
-62
-65
-59
-41
-60
-85
-83
-81
-98
-84
-69
-87
-91
-85
-92
-92
-82
-86
-73
-54
-47
-29
-40
-50
-25
-3
-1
-1
15
30
30
35
42
38
45
46
55
94
88
72
99
92
76
73
83
91
77
77
57
35
35
47
55
20
-5
3
10
9
-16
-41
-30
-28
-69
-76
-58
-58
-43
-46
-51
-35
-23
-27
-30
-26
-20
10
37
34
25
32
49
49
48
59
62
61
48
41
52
71
41
14
41
46
41
20
5
19
8
-17
-12
-10
-7
-13
-23
-18
-27
-46
-43
-33
-48
-65
-74
-62
-49
-75
-79
-61
-57
-68
-105
-107
-81
-69
-71
-83
-81
-66
-52
-54
-57
-32
-25
-30
-11
1
14
40
45
44
43
31
31
55
70
77
68
64
84
80
83
86
81
80
75
66
50
41
39
39
29
17
0
0
10
3
-23
-37
-31
-20
-20
-41
-49
-28
-27
-35
-18
-13
-14
-12
-15
0
23
16
3
22
43
32
31
45
39
48
51
24
43
61
45
54
45
25
34
30
11
13
3
4
3
-20
-23
-28
-39
-41
-39
-33
-57
-65
-39
-58
-73
-66
-74
-52
-38
-70
-59
-22
-45
-64
-53
-54
-37
-49
-80
-72
-55
-58
-55
-36
-25
-10
3
-5
-6
15
15
-3
3
24
48
46
28
43
51
51
65
57
54
79
65
44
56
65
65
45
42
48
33
29
29
29
14
5
-7
-23
-5
-2
-9
2
-12
-34
-44
-34
-22
-10
-12
-22
2
21
7
9
15
10
15
10
7
16
32
54
56
32
18
39
42
28
32
31
28
25
11
13
9
-10
-11
-10
-14
-10
-34
-48
-37
-50
-49
-41
-46
-38
-33
-48
-54
-41
-66
-76
-27
-21
-54
-51
-39
-28
-23
-40
-48
-15
-15
-51
-42
-42
-41
-21
-22
-13
0
7
10
8
15
15
13
27
47
52
43
43
56
49
29
37
41
59
67
41
54
55
33
42
39
42
39
14
23
32
7
-8
0
15
6
-13
5
18
3
-18
-36
-17
-4
-27
-38
-27
-1
11
7
-2
-7
-16
7
3
-12
30
15
1
5
-17
0
1
-17
-3
3
1
-1
-7
-11
-20
-19
2
3
0
-1
-4
-11
-25
-25
-13
-21
-20
2
-5
-17
-28
-39
-25
-25
-35
-25
-29
-51
-46
-47
-46
-31
-36
-43
-40
-19
-26
-33
-16
-13
-10
-13
-24
-8
18
31
22
14
25
36
50
58
55
64
72
59
73
75
56
69
69
55
57
46
53
49
30
40
35
13
10
9
-4
-5
3
-15
-23
-21
-41
-48
-30
-33
-22
-12
-33
-15
-7
-17
-21
-18
-1
-12
-28
-11
12
2
9
26
-1
-8
10
5
11
13
-6
-1
6
1
8
-5
-18
-4
-12
-35
-24
-15
-29
-21
-28
-53
-41
-31
-46
-32
-33
-55
-32
-8
-22
-21
-23
-39
-24
-18
-36
-16
3
-22
-38
-46
-30
1
-6
-18
-6
8
-4
-11
1
13
20
25
24
30
45
50
49
52
51
42
46
65
70
62
61
67
65
58
50
54
61
41
21
35
42
32
27
17
12
12
-1
-11
-30
-36
-12
-14
