-14
-13
-16
-19
-20
-19
-20
-18
-19
-17
-17
-19
-16
-14
-12
-9
-10
-9
-5
-3
-1
1
4
4
10
10
11
17
18
20
24
24
26
27
27
27
29
29
31
32
29
27
27
26
27
29
28
25
23
21
24
25
23
16
14
18
15
11
7
5
6
-1
-5
-3
-2
-8
-12
-13
-13
-16
-20
-18
-17
-22
-24
-22
-23
-26
-29
-29
-28
-28
-32
-33
-32
-31
-33
-31
-27
-28
-27
-28
-31
-28
-26
-28
-30
-29
-27
-28
-28
-27
-33
-36
-45
-58
-54
-49
-53
-64
-79
-78
-70
-67
-72
-74
-79
-82
-75
-60
-49
-38
-38
-41
-24
-3
11
23
33
41
58
81
93
98
95
97
119
132
137
139
129
126
130
136
137
129
111
99
92
97
109
108
93
74
68
71
72
75
71
59
52
50
58
58
43
34
38
43
40
42
36
30
23
16
20
19
15
11
0
-6
-5
-15
-21
-17
-27
-32
-33
-37
-42
-53
-59
-59
-62
-69
-68
-69
-76
-85
-86
-96
-100
-104
-109
-105
-108
-113
-103
-96
-100
-95
-102
-98
-79
-70
-62
-56
-51
-50
-40
-17
0
-7
-19
-24
-9
6
4
2
-23
-64
-86
-94
-83
-78
-116
-172
-202
-204
-190
-185
-197
-217
-249
-247
-213
-183
-164
-179
-193
-169
-118
-49
-10
-20
-26
-1
65
133
164
173
181
194
219
256
279
288
282
271
277
309
339
322
288
271
269
274
288
287
269
250
233
227
230
226
206
178
163
158
167
156
125
100
84
77
67
47
33
26
2
-28
-41
-36
-36
-42
-62
-81
-96
-95
-86
-92
-92
-103
-117
-106
-99
-92
-91
-104
-104
-98
-96
-89
-103
-125
-111
-105
-114
-125
-148
-148
-147
-141
-138
-140
-124
-137
-147
-117
-107
-92
-79
-102
-94
-66
-62
-52
-39
-49
-55
-58
-49
-31
-30
-67
-153
-219
-210
-168
-153
-226
-328
-377
-363
-316
-309
-333
-373
-424
-397
-323
-250
-198
-233
-279
-245
-133
-9
63
70
45
56
130
238
324
332
290
295
340
394
446
438
407
382
367
419
454
425
382
336
336
373
387
371
339
317
296
296
326
315
297
273
216
220
248
228
211
176
132
121
114
110
99
65
31
12
-4
-30
-38
-34
-56
-76
-97
-116
-111
-106
-109
-120
-149
-155
-141
-140
-141
-160
-180
-183
-173
-155
-158
-177
-192
-208
-210
-194
-186
-179
-171
-170
-153
-143
-150
-132
-122
-116
-82
-46
-27
-32
-50
-50
-15
-5
-25
-30
-45
-36
-24
-111
-248
-328
-321
-238
-237
-381
-498
-553
-542
-489
-517
-555
-586
-636
-594
-490
-382
-357
-441
-463
-356
-174
-2
39
4
-4
57
231
397
451
420
368
397
505
611
660
625
561
523
542
612
648
611
522
438
452
527
537
479
415
370
355
383
398
376
320
242
221
250
254
242
200
146
125
97
77
82
61
28
-8
-32
-20
-26
-75
-94
-80
-87
-101
-114
-110
-92
-105
-127
-123
-108
-108
-111
-108
-122
-132
-125
-118
-121
-135
-142
-153
-171
-188
-177
-155
-146
-165
-207
-193
-159
-147
-137
-153
-144
-102
-99
-98
-86
-94
-88
-90
-102
-74
-53
-74
-171
-330
-415
-389
-304
-309
-490
-681
-740
-671
-593
-631
-704
-769
-835
-797
-648
-497
-458
-567
-650
-530
-278
-53
6
-56
-82
0
229
434
511
508
441
448
569
695
756
724
639
624
682
748
778
718
605
564
595
642
663
617
550
500
495
505
514
497
414
336
320
352
387
362
267
181
173
196
171
124
76
40
20
8
2
-9
-41
-81
-100
-106
-128
-134
-109
-112
-143
-157
-153
-139
-141
-151
-147
-150
-162
-162
-157
-153
-160
-173
-177
-176
-158
-137
-139
-176
-210
-179
-133
-119
-107
-117
-128
-121
-115
-98
-64
-70
-111
-132
-117
-79
-73
-158
-331
-491
-531
-461
-385
-477
-721
-886
-877
-764
-716
-775
-869
-1000
-1042
-884
-666
-538
-584
-750
-752
-518
-222
-52
-52
-103
-91
77
338
540
603
535
453
527
718
858
897
804
712
727
818
922
904
793
688
640
687
764
783
720
615
548
540
573
564
482
397
343
345
392
381
305
246
203
178
159
123
88
58
26
-35
-56
-34
-57
-92
-101
-104
-110
-139
-172
-142
-106
-121
-143
-138
-111
-105
-130
-163
-152
-120
-113
-102
-108
-116
-113
-133
-128
-95
-79
-83
-93
-106
-112
-90
-81
-73
-66
-93
-82
-38
-48
-104
-147
-147
-122
-143
-247
-403
-562
-619
-594
-575
-659
-856
-997
-1004
-957
-934
-974
-1066
-1154
-1171
-1030
-843
-735
-737
-836
-802
-600
-368
-181
-142
-146
-68
99
346
546
616
573
529
603
751
865
908
873
837
864
924
996
972
857
761
705
756
845
852
792
697
643
662
678
632
533
453
415
412
442
432
374
318
275
247
234
190
117
64
29
12
25
37
-11
-57
-67
-89
-113
-124
-124
-105
-81
-85
-88
-84
-89
-112
-109
-98
-115
-112
-104
-93
-90
-105
-128
-141
-149
-150
-110
-62
-41
-68
-84
-71
-60
-41
-46
-45
-42
-56
-49
-61
7
168
92
-342
-967
-1235
-910
-633
-752
-1200
-1584
-1471
-1229
-1172
-1304
-1592
-1689
-1562
-1274
-841
-592
-530
-553
-613
-451
-201
13
153
63
38
244
644
1078
1111
879
640
481
565
717
793
778
677
688
859
1030
1059
834
563
427
445
650
856
928
876
751
697
717
666
550
375
276
337
416
521
536
424
329
206
123
119
107
106
32
-39
-22
-11
-28
-81
-116
-112
-89
-42
14
47
40
-15
-29
4
6
22
57
71
81
57
-10
-57
-54
-77
-96
-61
-71
-27
41
54
103
72
50
10
-88
-83
-78
-64
-45
-79
-33
-19
-209
-630
-1345
-2039
-2416
-2384
-1970
-1740
-1776
-1738
-1547
-1199
-1033
-1091
-1040
-924
-708
-368
75
644
903
835
721
558
481
388
287
290
215
206
350
495
547
298
-65
-230
-222
-41
163
361
649
881
1068
1210
1229
1159
977
819
811
902
1059
1150
1093
914
674
447
246
33
-191
-366
-427
-362
-276
-279
-284
-259
-205
-59
131
342
491
536
548
513
489
419
305
267
237
239
230
154
82
-36
-174
-240
-264
-216
-141
-66
23
26
16
31
21
8
-52
-98
-14
117
257
334
370
460
409
319
140
-3
-4
-108
-78
-41
-46
-13
-141
-291
-427
-820
-1289
-2136
-3232
-3707
-3417
-2335
-1615
-1782
-1724
-1334
-630
-244
-516
-260
162
425
757
1017
1680
1850
1166
579
116
-21
-186
-528
-395
-290
-295
-162
-120
110
70
-281
-318
-144
342
837
1147
1505
1646
1662
1636
1464
1343
1078
746
599
570
677
698
532
242
-80
-317
-412
-357
-277
-204
-114
-18
43
123
220
320
338
290
343
454
533
421
230
94
24
9
-47
-37
67
128
136
82
26
-42
-169
-232
-239
-158
-57
-2
51
38
42
70
69
88
134
209
264
288
409
531
517
475
303
226
164
-31
-33
-62
32
89
-127
-161
-160
-270
-680
-1394
-2520
-3803
-4288
-3891
-2831
-2182
-2217
-1778
-992
-206
48
-132
233
555
672
887
1292
2017
1924
1035
368
-52
-214
-657
-1184
-962
-651
-441
-253
-65
430
461
140
81
263
849
1203
1425
1896
2074
2076
1794
1373
1141
744
311
92
112
272
303
215
75
-126
-288
-428
-407
-176
66
270
374
393
371
318
239
213
273
266
309
345
186
5
-175
-226
-231
-285
-121
88
275
384
309
253
133
-64
-223
-290
-136
30
85
157
177
213
171
79
101
90
105
121
171
354
486
551
559
392
267
172
27
40
-38
-5
45
11
114
-193
-750
-1367
-2161
-3326
-4562
-4749
-3843
-2707
-2292
-2192
-1320
-223
319
179
199
937
1345
1135
1036
1622
2223
1559
315
-288
-363
-661
-1486
-1869
-1248
-623
-477
-319
204
888
862
460
585
1088
1536
1616
1745
2161
2376
2092
1484
1034
708
216
-201
-285
-46
145
101
14
70
126
2
-61
30
317
588
663
648
497
350
258
150
56
-52
-13
86
-17
-169
-317
-405
-353
-293
-164
148
476
608
581
538
434
170
-110
-271
-266
-195
-173
-79
8
38
101
77
47
149
211
180
251
359
427
628
664
571
504
371
363
111
-4
101
54
279
78
-351
-832
-1703
-2085
-3390
-5305
-5692
-4893
-3165
-2426
-2603
-1493
-140
780
683
246
1205
1826
1402
990
1246
2292
1920
182
-657
-742
-818
-1704
-2586
-1768
-633
-279
-199
237
1327
1656
975
641
1070
1751
1796
1561
1993
2520
2338
1606
882
556
128
-622
-815
-372
86
328
241
349
613
467
332
332
510
842
856
861
739
375
223
-119
-259
-212
-365
-156
-229
-453
-422
-490
-346
-333
-289
144
555
891
848
722
692
350
5
-249
-318
-199
-269
-263
-104
-8
56
-17
-45
61
107
199
312
457
620
616
724
828
698
637
338
169
181
81
298
257
72
-432
-1194
-1542
-2132
-3461
-5317
-6195
-5223
-3649
-2818
-2665
-1807
-184
861
866
721
1406
1998
1566
801
980
1987
1881
375
-773
-825
-870
-1744
-2617
-2174
-876
-282
-195
353
1509
2168
1588
959
1099
1699
1802
1408
1644
2292
2347
1641
872
582
239
-538
-1112
-865
-122
306
271
324
648
779
506
257
540
995
1035
855
791
744
368
-235
-546
-489
-452
-362
-248
-317
-273
-371
-518
-436
-322
45
444
752
1024
972
756
464
141
-131
-365
-288
-139
-127
-38
106
182
52
-108
-59
45
172
289
337
521
689
817
956
974
943
752
505
400
262
154
142
154
-151
-872
-1454
-1898
-2339
-3685
-5691
-6275
-5276
-3623
-2680
-2599
-1489
163
1027
1066
884
1574
2035
1321
640
790
1603
1479
5
-968
-1018
-1075
-1799
-2589
-2027
-810
-285
-66
587
1805
2405
1767
1140
1224
1688
1692
1328
1570
2122
2096
1369
663
352
-2
-696
-1119
-753
-76
458
609
643
882
903
676
577
687
896
976
881
719
461
79
-328
-640
-796
-779
-527
-259
-300
-267
-118
6
227
311
560
950
1064
1024
823
574
313
-111
-493
-628
-526
-414
-426
-296
29
173
150
132
269
462
364
279
283
406
755
887
934
926
771
597
520
514
380
209
-164
-491
-685
-1201
-1722
-2195
-3411
-5294
-6338
-5720
-3977
-2587
-2331
-1717
-238
1100
1500
1188
1409
1868
1493
556
295
1164
1494
329
-921
-1246
-1123
-1543
-2406
-2243
-1005
-160
128
519
1497
2446
2116
1235
1100
1563
1681
1225
1119
1611
1943
1488
631
221
11
-548
-1061
-910
-192
508
690
607
904
1113
862
655
592
740
926
778
516
463
323
-122
-483
-691
-712
-484
-306
-199
-114
-99
-27
122
305
560
905
1114
1032
836
626
383
-21
-458
-624
-580
-473
-386
-298
-68
183
220
116
159
357
435
328
380
536
611
771
790
818
787
425
463
589
492
440
-19
-235
-399
-955
-1507
-2143
-2858
-4510
-6276
-6223
-4647
-2819
-2135
-1985
-676
881
1510
1325
1224
1807
1849
885
199
666
1498
923
-642
-1371
-1283
-1450
-2262
-2573
-1508
-304
114
317
1100
2196
2400
1631
1095
1380
1630
1291
1009
1312
1869
1704
830
210
-19
-323
-913
-1135
-548
196
569
588
748
1164
1172
852
651
676
873
870
554
243
117
-79
-394
-610
-659
-454
-194
-115
-107
-68
66
223
334
532
867
1138
1134
909
676
454
83
-381
-592
-498
-397
-367
-265
-19
217
292
214
176
313
421
293
236
407
574
828
876
788
817
596
504
426
297
350
72
-310
-723
-1178
-1556
-2301
-3647
-5364
-6222
-5508
-3969
-2748
-2245
-1462
-141
954
1397
1288
1493
1894
1518
731
547
1100
1286
201
-1096
-1464
-1458
-1783
-2288
-2011
-959
-207
88
512
1452
2227
2130
1548
1323
1589
1541
1163
1116
1541
1782
1294
592
167
-102
-515
-919
-830
-270
312
528
582
832
1068
998
772
638
687
702
617
490
197
-38
-255
-489
-565
-587
-377
-124
-72
0
37
202
425
515
719
972
1202
1156
789
531
264
-112
-517
-734
-607
-469
-388
-258
18
352
437
380
327
380
392
188
137
354
664
922
874
747
741
626
411
312
324
151
-198
-593
-909
-1282
-1806
-2583
-4257
-5868
-6003
-4909
-3316
-2380
-1855
-682
505
1229
1438
1449
1854
1908
1191
479
544
1190
923
-368
-1269
-1492
-1614
-2095
-2340
-1586
-568
-57
175
822
1877
2371
1945
1367
1390
1566
1263
894
1149
1711
1617
907
286
9
-234
-755
-1018
-599
28
468
605
768
1084
1020
766
575
581
827
808
653
351
63
-22
-383
-624
-647
-596
-255
-64
34
124
44
186
339
430
734
1110
1305
1083
773
568
164
-286
-627
-726
-575
-438
-277
-150
22
292
336
232
230
340
395
298
282
401
595
794
1010
1088
903
671
409
292
296
183
-216
-835
-1222
-1557
-2111
-3241
-5074
-6172
-5793
-4374
-2873
-2214
-1480
-176
876
1321
1305
1607
2150
1893
1041
590
948
1290
444
-941
-1571
-1605
-1829
-2295
-2152
-1116
-169
34
206
1020
2002
2277
1712
1390
1683
1730
1273
991
1375
1788
1399
537
-22
-141
-390
-914
-947
-413
215
571
565
791
1112
1037
761
606
719
827
674
454
268
41
-235
-545
-645
-515
-300
-51
113
188
301
334
321
380
493
789
1113
1125
863
566
343
44
-386
-627
-604
-518
-402
-277
-84
210
389
328
186
171
271
199
83
203
445
820
932
914
936
728
470
207
111
76
-153
-461
-761
-1072
-1528
-2334
-3865
-5703
-6312
-5348
-3621
-2311
-1836
-1063
177
990
1214
1225
1563
1965
1589
856
752
1273
1291
75
-1253
-1745
-1816
-2010
-2261
-1745
-708
-40
121
371
1313
2142
2017
1422
1328
1741
1750
1350
1260
1636
1817
1148
306
-25
-160
-502
-868
-701
-124
375
420
262
622
1040
1006
813
715
965
1116
891
518
-27
-350
-492
-563
-466
-381
-53
170
127
216
233
256
286
371
658
895
1156
1176
760
402
135
-255
-648
-747
-555
-368
-263
-166
53
261
299
330
284
243
266
224
120
214
565
667
817
928
788
727
274
120
305
-13
-211
-625
-1115
-1420
-2013
-2881
-4699
-6126
-5849
-4612
-2871
-1942
-1592
-577
378
926
991
1081
1869
2147
1412
749
987
1515
855
-701
-1667
-1788
-1782
-2139
-2102
-1107
-76
100
-112
411
1492
2060
1655
1246
1719
2096
1807
1375
1406
1864
1638
690
60
-60
-136
-554
-832
-415
170
322
127
307
893
1044
827
727
916
1245
1113
693
268
-98
-290
-477
-451
-300
-148
-9
-41
-25
48
48
104
264
598
940
1196
1250
969
629
316
-21
-398
-610
-502
-341
-292
-285
-207
-41
76
131
167
270
369
333
212
208
351
586
882
915
998
929
574
324
91
60
-198
-608
-843
-1263
-1674
-2181
-3530
-5410
-6321
-5556
-3805
-2472
-2083
-1447
-269
692
1003
904
1398
2159
2042
1168
746
1344
1561
304
-1209
-1700
-1539
-1730
-2196
-1901
-772
-70
-134
-108
709
1771
1842
1311
1360
1987
2186
1661
1377
1766
1970
1339
429
9
-26
-262
-698
-635
-56
388
344
100
264
653
766
722
782
1060
1369
1156
661
382
34
-298
-548
-565
-232
-56
-16
-118
-173
2
29
43
106
473
1116
1204
1066
922
623
404
-37
-334
-354
-392
-321
-387
-425
-214
-11
66
65
230
531
487
238
140
230
376
581
792
862
849
690
568
365
266
238
-221
-644
-857
-1192
-1633
-2311
-3573
-5292
-6225
-5423
-3661
-2388
-2083
-1740
-652
410
784
828
1322
2130
2105
1223
814
1374
1638
510
-1042
-1575
-1372
-1522
-2071
-1866
-814
-95
-127
-277
418
1457
1642
1207
1242
1934
2240
1799
1472
1791
2085
1485
517
185
223
-22
-443
-538
-69
324
168
-102
-1
427
614
584
716
983
1260
1225
838
468
174
-91
-314
-418
-174
56
47
-73
-233
-198
-123
-86
14
292
813
1071
970
824
658
419
38
-291
-316
-243
-223
-324
-414
-289
-108
-2
-33
84
404
544
359
122
153
381
489
615
741
810
786
531
442
296
303
331
-73
-424
-806
-1187
-1565
-2268
-3285
-4733
-5648
-5114
-3771
-2600
-2267
-1983
-976
12
513
660
1085
1855
1912
1257
854
1253
1589
736
-588
-1197
-1138
-1255
-1726
-1662
-917
-360
-397
-442
139
982
1345
1102
1086
1655
2012
1904
1790
1938
2101
1618
834
499
467
341
11
-102
21
134
101
-95
-56
38
74
301
623
1022
1183
1091
905
505
279
9
-220
-129
-160
2
69
-75
-61
-186
-136
-56
10
304
498
806
917
737
642
355
49
-189
-382
-383
-383
-313
-221
-216
-116
-72
-57
110
295
402
329
247
403
490
510
581
580
598
545
468
458
500
466
312
138
-271
-688
-994
-1364
-1524
-1943
-3000
-4397
-5267
-4787
-3598
-2653
-2373
-2068
-1033
-79
293
404
748
1438
1554
947
809
1424
1755
997
-275
-816
-729
-924
-1416
-1439
-707
-107
-216
-442
-61
702
958
695
839
1572
2063
1903
1673
1827
2001
1645
984
757
880
767
370
31
85
199
-79
-410
-470
-208
78
214
453
704
906
867
570
466
374
177
32
7
258
399
251
40
-202
-182
-109
-236
-207
-2
360
576
529
577
468
196
-65
-311
-285
-175
-134
-45
-52
-111
-110
-157
-148
-46
168
356
384
447
453
481
560
542
471
498
505
437
482
543
521
273
-97
-284
-353
-546
-809
-983
-1138
-1626
-2770
-4360
-5192
-4554
-3224
-2331
-2268
-2011
-1142
-423
-249
-258
342
1250
1391
997
998
1659
2012
1087
-174
-603
-471
-620
-1121
-1032
-307
-14
-460
-880
-539
240
555
473
819
1598
2011
1785
1540
1681
1874
1658
1287
1254
1375
1174
592
62
-88
-97
-273
-497
-444
-147
88
215
293
472
612
583
493
399
543
734
725
625
469
412
289
-21
-200
-225
-130
-99
-328
-361
-119
147
270
159
91
44
-110
-215
-209
-84
55
12
-92
-147
-197
-228
-190
-56
113
257
314
296
328
443
472
410
316
333
408
344
297
184
156
144
23
-17
-95
-98
-274
-645
-887
-1100
-1270
-1752
-2693
-3784
-4269
-3550
-2485
-1961
-2025
-1935
-1250
-633
-418
-258
391
1217
1357
958
901
1440
1603
848
25
-97
97
-74
-547
-597
-170
-172
-626
-756
-255
399
518
473
837
1349
1460
1162
1161
1590
1918
1815
1551
1530
1355
798
295
72
130
147
-13
-119
-42
87
4
-188
-153
117
363
478
477
594
713
564
300
98
184
376
363
173
44
47
-80
-334
-507
-440
-181
31
47
-13
-76
-183
-318
-423
-303
-127
-143
-147
-94
-18
31
-23
-5
115
325
469
462
451
370
301
221
178
232
305
372
302
251
228
207
97
-68
70
156
53
-168
-341
-342
-586
-1053
-1503
-2036
-3008
-4001
-4003
-2812
-1666
-1821
-2399
-2084
-1089
-568
-796
-379
778
1374
1050
664
1258
2030
1515
329
-58
321
467
-44
-397
-4
146
-472
-1042
-837
-60
285
172
334
860
1205
1002
964
1394
1770
1870
1721
1687
1762
1508
1012
660
507
380
196
6
-45
30
25
-97
-201
-173
-28
156
217
250
372
327
201
107
126
246
253
161
43
-18
-103
-289
-390
-387
-259
-66
-2
-38
-173
-343
-509
-581
-515
-313
-50
53
10
-14
-17
-30
-31
47
261
430
449
376
304
315
307
245
233
292
350
337
283
240
152
7
-42
-4
106
183
207
194
12
-241
-494
-695
-881
-1133
-1482
-2281
-3302
-3569
-2903
-1954
-1774
-2273
-2147
-1400
-822
-806
-773
140
1008
924
566
862
1700
1681
720
185
417
733
409
-80
108
345
-65
-677
-762
-189
286
161
69
434
836
893
874
1211
1668
1817
1665
1510
1509
1503
1256
989
892
738
556
362
195
167
21
-168
-217
-155
18
79
46
-24
-175
-218
-214
-236
-107
29
186
219
-52
-263
-343
-292
-229
-237
-152
-16
119
125
-58
-167
-180
-284
-362
-340
-190
-66
-129
-276
-390
-363
-247
-128
101
329
384
349
264
215
284
364
361
379
430
498
369
136
103
57
85
89
102
218
165
122
33
-46
-57
-238
-384
-517
-692
-815
-963
-1600
-2763
-3402
-2893
-1764
-1435
-2061
-2233
-1644
-1077
-1176
-1235
-231
780
696
193
378
1324
1633
848
419
755
1099
780
145
308
657
314
-273
-402
137
429
117
1
271
574
592
570
939
1383
1539
1474
1490
1563
1421
1170
990
999
1037
947
772
507
229
-45
-204
-245
-234
-138
-108
-214
-335
-482
-550
-498
-458
-330
-165
-8
53
-123
-181
-140
-68
50
11
68
189
224
182
-21
-166
-222
-342
-427
-360
-177
-149
-316
-456
-463
-408
-305
-162
22
230
231
119
86
123
198
318
423
481
489
360
201
104
85
64
-15
30
195
283
256
119
91
143
-7
-69
-84
-173
-287
-563
-736
-719
-972
-1842
-2741
-2743
-1884
-1198
-1494
-2113
-2015
-1418
-1170
-1255
-750
272
649
201
-97
553
1321
1152
727
815
1137
1074
580
458
761
701
249
-32
197
503
305
26
78
303
404
346
533
852
993
1054
1088
1153
1145
975
898
989
1017
983
881
585
334
225
124
36
-16
-19
-31
-184
-380
-460
-474
-471
-439
-413
-384
-268
-143
-171
-306
-331
-159
47
101
22
30
133
127
51
-34
-44
-53
-184
-241
-135
-98
-193
-331
-391
-299
-250
-235
-191
-141
-119
-159
-183
-121
27
213
276
271
304
294
316
293
289
376
415
406
318
275
333
307
250
231
212
179
32
-163
-257
-412
-606
-720
-671
-689
-1412
-2470
-2757
-1904
-952
-1159
-1910
-1893
-1299
-1059
-1304
-1000
126
622
92
-297
271
1208
1194
613
635
1029
1055
581
387
786
887
452
84
154
393
294
16
-31
176
305
239
270
462
656
725
732
840
887
857
848
878
1027
1104
1011
796
508
390
413
399
343
194
16
-143
-322
-403
-398
-371
-353
-461
-576
-564
-453
-348
-437
-464
-298
-153
-74
-64
44
235
284
211
156
218
239
72
-48
-41
-77
-200
-358
-426
-395
-407
-460
-451
-369
-291
-267
-247
-199
-73
87
226
334
393
444
417
362
374
413
500
551
504
419
277
222
217
141
138
96
79
57
-147
-285
-422
-619
-632
-588
-474
-658
-1524
-2145
-1843
-1012
-636
-1289
-1789
-1465
-1112
-1126
-1173
-492
314
91
-535
-477
350
927
605
354
695
919
665
330
543
957
797
296
99
341
496
306
136
157
250
263
201
298
487
616
664
643
658
701
737
799
840
884
933
890
753
546
442
415
338
254
167
63
-70
-265
-377
-364
-365
-381
-413
-448
-447
-392
-310
-295
-279
-232
-256
-226
-119
23
160
110
26
6
-25
-40
-66
-49
-33
-130
-234
-264
-278
-308
-336
-326
-292
-260
-228
-168
-113
-99
-89
-12
127
259
324
362
355
323
366
423
448
460
463
424
365
308
329
319
255
260
297
337
197
-60
-243
-426
-477
-392
-327
-339
-595
-1165
-1792
-1897
-1267
-697
-912
-1489
-1638
-1322
-1141
-1127
-760
-163
-21
-452
-653
-157
470
558
331
398
647
596
404
496
788
821
460
175
275
486
508
377
269
268
241
198
294
433
526
508
480
506
563
685
739
688
716
787
748
671
602
585
551
425
288
212
134
55
-22
-100
-160
-268
-377
-421
-398
-359
-351
-363
-391
-468
-444
-338
-250
-200
-197
-119
-42
-20
-15
8
52
47
16
31
17
-52
-116
-147
-172
-204
-161
-103
-109
-125
-148
-168
-171
-144
-55
79
168
233
273
269
283
315
351
399
483
509
445
335
258
251
310
300
200
171
118
98
107
5
-110
-254
-420
-408
-303
-266
-362
-692
-1149
-1445
-1325
-888
-691
-988
-1333
-1340
-1188
-1065
-882
-520
-225
-372
-667
-572
-55
307
267
196
272
336
297
309
458
592
469
248
235
392
473
418
360
291
245
291
397
496
524
498
483
477
503
555
655
682
622
634
666
649
563
473
413
387
361
318
284
197
80
6
-64
-139
-173
-183
-153
-163
-193
-156
-177
-252
-282
-252
-219
-226
-174
-40
37
-22
-108
-88
-10
-35
-80
-43
-6
-48
-117
-116
-97
-138
-193
-166
-131
-156
-156
-147
-123
-76
-54
4
33
35
66
50
48
123
177
184
182
172
183
203
203
177
176
208
205
203
249
227
136
81
82
157
145
-19
-134
-176
-168
-192
-295
-342
-492
-828
-1088
-1005
-694
-606
-880
-1211
-1275
-1117
-990
-852
-622
-472
-598
-834
-772
-372
-7
83
71
102
147
153
207
402
581
589
480
403
476
559
559
530
494
470
410
382
396
394
417
450
425
409
421
412
414
449
554
632
601
512
409
407
446
463
493
472
418
333
247
228
220
183
147
101
33
12
17
-5
-74
-141
-149
-175
-209
-266
-286
-204
-204
-304
-347
-314
-261
-266
-311
-270
-185
-153
-186
-239
-241
-188
-151
-138
-95
-65
-116
-225
-272
-199
-105
-90
-112
-96
-46
-35
-65
-31
50
82
79
100
154
185
158
124
166
218
186
202
242
227
183
114
116
173
207
188
97
31
-30
-88
-99
-142
-198
-283
-472
-668
-769
-689
-523
-626
-954
-1145
-1062
-883
-803
-746
-616
-585
-762
-842
-586
-199
-14
-56
-89
-50
-2
83
278
518
563
426
337
337
399
490
538
521
457
374
350
412
453
475
506
470
467
492
557
684
687
655
696
710
696
654
638
690
645
587
550
452
384
303
237
205
137
68
10
-91
-172
-188
-220
-225
-231
-251
-234
-283
-332
-300
-261
-261
-276
-273
-257
-240
-275
-315
-278
-246
-241
-260
-266
-210
-201
-228
-239
-240
-244
-260
-257
-243
-234
-221
-254
-253
-224
-240
-193
-153
-122
-73
-74
-63
-27
21
79
115
135
167
185
192
205
223
216
195
216
214
220
273
263
205
131
87
91
82
81
75
12
-78
-158
-238
-338
-483
-530
-441
-423
-587
-757
-742
-666
-680
-722
-687
-629
-630
-667
-570
-339
-216
-263
-300
-210
-120
-31
149
306
365
329
288
333
415
521
628
628
583
564
554
604
618
584
602
617
593
566
587
622
608
530
498
546
543
484
440
436
457
435
398
361
269
168
73
43
61
6
-56
-81
-131
-157
-170
-216
-245
-255
-242
-231
-231
-214
-211
-203
-229
-298
-296
-255
-240
-276
-320
-325
-335
-367
-377
-319
-282
-332
-368
-361
-309
-225
-260
-292
-259
-279
-244
-180
-146
-115
-114
-141
-146
-119
-76
-43
-35
-34
-21
23
72
113
129
105
135
185
189
221
240
232
244
232
241
270
269
255
250
263
239
212
175
123
96
51
16
-24
-119
-227
-286
-293
-308
-405
-524
-583
-587
-567
-581
-569
-561
-603
-608
-555
-421
-274
-229
-226
-204
-167
-62
67
157
226
262
278
293
358
475
563
573
506
465
482
517
534
544
567
553
481
413
415
433
439
428
398
406
409
351
311
288
267
270
240
184
138
88
48
32
39
-2
-57
-99
-156
-167
-152
-156
-169
-168
-198
-263
-264
-238
-221
-210
-244
-268
-253
-264
-282
-269
-267
-291
-320
-306
-255
-252
-293
-298
-265
-248
-241
-221
-215
-224
-198
-185
-207
-206
-197
-180
-158
-143
-123
-77
-53
-55
-30
-2
31
75
110
150
187
204
223
270
300
312
305
295
309
308
306
328
322
289
270
276
281
274
267
224
173
136
108
90
78
-3
-167
-317
-352
-270
-242
-336
-479
-572
-594
-588
-566
-494
-453
-518
-578
-541
-429
-303
-265
-251
-207
-186
-121
-24
103
201
224
205
181
225
301
358
400
371
306
313
321
293
320
357
347
337
337
354
349
311
305
317
348
332
272
270
261
245
218
183
159
122
110
86
79
105
87
25
-24
-60
-42
-17
-29
-44
-89
-105
-125
-184
-175
-129
-118
-144
-156
-121
-164
-238
-225
-194
-189
-223
-233
-202
-195
-211
-212
-196
-195
-238
-281
-270
-233
-200
-190
-179
-175
-195
-197
-176
-190
-164
-92
-49
-16
-26
-32
-12
-3
34
115
181
201
179
180
218
231
223
243
280
280
251
253
273
288
293
267
262
260
241
224
241
254
244
213
179
151
132
105
-16
-141
-223
-215
-189
-309
-446
-562
-618
-595
-606
-590
-547
-568
-645
-677
-568
-436
-374
-332
-333
-316
-252
-175
-50
62
80
80
73
115
251
329
365
375
353
370
406
433
463
486
480
450
397
394
410
395
358
309
311
325
286
246
205
200
217
183
130
86
63
66
79
90
85
54
18
-12
-24
-9
14
19
-16
-50
-69
-85
-86
-77
-69
-68
-93
-115
-101
-98
-94
-120
-192
-216
-236
-261
-261
-295
-291
-245
-250
-279
-305
-305
-314
-324
-295
-262
-199
-174
-210
-231
-256
-236
-190
-163
-100
-71
-43
8
40
93
131
133
135
166
191
237
294
312
309
305
303
275
271
303
320
325
314
287
271
230
181
185
179
136
125
109
65
15
-40
-38
-19
-68
-91
-127
-218
-296
-343
-282
-225
-319
-448
-520
-503
-467
-462
-373
-317
-391
-501
-514
-354
-197
-162
-157
-175
-208
-185
-97
67
203
236
238
189
177
281
377
434
428
373
373
381
371
401
392
363
305
213
235
250
255
261
217
232
231
160
115
107
142
176
116
99
116
88
55
34
39
39
22
16
20
21
30
17
4
-7
-35
-63
-89
-106
-110
-89
-73
-89
-114
-151
-195
-220
-230
-215
-217
-260
-301
-326
-322
-305
-291
-296
-310
-310
-313
-292
-255
-215
-179
-180
-190
-193
-179
-112
-48
-19
-6
-25
-13
51
94
111
144
160
165
174
210
253
251
254
273
280
294
301
294
291
270
255
270
264
222
181
137
122
124
114
103
67
32
8
4
12
11
8
-53
-152
-222
-264
-223
-185
-253
-342
-406
-436
-447
-426
-338
-307
-397
-470
-442
-325
-223
-190
-154
-139
-157
-139
-67
55
149
176
168
159
187
242
278
288
289
306
319
314
296
291
281
256
244
231
228
240
231
191
189
213
195
161
154
117
80
112
122
101
89
65
47
36
45
46
50
71
46
11
-7
-21
-42
-56
-49
-60
-78
-89
-115
-139
-151
-149
-155
-182
-199
-191
-195
-220
-232
-228
-216
-242
-261
-240
-214
-208
-239
-243
-219
-205
-197
-187
-148
-110
-110
-134
-129
-90
-52
-28
-24
6
57
79
90
132
172
181
184
209
255
285
290
294
291
260
243
238
245
242
217
212
201
188
175
161
140
101
66
56
46
33
19
9
-19
-55
-73
-91
-113
-107
-109
-124
-143
-192
-219
-230
-230
-235
-278
-289
-276
-296
-281
-249
-244
-233
-235
-254
-255
-212
-153
-129
-132
-132
-116
-90
-53
5
51
69
75
102
164
201
203
214
225
224
206
205
241
259
253
234
212
209
211
215
224
198
163
155
143
139
132
114
100
98
112
105
84
76
66
60
42
33
25
26
37
19
-3
-33
-64
-80
-93
-93
-84
-92
-97
-87
-94
-133
-166
-160
-146
-135
-133
-139
-138
-134
-128
-131
-144
-151
-142
-125
-108
-104
-116
-98
-75
-89
-103
-79
-28
-6
-17
-31
-16
21
34
42
52
53
50
43
50
72
97
87
75
87
84
92
118
119
112
116
112
121
124
109
110
96
67
72
77
52
14
-4
22
37
20
3
-3
-7
-27
-36
-30
-52
-82
-84
-93
-120
-159
-180
-181
-194
-219
-231
-215
-204
-204
-198
-201
-189
-175
-166
-146
-131
-123
-95
-65
-50
-25
-6
6
18
34
55
74
93
103
119
146
169
176
181
172
162
177
192
215
238
227
209
196
183
183
176
167
164
167
166
156
147
140
120
90
84
86
75
57
40
25
7
1
-1
-12
-23
-41
-59
-57
-55
-48
-46
-52
-47
-53
-66
-86
-114
-131
-114
-103
-113
-119
-135
-139
-132
-115
-90
-79
-95
-112
-111
-103
-89
-63
-58
-69
-69
-79
-90
-69
-55
-41
-20
-35
-49
-39
-13
16
10
0
1
-1
15
22
19
31
26
23
29
36
53
38
16
15
14
31
24
12
21
13
2
14
33
35
25
0
-17
-9
-13
-20
-12
-14
-33
-63
-86
-82
-82
-88
-98
-116
-116
-110
-113
-101
-81
-52
-44
-61
-55
-21
-9
-10
-7
6
28
32
44
76
99
105
89
84
106
121
128
134
134
130
124
130
141
141
133
119
111
109
116
128
120
117
111
89
82
78
75
69
51
46
45
40
30
29
34
46
39
14
18
13
11
11
11
22
11
-11
-13
-23
-38
-33
-29
-41
-52
-54
-58
-72
-81
-76
-73
-67
-63
-77
-93
-101
-110
-111
-114
-109
-96
-100
-113
-127
-125
-112
-115
-112
-111
-110
-110
-110
-97
-90
-75
-62
-66
-39
-23
-28
-11
-5
-7
-12
-14
-1
7
11
13
11
28
36
35
59
54
47
43
31
40
54
72
62
34
21
-3
-14
-3
2
-5
-9
-18
-20
-15
-25
-39
-47
-51
-52
-41
-29
-35
-30
-40
-46
-14
-12
-15
10
35
51
49
21
20
42
46
60
71
86
93
83
95
111
111
114
99
83
99
117
122
133
119
95
76
70
94
109
95
80
94
89
88
81
67
80
70
42
30
32
45
42
10
4
8
-7
-13
-3
4
10
-9
-28
-10
-2
-19
-17
-12
-29
-20
-23
-24
-13
-41
-51
-63
-83
-68
-58
-77
-109
-117
-125
-138
-138
-126
-132
-146
-138
-132
-131
-149
-149
-121
-117
-127
-136
-126
-106
-104
-107
-105
-98
-89
-84
-80
-76
-67
-50
-27
-17
-12
-1
15
23
23
24
18
12
13
4
9
9
-17
-17
6
8
-4
-6
-5
15
15
16
38
39
31
36
45
53
59
68
81
83
84
87
85
83
82
78
81
87
91
94
85
106
133
124
131
138
146
142
123
120
124
129
133
125
104
88
76
70
66
59
79
79
43
29
45
51
37
15
15
21
9
15
5
10
8
-16
-18
-33
-22
-9
-34
-45
-32
-31
-59
-63
-57
-61
-58
-60
-61
-45
-46
-60
-61
-57
-39
-47
-64
-60
-66
-72
-79
-112
-110
-83
-109
-132
-122
-127
-127
-125
-127
-118
-119
-129
-130
-117
-112
-114
-108
-127
-131
-108
-97
-85
-71
-77
-80
-72
-66
-50
-38
-38
-23
-12
-14
12
26
20
26
23
39
53
39
48
64
55
54
48
54
59
49
57
65
66
72
68
83
107
106
87
84
96
94
88
86
86
93
79
67
92
99
79
82
89
92
108
100
84
77
70
74
72
74
105
106
77
74
68
65
72
60
55
48
27
11
32
35
12
23
6
-12
12
6
-8
-2
-11
-6
5
-11
-5
-4
-30
-29
-26
-30
-35
-43
-50
-62
-61
-60
-72
-70
-61
-58
-55
-67
-74
-65
-58
-62
-71
-79
-83
-68
-68
-79
-83
-78
-76
-83
-81
-80
-99
-116
-109
-95
-96
-100
-94
-89
-76
-66
-67
-64
-72
-73
-70
-61
-52
-53
-49
-68
-82
-76
-69
-53
-39
-40
-45
-35
-17
-8
5
8
9
39
48
52
62
59
58
53
43
51
59
74
84
67
82
103
103
111
107
98
105
113
123
133
132
129
120
105
91
99
110
110
106
99
85
72
52
40
45
41
47
58
57
55
66
54
43
47
40
39
33
35
51
39
3
-6
17
25
9
10
26
22
-9
-4
5
-6
-11
-19
-17
-26
-41
-44
-36
-37
-56
-50
-49
-63
-68
-66
-70
-74
-89
-103
-91
-81
-80
-94
-109
-100
-83
-83
-89
-77
-74
-77
-83
-73
-68
-76
-71
-89
-97
-94
-92
-85
-83
-75
-69
-65
-64
-70
-67
-57
-56
-60
-57
-57
-57
-54
-50
-41
-41
-33
-24
-19
-3
-10
-2
10
20
27
13
7
32
58
47
50
58
59
52
36
52
87
110
100
93
108
120
99
80
97
115
106
85
103
122
108
96
97
115
119
93
87
108
100
84
81
91
96
79
67
71
78
75
69
78
79
57
57
56
45
47
27
19
44
40
9
-11
-20
-16
-33
-45
-33
-30
-38
-48
-64
-82
-77
-69
-91
-96
-77
-86
-83
-87
-95
-71
-74
-91
-89
-86
-78
-77
-93
-93
-87
-83
-80
-78
-78
-83
-86
-96
-93
-83
-76
-54
-49
-73
-75
-68
-75
-55
-43
-60
-57
-63
-77
-58
-45
-43
-28
-28
-35
-27
-9
4
-1
2
8
7
12
21
23
22
23
28
26
42
58
41
46
52
42
55
51
49
54
51
52
60
60
64
60
54
66
63
77
82
69
67
54
60
76
60
46
55
70
75
75
75
81
87
74
67
74
74
82
85
83
82
72
59
52
30
32
58
40
27
19
17
35
19
9
10
1
0
-19
-30
-18
-24
-37
-36
-34
-39
-54
-75
-83
-76
-67
-71
-77
-77
-80
-73
-69
-72
-71
-83
-94
-88
-84
-80
-77
-71
-68
-80
-66
-62
-76
-76
-74
-55
-42
-58
-56
-32
-19
-27
-22
-10
-14
-30
-30
-17
-18
-16
-20
-15
-2
-8
-2
19
15
18
23
7
14
-3
-23
1
-2
-1
13
2
6
20
4
8
23
11
23
34
31
41
34
30
40
36
31
42
52
43
35
43
59
58
48
43
40
44
40
40
42
39
47
43
34
41
48
40
31
20
22
25
15
23
35
28
17
11
17
22
18
26
35
39
31
15
14
31
29
29
48
34
25
28
11
6
10
8
14
13
-2
-19
-12
7
-5
-16
-26
-40
-36
-48
-59
-62
-56
-38
-40
-62
-74
-65
-51
-53
-73
-65
-49
-46
-43
-58
-67
-50
-51
-61
-51
-53
-46
-22
-31
-45
-39
-39
-27
-17
-24
-18
-19
-33
-25
2
2
-13
-13
