11
12
9
10
10
11
16
19
15
13
15
14
19
21
19
20
21
22
20
17
16
20
18
12
10
13
15
12
2
0
2
3
1
1
-2
-4
-4
-9
-8
-5
-5
-7
-6
-3
-4
-6
-8
-5
-5
-12
-17
-18
-15
-23
-27
-26
-43
-60
-67
-70
-74
-80
-98
-110
-109
-111
-109
-114
-115
-115
-121
-114
-103
-92
-88
-80
-74
-63
-42
-19
-11
-9
4
18
34
51
79
86
76
84
99
110
117
127
135
136
137
137
140
141
141
146
144
143
156
160
151
133
121
128
133
140
143
133
129
115
99
101
103
100
96
83
65
63
69
64
49
32
22
15
13
7
-4
-17
-33
-43
-49
-52
-54
-72
-94
-106
-109
-108
-114
-123
-124
-129
-142
-142
-147
-142
-131
-138
-146
-144
-129
-115
-111
-108
-120
-131
-131
-127
-115
-106
-128
-167
-202
-237
-249
-245
-251
-277
-326
-362
-366
-344
-336
-361
-385
-381
-363
-335
-287
-245
-235
-227
-198
-137
-58
4
41
67
101
153
216
277
314
331
339
361
400
437
455
449
445
446
425
424
447
440
413
398
370
355
370
361
347
319
294
289
288
284
251
217
218
222
217
194
166
155
143
123
115
120
104
83
61
32
28
25
14
13
-15
-49
-57
-56
-63
-79
-89
-106
-129
-144
-143
-137
-157
-168
-174
-194
-187
-181
-197
-191
-194
-224
-228
-202
-184
-177
-180
-196
-187
-166
-150
-139
-134
-126
-124
-129
-138
-142
-130
-127
-160
-198
-241
-291
-332
-355
-367
-407
-479
-528
-553
-549
-548
-582
-605
-596
-581
-569
-527
-462
-428
-408
-361
-287
-179
-82
-24
47
94
140
237
326
399
446
457
479
521
562
592
615
614
602
597
597
615
594
564
554
524
518
532
520
499
477
422
400
419
406
381
366
336
313
304
278
256
244
205
174
155
132
119
94
57
32
15
-7
-8
-19
-52
-71
-79
-71
-77
-106
-118
-136
-147
-131
-121
-127
-132
-151
-174
-167
-167
-162
-162
-170
-176
-200
-201
-175
-173
-180
-191
-200
-187
-159
-143
-146
-172
-197
-203
-184
-169
-198
-220
-264
-331
-390
-467
-504
-500
-531
-611
-690
-736
-753
-763
-759
-777
-815
-810
-772
-706
-629
-578
-530
-474
-410
-304
-178
-60
35
90
160
279
383
468
553
593
627
658
694
763
799
796
778
765
754
749
749
725
678
638
604
588
599
580
534
499
470
446
424
408
377
327
299
273
265
248
209
185
152
120
98
91
95
62
21
10
-13
-22
-11
-33
-63
-72
-77
-84
-75
-83
-114
-116
-115
-136
-142
-129
-128
-136
-149
-161
-149
-142
-155
-162
-175
-179
-158
-139
-129
-124
-139
-126
-94
-98
-90
-98
-124
-134
-158
-200
-229
-274
-348
-426
-517
-587
-627
-674
-732
-813
-907
-933
-942
-957
-971
-998
-993
-954
-902
-830
-745
-675
-617
-527
-399
-264
-139
-42
44
157
279
391
514
603
655
696
729
784
853
887
894
884
847
838
843
824
809
788
759
739
709
678
649
623
592
551
514
463
414
374
338
318
286
245
219
194
152
133
99
53
45
38
22
-9
-34
-37
-46
-44
-37
-52
-52
-54
-71
-59
-44
-55
-63
-70
-67
-67
-62
-65
-84
-79
-75
-76
-62
-57
-74
-85
-75
-64
-53
-50
-63
-47
-49
-81
-77
-53
-63
-89
-118
-185
-252
-315
-393
-495
-603
-686
-738
-788
-873
-967
-1047
-1085
-1100
-1149
-1197
-1182
-1142
-1103
-1042
-963
-853
-766
-719
-633
-474
-294
-157
-66
16
167
334
441
536
606
670
740
781
820
884
944
971
949
924
952
960
901
840
810
788
767
754
753
755
711
636
578
527
471
406
362
322
293
277
254
215
165
131
90
32
-3
-33
-46
-31
-37
-50
-61
-73
-46
-29
-70
-84
-73
-62
-6
37
20
-51
-111
-69
35
75
29
32
109
194
235
233
218
230
275
317
326
274
210
180
155
126
120
85
-73
-358
-651
-763
-879
-1315
-1904
-2163
-1950
-1686
-1693
-1827
-1802
-1561
-1334
-1307
-1308
-1149
-885
-608
-376
-114
237
512
505
328
229
302
403
363
303
399
539
574
543
503
416
222
7
-31
146
401
608
754
867
964
1010
965
891
814
746
750
838
978
1084
1065
877
611
365
132
-51
-162
-264
-328
-311
-307
-322
-352
-313
-192
-102
-24
103
280
441
523
544
531
487
454
413
391
350
259
175
112
81
49
-9
-42
-52
-27
40
117
133
70
59
78
81
110
134
173
272
291
356
431
353
275
201
160
112
25
-119
-388
-749
-1121
-1350
-1574
-2173
-2939
-3303
-3017
-2412
-2130
-2058
-1756
-1246
-848
-736
-504
9
388
472
519
882
1428
1528
1112
604
325
278
135
-42
-93
-89
-84
-178
-201
-57
43
-11
-129
-9
440
914
1193
1280
1341
1442
1406
1236
1098
1051
939
660
449
454
502
363
61
-176
-307
-379
-368
-265
-119
-110
-183
-122
24
140
153
109
160
301
496
642
654
603
463
314
230
195
228
231
190
125
46
0
-75
-150
-219
-295
-230
-37
156
266
250
220
222
211
242
318
399
416
350
321
302
305
280
191
132
23
-63
-114
-319
-679
-1122
-1442
-1590
-1945
-2710
-3560
-3775
-3164
-2377
-1917
-1654
-1188
-544
-195
-111
148
622
964
953
883
1161
1516
1335
614
-88
-398
-510
-663
-748
-600
-327
-178
-142
12
276
431
430
449
759
1256
1631
1770
1753
1699
1577
1305
976
729
519
287
33
-111
-100
-66
-97
-215
-291
-259
-135
47
229
382
421
301
209
254
344
326
144
15
10
84
203
245
217
132
7
19
171
320
413
361
236
156
102
85
37
-8
-3
28
114
217
277
348
356
260
255
308
416
443
393
457
457
351
207
147
277
194
-104
-440
-812
-1013
-1331
-1675
-1969
-2819
-3908
-4470
-4063
-2832
-1992
-1682
-1099
-343
303
450
389
801
1144
1030
753
829
1419
1475
644
-291
-819
-919
-1093
-1348
-1118
-513
-30
150
327
723
1022
963
781
932
1389
1730
1801
1696
1599
1460
1083
642
269
-39
-302
-505
-494
-280
-58
43
26
27
66
180
445
644
718
696
542
422
358
218
40
-233
-472
-364
-39
221
415
491
440
331
258
342
401
459
585
559
474
398
248
60
-168
-223
-102
15
174
336
443
426
330
259
263
417
495
366
335
323
289
312
181
194
110
-397
-775
-1211
-1524
-1602
-2296
-3659
-5054
-5449
-4439
-3136
-2264
-1520
-663
306
819
780
818
1158
1399
1070
578
867
1609
1406
214
-850
-1246
-1424
-1855
-2009
-1289
-264
321
542
810
1321
1606
1219
828
1009
1466
1760
1730
1718
1806
1513
819
99
-311
-508
-794
-878
-534
-5
343
434
503
549
497
494
623
854
978
809
500
256
91
-58
-264
-386
-271
-57
153
414
698
795
688
613
640
620
599
654
657
496
318
202
91
-19
-124
-155
-114
12
204
281
331
485
516
513
492
403
475
342
252
393
283
216
-41
-444
-665
-1186
-1629
-1825
-2227
-3286
-4972
-5861
-5166
-3596
-2434
-1822
-870
296
1076
1152
1002
1336
1559
960
185
241
1077
1416
435
-821
-1381
-1611
-2034
-2323
-1665
-389
509
835
1105
1653
2020
1673
1037
849
1129
1340
1302
1373
1614
1571
994
272
-253
-582
-776
-856
-642
-139
326
637
873
993
920
746
632
620
520
342
177
33
-86
-269
-308
-207
-122
33
201
537
990
1056
964
962
935
953
812
721
767
556
307
106
12
173
162
67
100
130
241
261
314
739
1006
953
782
522
475
349
333
435
73
-313
-682
-1135
-1454
-1731
-2033
-3168
-5240
-6546
-6256
-4745
-3082
-2043
-1057
-23
783
1296
1384
1546
1831
1387
393
-30
523
1156
660
-638
-1530
-1867
-2227
-2470
-1990
-843
300
799
1025
1616
2229
2281
1696
1131
1112
1173
1032
983
1130
1315
1017
311
-214
-505
-678
-826
-763
-274
238
549
853
1093
1213
1115
892
818
608
325
108
-166
-286
-445
-567
-460
-306
48
359
594
1021
1204
1212
1193
1098
1245
1238
1039
960
713
404
107
-106
-5
101
108
109
90
175
224
401
847
1070
958
745
646
604
557
629
548
119
-419
-928
-1332
-1642
-1907
-2470
-4381
-6678
-7156
-5897
-4013
-2547
-1709
-625
385
1024
1536
1652
1913
2032
1186
224
128
764
907
-259
-1584
-2126
-2301
-2444
-2330
-1439
-95
682
910
1285
2032
2593
2333
1616
1245
1340
1237
959
984
1098
993
463
-156
-499
-738
-809
-757
-501
10
402
686
992
1186
1176
972
817
699
425
81
-256
-332
-258
-317
-302
-213
14
267
352
666
1021
1128
1153
1133
1201
1254
1219
1167
966
702
432
195
104
142
280
223
133
182
160
214
550
931
964
858
729
701
755
838
765
164
-414
-1004
-1512
-1780
-2094
-2449
-4249
-6702
-7243
-6097
-3952
-2355
-1720
-548
477
1158
1611
1535
1882
2031
1118
151
80
794
912
-370
-1716
-2242
-2433
-2517
-2290
-1318
-16
694
836
1153
1898
2382
2188
1655
1372
1449
1290
1046
1006
978
835
302
-248
-430
-588
-711
-695
-478
66
419
634
941
1115
1164
1073
1017
910
522
114
-231
-376
-341
-591
-799
-658
-366
118
491
832
1278
1285
1253
1387
1355
1423
1350
1114
995
679
362
95
-160
-24
31
-116
-5
239
402
517
838
1185
1254
1126
895
765
915
970
575
-50
-636
-951
-1215
-1788
-2108
-3232
-5913
-7662
-7442
-5506
-3035
-2051
-1292
-25
769
1491
1532
1436
2066
1832
880
429
730
1301
547
-1249
-2351
-2723
-2810
-2569
-1923
-693
532
894
977
1417
1959
2176
1769
1348
1507
1525
1270
1175
982
809
476
-54
-273
-456
-640
-625
-557
-256
155
393
723
1045
1108
1089
1025
1013
804
340
34
-83
30
120
3
-39
-156
-249
-116
127
598
914
900
943
995
1105
1255
1163
1130
1086
710
434
279
223
275
-22
-180
-12
131
419
567
750
1064
941
854
857
727
760
599
278
-136
-766
-1106
-1327
-1762
-2119
-3826
-6505
-7410
-6385
-4140
-2428
-1923
-820
250
804
1284
1233
1630
2060
1338
489
332
932
1234
27
-1564
-2211
-2427
-2704
-2497
-1531
-135
715
707
824
1394
1923
1922
1510
1409
1694
1604
1249
1108
1022
824
327
-81
-151
-371
-538
-537
-500
-223
31
291
688
959
1164
1190
1183
1247
806
257
31
-137
-234
-557
-775
-562
-522
-267
125
318
901
1237
1179
1342
1468
1563
1387
1070
1134
907
357
92
-109
-164
-95
-100
48
80
183
379
397
913
1416
1424
1254
917
773
674
580
498
-69
-661
-879
-1129
-1488
-2013
-4032
-7036
-8152
-6956
-4376
-2454
-1847
-624
362
747
1191
1123
1702
2321
1587
757
633
1246
1407
-247
-2100
-2624
-2731
-2817
-2459
-1350
87
646
450
567
1121
1757
1867
1462
1512
1883
1736
1348
1109
960
781
230
-75
46
-135
-318
-466
-549
-317
-133
194
627
940
1213
1195
1172
1244
907
442
252
88
-218
-524
-535
-437
-503
-354
-51
167
736
1229
1259
1319
1356
1383
1249
1041
1207
973
400
260
64
-87
-99
-220
-76
5
113
552
739
992
1477
1431
1120
954
777
698
489
264
121
-331
-746
-973
-1408
-1597
-2939
-6339
-8320
-7544
-4981
-2571
-2191
-1529
-127
419
768
672
1088
2364
2095
870
496
1217
1938
561
-1812
-2592
-2379
-2468
-2529
-1757
-228
660
192
-107
562
1548
1989
1537
1422
2038
2075
1425
958
935
1048
590
84
254
302
-7
-429
-741
-520
-265
-39
452
977
1331
1307
1139
1177
1030
553
213
63
48
41
-140
-339
-581
-722
-520
-197
515
1275
1393
1440
1376
1117
983
841
1033
1068
596
439
285
40
-57
-332
-372
-206
-79
269
640
1096
1430
1299
1055
872
773
691
638
552
570
380
-279
-839
-1230
-1448
-1594
-2986
-5919
-7866
-7345
-4978
-2708
-2132
-1681
-639
-19
419
530
1092
2313
2146
972
520
1173
1855
664
-1449
-2275
-2162
-2190
-2288
-1661
-233
499
-119
-535
193
1409
1867
1519
1627
2194
2078
1276
803
1008
1284
930
423
458
422
-37
-549
-881
-772
-507
-239
378
1107
1484
1352
979
920
829
484
370
465
495
172
-185
-461
-786
-782
-493
-35
663
1273
1481
1372
1147
987
865
914
1241
1352
981
641
416
44
-310
-410
-302
-288
-174
341
834
1060
1152
1010
745
622
620
649
771
1107
1151
367
-559
-1270
-1546
-1484
-1549
-2226
-4863
-7442
-7238
-5300
-3051
-2199
-2218
-1243
-510
-29
509
991
2265
2429
959
230
878
1873
1195
-911
-1856
-1727
-1889
-2168
-1817
-633
185
-447
-1044
-285
1115
1890
1647
1575
2119
2061
1273
967
1254
1600
1354
675
585
590
98
-484
-957
-859
-532
-431
145
836
1104
885
428
554
647
455
576
725
975
989
545
94
-379
-468
-227
-12
601
1158
1128
873
511
267
413
758
1219
1442
1186
937
716
329
58
-64
-58
-16
91
476
728
739
673
556
492
440
605
832
905
1142
903
97
-651
-1192
-1157
-1207
-1492
-1654
-3303
-5949
-7122
-6322
-3921
-2217
-2228
-1822
-1118
-448
181
174
1019
2115
1661
758
662
1633
2014
305
-1430
-1681
-1402
-1421
-1675
-1250
-275
-304
-1111
-1037
120
1373
1603
1239
1535
1913
1619
1153
1118
1615
1804
1227
877
832
476
-139
-878
-1057
-675
-455
-113
344
679
707
249
187
574
738
785
879
1071
1030
404
-329
-614
-512
-128
310
675
1073
1076
740
467
302
638
1135
1339
1489
1355
995
505
-37
-186
-227
-69
348
434
483
499
410
377
210
516
996
1162
1314
1164
1085
900
283
-203
-735
-950
-794
-942
-1161
-1563
-3189
-6162
-7976
-6758
-3740
-1613
-1713
-1989
-1288
-686
-468
-407
685
2331
2175
1020
875
1911
2234
228
-1769
-1724
-1014
-947
-1349
-1071
-227
-528
-1651
-1702
-267
1321
1569
1121
1436
1970
1590
832
907
1707
2067
1560
1114
1099
747
-110
-967
-1160
-691
-317
-34
293
461
397
-31
-136
393
731
889
962
982
968
467
-102
-407
-388
140
655
904
1044
931
655
378
331
716
1131
1378
1400
1089
707
317
-57
-240
-79
322
514
494
387
296
239
0
201
721
1098
1455
1199
1022
836
289
199
-162
-408
-336
-706
-832
-1135
-1676
-2233
-4381
-6707
-6801
-4830
-2028
-1195
-2192
-2338
-1826
-1237
-803
-165
1752
2857
1846
819
927
1749
1300
-638
-1417
-700
-229
-640
-1158
-943
-562
-1299
-2014
-1138
484
1480
1233
874
1336
1437
912
789
1386
2221
2186
1556
1325
1091
480
-318
-839
-632
-196
-11
128
165
18
-256
-534
-268
382
929
1197
939
710
626
281
88
41
242
705
750
786
870
659
534
236
121
585
958
1056
892
643
484
199
26
209
465
524
337
179
330
449
336
269
429
806
1057
960
866
797
453
96
17
265
364
-101
-653
-1144
-1477
-1699
-2033
-2658
-4340
-5802
-5338
-3445
-1629
-1791
-2851
-2648
-1692
-697
-84
593
1892
2081
914
290
778
1557
1009
-401
-579
46
56
-699
-1309
-1016
-833
-1363
-1351
-305
896
1142
513
322
767
972
897
1200
1916
2401
2087
1432
1195
1003
492
-60
-228
162
462
349
107
-173
-430
-684
-618
-20
626
968
741
259
92
6
-72
16
298
680
889
884
813
644
417
258
180
473
974
1076
868
634
399
113
-98
87
412
378
198
278
477
522
407
314
353
543
780
1007
1257
1246
959
410
181
531
519
247
-241
-756
-938
-1355
-1487
-1337
-2270
-4401
-6315
-5869
-3163
-1370
-1974
-3076
-2786
-1596
-1090
-1095
-54
1659
1884
562
16
1266
2276
1188
-479
-573
328
342
-657
-1109
-475
-422
-1405
-1649
-523
780
809
37
75
719
937
810
1078
1943
2427
1880
1258
1281
1414
1084
488
355
637
665
349
-94
-319
-371
-523
-517
-165
318
576
376
30
-68
1
164
341
551
839
795
486
399
510
561
400
284
532
804
864
661
334
208
102
29
143
333
463
304
60
135
332
428
399
361
574
768
852
1043
999
682
260
20
183
380
566
613
220
-424
-1139
-1567
-1468
-1329
-1298
-2081
-3931
-5127
-4631
-2724
-1338
-2060
-3130
-2951
-2085
-1298
-921
27
1526
1513
250
-286
628
1702
1118
25
280
941
639
-505
-1081
-507
-337
-986
-1056
-126
745
429
-491
-425
361
691
732
1169
1942
2280
1862
1467
1494
1453
1151
857
905
1099
893
349
-58
-288
-448
-533
-388
-19
133
104
-22
-138
-36
85
226
475
660
750
712
548
550
690
694
515
302
272
394
444
437
356
250
163
-37
-85
63
167
256
230
222
320
326
336
314
282
400
515
618
599
518
565
501
349
206
363
657
446
-40
-450
-643
-708
-992
-1221
-1238
-1726
-3513
-5409
-5065
-2691
-966
-1780
-3465
-3528
-2438
-1804
-1609
-528
1307
1555
66
-623
534
1901
1454
195
321
1196
1041
-1
-509
3
46
-871
-1154
-331
445
199
-476
-287
558
908
801
1039
1585
1778
1494
1441
1790
1903
1621
1307
1165
1037
740
460
356
218
37
-117
-127
-12
-29
-177
-322
-312
-47
294
318
156
160
415
648
572
518
549
429
325
198
210
419
373
260
227
174
81
-90
-73
170
247
99
3
37
56
31
84
225
401
469
354
156
139
336
418
547
762
773
623
280
26
99
102
34
-159
-535
-857
-1032
-1032
-1054
-1674
-3335
-4819
-4420
-2464
-1067
-1817
-3465
-3753
-2922
-2145
-1481
-396
990
1089
-309
-930
240
1646
1551
574
634
1276
971
56
-262
305
579
-25
-344
129
484
127
-375
-187
520
818
705
920
1281
1331
1095
1054
1596
1970
1769
1504
1290
1124
970
773
725
709
535
300
23
-36
19
-64
-162
-199
-95
34
20
-156
-208
25
347
471
330
202
129
24
134
351
552
716
537
216
-94
-289
-158
39
222
208
-82
-294
-435
-431
-253
-6
298
423
300
188
105
86
243
438
652
749
545
322
312
349
379
354
201
20
-270
-579
-799
-989
-1020
-1029
-1411
-2401
-3715
-4033
-2752
-1426
-1680
-3060
-3650
-2786
-1816
-1482
-1048
-40
501
-271
-982
-236
1214
1670
923
507
956
1073
510
176
561
970
621
106
242
609
490
113
92
451
662
547
607
867
888
762
980
1513
1750
1511
1237
1192
1132
1017
1091
1331
1354
949
470
254
190
162
95
72
2
-228
-452
-485
-357
-366
-340
-21
377
421
20
-369
-338
-61
282
532
487
285
13
-212
-161
85
199
138
-48
-221
-297
-297
-200
-72
67
71
-41
-43
63
113
107
100
160
263
282
309
307
289
264
248
257
339
403
204
-89
-408
-569
-647
-736
-780
-912
-1283
-2235
-3136
-2979
-1916
-1275
-2013
-3206
-3280
-2287
-1542
-1262
-889
-233
-50
-743
-1032
-48
1116
1386
990
839
1216
1081
498
375
762
1115
966
558
539
594
297
107
232
571
778
693
584
535
568
854
1246
1425
1313
1103
1067
1130
1107
1165
1341
1336
1028
558
297
320
382
404
376
199
-162
-492
-590
-436
-371
-444
-381
-260
-311
-511
-568
-423
-254
-122
18
174
253
143
80
149
188
152
49
-7
-45
-150
-199
-138
-63
-114
-320
-424
-392
-304
-117
56
143
85
-46
-31
87
272
431
533
585
475
325
346
481
548
469
183
-76
-226
-294
-286
-321
-469
-886
-1596
-2371
-2622
-2084
-1391
-1416
-2164
-2706
-2427
-1749
-1286
-1111
-808
-499
-687
-934
-627
261
978
874
550
632
857
887
800
880
1179
1259
997
740
622
589
546
549
628
638
498
365
337
435
650
818
860
847
783
768
908
1047
1160
1193
1007
754
546
491
635
677
526
264
-74
-391
-516
-423
-245
-169
-261
-471
-757
-895
-747
-388
-143
-254
-354
-276
-201
-85
-36
3
35
37
76
52
58
17
-46
-47
-93
-120
-164
-258
-263
-234
-127
90
191
70
-15
-21
-13
88
293
529
596
632
531
354
328
353
529
666
539
367
146
47
82
18
-99
-249
-437
-927
-1599
-1952
-1789
-1279
-1172
-1786
-2409
-2500
-2078
-1609
-1289
-996
-726
-738
-1007
-920
-309
349
563
483
486
612
662
635
790
1054
1118
992
736
559
545
513
554
658
691
539
295
181
253
460
708
812
769
618
446
431
572
780
969
1038
872
601
399
393
473
477
473
397
237
58
-109
-162
-169
-284
-383
-455
-599
-653
-556
-366
-281
-388
-554
-618
-469
-195
44
109
-21
-134
-213
-222
3
190
208
112
-95
-197
-136
-50
47
89
76
56
-45
-55
63
158
256
359
450
443
405
474
516
563
598
540
571
556
477
412
319
288
272
151
-19
-127
-199
-408
-771
-1156
-1361
-1292
-1205
-1318
-1672
-2007
-1987
-1716
-1448
-1238
-1166
-1200
-1210
-1130
-911
-499
-121
17
-33
-53
152
334
436
591
748
850
809
613
524
589
679
752
718
629
529
393
340
405
538
679
638
509
420
471
684
810
839
809
708
575
476
488
589
630
517
360
219
88
-49
-124
-75
-69
-170
-295
-366
-386
-467
-521
-455
-329
-283
-423
-494
-342
-95
7
-115
-159
-106
-81
-32
73
224
240
82
-71
-84
84
240
306
317
244
158
119
132
273
451
492
437
355
301
294
309
372
429
473
499
430
308
202
128
184
286
268
191
42
-118
-279
-399
-548
-714
-868
-1174
-1337
-1303
-1294
-1450
-1799
-1928
-1695
-1444
-1325
-1305
-1217
-1099
-1096
-1042
-760
-351
-126
-187
-213
-11
204
317
438
570
671
630
505
565
690
782
821
717
583
533
512
578
680
686
648
552
491
478
536
628
673
702
657
589
540
474
472
553
604
573
477
334
212
111
87
126
151
150
7
-183
-310
-341
-276
-227
-243
-326
-359
-307
-291
-306
-236
-93
-11
-44
-44
60
128
167
182
207
231
197
160
180
223
215
144
87
87
86
85
70
91
111
114
113
123
149
142
121
62
80
170
177
124
65
63
62
63
50
4
16
-43
-125
-250
-415
-464
-517
-657
-909
-1132
-1125
-1043
-1179
-1498
-1551
-1277
-1100
-1185
-1327
-1230
-1019
-952
-977
-779
-413
-303
-429
-429
-136
226
328
265
351
518
541
482
563
781
885
791
660
618
647
667
697
750
797
739
620
563
515
553
689
783
780
691
629
639
607
555
617
695
648
499
382
388
367
294
227
200
164
37
-70
-115
-112
-121
-177
-194
-202
-266
-334
-339
-251
-164
-129
-130
-159
-182
-209
-164
-59
-24
-27
-70
-124
-144
-161
-97
-37
-120
-206
-189
-162
-138
-135
-130
-106
-130
-140
-102
-20
22
15
-18
-35
21
89
104
74
76
132
216
247
198
157
145
82
18
-34
-51
-65
-128
-261
-452
-655
-822
-795
-759
-846
-1052
-1214
-1138
-1052
-1065
-1094
-1050
-947
-941
-945
-785
-495
-327
-405
-418
-199
39
158
217
365
563
598
530
514
616
747
786
793
785
771
735
690
715
818
916
863
696
602
635
718
779
807
772
717
649
550
485
523
586
554
464
386
361
333
256
197
132
47
-41
-92
-78
-89
-170
-319
-438
-451
-415
-451
-502
-493
-492
-457
-441
-466
-430
-361
-297
-230
-223
-250
-249
-242
-218
-133
-69
-95
-178
-213
-183
-141
-97
-95
-130
-161
-191
-182
-89
5
70
38
-22
30
84
99
184
246
254
283
271
258
249
252
263
290
303
252
160
56
-10
-52
-109
-179
-254
-395
-557
-671
-643
-587
-680
-852
-1008
-996
-874
-819
-801
-750
-645
-589
-567
-458
-301
-170
-114
-81
45
208
273
301
367
434
467
457
473
551
595
596
587
603
607
568
580
584
589
599
581
542
468
448
479
505
481
444
414
360
303
299
351
352
283
191
141
137
108
59
48
49
-10
-105
-169
-171
-174
-219
-250
-224
-239
-316
-345
-306
-266
-278
-331
-340
-269
-211
-197
-201
-199
-205
-237
-211
-150
-142
-166
-203
-206
-189
-218
-242
-234
-216
-164
-126
-120
-88
-94
-87
4
76
133
152
154
209
258
290
297
249
237
217
187
232
292
310
251
191
171
200
215
173
162
136
107
74
57
23
-92
-202
-301
-318
-300
-365
-470
-577
-629
-609
-606
-596
-546
-550
-589
-587
-527
-424
-373
-387
-375
-309
-218
-166
-101
-24
28
75
54
71
174
223
230
277
313
327
342
350
349
340
366
421
438
417
377
364
381
414
440
416
414
394
369
388
407
415
380
353
337
307
285
254
209
178
142
102
84
44
-16
-90
-182
-215
-155
-149
-228
-291
-285
-252
-313
-385
-389
-300
-164
-161
-231
-237
-243
-227
-177
-162
-101
-65
-91
-99
-98
-87
-49
-28
-39
-21
-26
-24
7
28
38
39
51
75
103
120
156
199
227
233
223
221
200
232
293
282
249
251
242
201
153
100
89
79
27
-13
-31
-90
-189
-242
-290
-325
-390
-472
-467
-478
-548
-631
-632
-572
-567
-603
-634
-614
-574
-526
-490
-448
-365
-364
-402
-367
-297
-193
-109
-74
-20
43
97
146
184
234
323
353
339
394
451
495
524
475
435
457
446
430
465
529
551
493
437
416
415
405
402
419
434
412
323
265
275
235
167
123
106
132
114
49
32
23
-12
-37
-67
-72
-59
-54
-14
8
-21
-62
-118
-126
-107
-113
-113
-99
-102
-135
-154
-154
-147
-161
-180
-157
-138
-132
-118
-120
-112
-108
-145
-161
-152
-139
-136
-123
-101
-120
-157
-169
-150
-135
-130
-103
-89
-73
-42
-41
-13
15
12
3
-9
-13
17
82
101
53
0
-13
-22
-14
26
56
69
28
-14
-10
-13
-62
-105
-134
-139
-137
-184
-222
-250
-323
-416
-433
-363
-328
-382
-453
-458
-417
-358
-330
-280
-198
-184
-177
-122
-27
65
110
117
132
170
212
257
285
292
309
325
320
320
335
347
358
370
373
394
398
379
371
390
403
404
418
429
408
359
331
330
330
335
334
324
302
280
250
231
217
176
140
89
52
50
24
-44
-91
-116
-172
-230
-271
-287
-268
-308
-359
-329
-295
-286
-308
-322
-295
-260
-249
-250
-218
-199
-206
-205
-210
-205
-206
-198
-196
-194
-163
-173
-176
-158
-144
-111
-105
-104
-91
-82
-73
-54
-28
7
13
17
49
36
58
72
54
60
49
80
102
108
116
100
94
68
71
116
133
125
116
97
71
40
28
14
0
-25
-60
-70
-61
-92
-147
-155
-175
-184
-174
-181
-191
-192
-204
-222
-199
-186
-198
-189
-182
-183
-151
-88
-57
-67
-63
-45
-25
22
71
117
135
127
132
157
192
227
268
267
264
301
307
292
311
328
334
317
280
289
309
315
307
274
251
234
212
197
196
189
149
92
73
63
53
42
26
9
-15
-40
-57
-43
-35
-80
-111
-90
-89
-107
-91
-69
-77
-109
-128
-128
-116
-96
-108
-145
-171
-168
-161
-170
-151
-140
-148
-164
-205
-219
-213
-212
-194
-147
-136
-171
-185
-190
-185
-161
-132
-103
-73
-77
-74
-52
-32
-22
-10
38
73
78
94
107
114
106
86
92
117
134
130
142
133
106
116
121
126
121
80
46
32
25
14
-17
-77
-135
-172
-189
-202
-206
-204
-231
-275
-313
-324
-308
-285
-256
-234
-205
-165
-165
-160
-125
-79
-52
-29
15
45
70
97
103
130
160
177
210
206
205
238
260
271
292
304
307
305
303
304
310
312
327
351
342
304
273
225
224
245
252
274
247
193
139
109
116
121
89
41
22
-4
-38
-51
-55
-69
-111
-155
-158
-146
-147
-141
-142
-154
-181
-219
-228
-204
-179
-170
-149
-122
-131
-144
-147
-159
-145
-135
-119
-99
-118
-127
-124
-125
-118
-138
-156
-138
-130
-125
-105
-104
-119
-128
-135
-134
-115
-112
-109
-84
-63
-77
-91
-84
-60
-53
-79
-48
-1
13
21
17
26
33
38
55
70
70
66
83
102
90
61
49
41
24
19
14
15
10
-9
1
19
17
-1
-23
-39
-72
-85
-57
-11
26
32
29
23
3
9
57
86
101
115
109
108
108
119
155
166
147
142
141
147
177
193
172
159
169
170
165
174
192
185
162
131
125
136
123
100
86
86
74
59
72
85
77
50
13
6
12
3
12
14
-13
-27
-44
-56
-42
-54
-82
-111
-156
-171
-157
-151
-145
-155
-187
-226
-251
-241
-226
-212
-194
-192
-181
-166
-174
-196
-203
-198
-187
-172
-146
-119
-121
-138
-154
-134
-97
-96
-82
-52
-25
-1
-16
-46
-37
-22
-15
24
66
80
76
39
26
40
54
78
97
130
144
119
118
123
120
125
126
142
156
146
129
126
121
115
123
131
112
73
74
79
68
59
42
29
12
-12
-22
-9
8
-7
-22
-33
-48
-61
-73
-68
-57
-58
-83
-84
-45
-27
-25
-19
-30
-47
-36
-24
-14
27
27
19
47
53
41
51
55
41
41
45
60
68
53
55
68
58
43
46
80
103
80
45
14
-6
2
3
-17
-29
-34
-32
-27
-39
-43
-36
-45
-60
-38
2
10
14
24
14
-4
-7
-14
4
27
5
-18
-17
-35
-52
-56
-54
-20
-11
-27
-23
-21
-33
-57
-68
-43
-22
-21
-21
-16
-28
-61
-80
-74
-63
-56
-47
-42
-29
-33
-59
-73
-64
-29
0
-11
-12
14
17
6
-11
-11
21
24
10
22
31
0
-28
-22
2
24
17
1
-3
-4
3
20
37
37
0
-32
-46
-57
-38
-47
-65
-37
-50
-80
-78
-70
-37
-22
-34
-9
28
22
28
57
65
60
38
36
63
63
53
76
92
69
57
61
74
83
101
128
133
114
97
115
135
140
130
102
79
78
61
53
55
20
6
13
-11
-19
-2
6
2
-17
-32
-29
-12
-2
-13
-12
-4
-5
-10
-37
-59
-52
-57
-73
-55
-38
-48
-59
-69
-65
-65
-74
-68
-48
-35
-45
-62
-49
-20
-18
-28
-37
-27
-19
-33
-49
-80
-81
-54
-42
-37
-43
-43
-29
-11
-11
-2
-3
-25
1
4
-5
14
11
4
0
-12
-20
-12
14
12
-8
-7
13
40
27
20
31
19
-5
-19
-17
10
0
-28
-26
-30
-28
-37
-39
-42
-63
-57
-37
-34
-32
-26
-29
-29
-23
-18
-16
-15
-6
19
9
-9
7
13
0
-3
7
33
56
54
30
37
61
58
62
66
59
52
63
72
84
87
62
82
96
79
83
82
101
115
85
79
98
110
110
88
56
60
72
62
76
59
39
41
7
-11
-3
-2
5
2
-12
-11
-6
3
14
-1
-4
1
-6
-13
-40
-51
-41
-44
-62
-81
-85
-92
-108
-121
-126
-103
-85
-87
-88
-87
-99
-101
-62
-45
-56
-78
-104
-85
-68
-78
-89
-101
-96
-93
-102
-104
-98
-74
-56
-65
-67
-63
-70
-62
-57
-65
-54
-32
-17
-28
-53
-54
-28
4
8
-13
-2
38
45
19
24
57
61
54
61
72
88
100
115
119
105
100
106
128
116
93
107
113
116
114
106
112
121
120
99
91
96
102
111
81
58
60
53
23
25
43
38
11
-4
12
12
22
43
53
54
49
49
46
28
36
49
39
25
0
-13
-14
-25
-40
-47
-51
-60
-73
-84
-72
-53
-55
-66
-71
-72
-82
-93
-83
-49
-40
-57
-67
-70
-67
-90
-97
-69
-66
-67
-73
-82
-98
-91
-68
-59
-47
-50
-78
-76
-74
-70
-49
-41
-42
-51
-65
-55
-39
-32
-38
-61
-59
-30
-16
-24
-17
-16
-14
-15
-7
19
25
13
3
16
16
13
19
39
51
22
19
46
53
55
53
72
99
92
96
100
78
78
84
94
117
109
80
58
61
61
60
59
51
56
57
54
69
68
59
50
41
50
49
52
59
44
26
23
22
23
24
17
8
1
-19
-19
-1
-10
-20
-23
-24
-22
-22
-8
-13
-39
-35
-18
-19
-42
-49
-25
-17
-33
-43
-46
-38
-42
-55
-42
-37
-53
-55
-45
-43
-55
-60
-39
-25
-55
-60
-31
-16
-26
-41
-45
-30
-18
-34
-34
-23
-35
-63
-66
-51
-42
-28
-17
-12
-17
-40
-63
-49
-23
-27
-28
-27
-11
0
-9
-12
-5
-7
-9
-2
-5
0
12
16
-4
-14
2
16
29
12
10
24
12
15
40
46
43
55
47
46
56
48
56
71
57
34
51
77
61
33
26
32
41
45
46
68
66
41
18
2
2
19
40
38
54
53
37
46
35
31
49
43
39
57
58
39
34
31
13
11
11
4
17
17
-7
-10
-14
-25
-25
-31
-32
-31
-37
-35
-40
-60
-77
-75
-75
-85
-71
-58
-63
-72
-83
-71
-59
-53
-45
-36
-40
-41
-23
-38
-52
-36
-33
-23
-18
-33
-41
-26
-32
-50
-44
-32
4
26
4
10
20
-9
-25
1
21
27
44
23
-11
-18
-16
8
17
3
9
11
2
-8
-2
14
20
11
-24
-31
9
23
1
2
8
-2
9
11
2
5
0
5
5
4
24
33
27
27
24
20
32
46
30
20
20
41
53
48
52
45
36
34
41
45
51
60
48
52
70
72
65
65
81
73
53
30
26
48
40
13
6
-7
-3
8
-15
-29
-18
-8
-9
-20
-38
-41
-46
-54
-48
-49
-65
-59
-63
-84
-75
-58
-67
-63
-58
-75
-67
-43
-28
-32
-53
-52
-29
-38
-62
-51
-32
-23
-27
-32
-45
-44
-23
-14
-4
0
2
9
-1
-8
2
22
26
26
29
21
29
32
22
5
1
29
45
33
4
18
42
22
-3
9
28
24
29
24
15
10
0
10
3
-21
-16
22
11
-33
-20
2
11
-14
-24
-2
-10
-10
2
15
13
-7
-2
11
8
15
33
24
17
20
11
16
16
14
22
27
43
65
51
27
26
47
57
46
57
70
67
52
27
18
27
40
43
31
15
20
17
-2
-10
-3
5
1
1
-10
-32
-47
-53
-44
-45
-54
-63
-61
-49
-75
-93
-89
-70
-64
-82
-78
-58
-62
-68
-56
-64
-63
-44
-35
-46
-46
-46
-39
-35
-38
-25
-8
-9
-20
-13
-4
-1
12
25
43
68
70
60
62
61
59
48
44
56
56
38
25
26
23
18
16
0
-14
0
17
16
16
24
45
35
6
12
34
41
26
6
16
39
33
14
8
6
1
1
-9
-16
15
33
8
-7
-8
9
18
1
-10
-4
14
8
0
-1
1
3
-19
-19
2
-8
-17
-15
-5
9
5
-18
-15
-10
-10
5
-9
-10
18
4
-13
-10
-13
-6
0
-17
-8
3
-15
-13
-4
-13
-17
-7
-4
-5
0
-20
-26
-13
-17
-21
-27
-45
-40
-23
-44
-41
-18
-29
-23
-20
-34
-32
-29
-29
