0
-3
-2
1
0
0
0
2
4
1
-2
-1
0
-2
-4
-4
-2
1
3
5
4
1
1
1
-1
-2
-3
-3
0
0
-1
4
5
4
2
0
-1
-1
-4
-3
-1
0
1
0
3
2
0
1
1
0
-2
-1
0
0
-1
-1
-3
-5
-3
-2
0
2
1
5
8
5
4
0
-3
-3
-5
-6
-3
-2
-1
2
2
5
4
2
0
-2
-4
-3
-5
-3
0
1
2
2
4
5
3
1
1
-1
-3
-4
-3
-1
-1
-1
0
0
1
2
2
2
2
3
2
1
0
-2
-5
-4
-6
-4
-2
-1
3
6
4
3
4
2
2
1
-2
-4
-2
-1
0
-1
-2
0
2
1
2
2
-1
-2
-2
-2
-2
-2
-2
-1
0
2
2
-1
0
2
1
0
1
1
1
1
0
-1
0
0
0
-1
-1
0
-1
0
1
1
1
-1
-2
-1
-2
-3
-2
-2
-1
1
2
3
2
2
3
2
0
-1
-1
-1
-1
0
0
2
2
1
1
1
1
-1
-2
-2
-2
-1
-1
-1
3
3
1
-1
0
-1
-2
-2
-2
-1
0
0
1
2
1
1
0
-1
0
1
1
0
2
2
2
2
0
0
-1
-1
0
-1
0
2
1
-1
0
0
1
0
0
-1
-1
-1
1
0
0
0
0
0
-1
-2
0
0
-1
-1
-1
1
1
0
-1
0
1
1
1
0
0
0
-2
-2
-2
-4
-5
-3
-6
-6
-4
-2
-1
0
1
2
3
3
3
2
1
0
0
2
2
4
7
10
11
12
14
16
16
14
14
14
12
10
9
6
4
1
-3
-5
-7
-9
-11
-13
-13
-14
-15
-15
-16
-16
-16
-17
-17
-17
-12
-12
-9
-7
-7
-3
-1
0
4
6
7
9
11
12
12
10
9
6
1
-5
-9
-13
-18
-23
-25
-26
-28
-27
-25
-23
-19
-17
-14
-10
-6
-4
-1
3
7
9
12
12
14
16
16
16
18
19
20
22
21
21
22
22
23
22
18
16
16
14
13
12
12
9
7
6
10
14
17
24
32
38
44
50
59
65
62
59
59
55
44
29
20
10
-3
-16
-22
-29
-37
-43
-43
-44
-50
-53
-54
-74
-110
-136
-145
-156
-194
-239
-257
-252
-249
-253
-237
-197
-158
-128
-94
-39
19
63
95
120
140
163
194
213
218
218
233
253
258
254
258
264
246
209
176
142
100
37
-33
-86
-133
-173
-207
-238
-248
-241
-215
-179
-145
-86
-9
65
127
195
272
342
386
411
439
458
456
440
408
380
348
309
268
215
163
121
81
35
-2
-30
-61
-92
-113
-123
-129
-133
-142
-140
-129
-118
-100
-82
-60
-37
-15
2
25
52
61
63
51
26
-3
-66
-148
-238
-374
-582
-792
-944
-1060
-1215
-1430
-1547
-1509
-1434
-1399
-1318
-1105
-846
-658
-494
-250
23
224
356
473
578
659
737
826
867
849
874
957
1003
989
971
1005
1003
886
732
633
550
374
142
-49
-190
-320
-454
-554
-605
-609
-571
-502
-408
-299
-174
-34
71
145
198
237
249
215
171
134
111
99
106
136
191
277
382
468
538
614
672
682
634
582
539
457
341
244
194
149
90
50
56
84
104
115
132
148
152
132
93
52
-5
-69
-137
-209
-259
-292
-309
-320
-316
-275
-221
-169
-124
-72
-30
-28
-68
-159
-328
-566
-818
-1049
-1297
-1590
-1859
-2010
-2030
-1994
-1913
-1735
-1444
-1106
-790
-468
-104
241
504
692
832
933
1005
1047
1055
1043
1029
1052
1102
1142
1174
1214
1267
1263
1187
1077
931
740
468
149
-160
-452
-723
-975
-1168
-1273
-1294
-1246
-1139
-959
-729
-470
-218
10
226
405
532
608
644
635
596
567
559
568
583
615
691
775
830
882
924
937
884
768
652
533
387
217
71
-34
-119
-187
-224
-214
-173
-130
-81
-34
16
61
82
88
81
74
62
36
-12
-47
-52
-63
-83
-86
-66
-54
-52
-78
-132
-186
-294
-500
-801
-1108
-1361
-1628
-1951
-2265
-2455
-2475
-2423
-2351
-2157
-1796
-1372
-989
-607
-152
318
691
947
1152
1318
1423
1477
1496
1450
1361
1313
1323
1299
1229
1189
1207
1188
1047
863
718
565
295
-58
-368
-621
-871
-1129
-1324
-1405
-1419
-1366
-1238
-1044
-782
-485
-173
109
347
566
767
899
943
936
916
889
832
770
727
719
724
720
711
723
757
747
677
583
490
401
275
141
27
-60
-113
-172
-207
-181
-126
-66
-26
25
93
156
189
191
195
202
191
151
98
69
58
33
-4
-29
-33
-43
-88
-155
-246
-393
-630
-959
-1306
-1608
-1908
-2255
-2608
-2847
-2887
-2806
-2685
-2484
-2139
-1663
-1178
-705
-191
352
843
1209
1474
1672
1845
1969
1997
1926
1815
1728
1682
1629
1515
1411
1351
1279
1123
891
672
457
164
-219
-607
-927
-1192
-1448
-1676
-1803
-1807
-1719
-1553
-1328
-1031
-658
-265
105
438
749
1029
1224
1307
1316
1291
1262
1176
1031
910
839
796
732
667
647
654
631
552
459
377
295
186
42
-76
-149
-194
-214
-237
-224
-142
-47
29
92
175
277
335
339
327
337
331
274
197
129
85
50
-5
-54
-95
-140
-188
-277
-415
-578
-816
-1166
-1563
-1907
-2176
-2487
-2874
-3152
-3169
-3005
-2840
-2642
-2263
-1692
-1103
-596
-55
564
1140
1549
1808
2024
2206
2305
2318
2232
2066
1897
1806
1746
1599
1398
1268
1209
1068
788
501
288
43
-344
-802
-1151
-1383
-1620
-1874
-2034
-2020
-1893
-1702
-1435
-1088
-665
-205
245
645
989
1289
1536
1665
1645
1563
1500
1396
1201
980
823
748
669
553
473
455
450
389
299
227
164
86
-21
-131
-205
-220
-212
-222
-211
-132
-14
86
162
226
313
405
435
421
409
409
376
295
196
129
103
46
-36
-109
-159
-228
-360
-516
-699
-1004
-1454
-1891
-2182
-2443
-2856
-3300
-3472
-3346
-3170
-3039
-2760
-2193
-1532
-966
-417
252
956
1498
1873
2172
2394
2520
2590
2585
2429
2161
1958
1894
1787
1504
1240
1167
1113
877
514
271
130
-165
-642
-1085
-1361
-1585
-1863
-2103
-2195
-2132
-1967
-1722
-1372
-972
-514
19
533
948
1273
1584
1862
1975
1895
1758
1679
1559
1298
1004
812
721
601
422
304
286
285
214
101
37
12
-35
-125
-213
-244
-209
-172
-166
-136
-34
108
208
266
337
442
526
531
489
478
482
441
338
221
176
127
54
-55
-173
-232
-352
-524
-720
-1018
-1418
-1877
-2244
-2505
-2869
-3339
-3645
-3613
-3410
-3268
-3067
-2570
-1875
-1231
-679
-26
757
1425
1873
2208
2505
2697
2780
2798
2701
2458
2165
2001
1905
1665
1323
1107
1056
898
542
214
42
-156
-571
-1051
-1377
-1581
-1827
-2113
-2262
-2238
-2107
-1886
-1550
-1127
-667
-149
418
944
1354
1691
2004
2205
2178
2024
1910
1793
1525
1147
841
691
558
350
174
111
106
57
-22
-64
-57
-54
-100
-163
-184
-143
-81
-34
-10
43
177
307
382
423
487
581
622
589
538
511
492
401
261
165
125
69
-52
-199
-303
-392
-549
-766
-1042
-1459
-1952
-2358
-2614
-2916
-3421
-3822
-3835
-3577
-3376
-3238
-2798
-2045
-1311
-741
-127
693
1470
1980
2318
2617
2854
2964
2976
2886
2618
2275
2052
1949
1724
1311
1014
942
834
489
87
-105
-232
-583
-1096
-1470
-1639
-1820
-2091
-2287
-2281
-2123
-1891
-1554
-1125
-660
-129
465
1039
1477
1806
2126
2365
2375
2190
2025
1900
1627
1203
822
618
480
258
43
-57
-63
-80
-140
-168
-161
-136
-122
-146
-155
-106
1
76
90
134
259
415
500
522
569
649
694
667
602
557
532
461
337
200
103
42
-46
-188
-343
-487
-648
-851
-1121
-1562
-2071
-2488
-2762
-3040
-3538
-3971
-4006
-3720
-3467
-3333
-2944
-2159
-1326
-699
-95
722
1582
2156
2496
2796
3047
3173
3157
3036
2763
2366
2090
1951
1724
1284
898
795
725
392
-66
-296
-383
-678
-1213
-1636
-1777
-1894
-2144
-2362
-2342
-2124
-1848
-1493
-1050
-532
42
639
1227
1695
2035
2340
2552
2547
2337
2098
1911
1637
1202
753
477
322
122
-118
-255
-248
-223
-257
-296
-262
-175
-136
-149
-139
-63
65
158
201
268
388
536
624
653
690
751
791
750
659
591
553
463
306
145
36
-47
-165
-335
-495
-634
-806
-1024
-1325
-1772
-2271
-2669
-2930
-3230
-3713
-4094
-4066
-3743
-3448
-3229
-2741
-1919
-1088
-425
252
1103
1914
2423
2733
3016
3232
3297
3216
3038
2706
2282
1970
1780
1504
1055
695
585
464
128
-274
-473
-570
-896
-1379
-1726
-1853
-1959
-2160
-2307
-2226
-1970
-1644
-1227
-730
-189
392
1001
1559
1955
2252
2523
2662
2548
2241
1992
1795
1447
949
507
263
109
-98
-306
-373
-339
-318
-332
-330
-263
-164
-95
-77
-54
42
194
316
372
422
537
675
735
744
744
765
777
692
572
493
419
307
137
-38
-111
-159
-296
-464
-595
-688
-845
-1080
-1383
-1811
-2294
-2690
-2920
-3200
-3711
-4108
-4022
-3628
-3360
-3190
-2656
-1725
-873
-274
397
1325
2172
2615
2861
3128
3331
3334
3169
2949
2579
2097
1760
1592
1307
821
467
403
336
-19
-442
-579
-630
-968
-1484
-1790
-1826
-1906
-2134
-2260
-2097
-1787
-1440
-1003
-475
90
666
1280
1840
2216
2473
2694
2768
2553
2181
1904
1667
1239
660
221
25
-112
-337
-530
-539
-461
-419
-402
-338
-224
-98
-25
-4
33
142
317
425
448
487
614
767
824
804
797
834
825
721
588
499
431
305
96
-95
-191
-245
-369
-548
-691
-774
-898
-1117
-1437
-1915
-2378
-2712
-2974
-3354
-3904
-4211
-4056
-3702
-3472
-3232
-2604
-1675
-841
-183
572
1518
2341
2809
3070
3308
3473
3469
3297
2971
2504
2049
1747
1499
1120
632
352
304
148
-213
-540
-623
-699
-1072
-1543
-1791
-1820
-1914
-2132
-2223
-2050
-1704
-1318
-873
-336
259
886
1518
2036
2379
2629
2832
2872
2610
2193
1849
1558
1115
523
56
-162
-302
-511
-697
-707
-574
-470
-443
-403
-266
-88
15
35
84
222
393
501
542
611
753
874
922
903
889
924
896
791
636
513
427
272
60
-149
-262
-343
-474
-620
-758
-847
-968
-1159
-1448
-1921
-2386
-2708
-2961
-3320
-3892
-4235
-4084
-3743
-3499
-3278
-2669
-1728
-888
-204
562
1515
2354
2834
3127
3361
3513
3506
3333
3004
2479
1968
1645
1403
1002
491
203
165
35
-320
-623
-672
-720
-1065
-1525
-1750
-1755
-1831
-2027
-2118
-1951
-1602
-1201
-740
-214
365
992
1625
2152
2467
2701
2915
2958
2681
2196
1833
1557
1092
448
-69
-293
-419
-637
-832
-819
-651
-527
-479
-386
-209
-14
106
150
210
340
513
612
633
680
795
923
954
908
892
910
878
762
598
467
369
217
4
-190
-319
-393
-518
-695
-817
-870
-961
-1151
-1458
-1890
-2318
-2644
-2928
-3298
-3859
-4242
-4135
-3818
-3592
-3374
-2785
-1835
-964
-280
509
1513
2396
2876
3170
3444
3615
3590
3356
3007
2522
1988
1587
1292
923
432
120
59
-43
-333
-643
-706
-727
-1027
-1458
-1686
-1687
-1774
-1987
-2073
-1889
-1547
-1193
-748
-192
390
993
1617
2187
2570
2786
2943
2983
2763
2328
1908
1555
1087
466
-59
-341
-499
-699
-896
-904
-754
-608
-512
-398
-203
10
136
195
294
449
590
657
689
749
839
921
951
925
886
867
826
737
576
433
327
194
-1
-218
-345
-422
-529
-684
-828
-910
-1030
-1242
-1621
-2154
-2558
-2837
-3114
-3588
-4214
-4392
-4093
-3734
-3539
-3244
-2444
-1400
-567
121
960
1980
2757
3132
3358
3554
3684
3598
3289
2819
2254
1807
1522
1185
668
187
42
24
-197
-595
-824
-778
-917
-1360
-1767
-1856
-1802
-1928
-2118
-2082
-1754
-1314
-882
-382
196
830
1506
2107
2511
2738
2943
3077
2931
2475
1971
1641
1258
633
-17
-391
-534
-697
-934
-1037
-887
-678
-554
-462
-307
-69
146
247
290
403
590
740
782
793
878
1000
1055
1024
987
970
937
846
687
509
372
243
40
-206
-407
-499
-559
-733
-907
-984
-1063
-1170
-1467
-1974
-2395
-2669
-2900
-3283
-3929
-4317
-4142
-3764
-3541
-3383
-2768
-1748
-825
-143
603
1627
2538
3018
3263
3475
3645
3634
3377
2943
2398
1883
1525
1218
744
201
-52
-71
-210
-568
-874
-862
-859
-1198
-1638
-1808
-1732
-1773
-1971
-2022
-1749
-1322
-929
-474
88
699
1320
1896
2389
2698
2879
2991
2937
2625
2140
1733
1358
822
183
-311
-554
-702
-894
-1049
-1006
-815
-633
-500
-345
-110
142
297
371
484
664
817
865
857
893
1020
1096
1054
988
929
893
829
676
494
351
210
34
-193
-385
-480
-577
-730
-894
-949
-955
-1075
-1248
-1593
-2066
-2426
-2705
-2924
-3406
-4066
-4251
-3945
-3576
-3413
-3140
-2321
-1285
-501
135
1008
2064
2778
3065
3254
3481
3590
3429
3073
2599
2043
1573
1265
956
473
-2
-135
-115
-318
-714
-909
-826
-944
-1403
-1778
-1774
-1670
-1819
-2007
-1877
-1445
-1006
-600
-71
547
1154
1712
2236
2642
2857
2934
2923
2741
2301
1800
1409
985
400
-192
-554
-676
-781
-951
-1001
-841
-607
-458
-347
-163
84
278
347
397
540
721
819
816
825
921
1034
1053
997
955
927
868
742
585
421
273
95
-138
-353
-492
-566
-679
-855
-963
-937
-907
-1040
-1337
-1746
-2134
-2413
-2697
-3087
-3697
-4190
-4149
-3831
-3584
-3423
-2909
-1924
-983
-281
476
1503
2481
2984
3189
3434
3653
3629
3312
2855
2328
1779
1366
1048
648
143
-182
-190
-252
-541
-822
-850
-822
-1121
-1568
-1758
-1674
-1688
-1916
-1966
-1660
-1205
-792
-330
273
927
1516
2052
2524
2826
2964
2973
2835
2467
1958
1497
1064
529
-89
-543
-734
-817
-936
-1014
-907
-665
-443
-300
-137
89
305
425
452
530
691
818
843
830
887
1009
1084
1051
989
946
907
813
658
489
319
147
-60
-300
-505
-605
-711
-855
-970
-1027
-975
-984
-1181
-1547
-2008
-2323
-2508
-2844
-3436
-4065
-4203
-3905
-3654
-3529
-3183
-2315
-1303
-543
165
1122
2184
2875
3153
3354
3578
3681
3474
3034
2474
1900
1475
1144
741
227
-159
-230
-236
-479
-794
-867
-800
-999
-1450
-1747
-1710
-1650
-1844
-2009
-1817
-1368
-913
-478
65
718
1337
1889
2403
2784
2980
3012
2894
2615
2177
1714
1276
757
152
-374
-636
-728
-848
-973
-956
-746
-504
-352
-212
-2
231
382
438
511
672
839
890
853
882
1007
1109
1082
993
936
904
821
670
504
332
169
-47
-287
-464
-594
-687
-824
-987
-1037
-1013
-1019
-1161
-1524
-1982
-2271
-2475
-2782
-3347
-3991
-4159
-3897
-3642
-3516
-3187
-2356
-1343
-575
110
1046
2124
2861
3137
3309
3534
3648
3470
3004
2444
1884
1430
1087
682
198
-185
-255
-272
-481
-771
-873
-801
-993
-1441
-1760
-1758
-1693
-1870
-2052
-1883
-1404
-907
-498
40
740
1434
1996
2426
2786
3058
3136
2967
2588
2121
1685
1237
683
45
-454
-701
-801
-900
-992
-923
-699
-459
-282
-131
71
308
451
472
508
650
813
869
826
845
971
1090
1090
1039
999
963
910
749
548
371
212
2
-288
-529
-677
-728
-854
-1060
-1104
-1058
-983
-1066
-1405
-1810
-2137
-2299
-2549
-3097
-3784
-4088
-3857
-3599
-3532
-3300
-2552
-1515
-714
-94
806
1915
2739
3071
3223
3448
3597
3488
3042
2446
1879
1392
1059
662
165
-215
-328
-301
-478
-762
-865
-778
-878
-1324
-1670
-1692
-1608
-1735
-1981
-1891
-1429
-921
-512
-30
629
1318
1914
2368
2733
2999
3069
2955
2656
2207
1723
1257
740
124
-440
-757
-869
-927
-1041
-1050
-800
-498
-298
-155
47
309
484
522
542
674
831
889
861
858
963
1077
1088
1026
962
940
895
752
562
393
230
20
-284
-533
-652
-743
-849
-1030
-1094
-1023
-963
-921
-1073
-1433
-1849
-2118
-2257
-2597
-3287
-3945
-4001
-3674
-3511
-3470
-3045
-2095
-1128
-465
231
1279
2316
2875
3052
3233
3443
3472
3215
2690
2082
1533
1145
882
476
1
-237
-182
-195
-469
-693
-663
-620
-961
-1490
-1703
-1626
-1649
-1916
-2058
-1748
-1201
-734
-315
287
1035
1717
2217
2566
2875
3063
3026
2748
2273
1767
1337
882
281
-338
-724
-850
-886
-952
-965
-791
-487
-241
-99
54
286
493
552
503
530
703
838
814
758
827
986
1080
1053
998
1002
996
875
678
490
330
130
-148
-442
-659
-751
-846
-1001
-1126
-1125
-1019
-928
-950
-1224
-1676
-2011
-2135
-2333
-2901
-3696
-4042
-3770
-3517
-3486
-3274
-2494
-1442
-682
-74
831
1966
2745
2997
3122
3306
3422
3267
2817
2210
1597
1160
903
596
142
-189
-173
-86
-271
-557
-621
-517
-721
-1298
-1685
-1689
-1641
-1848
-2093
-1944
-1411
-839
-397
144
867
1603
2191
2536
2832
3058
3065
2825
2338
1833
1376
906
358
-242
-686
-893
-930
-926
-940
-841
-569
-271
-90
16
201
430
526
473
454
610
789
809
756
800
990
1136
1132
1079
1068
1085
970
761
552
378
215
-94
-437
-671
-798
-872
-1039
-1180
-1189
-1084
-943
-914
-992
-1259
-1659
-1932
-2123
-2459
-3047
-3702
-3904
-3667
-3447
-3286
-2878
-2036
-1092
-345
403
1354
2313
2865
3035
3138
3222
3171
2870
2373
1778
1222
861
622
370
43
-155
-94
-63
-223
-420
-488
-549
-905
-1431
-1746
-1783
-1827
-2034
-2103
-1783
-1192
-594
-60
584
1337
2018
2521
2786
2947
3047
2900
2484
1892
1312
844
378
-183
-712
-981
-1013
-970
-899
-780
-549
-229
16
159
283
431
568
594
513
502
648
786
793
778
893
1086
1183
1159
1131
1125
1070
896
656
446
235
-23
-356
-658
-837
-952
-1026
-1134
-1164
-1062
-932
-763
-695
-767
-1082
-1588
-1820
-1994
-2438
-3181
-3887
-3904
-3615
-3459
-3305
-2769
-1775
-879
-180
612
1601
2484
2883
2975
3036
3032
2908
2589
2069
1450
963
767
632
376
104
63
232
174
-109
-307
-359
-551
-1136
-1721
-1979
-1988
-2089
-2304
-2198
-1716
-1032
-358
267
1015
1760
2386
2811
2969
3036
2964
2694
2159
1469
930
505
69
-449
-856
-936
-864
-784
-693
-541
-301
-68
81
146
206
320
389
357
298
375
600
766
812
896
1093
1287
1352
1332
1302
1243
1093
837
581
346
110
-174
-505
-774
-914
-954
-1022
-1108
-1102
-982
-795
-691
-679
-742
-1069
-1561
-1926
-2174
-2539
-3211
-3864
-3936
-3609
-3328
-3085
-2520
-1566
-654
37
758
1658
2422
2754
2783
2759
2686
2489
2204
1793
1267
838
675
681
592
393
371
491
429
100
-214
-388
-686
-1301
-1936
-2205
-2211
-2243
-2275
-2033
-1451
-713
19
757
1508
2151
2609
2864
2949
2878
2623
2206
1642
1041
516
118
-207
-543
-779
-828
-729
-584
-465
-349
-205
-72
-12
-3
37
129
194
208
254
434
711
935
1051
1175
1363
1487
1486
1401
1296
1173
939
638
383
164
-93
-380
-640
-836
-936
-998
-1052
-1070
-1046
-918
-777
-687
-602
-581
-694
-1153
-1702
-1945
-2154
-2606
-3323
-3788
-3571
-3171
-2926
-2592
-1859
-900
-173
420
1106
1859
2372
2451
2379
2273
2118
1943
1685
1319
909
713
795
860
770
658
722
764
472
33
-310
-586
-1074
-1774
-2249
-2347
-2242
-2161
-1987
-1499
-785
11
736
1419
2030
2423
2618
2647
2538
2277
1872
1395
873
404
66
-132
-247
-413
-514
-458
-323
-201
-203
-206
-170
-163
-219
-260
-164
-23
90
191
391
720
1040
1227
1336
1462
1548
1513
1374
1209
1048
840
551
293
105
-57
-223
-439
-607
-713
-776
-810
-884
-916
-894
-801
-717
-705
-671
-674
-813
-1253
-1777
-1999
-2181
-2597
-3214
-3547
-3280
-2898
-2650
-2297
-1563
-681
-56
449
1068
1730
2114
2119
2035
1947
1819
1686
1487
1225
961
864
967
1012
929
826
792
673
265
-200
-575
-934
-1439
-2022
-2315
-2277
-2055
-1820
-1492
-898
-177
546
1187
1739
2177
2378
2389
2280
2061
1779
1423
1021
623
294
112
71
30
-112
-224
-218
-206
-262
-396
-515
-550
-589
-629
-560
-332
-50
207
461
757
1117
1416
1563
1603
1582
1514
1382
1171
945
755
565
368
194
61
-9
-97
-246
-417
-573
-667
-796
-944
-1037
-1054
-987
-978
-912
-716
-584
-615
-944
-1386
-1578
-1748
-2154
-2763
-3242
-3209
-2936
-2697
-2396
-1792
-951
-294
212
800
1447
1913
1970
1828
1712
1618
1488
1300
1108
926
836
882
968
1043
1045
977
821
469
39
-376
-807
-1311
-1831
-2160
-2208
-2021
-1758
-1372
-781
-122
537
1138
1669
2081
2253
2199
2025
1814
1539
1218
924
640
413
270
207
220
179
58
-99
-258
-412
-599
-786
-916
-940
-895
-776
-506
-105
338
714
1028
1331
1590
1722
1685
1564
1400
1183
957
748
586
487
389
292
233
205
156
21
-195
-443
-669
-892
-1106
-1261
-1355
-1332
-1205
-1031
-788
-521
-251
-206
-516
-968
-1279
-1498
-2007
-2713
-3239
-3261
-2982
-2734
-2329
-1605
-736
-62
420
950
1494
1792
1729
1472
1246
1059
909
821
756
735
824
1022
1251
1393
1446
1394
1132
641
44
-482
-987
-1530
-2018
-2277
-2205
-1915
-1482
-894
-220
417
959
1445
1820
1997
1956
1741
1476
1163
860
686
636
581
510
500
593
707
650
436
146
-159
-481
-819
-1076
-1195
-1163
-1046
-832
-444
74
581
973
1249
1452
1574
1553
1418
1244
1048
834
643
526
505
526
527
509
450
363
237
22
-261
-568
-869
-1154
-1382
-1479
-1419
-1266
-1064
-805
-471
-130
79
41
-331
-898
-1352
-1741
-2289
-2946
-3404
-3324
-2924
-2550
-2020
-1171
-259
320
613
968
1358
1465
1190
838
659
564
537
616
830
1086
1322
1571
1758
1855
1784
1501
1005
293
-407
-962
-1442
-1867
-2148
-2107
-1770
-1309
-788
-182
460
933
1174
1327
1414
1384
1192
940
783
708
674
720
913
1101
1169
1184
1111
959
663
216
-224
-690
-1128
-1425
-1529
-1418
-1187
-851
-453
-10
465
874
1152
1274
1287
1238
1115
962
853
797
752
713
729
806
863
822
721
567
312
8
-296
-587
-860
-1123
-1312
-1371
-1305
-1145
-951
-733
-454
-159
20
59
28
-159
-634
-1311
-1804
-2030
-2317
-2736
-2965
-2637
-2068
-1627
-1197
-610
11
269
241
315
481
518
345
187
253
461
747
1073
1392
1658
1821
1906
1843
1605
1286
881
340
-305
-854
-1147
-1291
-1381
-1384
-1158
-777
-430
-115
190
459
557
511
505
551
573
542
590
778
998
1177
1321
1468
1523
1437
1179
801
387
-36
-410
-793
-1111
-1217
-1143
-993
-787
-482
-110
188
356
514
699
788
759
725
735
770
799
819
887
981
1026
985
885
757
592
411
169
-110
-310
-498
-658
-787
-873
-860
-843
-831
-776
-636
-478
-365
-261
-202
-143
-179
-433
-867
-1360
-1649
-1874
-2205
-2553
-2688
-2390
-2016
-1729
-1343
-789
-270
-93
-35
148
385
480
378
370
552
781
1016
1262
1536
1755
1833
1784
1624
1415
1127
698
175
-360
-731
-947
-1111
-1176
-1106
-870
-610
-411
-191
47
258
279
245
311
429
549
622
787
1037
1250
1373
1454
1543
1484
1252
911
546
197
-205
-530
-737
-871
-944
-919
-762
-560
-377
-202
-47
75
173
272
389
506
613
694
780
899
1018
1092
1074
1010
929
782
585
387
236
82
-140
-314
-407
-490
-592
-675
-692
-717
-762
-774
-714
-623
-507
-382
-302
-258
-247
-311
-629
-1115
-1465
-1650
-1877
-2246
-2476
-2280
-1868
-1558
-1269
-780
-270
-42
-36
34
250
354
267
251
423
680
948
1238
1529
1727
1805
1743
1549
1272
955
596
153
-313
-641
-763
-799
-830
-761
-562
-357
-241
-176
-60
25
-7
-71
-19
166
350
526
740
1005
1243
1346
1381
1385
1255
989
663
335
63
-191
-392
-504
-563
-556
-495
-414
-320
-219
-152
-136
-128
-50
69
168
282
432
587
698
779
870
917
886
809
737
643
496
376
282
186
60
-54
-143
-263
-369
-473
-558
-620
-696
-714
-687
-619
-497
-383
-300
-273
-287
-371
-705
-1203
-1557
-1742
-1939
-2229
-2386
-2130
-1686
-1369
-1070
-599
-128
27
-34
-22
119
204
185
248
459
764
1083
1368
1626
1784
1803
1652
1347
1002
678
371
1
-350
-517
-534
-514
-497
-413
-262
-185
-227
-288
-276
-240
-260
-241
-81
171
437
667
908
1144
1246
1222
1171
1055
854
634
365
154
27
-86
-141
-209
-253
-250
-263
-300
-340
-305
-265
-280
-282
-196
-14
144
260
393
515
606
653
681
695
700
694
643
564
488
433
392
280
122
-4
-116
-240
-378
-476
-517
-563
-609
-615
-535
-428
-348
-292
-304
-302
-288
-409
-784
-1296
-1616
-1693
-1812
-2072
-2144
-1816
-1407
-1191
-958
-505
-109
-66
-234
-227
-21
108
160
309
612
940
1215
1460
1643
1731
1656
1406
1062
736
523
334
84
-132
-205
-171
-193
-261
-261
-241
-305
-473
-566
-503
-418
-348
-216
43
335
560
728
876
999
1020
942
784
640
609
557
415
254
198
212
121
-43
-162
-192
-273
-428
-484
-430
-337
-272
-234
-143
-3
147
253
302
360
448
504
517
577
695
757
729
655
591
527
417
264
90
-48
-152
-266
-354
-417
-397
-380
-451
-470
-446
-385
-372
-420
-415
-413
-426
-495
-771
-1234
-1528
-1579
-1645
-1838
-1994
-1761
-1381
-1190
-1007
-627
-210
-127
-241
-221
-41
141
261
468
732
953
1174
1411
1574
1595
1510
1331
1033
719
548
447
291
80
-47
-52
-135
-250
-316
-333
-386
-526
-584
-520
-401
-298
-147
64
246
417
529
624
684
695
722
674
615
609
638
633
494
383
338
227
34
-138
-217
-272
-339
-385
-337
-247
-191
-147
-125
-82
2
71
103
167
305
435
521
596
694
772
731
649
570
448
301
155
35
-58
-120
-173
-228
-293
-343
-356
-412
-481
-496
-467
-466
-514
-509
-440
-400
-464
-753
-1236
-1472
-1459
-1532
-1722
-1881
-1604
-1201
-1058
-856
-430
-46
-77
-232
-147
43
148
199
474
799
952
1105
1320
1477
1443
1276
1051
810
595
443
303
195
171
176
95
-104
-170
-165
-255
-399
-520
-507
-454
-385
-277
-65
179
296
394
446
485
536
476
458
467
438
457
500
547
513
414
291
167
51
-148
-268
-266
-263
-266
-247
-127
1
21
-25
-4
86
88
83
183
332
446
523
603
691
712
618
525
422
284
126
-5
-47
-51
-43
-94
-132
-146
-216
-317
-445
-495
-515
-571
-606
-542
-433
-382
-352
-315
-376
-790
-1232
-1313
-1284
-1410
-1678
-1582
-1149
-922
-818
-531
-142
-101
-258
-235
-146
-89
4
311
596
706
902
1186
1303
1169
1066
1032
829
535
418
424
390
354
346
338
208
47
-78
-240
-401
-465
-415
-432
-408
-268
-89
109
154
245
301
187
118
128
240
273
286
388
523
581
466
436
414
274
96
-84
-131
-126
-78
-10
35
116
133
111
68
25
18
-8
10
112
247
325
420
570
601
510
424
356
260
128
30
11
-6
8
77
77
-19
-115
-167
-262
-427
-563
-596
-561
-525
-468
-399
-339
-267
-241
-323
-628
-1001
-1171
-1235
-1251
-1263
-1206
-964
-723
-523
-358
-272
-264
-306
-348
-436
-499
-366
-34
337
607
827
1016
1106
1092
989
855
710
628
630
610
577
617
703
678
491
182
-116
-364
-563
-671
-681
-596
-401
-167
-54
-23
4
45
67
-8
-95
-116
-2
226
448
594
641
701
692
507
260
53
-27
-36
-23
40
123
249
391
470
413
220
64
-35
-133
-188
-156
0
204
356
426
422
379
305
225
120
14
-30
-4
68
123
176
212
197
97
-92
-272
-442
-550
-567
-539
-462
-389
-314
-251
-265
-380
-581
-805
-1035
-1179
-1195
-1123
-948
-751
-535
-312
-110
53
132
118
-3
-150
-280
-369
-381
-329
-199
-15
218
453
633
725
700
607
466
319
208
142
151
244
405
582
695
681
555
324
47
-223
-463
-577
-562
-423
-212
31
301
463
489
339
87
-129
-303
-362
-333
-195
22
266
485
566
533
391
233
103
-24
-48
24
197
391
562
677
684
607
418
196
-29
-166
-181
-107
49
216
392
478
464
339
152
-46
-259
-380
-421
-363
-227
-62
100
160
147
24
-149
-320
-485
-570
-568
-457
-298
-142
-14
56
48
-51
-191
-343
-488
-611
-666
-642
-578
-451
-342
-278
-272
-331
-394
-472
-529
-548
-515
-416
-290
-143
6
132
216
233
204
176
166
168
184
227
321
434
511
537
519
470
372
258
143
64
24
11
26
38
80
115
112
69
4
-66
-154
-199
-192
-148
-71
15
115
183
225
238
223
194
155
156
170
200
241
281
337
390
423
420
375
301
220
147
93
72
84
115
156
205
225
185
123
72
37
-20
-88
-144
-162
-171
-195
-176
-108
-50
-56
-100
-171
-254
-317
-352
-314
-267
-245
-230
-213
-211
-243
-281
-319
-331
-336
-322
-285
-247
-159
-86
-69
-51
-56
-71
-67
-69
-70
-66
-91
-117
-100
-53
8
68
129
160
147
106
46
-2
-23
-12
21
55
65
68
69
48
26
5
-6
0
-1
-2
3
13
18
-1
-24
-38
-44
-55
-73
-72
-69
-66
-40
0
44
70
94
112
125
135
138
174
222
246
256
258
246
227
208
201
203
202
216
223
216
197
174
144
112
89
72
64
54
33
4
-41
-85
-118
-144
-140
-119
-107
-99
-82
-86
-91
-91
-83
-68
-71
-64
-65
-84
-99
-112
-118
-103
-72
-46
-32
-33
-33
-46
-62
-60
-57
-63
-69
-62
-52
-50
-52
-51
-49
-45
-33
-17
9
29
27
29
36
37
49
46
40
36
14
-6
-3
-12
-25
-15
-8
-2
-3
-17
-51
-82
-110
-139
-147
-152
-155
-157
-161
-158
-156
-153
-135
-107
-87
-68
-47
-28
-18
-1
19
45
83
115
147
163
174
183
177
165
157
153
155
152
143
144
142
125
105
90
75
62
51
33
18
4
-5
-9
-9
-12
-22
-23
-16
-13
-17
-22
-13
9
17
20
23
18
15
9
4
-5
-12
-9
-4
-8
-15
-7
10
27
23
9
9
-3
-14
-15
-26
-20
-7
5
17
20
41
56
54
40
24
13
0
7
21
21
19
13
16
16
17
14
5
-8
-26
-31
-21
-27
-41
-62
-84
-116
-150
-169
-191
-204
-201
-203
-207
-198
-181
-156
-135
-117
-96
-87
-82
-84
-78
-46
-14
29
47
45
78
112
128
136
141
157
141
114
112
103
103
101
89
97
77
35
30
20
5
8
19
37
42
28
-2
-29
-42
-32
-17
-18
-11
4
27
29
3
2
19
31
29
24
27
27
15
16
31
38
51
60
60
31
-21
-49
-55
-53
-34
16
51
60
42
15
18
25
49
70
66
59
39
22
27
45
63
88
96
78
52
32
43
44
21
20
31
22
-7
-60
-89
-102
-148
-181
-184
-164
-148
-167
-170
-174
-159
-140
-152
-125
-102
-68
-47
-77
-93
-86
-50
7
62
83
63
31
45
77
87
113
136
124
80
67
81
86
59
36
52
49
58
67
24
-32
-51
-3
24
-16
-55
-35
4
-21
-54
-49
-9
21
-9
-47
-54
-35
-34
-54
-38
16
49
33
-19
-41
-4
25
25
5
-16
6
23
17
3
2
39
54
30
0
-10
28
74
82
66
62
86
101
86
60
44
36
13
-13
-11
22
66
106
120
102
47
-13
-35
-51
-65
-73
-60
-42
-78
-123
-108
-65
-61
-111
-155
-156
-146
-147
-129
-74
-25
0
1
-15
-31
-33
-7
-1
-6
-25
-24
56
120
163
159
102
62
50
38
28
47
59
50
24
4
9
26
50
61
46
-4
-58
-64
-33
-5
-5
6
30
34
17
-13
-37
-39
-45
-45
-49
-55
-26
10
10
-15
-48
-33
-12
-39
-46
-29
4
36
14
-17
-23
9
34
9
-1
-5
10
32
23
33
53
60
77
69
14
-1
4
10
15
8
47
72
38
17
12
32
46
16
0
9
17
-8
-46
-68
-71
-69
-91
-103
-88
-60
-32
-34
-66
-94
-105
-81
-58
-61
-42
-37
-35
-9
-4
21
54
60
64
50
26
37
54
68
97
109
101
91
66
44
37
22
1
-19
-39
-24
-14
-12
17
48
60
16
-37
-33
-18
3
3
-13
0
-1
-13
-5
11
27
20
-11
-31
-34
-46
-57
-24
14
7
-14
-32
-27
-25
-56
-70
-39
-7
-24
-47
-45
-28
11
38
38
33
7
14
53
69
84
80
69
52
14
14
28
42
59
57
39
10
-8
9
30
7
-25
-55
-68
-60
-51
-47
-65
-61
-54
-64
-85
-99
-53
-29
-55
-58
-62
-47
-23
-35
-12
17
8
34
37
21
49
48
64
95
80
71
50
20
18
7
14
45
47
39
11
-11
-9
-13
2
9
-5
-18
-43
-36
-11
16
44
34
25
18
-4
-6
-8
0
23
28
30
11
-18
-19
-26
-38
-29
-13
-7
-21
-47
-31
-7
-14
-16
-25
-51
-62
-58
-47
-16
5
21
39
17
9
28
33
59
66
57
47
22
39
52
41
43
43
58
58
16
0
3
-7
-13
-37
-43
-31
-39
-35
-28
-41
-51
-54
-53
-39
-49
-74
-79
-72
-41
-17
4
16
-16
-41
-51
-45
-14
16
40
44
16
2
18
42
46
37
37
40
30
3
-4
12
31
48
48
33
10
-18
-11
7
15
21
24
21
6
-5
8
39
49
39
25
2
-5
7
16
11
5
-17
-27
-20
-15
4
-15
-28
-20
-14
-13
-48
-67
-63
-53
-35
-28
-28
-28
-17
-3
-1
9
6
5
4
24
41
27
29
48
69
57
33
10
2
18
25
38
44
35
31
16
-10
-22
-24
-31
-41
-58
-63
-35
-10
1
-5
-12
-20
-46
-67
-71
-38
-13
-19
-30
-29
-9
18
32
13
-9
-23
-28
-15
-5
12
40
47
39
31
21
11
17
17
9
5
-6
3
17
13
12
21
26
22
21
13
10
11
1
17
44
65
56
20
-5
-5
12
16
11
8
-2
-11
-17
-25
-20
-13
-23
-41
-50
-44
-31
-39
-55
-52
-47
-54
-55
-45
-29
-18
-22
-16
5
19
32
35
19
17
27
49
66
62
53
51
42
32
36
41
53
45
18
-2
-23
-29
-25
-24
-22
-18
-31
-55
-67
-57
-23
9
12
1
-13
-19
-8
-1
12
20
17
13
-8
-15
1
15
23
11
-9
-15
-16
-26
-24
-9
5
13
-6
-29
-35
-32
-14
-1
17
25
20
8
2
16
31
45
47
33
26
16
13
16
20
31
39
42
24
5
-2
-13
-8
-4
-9
-17
-24
-20
-5
-1
-7
-14
-27
-39
-46
-44
-29
-23
-36
-48
-53
-38
-18
-7
-1
-15
-36
-37
-22
-2
12
18
29
40
48
53
47
42
39
29
25
30
31
34
22
1
1
-1
-12
-26
-49
-61
-55
-41
-27
-25
-19
-8
5
13
11
11
15
18
13
1
-4
0
21
41
41
33
19
5
-3
-7
-5
0
1
-6
-19
-29
-31
-21
-8
-6
-3
-9
-16
-9
3
22
37
42
47
48
44
36
25
17
20
22
31
37
38
35
23
16
12
12
9
-8
-20
-21
-19
-19
-20
-24
-20
-18
-30
-40
-50
-60
-69
-70
-68
-57
-44
-34
-22
-17
-23
-29
-30
-25
-15
-8
-2
8
16
34
49
54
62
59
56
46
28
17
7
1
1
0
-5
-5
-15
-27
-35
-41
-47
-50
-45
-34
-16
-1
12
19
21
21
21
29
30
27
24
19
21
30
35
38
35
28
19
3
-17
-32
-45
-49
-48
-40
-37
-37
-40
-44
-39
-30
-17
-2
8
19
28
41
53
63
67
70
74
69
60
52
49
44
42
47
50
44
33
20
7
-6
-17
-24
-25
-28
-28
-23
-24
-30
-34
-36
-34
-38
-45
-57
-68
-63
-53
-36
-19
-11
-6
-11
-16
-17
-19
-17
-9
-6
2
15
25
28
23
18
12
10
3
-6
-18
-24
-21
-16
-8
-3
1
3
-8
-19
-26
-31
-28
-22
-21
-12
1
14
22
19
14
15
16
9
6
9
15
21
26
32
36
35
28
12
0
-16
-28
-37
-39
-28
-14
-7
-6
-6
-7
-2
9
14
15
17
18
21
27
37
49
53
50
43
35
29
22
23
28
26
21
23
19
15
10
2
-2
-11
-24
-32
-35
-30
-22
-15
-12
-11
-14
-23
-32
-40
-41
-38
-36
-34
-30
-25
-16
-7
-4
-1
0
-2
-8
-15
-12
-1
14
26
31
35
30
22
16
12
4
-7
-17
-26
-29
-21
-14
-7
-4
-7
-16
-30
-39
-42
-35
-26
-16
-4
4
14
20
24
27
27
26
26
19
17
19
19
20
20
16
8
-2
-14
-24
-31
-32
-33
-29
-25
