-6
-3
-3
-6
-4
-4
-4
-4
-6
-7
-5
-2
-1
0
3
4
5
5
1
1
0
-3
-3
-5
-4
-3
-1
0
2
6
7
11
15
14
7
5
7
5
4
2
-4
-5
-3
-3
0
3
3
-2
2
2
4
10
9
3
0
-1
2
4
2
0
-3
0
3
6
12
8
5
6
3
6
6
1
3
1
-2
-1
-1
1
5
2
-1
1
1
0
0
-1
-3
-6
-6
-6
-6
-6
-7
-3
0
0
4
4
0
-2
-2
-5
-6
-5
-7
-11
-5
-2
-1
3
-1
2
3
5
5
3
-2
-2
0
-3
-4
-4
-7
-5
-2
0
5
5
0
0
0
0
-2
-4
-5
-5
-7
-10
-10
-8
-5
-5
-3
-2
-3
-3
-1
-1
0
-2
-7
-7
-5
-3
0
0
1
1
2
7
6
4
5
7
9
10
8
6
4
2
1
3
7
8
7
7
7
3
4
7
8
8
6
3
-2
-2
2
1
0
2
3
3
5
5
5
6
5
6
6
-1
-4
-1
-2
-5
-2
-6
-8
-3
-1
1
5
4
4
4
1
-2
4
8
8
9
3
-7
-4
-5
-4
2
1
-6
-6
-8
-9
-7
-4
-5
-5
-7
-13
-12
-12
-14
-16
-17
-18
-18
-13
-13
-10
-9
-10
-10
-8
-7
-6
-7
-9
-10
-12
-14
-15
-14
-14
-14
-16
-14
-13
-13
-10
-13
-14
-10
-10
-8
-4
-5
-5
-6
-5
-3
0
2
3
3
4
4
2
6
9
13
16
15
15
19
23
25
28
28
27
30
31
34
42
45
45
46
44
44
46
42
43
44
41
40
40
37
36
37
41
44
45
44
42
43
41
37
35
33
32
28
23
20
16
14
15
14
12
7
2
0
0
-5
-8
-13
-19
-24
-32
-32
-35
-37
-38
-45
-51
-55
-57
-59
-58
-59
-62
-66
-68
-69
-71
-71
-73
-74
-73
-76
-80
-82
-88
-92
-93
-95
-96
-99
-101
-101
-102
-102
-106
-105
-105
-110
-111
-108
-105
-103
-102
-104
-99
-95
-92
-80
-74
-64
-51
-35
-18
0
21
41
62
81
101
122
139
148
153
157
159
165
170
172
180
182
182
188
189
189
186
180
180
183
181
180
177
175
173
173
171
168
160
152
149
142
136
127
117
110
100
92
85
78
68
58
48
34
27
18
6
-6
-18
-31
-36
-36
-43
-49
-61
-74
-85
-95
-105
-113
-122
-139
-155
-169
-178
-179
-177
-177
-178
-181
-184
-185
-179
-175
-174
-176
-184
-193
-194
-192
-191
-190
-191
-200
-207
-216
-228
-245
-272
-304
-327
-334
-329
-309
-281
-262
-246
-227
-201
-160
-115
-82
-58
-44
-36
-21
3
26
53
71
84
106
135
171
215
258
290
320
347
365
377
381
376
360
339
318
301
291
291
288
288
291
293
292
293
283
262
238
210
186
173
161
149
144
139
135
139
145
149
149
143
127
112
100
87
79
69
51
33
22
15
13
12
9
4
-3
-12
-22
-35
-54
-74
-99
-118
-133
-149
-161
-173
-183
-190
-194
-199
-205
-210
-218
-227
-231
-232
-234
-235
-238
-247
-255
-255
-252
-240
-224
-216
-204
-194
-181
-162
-148
-147
-151
-160
-173
-191
-209
-231
-264
-311
-368
-403
-399
-366
-322
-281
-264
-256
-246
-226
-173
-117
-80
-66
-65
-60
-40
-10
25
56
78
92
113
161
224
282
325
360
390
423
457
488
511
506
482
460
447
446
449
448
436
418
394
374
357
341
324
299
266
232
203
182
165
153
137
116
90
63
48
42
39
31
13
-1
-9
-15
-20
-25
-34
-47
-59
-69
-70
-69
-68
-66
-66
-61
-55
-47
-46
-47
-52
-62
-71
-78
-89
-98
-106
-122
-141
-155
-166
-176
-182
-185
-191
-196
-201
-205
-211
-219
-225
-231
-233
-235
-231
-223
-217
-201
-183
-165
-146
-135
-127
-113
-106
-95
-78
-54
-32
-24
-27
-35
-44
-54
-70
-99
-157
-246
-339
-404
-429
-422
-381
-333
-300
-283
-269
-247
-200
-147
-120
-113
-114
-111
-84
-39
-2
29
47
56
88
145
212
281
335
374
414
462
504
538
559
547
520
496
477
477
483
475
464
452
431
425
426
420
401
364
312
256
213
179
158
140
105
72
51
36
33
36
23
8
-11
-37
-54
-64
-83
-102
-123
-145
-150
-143
-132
-118
-108
-105
-102
-95
-90
-83
-81
-85
-96
-105
-114
-120
-126
-133
-140
-148
-152
-157
-163
-174
-185
-198
-208
-202
-197
-192
-191
-196
-202
-202
-198
-193
-185
-185
-188
-184
-172
-149
-126
-107
-90
-76
-59
-46
-31
-10
-1
5
10
14
29
46
49
47
31
15
-9
-44
-109
-201
-295
-383
-446
-470
-461
-427
-384
-344
-305
-260
-209
-162
-131
-114
-103
-89
-64
-31
6
42
73
104
150
208
279
346
398
444
489
534
576
600
598
572
536
498
475
469
465
459
450
434
416
401
389
374
344
298
248
204
166
139
107
75
40
1
-34
-50
-51
-53
-59
-74
-89
-93
-89
-92
-96
-112
-138
-156
-168
-173
-166
-160
-169
-173
-168
-160
-144
-128
-123
-119
-121
-122
-109
-101
-98
-100
-116
-140
-141
-136
-140
-145
-153
-165
-167
-162
-158
-147
-138
-138
-144
-151
-150
-150
-148
-144
-134
-125
-119
-99
-81
-71
-63
-46
-36
-23
-9
4
17
30
41
52
66
84
95
102
112
113
100
78
43
-15
-110
-225
-330
-413
-475
-525
-563
-576
-548
-487
-413
-326
-238
-186
-158
-135
-115
-79
-37
-4
25
51
87
153
230
311
391
455
513
562
605
654
688
684
643
590
535
484
455
438
414
384
359
344
338
328
309
280
236
180
131
92
59
27
-10
-40
-57
-70
-83
-83
-74
-78
-89
-94
-105
-110
-109
-122
-133
-138
-145
-156
-159
-156
-154
-154
-149
-141
-136
-120
-103
-101
-102
-95
-86
-81
-75
-71
-76
-77
-75
-92
-104
-108
-115
-120
-129
-135
-138
-144
-143
-130
-126
-121
-110
-109
-114
-112
-111
-112
-105
-102
-104
-95
-80
-63
-54
-44
-27
-15
3
26
43
52
76
97
107
125
139
146
155
152
134
111
63
-7
-98
-222
-344
-444
-535
-611
-674
-726
-742
-719
-675
-604
-505
-419
-353
-296
-247
-180
-98
-21
39
88
142
220
316
407
513
624
712
784
850
896
914
908
861
783
702
628
561
502
447
400
360
334
319
308
293
275
237
179
124
71
25
-4
-41
-81
-101
-103
-99
-96
-98
-89
-74
-71
-74
-87
-122
-168
-217
-249
-257
-246
-239
-238
-222
-192
-157
-124
-88
-69
-68
-66
-78
-105
-120
-118
-118
-128
-127
-108
-87
-65
-47
-52
-60
-60
-71
-79
-85
-105
-136
-162
-173
-176
-179
-165
-145
-144
-150
-144
-139
-129
-101
-81
-85
-95
-87
-67
-47
-18
18
25
30
68
112
158
197
205
204
227
246
248
242
208
137
38
-89
-291
-521
-683
-805
-925
-1040
-1121
-1131
-1101
-1053
-971
-848
-711
-572
-454
-348
-220
-89
25
134
223
286
373
493
609
728
868
1026
1155
1227
1272
1305
1309
1257
1163
1033
887
752
620
501
402
313
248
215
195
171
156
139
98
30
-44
-94
-134
-183
-224
-243
-241
-199
-151
-100
-30
8
17
36
51
37
2
-55
-138
-219
-282
-314
-309
-283
-259
-231
-192
-146
-89
-44
-17
-9
-26
-50
-74
-104
-125
-136
-156
-166
-147
-116
-86
-52
-24
-24
-45
-65
-87
-123
-155
-160
-172
-202
-195
-160
-151
-140
-113
-100
-87
-79
-71
-59
-63
-71
-68
-56
-30
-2
31
73
117
163
198
236
267
292
317
323
299
252
181
84
-49
-278
-603
-937
-1208
-1417
-1568
-1689
-1753
-1724
-1644
-1509
-1286
-1010
-741
-504
-306
-129
47
234
400
513
581
648
768
926
1099
1269
1411
1546
1647
1679
1695
1692
1606
1426
1185
933
700
502
325
159
11
-96
-141
-132
-111
-84
-78
-107
-137
-166
-201
-213
-207
-221
-224
-170
-76
55
186
265
332
400
433
439
420
352
223
31
-190
-358
-452
-515
-539
-536
-515
-424
-298
-193
-94
-32
-20
-14
-24
-46
-47
-44
-50
-52
-53
-15
64
116
121
109
65
6
-27
-79
-139
-167
-225
-276
-271
-247
-208
-159
-144
-140
-134
-128
-103
-97
-117
-125
-124
-112
-75
-23
21
89
156
170
203
278
322
334
316
253
178
65
-111
-276
-546
-986
-1426
-1805
-2103
-2242
-2343
-2425
-2343
-2143
-1872
-1468
-1003
-561
-169
122
364
606
810
982
1109
1131
1151
1276
1440
1627
1809
1892
1937
1978
1934
1834
1707
1477
1144
749
352
53
-165
-373
-521
-618
-671
-607
-459
-315
-174
-79
-45
9
67
101
143
180
208
259
346
499
691
832
911
969
965
871
737
565
341
70
-265
-589
-825
-996
-1117
-1175
-1161
-1055
-881
-704
-496
-273
-100
37
159
233
280
325
357
373
387
403
423
438
426
375
304
230
143
21
-115
-217
-295
-380
-443
-461
-447
-390
-313
-277
-288
-280
-256
-243
-227
-219
-195
-141
-82
16
139
229
319
405
410
420
454
409
319
173
-124
-475
-771
-1137
-1682
-2270
-2770
-3116
-3259
-3273
-3186
-2944
-2561
-2041
-1415
-757
-80
504
892
1184
1436
1619
1783
1919
1934
1909
1962
2079
2225
2306
2273
2172
1996
1751
1445
1077
674
239
-267
-737
-1008
-1122
-1163
-1111
-999
-812
-515
-173
148
424
619
738
824
876
933
972
971
994
1018
1041
1121
1215
1234
1163
1037
857
628
347
-44
-478
-831
-1134
-1411
-1644
-1822
-1879
-1814
-1641
-1343
-997
-651
-275
69
352
655
911
1042
1093
1051
947
880
815
683
516
345
191
58
-65
-170
-277
-410
-533
-633
-727
-739
-658
-615
-602
-547
-479
-371
-204
-94
-62
-34
51
181
246
313
444
457
418
464
452
396
395
282
51
-107
-269
-568
-947
-1284
-1617
-2126
-2737
-3268
-3684
-3823
-3715
-3608
-3370
-2843
-2145
-1345
-447
415
1101
1635
2071
2373
2509
2583
2634
2523
2289
2136
2082
2073
2075
1936
1648
1401
1190
855
423
-3
-449
-915
-1319
-1523
-1531
-1421
-1191
-881
-517
-12
580
1069
1446
1718
1822
1842
1852
1785
1603
1393
1221
1069
937
870
831
733
567
369
133
-114
-354
-697
-1140
-1470
-1642
-1757
-1804
-1767
-1673
-1481
-1159
-742
-306
93
449
723
921
1126
1271
1265
1194
1056
818
608
472
293
53
-177
-367
-512
-601
-657
-727
-793
-813
-776
-719
-602
-428
-301
-205
-38
110
143
220
334
336
322
347
298
318
413
370
290
288
248
136
30
-45
-145
-295
-470
-733
-1173
-1586
-1849
-2225
-2847
-3544
-4104
-4267
-4003
-3723
-3444
-2869
-2012
-1039
-55
903
1783
2374
2635
2762
2801
2770
2693
2451
2039
1714
1560
1518
1563
1475
1152
833
616
380
26
-422
-832
-1164
-1466
-1590
-1405
-1010
-545
-109
315
917
1636
2154
2410
2514
2454
2258
2020
1780
1506
1124
725
465
355
304
259
173
34
-138
-339
-518
-636
-867
-1275
-1591
-1665
-1568
-1402
-1270
-1072
-747
-407
-17
426
746
909
965
945
957
978
852
641
420
175
-20
-119
-183
-292
-495
-678
-709
-667
-655
-648
-634
-582
-472
-316
-118
100
264
328
331
377
491
537
513
440
268
145
235
299
162
9
-106
-239
-254
-286
-430
-475
-491
-619
-695
-756
-976
-1315
-1665
-2065
-2649
-3310
-3837
-4039
-3972
-3810
-3467
-2808
-1909
-865
154
1102
1996
2593
2829
2943
2950
2737
2393
2016
1630
1314
1097
999
1013
964
786
586
420
261
-31
-477
-835
-1045
-1216
-1264
-1039
-592
-85
415
969
1625
2249
2639
2786
2769
2602
2284
1854
1424
1023
555
104
-133
-191
-222
-257
-270
-295
-352
-431
-524
-605
-748
-921
-998
-989
-901
-715
-533
-354
-87
125
255
467
643
606
537
510
444
370
299
193
64
-41
-130
-234
-335
-380
-459
-601
-622
-550
-526
-464
-307
-197
-119
66
276
394
491
603
570
429
371
375
325
208
71
-62
-85
-56
-130
-289
-329
-338
-443
-458
-437
-496
-518
-491
-555
-835
-1336
-1656
-1959
-2625
-3396
-4060
-4334
-4079
-3793
-3505
-2791
-1769
-664
406
1393
2269
2841
2998
2948
2821
2540
2166
1742
1266
913
712
645
744
743
501
270
187
79
-232
-663
-975
-1076
-1101
-1018
-651
-48
593
1145
1668
2310
2889
3105
2991
2743
2373
1891
1341
807
359
-89
-467
-596
-533
-458
-400
-339
-286
-281
-319
-358
-355
-406
-522
-494
-374
-263
-34
181
257
396
428
277
302
348
153
-20
-76
-133
-126
-102
-96
-105
-149
-162
-222
-318
-284
-324
-518
-518
-381
-335
-233
-35
52
117
291
415
402
395
446
435
351
303
265
144
103
116
-171
-397
-247
-339
-600
-523
-565
-687
-503
-462
-562
-402
-280
-477
-838
-1284
-1658
-2121
-2847
-3528
-4119
-4349
-3909
-3513
-3175
-2263
-1174
-150
927
1829
2441
2820
2923
2741
2415
2076
1765
1339
820
578
536
507
607
543
230
95
65
-171
-497
-744
-876
-863
-708
-376
142
764
1406
1934
2326
2781
3105
2987
2617
2201
1670
1102
600
94
-350
-613
-725
-708
-596
-431
-293
-248
-185
-115
-112
-88
-16
-38
-54
44
119
239
389
371
374
418
313
196
110
-27
-147
-204
-267
-301
-273
-268
-266
-252
-204
-180
-249
-256
-208
-263
-272
-165
-108
-71
19
69
97
193
286
310
282
273
261
177
168
223
133
-46
-177
-194
-233
-349
-399
-410
-496
-487
-474
-553
-436
-296
-340
-436
-729
-1291
-1747
-2218
-2902
-3688
-4393
-4550
-4155
-3805
-3275
-2298
-1227
-19
1116
1952
2679
3124
3066
2743
2386
1992
1543
1019
556
317
208
221
346
279
94
4
-104
-274
-490
-740
-833
-686
-431
-40
553
1265
1935
2423
2788
3178
3313
3028
2524
1900
1259
655
12
-538
-839
-987
-1035
-923
-664
-383
-191
-68
72
174
201
215
227
230
280
444
496
432
522
568
453
419
246
-87
-209
-312
-488
-524
-475
-416
-343
-290
-141
1
-2
10
-37
-163
-125
-70
-189
-219
-105
-58
-17
111
194
196
185
177
146
106
178
233
116
41
68
-15
-105
-104
-218
-338
-352
-427
-515
-469
-421
-400
-409
-355
-208
-450
-1087
-1554
-2055
-2753
-3511
-4404
-4870
-4574
-4108
-3698
-2870
-1650
-280
949
1864
2669
3226
3268
2990
2565
2030
1527
977
412
71
-53
-44
77
118
-24
-138
-171
-242
-481
-779
-821
-571
-290
89
709
1456
2206
2753
3077
3359
3517
3216
2550
1833
1174
519
-213
-846
-1159
-1267
-1251
-1115
-868
-527
-208
-38
78
262
394
446
522
583
697
810
712
590
624
537
326
162
-127
-422
-511
-552
-595
-530
-406
-254
-61
115
220
258
276
239
79
-50
-19
-24
-135
-151
-49
56
130
127
35
39
102
54
-42
-68
-69
-56
9
63
108
150
73
-33
-13
-40
-207
-351
-462
-547
-471
-396
-415
-549
-1010
-1677
-2184
-2660
-3415
-4411
-5079
-4884
-4368
-3926
-3121
-1961
-582
762
1733
2510
3163
3303
2908
2423
1943
1394
800
249
-47
-139
-154
-22
77
-22
-160
-254
-351
-518
-782
-885
-634
-224
217
825
1589
2383
3004
3328
3488
3530
3254
2592
1783
1031
383
-250
-852
-1194
-1230
-1127
-973
-774
-479
-139
57
106
183
332
439
462
536
669
842
944
880
831
793
568
259
-22
-385
-646
-791
-914
-861
-649
-462
-214
106
293
405
455
427
322
168
88
59
25
-3
11
65
118
135
60
-9
-41
-100
-198
-238
-144
-5
40
96
146
149
196
169
63
-60
-156
-350
-501
-488
-432
-453
-485
-600
-966
-1458
-1962
-2478
-3204
-4063
-4778
-4834
-4300
-3848
-3256
-2207
-881
447
1457
2221
2867
3110
2798
2290
1840
1360
764
137
-205
-223
-201
-146
-57
-40
-99
-180
-283
-444
-629
-719
-563
-177
301
899
1604
2319
2920
3262
3409
3351
3025
2439
1694
954
303
-274
-776
-1071
-1096
-973
-794
-602
-354
-78
99
154
205
318
438
543
643
842
1029
1167
1155
801
437
217
-157
-576
-800
-1084
-1139
-877
-683
-376
109
413
570
730
715
571
356
131
-91
-294
-306
-194
-123
17
239
333
332
305
138
-59
-141
-181
-200
-180
-134
-92
7
198
320
260
207
240
153
-13
-219
-357
-363
-443
-630
-757
-1161
-1653
-1955
-2639
-3439
-4271
-4968
-4824
-4251
-3938
-3318
-2097
-691
608
1531
2295
2982
3078
2595
2124
1693
1149
484
-184
-421
-344
-333
-295
-181
-165
-230
-287
-376
-530
-687
-690
-380
108
617
1251
2008
2710
3185
3382
3402
3245
2727
1988
1276
624
17
-500
-855
-951
-835
-656
-454
-261
-64
106
165
146
141
207
298
450
633
864
1074
930
664
627
554
209
-161
-530
-727
-691
-698
-672
-415
-106
21
199
415
454
334
206
147
37
-4
77
125
198
334
400
402
383
232
-42
-206
-237
-291
-384
-401
-222
-82
102
340
347
304
391
168
-50
46
-122
-369
-261
-252
-378
-313
-811
-1573
-1810
-2341
-3392
-4376
-5160
-5170
-4537
-4124
-3470
-2221
-774
658
1616
2287
2938
3030
2429
1833
1388
823
317
-231
-498
-289
-128
-67
1
-19
-171
-392
-631
-841
-1003
-1040
-704
-87
586
1352
2163
2877
3419
3609
3483
3220
2665
1854
1086
432
-106
-479
-730
-787
-608
-408
-240
-110
-33
33
37
-16
-32
78
273
502
659
833
1024
1054
994
875
622
299
-71
-453
-648
-660
-668
-618
-430
-201
-30
126
243
257
190
120
109
153
238
354
443
564
681
645
535
371
95
-209
-450
-602
-573
-527
-451
-198
84
309
397
455
499
343
69
-170
-346
-353
-351
-502
-351
-214
-691
-1246
-1528
-2087
-3068
-4299
-5350
-5324
-4688
-4420
-3853
-2468
-780
697
1597
2439
3237
3267
2553
1790
1350
838
112
-537
-611
-275
-197
-176
23
93
-104
-477
-779
-937
-1096
-1153
-812
-96
681
1440
2219
2974
3486
3544
3308
2923
2340
1592
846
248
-138
-370
-514
-459
-243
-67
-12
-33
-51
-86
-173
-263
-246
-30
267
579
946
1237
1388
1225
794
536
336
-172
-679
-878
-875
-580
-292
-129
186
547
589
435
394
215
-121
-374
-357
-165
44
334
599
823
1012
985
725
366
-9
-419
-769
-840
-672
-486
-302
26
398
640
747
637
460
222
-128
-536
-683
-646
-500
-335
-426
-454
-915
-1457
-1748
-2494
-3680
-4754
-5367
-5253
-4524
-3911
-2971
-1512
-43
1164
2036
2716
2972
2657
1867
1249
907
449
36
-210
-102
215
294
251
212
-12
-442
-912
-1249
-1383
-1331
-1035
-415
457
1333
2097
2756
3179
3308
3083
2595
2031
1407
800
357
143
77
113
162
271
365
276
64
-208
-427
-599
-669
-600
-346
135
641
1025
1244
1318
1261
1065
746
290
-170
-536
-746
-732
-530
-237
31
243
391
474
434
252
17
-195
-298
-262
-77
206
503
744
880
949
837
597
295
-165
-532
-730
-766
-617
-330
-53
202
404
558
690
484
220
40
-143
-392
-486
-517
-336
-39
-75
-206
-753
-1437
-2065
-2817
-3894
-5107
-5774
-5325
-4373
-3817
-2810
-1197
396
1374
1834
2334
2627
2251
1222
647
701
549
186
82
520
920
765
422
185
-154
-830
-1507
-1728
-1554
-1308
-915
-62
1090
1980
2477
2880
3125
2982
2429
1792
1344
968
580
394
541
753
816
733
652
524
187
-313
-748
-906
-914
-779
-516
-71
589
1160
1391
1517
1559
1339
753
-142
-630
-581
-693
-888
-627
-181
301
553
495
519
534
174
-333
-401
-291
-249
-148
148
650
966
994
916
767
558
191
-284
-587
-635
-599
-512
-209
215
480
496
504
516
344
-12
-225
-331
-492
-466
-315
-61
273
365
197
-1
-736
-1683
-2439
-3241
-4298
-5501
-5814
-5076
-3998
-3295
-2345
-799
577
1296
1476
1803
1982
1533
685
411
741
815
658
670
1044
1233
816
220
-218
-678
-1366
-1899
-1786
-1315
-828
-216
704
1696
2267
2434
2512
2483
2179
1641
1237
1138
1116
1072
1099
1315
1437
1264
849
427
38
-470
-941
-1157
-1008
-683
-289
184
702
1169
1269
1143
916
508
207
38
-212
-332
-122
33
205
452
525
427
230
-34
-353
-470
-498
-512
-381
-90
287
536
714
827
791
623
346
77
-93
-168
-230
-309
-219
-3
91
156
181
226
173
15
-69
-3
154
139
-11
-41
-5
-34
-15
-120
-46
-101
-664
-1504
-2072
-2284
-2925
-3919
-4836
-4985
-4326
-3583
-3093
-2146
-851
102
634
959
1525
1675
1241
691
606
962
995
824
844
1065
1066
591
93
-214
-677
-1254
-1567
-1365
-880
-444
36
780
1522
1890
1901
1894
1920
1703
1396
1245
1376
1537
1544
1556
1634
1574
1222
637
131
-218
-723
-1011
-800
-423
-330
-75
507
905
960
794
435
35
80
53
-125
0
377
527
520
599
560
363
84
-211
-504
-536
-427
-327
-188
125
413
426
414
478
399
263
159
57
8
22
97
85
54
56
9
-101
-150
-135
-75
15
96
119
203
418
210
-15
86
-136
-349
-275
-262
-113
-110
-453
-1037
-1663
-2059
-2947
-3906
-4484
-4928
-4588
-3722
-2854
-1918
-1058
-37
645
784
1031
1039
901
619
450
824
1139
1360
1371
1234
1200
827
138
-507
-950
-1233
-1436
-1266
-673
-44
483
970
1350
1568
1514
1315
1193
1127
1176
1264
1491
1878
2078
2053
1855
1536
1089
450
-81
-412
-592
-595
-466
-137
225
471
558
520
374
271
66
-249
-130
290
402
216
178
314
474
316
117
-31
-80
-24
-200
-114
128
321
223
50
239
264
59
-29
94
217
251
278
304
348
330
156
-131
-282
-322
-488
-499
-187
156
345
401
475
539
406
7
-322
-373
-466
-480
-332
-91
160
79
-225
-964
-1621
-2286
-3447
-4388
-4850
-4857
-4193
-3173
-2355
-1432
-605
146
381
304
465
391
399
377
692
1361
1698
1874
1763
1461
1097
392
-360
-896
-1137
-1180
-1047
-581
38
526
796
931
899
785
633
559
714
990
1374
1782
2123
2393
2350
2041
1593
1053
546
56
-158
-173
-86
109
257
423
413
279
4
-242
-292
-388
-350
-160
112
445
701
735
672
490
244
33
-96
-56
-41
72
218
320
387
287
155
48
-113
-187
-113
58
286
461
542
529
468
338
82
-218
-405
-483
-474
-299
-93
134
344
497
489
344
162
-66
-253
-314
-315
-331
-161
98
179
-18
-334
-1081
-1890
-2475
-3301
-4025
-4391
-4321
-3784
-2936
-2256
-1655
-1147
-672
-445
-460
-139
79
341
608
920
1531
1819
1829
1648
1236
844
327
-125
-405
-501
-429
-321
-63
207
332
312
285
209
137
208
409
782
1147
1509
1851
2029
2093
1924
1624
1337
999
756
577
533
582
551
525
441
337
156
-55
-183
-267
-188
-231
-337
36
264
75
149
300
188
161
204
186
238
425
506
298
433
539
245
121
110
88
5
56
248
281
294
375
311
100
1
-53
-170
-184
-122
-94
-123
-19
82
14
27
126
206
88
-50
-35
3
53
37
-53
-58
-1
-51
-352
-682
-1105
-1684
-2235
-3046
-3687
-3995
-3976
-3415
-2880
-2458
-1937
-1561
-1089
-879
-790
-362
-181
100
411
825
1424
1630
1632
1488
1229
976
563
254
149
63
56
104
223
368
334
189
123
33
-7
74
275
645
946
1216
1457
1596
1683
1590
1471
1343
1169
1086
994
978
946
811
690
504
355
153
-25
-102
-172
-82
-164
-131
-177
-422
-194
-22
-85
34
215
242
388
443
538
442
381
502
177
265
388
222
245
280
385
323
286
377
248
94
14
-23
-105
-144
-139
-184
-216
-210
-134
-204
-80
174
41
51
177
174
78
-3
38
-187
-240
-33
-30
-161
-279
-524
-966
-1303
-2033
-2994
-3628
-3835
-3639
-3314
-2679
-2181
-1925
-1654
-1365
-1204
-1022
-730
-558
-190
262
805
1302
1469
1550
1371
1081
859
575
453
402
463
577
570
635
582
412
210
-5
-115
-136
67
350
651
937
1106
1226
1218
1247
1204
1138
1160
1117
1183
1207
1216
1161
1007
827
572
368
205
113
-15
-45
46
26
77
-61
-424
-449
-341
-282
-228
-103
173
231
271
421
337
331
436
332
323
474
564
530
491
549
465
313
283
212
96
75
98
66
-27
-131
-214
-327
-373
-294
-327
-351
-164
18
16
50
188
115
-16
3
27
-44
-102
-89
-158
-348
-538
-763
-1114
-1761
-2680
-3443
-3563
-3185
-2864
-2584
-2255
-1918
-1745
-1715
-1602
-1292
-963
-835
-565
-63
522
997
1176
1193
1105
977
837
745
775
816
886
962
951
861
745
605
393
130
-45
0
203
374
530
714
850
896
832
808
873
951
1020
1054
1144
1232
1249
1175
1053
958
786
597
419
331
336
280
228
170
55
-15
-207
-473
-462
-330
-179
-72
-72
21
113
29
29
123
159
271
361
447
571
627
647
596
504
420
309
293
282
203
182
139
22
-118
-259
-312
-304
-318
-319
-321
-287
-230
-218
-217
-169
-105
-52
-86
-121
-65
-147
-264
-310
-315
-313
-416
-824
-1510
-2304
-2936
-2871
-2505
-2293
-2119
-2053
-1974
-1806
-1768
-1670
-1414
-1309
-1209
-924
-440
83
409
609
697
668
648
637
739
872
874
929
1092
1179
1186
1111
944
790
618
481
482
544
615
659
678
709
678
655
647
621
660
702
768
816
822
833
831
836
801
722
632
581
590
638
661
646
546
295
14
-173
-140
12
63
59
16
-93
-72
-40
-84
-45
-65
-65
7
55
124
184
204
203
164
144
118
83
91
42
-16
-38
-102
-165
-202
-300
-376
-380
-425
-494
-461
-341
-253
-259
-298
-311
-283
-240
-214
-210
-220
-182
-154
-121
-98
-142
-105
-75
-152
-265
-567
-974
-1084
-953
-807
-673
-787
-1078
-1165
-1143
-1056
-865
-837
-961
-1046
-990
-780
-528
-383
-428
-528
-490
-370
-199
-29
-41
-131
-121
-40
132
297
310
271
260
313
429
524
556
543
549
653
764
836
880
880
916
971
970
938
898
891
921
926
891
815
719
644
644
672
647
587
522
480
485
470
438
421
335
232
194
113
59
79
65
74
82
47
34
54
69
76
72
67
60
63
102
115
125
121
87
106
126
83
23
-56
-117
-131
-136
-146
-176
-195
-198
-192
-170
-169
-185
-193
-200
-185
-186
-195
-199
-222
-237
-229
-225
-350
-738
-1112
-1142
-1011
-871
-893
-1265
-1562
-1629
-1582
-1297
-1141
-1331
-1546
-1617
-1461
-1100
-887
-916
-988
-955
-738
-427
-160
-100
-196
-173
-2
225
427
430
349
385
478
627
753
767
770
811
893
997
1035
996
971
1011
1107
1157
1128
1094
1093
1132
1180
1178
1107
951
810
809
807
743
673
524
384
387
411
403
393
291
145
98
87
70
70
28
-47
-61
-45
-34
12
31
-8
6
31
23
53
65
34
14
21
47
66
91
82
63
76
57
33
6
-54
-91
-105
-117
-129
-161
-216
-229
-225
-234
-240
-262
-300
-316
-307
-318
-305
-307
-446
-802
-1101
-1087
-937
-750
-787
-1175
-1441
-1497
-1438
-1150
-1020
-1228
-1436
-1501
-1360
-1044
-882
-944
-1036
-1003
-779
-475
-210
-159
-263
-216
-13
236
439
441
383
423
519
686
792
772
740
772
869
963
969
902
839
870
966
1002
964
925
920
968
1029
1020
957
873
813
768
738
763
711
609
569
447
312
308
269
245
253
154
75
76
60
97
141
81
3
-19
10
59
104
90
23
7
40
73
112
95
8
-16
21
51
53
7
-26
-23
3
42
25
-45
-87
-91
-68
-54
-97
-140
-164
-188
-181
-179
-225
-307
-355
-337
-297
-270
-414
-818
-1118
-1101
-945
-733
-737
-1092
-1383
-1435
-1319
-1033
-897
-1084
-1322
-1404
-1265
-996
-863
-924
-1027
-1010
-805
-521
-283
-250
-354
-305
-91
149
316
338
303
358
503
660
754
761
747
787
889
966
945
871
822
858
956
981
927
850
799
840
905
906
831
719
643
633
699
750
696
611
543
468
441
429
360
315
234
135
129
136
125
145
138
104
95
87
91
110
98
72
64
80
106
128
140
108
72
74
65
44
6
-34
-52
-63
-83
-89
-112
-154
-149
-120
-90
-97
-135
-157
-184
-221
-239
-270
-306
-344
-381
-363
-326
-333
-390
-615
-950
-1088
-1006
-853
-739
-856
-1141
-1311
-1314
-1157
-911
-848
-1025
-1181
-1160
-988
-800
-723
-794
-867
-793
-580
-330
-182
-208
-256
-149
48
237
348
363
365
428
555
668
712
693
693
773
861
873
835
781
766
820
873
853
772
704
725
792
806
765
687
611
587
608
650
649
586
552
535
468
426
399
344
305
238
171
151
130
128
169
185
156
118
104
129
151
141
116
99
106
121
148
163
122
84
67
63
76
56
25
-9
-56
-85
-112
-154
-195
-208
-191
-182
-197
-223
-250
-277
-297
-321
-360
-394
-442
-454
-428
-452
-485
-538
-718
-904
-952
-893
-767
-730
-884
-1057
-1140
-1135
-988
-834
-835
-943
-1014
-978
-849
-716
-693
-732
-737
-662
-502
-318
-223
-230
-207
-90
63
203
283
304
343
437
541
627
668
676
722
789
839
845
817
791
794
833
855
832
777
743
762
785
789
756
685
593
480
464
608
673
605
568
449
326
390
443
437
397
228
129
182
214
216
190
95
36
70
134
171
143
79
38
89
167
162
145
106
39
49
79
52
10
-20
-17
-15
-49
-93
-146
-196
-188
-163
-168
-223
-296
-305
-283
-274
-286
-326
-392
-457
-464
-440
-441
-467
-502
-580
-706
-834
-904
-860
-777
-782
-863
-971
-1064
-1050
-935
-828
-805
-876
-933
-873
-757
-656
-600
-613
-621
-547
-405
-269
-216
-213
-181
-88
47
167
249
287
318
395
495
572
612
635
685
757
795
805
814
807
813
836
831
791
745
718
722
722
687
634
576
528
501
528
561
526
508
487
437
435
433
407
400
363
307
296
270
238
243
232
215
184
152
155
156
151
141
135
144
133
125
138
112
71
48
20
0
-14
-35
-60
-111
-158
-171
-204
-236
-246
-259
-290
-333
-366
-379
-387
-380
-368
-374
-395
-429
-444
-442
-446
-444
-474
-543
-640
-731
-761
-777
-771
-738
-763
-799
-832
-875
-840
-787
-779
-734
-716
-740
-702
-651
-601
-541
-510
-467
-404
-334
-254
-201
-134
-58
-7
82
174
240
316
364
412
481
529
589
645
660
688
717
728
744
747
741
744
754
742
702
661
630
636
652
620
554
497
462
472
519
517
482
446
417
431
450
423
373
322
285
286
297
282
252
213
194
201
199
181
155
141
147
156
155
128
92
71
60
56
43
-2
-46
-67
-86
-107
-140
-189
-234
-265
-289
-311
-355
-404
-440
-459
-454
-442
-437
-438
-439
-438
-434
-447
-457
-459
-463
-459
-481
-543
-607
-630
-631
-616
-611
-645
-654
-653
-645
-606
-607
-637
-632
-595
-546
-510
-521
-525
-480
-419
-339
-291
-270
-239
-196
-110
-30
15
50
89
150
224
289
332
349
377
443
512
555
571
573
595
629
656
664
643
613
607
626
644
620
564
531
510
506
522
497
458
431
419
448
465
442
424
406
412
434
430
407
367
331
322
316
300
268
227
211
201
182
176
164
134
112
97
76
50
22
11
1
-20
-52
-91
-118
-136
-152
-179
-219
-258
-292
-323
-353
-389
-422
-444
-460
-466
-473
-488
-496
-498
-485
-465
-481
-495
-488
-477
-449
-448
-495
-536
-546
-516
-464
-466
-526
-570
-564
-507
-453
-448
-485
-518
-500
-436
-373
-361
-393
-408
-365
-292
-226
-180
-179
-176
-118
-44
23
59
81
119
179
241
277
293
311
354
412
449
460
461
478
519
560
568
543
525
546
592
611
582
528
495
504
533
541
504
457
424
421
438
440
420
394
383
396
408
397
365
334
319
324
323
294
258
237
236
233
215
182
150
133
113
98
78
34
0
-12
-27
-59
-101
-148
-170
-174
-177
-193
-237
-278
-303
-316
-324
-355
-394
-412
-420
-424
-423
-440
-464
-474
-470
-460
-449
-451
-451
-439
-430
-428
-432
-461
-471
-449
-427
-418
-449
-491
-496
-475
-435
-393
-398
-424
-430
-404
-356
-326
-313
-309
-313
-285
-230
-180
-148
-137
-114
-58
-1
48
94
122
150
180
219
258
274
284
315
351
383
396
379
399
454
482
504
513
478
473
505
512
516
510
467
461
484
480
475
452
412
414
432
422
404
389
364
357
366
347
318
305
292
286
292
275
248
240
233
224
215
184
137
107
92
90
76
34
-7
-26
-38
-51
-71
-99
-127
-158
-185
-208
-237
-274
-306
-331
-357
-382
-404
-420
-423
-435
-457
-466
-471
-473
-462
-462
-471
-469
-457
-431
-403
-394
-392
-401
-408
-388
-360
-348
-361
-378
-379
-371
-352
-337
-348
-358
-345
-317
-287
-278
-283
-277
-258
-220
-169
-138
-119
-96
-65
-12
43
72
90
97
122
164
187
205
223
239
268
296
308
321
328
340
368
387
391
397
406
427
452
465
465
463
463
457
458
454
441
437
437
435
433
419
396
385
370
357
346
323
298
286
276
266
251
232
217
213
210
197
173
139
110
102
89
62
34
-3
-33
-45
-59
-80
-107
-134
-154
-172
-192
-212
-238
-266
-288
-305
-322
-337
-354
-371
-380
-391
-412
-430
-437
-442
-442
-437
-426
-415
-408
-398
-383
-373
-364
-346
-333
-334
-335
-327
-318
-303
-284
-274
-268
-267
-271
-271
-266
-263
-258
-250
-242
-221
-198
-185
-164
-131
-98
-68
-35
-14
-3
13
38
68
97
119
139
159
180
209
240
254
264
274
285
307
332
346
358
373
388
402
422
432
431
432
428
433
439
435
426
426
425
422
423
417
395
376
354
339
327
310
292
271
258
252
231
215
209
190
164
138
107
83
62
38
14
-15
-45
-68
-90
-105
-112
-126
-153
-180
-206
-231
-252
-268
-284
-299
-306
-316
-329
-333
-339
-352
-360
-365
-371
-376
-376
-369
-369
-367
-356
-348
-332
-313
-305
-299
-289
-279
-270
-261
-256
-255
-244
-235
-227
-209
-202
-195
-183
-177
-179
-177
-164
-151
-129
-109
-99
-79
-57
-32
-11
1
9
22
44
63
75
88
103
120
155
181
188
192
191
203
226
242
249
251
252
263
285
309
319
316
318
323
330
333
327
321
316
313
313
313
302
293
298
289
276
266
249
236
230
217
195
181
174
171
177
170
145
125
109
96
88
71
39
7
-6
-14
-27
-41
-63
-79
-90
-102
-118
-142
-174
-195
-209
-213
-222
-234
-244
-253
-258
-263
-265
-276
-285
-277
-278
-286
-291
-291
-282
-271
-261
-256
-258
-256
-249
-242
-223
-208
-205
-192
-173
-161
-154
-149
-143
-135
-131
-136
-138
-140
-138
-126
-106
-92
-82
-65
-46
-32
-19
4
19
28
43
51
57
64
73
87
98
101
103
110
118
135
143
143
148
148
157
173
185
186
186
192
199
218
226
224
225
221
222
232
233
231
221
214
216
209
196
186
173
166
161
151
137
127
122
124
127
119
107
105
96
83
74
60
47
39
39
39
30
18
15
9
0
-8
-29
-47
-58
-69
-77
-91
-111
-125
-133
-139
-144
-154
-167
-183
-189
-185
-190
-198
-202
-203
-204
-202
-195
-197
-200
-201
-204
-196
-188
-187
-184
-180
-176
-171
-158
-145
-141
-138
-132
-129
-126
-121
-117
-112
-108
-102
-89
-75
-54
-36
-24
-4
5
13
25
34
41
53
64
70
73
79
85
85
90
97
98
96
94
96
105
111
119
123
129
138
139
143
148
144
140
142
140
135
133
132
136
137
136
135
135
132
121
117
118
116
115
117
116
111
106
102
95
88
73
55
43
36
27
21
15
4
-3
-5
-7
-19
-22
-25
-33
-36
-41
-49
-52
-51
-45
-44
-54
-60
-63
-75
-82
-86
-93
-101
-111
-115
-114
-119
-125
-119
-107
-102
-99
-95
-96
-94
-91
-91
-88
-90
-94
-91
-86
-84
-87
-90
-94
-98
-97
-95
-93
-87
-78
-71
-62
-47
-38
-28
-16
-7
4
16
21
26
34
33
28
29
32
35
35
33
30
25
25
26
28
32
36
43
55
63
68
75
80
82
86
86
82
80
80
72
66
65
61
62
65
62
57
50
50
51
45
42
40
36
39
51
61
59
54
51
47
42
34
27
21
14
8
4
-1
-5
-5
-11
-14
-14
-19
-24
-27
-25
-25
-25
-20
-16
-21
-19
-17
-18
-20
-27
-30
-33
-43
-49
-46
-47
-50
-43
-41
-44
-41
-37
-30
-24
-22
-26
-25
-16
-8
-4
-1
-1
-11
-15
-16
-23
-30
-36
-39
-48
-57
-52
-42
-38
-40
-31
-26
-22
-12
0
13
17
21
30
34
33
35
37
32
22
18
15
8
4
4
5
-1
-3
4
8
15
24
23
25
29
22
23
23
20
13
7
4
5
2
3
6
0
-1
1
-1
-2
-6
-12
-13
-14
-13
-7
-2
-7
-7
0
6
5
0
-2
-1
-6
-6
1
-4
-13
-10
-7
-7
-9
-7
-6
-9
-8
4
6
0
2
6
7
9
8
10
12
6
9
16
11
7
3
4
6
-1
3
8
6
8
15
25
27
29
33
38
35
27
28
30
25
16
10
4
-2
-6
-3
1
-9
-16
-8
-5
-7
0
8
12
13
17
20
17
12
11
11
2
-2
-4
-5
-9
-8
-9
-16
-18
-16
-14
-18
-23
-22
-21
-25
-18
-14
-19
-19
-15
-14
-14
-19
-19
-16
-27
-33
-27
-25
-29
-36
-35
-32
-36
-37
-26
-23
-27
-25
-21
-20
-20
-22
-22
-20
-26
-26
-17
-15
-10
-3
3
6
4
5
12
13
8
6
5
5
5
5
6
8
6
5
7
9
11
15
20
25
31
34
35
32
28
23
20
19
19
22
22
28
36
38
40
47
52
49
48
50
49
45
37
34
30
22
17
14
10
4
3
0
-6
-4
1
5
5
14
19
11
11
13
11
7
6
2
-8
-9
-11
-11
-10
-17
-24
-34
-31
-28
-32
-33
-35
-34
-35
-33
-28
-27
-26
-29
-24
-19
-19
-21
-22
-23
-23
-22
-22
-26
-29
-29
-29
-31
-33
-34
-36
-30
-29
-31
-31
-29
-27
-25
-18
-13
-11
-10
-3
2
-1
1
2
2
7
6
9
12
8
11
11
9
8
10
9
5
4
5
12
18
19
19
22
25
33
35
33
32
29
30
31
31
31
33
38
39
36
37
32
28
27
28
29
24
19
21
19
19
17
11
7
1
-2
-3
-7
-6
-4
-2
0
5
13
11
11
8
6
5
0
-3
-6
-6
-8
-12
-13
-10
-9
-12
-11
-14
-19
-20
-21
-24
-26
-25
-27
-27
-25
-27
-24
-24
-21
-17
-18
-12
-11
-11
-11
-12
-12
-13
-12
-9
-11
-8
-9
-13
-15
-19
-20
-21
-22
-21
-20
-23
-20
-17
-14
-12
-12
-8
-7
-7
-6
-1
3
2
3
9
10
9
8
6
10
11
8
12
14
14
19
20
23
23
22
21
20
18
14
12
9
5
4
10
17
17
22
22
22
26
25
27
25
26
22
18
17
15
14
12
8
7
5
2
1
2
3
4
7
8
7
14
14
12
15
13
11
8
10
9
5
-1
-7
-10
-11
-13
-17
-21
-23
-24
-24
-22
-20
-21
-25
-20
-20
-21
-18
-20
-15
-16
-15
-11
-10
-11
-12
-7
-5
-7
-9
-11
-11
-11
-16
-19
-21
-25
-25
-25
-28
-30
-31
-26
-21
-24
-18
-12
-9
-4
-1
-1
-3
2
7
9
13
11
9
10
8
8
4
-1
1
1
2
5
7
8
10
13
15
12
12
11
6
7
7
9
9
12
20
23
28
28
24
24
26
26
22
21
22
20
18
24
23
22
15
10
12
9
8
8
6
5
6
6
6
6
8
6
4
6
1
-2
-7
-7
-9
-12
-14
-14
-15
-17
-15
-14
-12
-13
-12
-14
-15
-17
-19
-16
-15
-15
-13
-12
-9
-13
-12
-7
-6
-3
-2
-1
0
-2
-3
-1
-4
-8
-10
-12
-13
-14
-20
-24
-28
-28
-24
-20
-13
-11
-3
3
7
16
19
26
35
44
49
54
58
66
73
78
72
70
70
65
61
55
51
42
35
29
19
10
5
-3
-15
-27
-35
-43
-51
-55
-61
-61
-62
-62
-62
-65
-68
-68
-69
-73
-79
-79
-78
-78
-81
-82
-82
-81
-81
-83
-82
-81
-83
-80
-73
-69
-69
-60
-55
-50
-39
-29
-23
-15
-4
3
12
22
34
44
55
69
84
95
104
116
126
142
157
167
178
191
199
205
211
212
215
222
228
232
229
229
227
218
215
209
197
185
170
150
126
104
75
43
12
-25
-64
-99
-139
-179
-218
-255
-291
-325
-353
-375
-394
-412
-426
-439
-445
-449
-447
-437
-424
-408
-388
-363
-339
-312
-285
-254
-222
-190
-156
-120
-86
-51
-17
17
50
81
109
138
162
182
205
224
240
256
268
281
291
300
307
309
312
310
311
310
305
302
297
291
284
271
263
252
237
224
211
199
185
173
160
148
135
123
114
100
90
81
71
64
51
34
22
13
0
-11
-18
-30
-39
-49
-62
-71
-78
-89
-96
-102
-109
-116
-127
-133
-139
-146
-150
-156
-158
-159
-166
-172
-175
-180
-183
-189
-190
-187
-191
-192
-192
-191
-194
-198
-200
-198
-200
-202
-204
-200
-198
-199
-196
-195
-187
-178
-173
-162
-153
-145
-132
-121
-109
-93
-75
-60
-43
-27
-13
1
16
26
40
59
70
79
96
107
120
129
138
151
160
169
180
192
201
205
211
220
223
227
227
228
233
230
228
219
213
211
205
200
197
189
181
176
167
160
153
146
138
134
131
120
114
105
92
86
78
63
56
48
38
29
17
6
-6
-14
-22
-31
-37
-50
-59
-67
-77
-88
-95
-105
-113
-121
-129
-132
-139
-145
-151
-158
-163
-164
-165
-166
-169
-169
-174
-173
-172
-173
-171
-165
-159
-158
-157
-156
-154
-150
-150
-146
-140
-137
-135
-127
-125
-120
-114
-112
-102
-96
-90
-81
-70
-61
-53
-44
-30
-17
-7
1
7
17
27
35
43
49
58
66
73
81
87
88
89
95
95
96
101
102
108
118
121
123
127
129
134
136
132
132
133
132
132
136
139
140
137
132
129
128
124
120
116
113
111
106
101
102
97
89
86
79
73
68
62
57
49
41
34
29
24
17
12
7
1
-7
-16
-24
-30
-34
-42
-50
-53
-55
-59
-64
-73
-80
-83
-88
-92
-94
-100
-103
-106
-110
-112
-114
-114
-112
-112
-111
-111
-109
-109
-106
-105
-108
-106
-103
-102
-102
-99
-96
-94
-90
-87
-83
-81
-77
-73
-67
-63
-59
-54
-49
-43
-33
-26
-20
-12
-2
6
16
25
27
38
48
54
63
70
75
80
89
94
98
99
103
106
108
112
115
113
114
117
115
113
109
106
104
97
92
85
78
68
61
52
44
35
24
17
10
3
-3
-11
-17
-23
-30
-38
-41
-44
-52
-57
-62
-67
-74
-78
-81
-85
-89
-89
-91
-93
-90
-90
-89
-84
-78
-75
-72
-68
-61
-55
-52
-48
-42
-37
-31
-26
-22
-16
-13
-10
-1
6
12
19
23
27
34
39
46
55
54
56
60
66
71
73
77
83
85
86
91
93
89
86
83
83
81
82
82
80
77
77
75
71
68
65
61
59
56
53
47
44
38
32
29
21
10
3
-4
-16
-26
-36
-43
-51
-61
-67
-72
-78
-83
-89
-93
-98
-103
-103
-106
-106
-105
-109
-108
-106
-110
-110
-109
-106
-105
-102
-100
-96
-91
-88
-83
-73
-64
-58
-51
-44
-37
-29
-22
-15
-8
3
11
15
19
26
31
32
34
40
44
50
54
58
60
62
65
63
67
69
68
70
70
72
69
69
66
64
63
60
60
59
55
53
52
49
45
42
36
31
28
25
21
14
11
9
5
1
1
-2
-6
-8
-10
-11
-10
-12
-12
-13
-12
-13
-10
-9
-9
-7
-9
-9
-6
-3
-1
-3
-5
-3
-2
-3
-1
-1
-1
-3
-6
-7
-7
-9
-10
-12
-14
-13
-12
-14
-13
-14
-15
-17
-18
-16
-16
-17
-19
-20
-21
-20
-20
-19
-17
-19
-19
-20
-17
-13
-13
-11
-10
-11
-12
-13
-12
-12
-11
-15
-14
-9
-9
-9
-11
-11
-13
-10
-7
-7
-4
-3
-4
-3
0
-2
-4
-5
-3
-4
-8
-4
-3
-8
-7
-7
-9
-8
-5
-4
-3
0
3
3
5
8
10
13
16
14
18
17
14
13
13
15
14
13
15
16
13
11
12
11
12
15
17
19
21
20
19
23
24
24
25
24
22
21
21
20
19
18
17
17
17
19
18
18
17
16
15
16
15
11
11
9
4
0
3
5
3
3
1
-2
-4
-4
-3
-2
-2
-5
-6
-7
-4
-5
-7
-6
-4
-5
-5
-6
-5
-5
-3
-2
-7
-10
-10
-12
-13
-14
-14
-18
-23
-24
-24
-26
-27
-25
-25
-26
-27
-26
-24
-22
-21
-24
-28
-26
-27
-26
-23
-23
-23
-25
-26
-25
-24
-24
-22
-21
-19
-17
-16
-15
-13
-8
-7
-7
-2
