5
3
2
-1
-8
-8
-8
-8
-11
-14
-12
-13
-14
-16
-18
-17
-22
-20
-15
-17
-12
-7
-6
-5
-6
-7
-5
3
5
2
6
6
10
11
8
11
13
15
21
25
22
25
27
24
25
28
26
27
27
25
21
23
22
19
19
14
11
13
9
5
4
7
12
13
12
6
1
3
7
5
5
7
0
-4
-8
-10
-7
-18
-26
-27
-33
-41
-50
-62
-78
-88
-98
-100
-94
-92
-91
-105
-101
-89
-87
-69
-51
-34
-17
-9
4
23
35
52
62
79
106
109
110
118
117
113
103
82
73
59
44
42
34
10
-14
-26
-41
-58
-73
-90
-84
-74
-69
-38
-17
-5
7
9
32
70
109
134
132
129
137
159
182
195
211
213
203
193
177
147
131
134
126
123
97
72
66
35
-6
-24
-21
-27
-70
-115
-144
-179
-255
-374
-461
-473
-440
-406
-436
-513
-537
-521
-483
-428
-362
-265
-206
-201
-171
-77
40
117
180
249
303
351
362
369
404
410
412
391
325
272
222
165
106
52
-3
-71
-123
-182
-225
-225
-235
-247
-226
-203
-171
-142
-135
-93
2
84
125
186
240
270
309
336
357
368
347
318
322
329
289
207
124
46
7
-24
-91
-163
-231
-286
-336
-372
-366
-313
-259
-245
-271
-259
-202
-120
-13
58
142
206
205
209
240
310
388
418
404
373
343
327
284
244
238
222
171
90
29
-1
-25
-43
-70
-113
-132
-125
-111
-113
-130
-164
-310
-506
-637
-661
-574
-489
-523
-626
-717
-760
-709
-586
-451
-373
-345
-325
-308
-205
-37
121
257
344
398
445
485
514
568
649
693
667
626
555
443
338
243
191
129
18
-107
-185
-230
-329
-414
-425
-419
-412
-423
-424
-360
-276
-199
-140
-58
42
108
178
230
287
369
441
488
461
423
428
445
457
414
329
290
275
190
108
62
24
-27
-111
-136
-89
-48
-44
-64
-37
6
32
86
165
212
270
321
326
355
417
484
531
561
573
543
431
171
-63
-118
-92
-164
-462
-850
-1122
-1269
-1345
-1355
-1316
-1308
-1438
-1614
-1601
-1390
-1141
-941
-765
-547
-320
-159
-16
241
572
807
947
1066
1222
1325
1308
1281
1246
1184
1061
899
755
579
351
142
-38
-216
-390
-540
-632
-731
-818
-858
-867
-844
-797
-710
-575
-425
-282
-101
62
173
304
443
582
668
713
791
836
833
767
708
695
612
485
333
190
95
-6
-103
-167
-245
-304
-359
-408
-378
-314
-239
-176
-124
-20
91
182
278
396
536
614
645
724
802
817
794
793
850
891
793
550
226
-62
-177
-117
-100
-322
-756
-1301
-1741
-1960
-1926
-1698
-1561
-1699
-1991
-2184
-2131
-1843
-1440
-1066
-793
-606
-471
-282
49
444
839
1155
1346
1474
1549
1593
1611
1606
1622
1575
1417
1236
1015
771
500
184
-82
-260
-429
-619
-806
-989
-1087
-1097
-1100
-1112
-1067
-949
-795
-587
-391
-192
9
138
246
414
638
834
972
1038
1041
993
954
916
832
713
580
467
367
218
55
-60
-185
-318
-387
-440
-444
-420
-424
-320
-194
-154
-82
66
232
400
552
646
696
732
791
888
982
1024
991
906
786
686
614
470
260
36
-173
-351
-535
-693
-807
-1025
-1487
-2167
-2643
-2438
-1823
-1551
-1935
-2488
-2578
-2204
-1829
-1501
-955
-417
-327
-575
-491
198
980
1310
1373
1606
1849
1815
1640
1652
1917
2045
1808
1523
1376
1171
777
348
87
-54
-253
-523
-763
-925
-1108
-1278
-1319
-1260
-1169
-1083
-973
-835
-667
-456
-199
18
171
321
533
771
948
1048
1067
1027
968
940
907
896
828
635
440
298
211
90
-76
-212
-267
-331
-424
-448
-381
-281
-211
-175
-97
52
182
354
551
673
750
790
856
951
1023
1073
1046
1010
979
868
688
583
519
366
165
-100
-358
-561
-712
-834
-1057
-1645
-2618
-3245
-2867
-1917
-1569
-2348
-3318
-3336
-2630
-2114
-1856
-1244
-491
-482
-1116
-1099
114
1349
1566
1355
1657
2188
2141
1738
1881
2541
2767
2255
1734
1691
1644
1137
533
288
222
-65
-531
-845
-1010
-1250
-1484
-1545
-1466
-1339
-1283
-1245
-1098
-908
-651
-346
-158
-31
181
477
733
938
1071
1114
1159
1127
1062
1098
1125
1029
853
669
573
491
299
66
-100
-149
-188
-264
-276
-214
-154
-174
-198
-73
124
280
448
620
755
807
797
859
971
1084
1106
1079
1123
1076
849
585
455
486
409
135
-186
-472
-669
-898
-1100
-1274
-2033
-3339
-3890
-2997
-1659
-1704
-3263
-4253
-3641
-2642
-2384
-2182
-1167
-326
-911
-1868
-1198
771
1908
1584
1371
2092
2600
2153
1776
2466
3374
3195
2315
1953
2186
1995
1166
544
508
498
-4
-636
-972
-1143
-1412
-1712
-1799
-1687
-1655
-1713
-1634
-1458
-1257
-939
-617
-395
-240
-10
450
910
1120
1192
1317
1424
1454
1458
1534
1639
1556
1251
1016
1009
953
617
221
63
121
56
-234
-348
-203
-151
-317
-396
-164
138
176
151
388
712
812
676
658
887
1141
1231
1160
1072
982
810
625
510
411
264
-42
-481
-802
-930
-1035
-1615
-2988
-4090
-3711
-2407
-1822
-2868
-4362
-4524
-3606
-3000
-2786
-2013
-890
-746
-1708
-1951
-386
1457
1877
1500
1881
2716
2744
2185
2349
3349
3823
3213
2458
2391
2480
1915
1086
733
736
477
-233
-875
-1162
-1375
-1685
-1961
-2001
-1931
-1939
-1997
-1949
-1697
-1293
-960
-766
-538
-281
77
472
789
1177
1482
1591
1556
1510
1671
1877
1925
1766
1516
1359
1201
934
665
509
434
297
11
-230
-231
-118
-159
-296
-238
-68
61
146
259
486
639
596
620
830
1092
1222
1144
975
893
887
827
646
336
26
-240
-451
-643
-1003
-1926
-3456
-4475
-3863
-2343
-1989
-3496
-5200
-5257
-4085
-3415
-3220
-2391
-1311
-1376
-2373
-2198
-267
1544
1777
1426
2060
3016
3017
2594
3027
4126
4422
3644
3036
3125
3130
2413
1520
1263
1227
653
-255
-910
-1206
-1449
-1822
-2138
-2274
-2315
-2439
-2606
-2545
-2208
-1688
-1199
-978
-941
-805
-375
260
833
1304
1683
1832
1703
1552
1785
2248
2497
2389
2053
1768
1545
1192
873
816
832
613
210
-48
-45
-32
-151
-180
-85
15
119
209
339
518
651
766
922
1067
1084
989
1023
1272
1345
1103
801
478
201
-86
-367
-413
-533
-1489
-3385
-4948
-4616
-2873
-2078
-3424
-5399
-5821
-4862
-4142
-3863
-3108
-1894
-1641
-2631
-2791
-1026
1083
1678
1292
1693
2785
3138
2696
2888
4041
4660
4040
3303
3253
3332
2777
1862
1452
1450
1053
181
-603
-1028
-1360
-1764
-2054
-2093
-2148
-2417
-2725
-2793
-2491
-1942
-1423
-1077
-848
-779
-700
-259
535
1255
1628
1690
1624
1670
1872
2125
2278
2328
2299
2094
1778
1422
1112
1007
964
789
527
285
139
1
-171
-164
59
222
143
58
262
504
584
665
805
975
1065
985
976
1157
1287
1142
839
632
495
195
-204
-442
-498
-885
-2581
-4757
-5189
-3466
-1758
-2568
-5220
-6564
-5541
-4225
-4044
-3821
-2513
-1594
-2501
-3533
-2302
467
1891
1355
1202
2396
3260
2868
2609
3785
5063
4766
3689
3373
3740
3528
2523
1835
1770
1527
697
-231
-743
-1092
-1654
-2154
-2240
-2187
-2461
-2937
-3065
-2840
-2501
-2086
-1608
-1238
-1185
-1179
-683
285
1073
1348
1396
1548
1779
1992
2288
2689
2894
2605
2157
1983
1908
1710
1407
1198
1123
864
386
102
107
176
110
-23
-18
41
5
-4
170
473
724
765
720
745
866
1087
1293
1396
1316
1015
629
156
-136
-102
-71
-585
-2373
-4618
-5097
-3429
-1854
-2723
-5356
-6617
-5611
-4406
-4276
-4201
-2992
-2017
-2862
-3768
-2474
306
1718
1022
847
2203
3225
2969
2782
3896
5152
4891
3797
3498
3971
3824
2757
1981
1945
1827
1001
-63
-634
-921
-1451
-1968
-2111
-2108
-2408
-2999
-3262
-2963
-2444
-2038
-1759
-1497
-1334
-1243
-946
-257
670
1381
1594
1485
1446
1713
2145
2565
2766
2627
2394
2213
1921
1501
1275
1318
1324
1047
557
266
206
125
19
88
276
278
71
-67
116
436
698
885
1005
942
750
756
1114
1541
1481
942
449
186
102
-79
-328
-699
-2210
-4461
-5263
-3668
-1738
-2486
-5499
-7112
-5831
-4128
-4077
-4329
-3110
-1980
-2868
-4045
-2731
411
1996
1172
695
2011
3272
3028
2765
3944
5302
5049
3774
3400
4006
3941
2899
2094
2054
1941
1002
-114
-602
-857
-1364
-1878
-2085
-2140
-2495
-3049
-3291
-3044
-2532
-2122
-1807
-1534
-1458
-1459
-1265
-585
564
1486
1681
1355
1010
1219
1988
2770
3079
2852
2400
2083
1837
1588
1641
1806
1704
1173
553
344
455
478
300
262
459
440
108
-36
161
449
617
739
942
999
756
601
901
1373
1478
1060
507
156
-112
-305
-276
-742
-2648
-4869
-5026
-2906
-1474
-3285
-6430
-7062
-5170
-3920
-4415
-4460
-2982
-2192
-3442
-4255
-2095
1119
1788
522
585
2319
3303
2779
2818
4402
5563
4760
3446
3500
4249
3940
2767
2181
2363
2125
917
-268
-647
-751
-1226
-1849
-2133
-2266
-2665
-3126
-3259
-2944
-2485
-2196
-2027
-1869
-1742
-1598
-1142
-223
716
1185
1262
1173
1295
1842
2424
2844
2990
2791
2542
2382
2187
1886
1704
1748
1694
1278
712
460
583
609
379
269
410
413
80
-104
199
719
937
727
529
575
766
933
1047
1193
1209
862
221
-279
-432
-326
-536
-1999
-4153
-4916
-3627
-2180
-2862
-5313
-6663
-5713
-4412
-4344
-4456
-3515
-2562
-3056
-3906
-2816
-78
1486
949
524
1599
2872
3011
2912
3860
5076
5033
4022
3613
4037
4062
3233
2444
2285
2168
1397
321
-413
-788
-1160
-1593
-1795
-1920
-2389
-3029
-3275
-2976
-2496
-2173
-2049
-1989
-1834
-1616
-1165
-355
372
727
821
934
1248
1694
2142
2471
2599
2552
2420
2353
2234
1967
1730
1589
1518
1348
954
615
555
604
516
372
380
343
172
12
108
524
863
833
718
720
718
814
1040
1297
1418
1125
573
151
-99
-275
-396
-1048
-2768
-4450
-4442
-2848
-2037
-3781
-6308
-6707
-5131
-4040
-4365
-4368
-3207
-2658
-3572
-3917
-1914
793
1419
456
639
2206
3135
2907
3116
4504
5435
4730
3661
3753
4357
3988
2886
2366
2539
2259
1090
-87
-525
-698
-1144
-1661
-1923
-2077
-2602
-3295
-3423
-2943
-2438
-2236
-2214
-2048
-1723
-1532
-1408
-785
290
1122
1283
900
779
1296
2068
2713
2957
2806
2478
2156
1883
1812
2037
2192
1911
1253
665
478
616
704
586
504
458
230
-120
-179
101
479
620
575
695
715
567
561
932
1468
1514
1039
486
282
316
126
-221
-1183
-3106
-4542
-3914
-2078
-1725
-4064
-6752
-6761
-4846
-3944
-4428
-4363
-3276
-3061
-4217
-4301
-1872
908
1202
79
421
2012
2770
2614
3199
4812
5575
4623
3709
4122
4665
4110
3162
2901
3044
2464
1129
191
-25
-300
-920
-1425
-1594
-1941
-2778
-3403
-3330
-2884
-2530
-2464
-2400
-2225
-2064
-1929
-1672
-975
34
806
1006
688
486
991
1950
2758
3052
2886
2510
2121
1827
1901
2331
2555
2142
1361
762
602
725
732
579
516
451
157
-161
-129
171
408
381
385
635
697
542
481
791
1315
1467
1168
691
350
378
379
154
-592
-2461
-4269
-4218
-2461
-1366
-3073
-6073
-6993
-5458
-4078
-4311
-4555
-3560
-2992
-4026
-4737
-2973
57
1112
78
-143
1341
2531
2424
2641
4119
5345
4910
3791
3808
4575
4437
3501
3026
3195
3029
1863
570
113
50
-255
-809
-1368
-1814
-2373
-2983
-3212
-3031
-2635
-2352
-2330
-2424
-2393
-2159
-1866
-1398
-676
208
855
790
346
381
1244
2372
2996
2922
2514
2204
1974
1880
2137
2616
2685
1944
998
688
977
1176
908
594
490
324
-20
-191
35
424
512
272
240
313
392
525
670
1050
1387
1247
834
497
463
550
398
-64
-1279
-3176
-4236
-3386
-1690
-1762
-4345
-6651
-6300
-4612
-4116
-4691
-4371
-3223
-3356
-4744
-4612
-1917
508
355
-594
147
1812
2307
1967
2854
4754
5391
4360
3627
4202
4755
4213
3466
3473
3640
2902
1576
777
577
296
-152
-558
-975
-1628
-2558
-3094
-2960
-2704
-2565
-2419
-2316
-2451
-2669
-2620
-2266
-1513
-527
247
533
173
-314
120
1493
2768
3142
2770
2286
2011
1908
2094
2708
3169
2763
1673
873
964
1405
1446
1148
878
620
205
-177
-74
385
516
238
24
123
283
263
250
519
900
1088
1012
744
395
211
254
253
-341
-2042
-3880
-4050
-2404
-1258
-2733
-5558
-6627
-5312
-4038
-4309
-4658
-3752
-3028
-4023
-5018
-3550
-578
682
-332
-781
656
2008
1936
2041
3617
5183
4873
3626
3593
4562
4747
3987
3513
3678
3637
2605
1277
691
659
647
331
-437
-1341
-2105
-2548
-2591
-2535
-2413
-2126
-2147
-2731
-3400
-3298
-2273
-1311
-976
-837
-548
-355
-402
-162
862
2153
2702
2335
1926
2084
2328
2310
2463
2885
3009
2323
1318
1108
1641
1895
1550
1087
849
609
173
-17
311
653
454
-42
-245
-38
161
96
249
635
775
709
507
390
389
350
423
406
-244
-2006
-3995
-4235
-2446
-931
-2084
-5127
-6762
-5647
-4098
-4085
-4458
-3755
-2978
-3798
-5112
-4119
-1090
620
-185
-852
341
1771
1844
1733
3151
4926
4970
3785
3438
4345
4813
4106
3541
3752
3762
2862
1672
1122
1023
676
217
-69
-508
-1438
-2484
-2781
-2393
-2075
-2075
-2368
-2667
-2847
-2986
-2821
-2213
-1412
-704
-443
-726
-1002
-676
402
1671
2435
2462
2071
1822
1847
2162
2763
3225
3091
2380
1649
1491
1742
1944
1868
1565
1190
734
296
219
529
713
490
126
-38
-68
-170
-113
279
630
670
381
134
153
64
42
403
630
4
-1919
-4140
-4479
-2602
-759
-1489
-4468
-6535
-5894
-4311
-3902
-4162
-3581
-2755
-3558
-5061
-4438
-1566
529
46
-841
75
1486
1598
1364
2594
4541
4932
3784
3205
3957
4546
4073
3523
3701
3898
3163
1898
1140
930
728
487
295
-130
-1094
-2178
-2602
-2355
-2047
-1964
-2073
-2347
-2729
-3041
-2996
-2442
-1578
-828
-548
-767
-1145
-994
-17
1329
2282
2401
1964
1614
1664
2026
2604
3115
3137
2591
1886
1523
1676
2023
2102
1838
1398
930
550
441
653
850
723
324
-28
-183
-209
-102
84
310
383
247
232
249
37
-169
-8
304
105
-1333
-3611
-4462
-2827
-785
-1220
-4135
-6344
-5758
-3999
-3654
-4291
-3881
-2826
-3184
-4713
-4636
-2040
277
4
-1109
-436
1183
1567
1179
2063
4044
4793
3760
2998
3755
4610
4195
3439
3539
3931
3400
2180
1463
1405
1189
587
131
12
-387
-1393
-2230
-2307
-1958
-1777
-1974
-2326
-2625
-2918
-2998
-2506
-1692
-1137
-1017
-1118
-1144
-818
-103
837
1638
1933
1757
1624
1832
2100
2338
2669
2870
2655
2132
1723
1796
2107
2103
1768
1465
1230
969
745
673
737
686
380
66
2
28
75
39
27
218
293
251
92
-162
-183
-1
172
-88
-1556
-3731
-4450
-2811
-659
-1017
-4163
-6525
-5800
-3770
-3267
-4099
-3825
-2662
-3041
-4782
-4772
-1863
740
249
-1278
-672
1193
1657
1078
1916
4102
4886
3589
2631
3478
4559
4181
3327
3389
3842
3320
2041
1367
1444
1359
822
369
166
-392
-1460
-2186
-2082
-1635
-1534
-1882
-2367
-2769
-3008
-2898
-2297
-1504
-1056
-1126
-1285
-1234
-843
-46
830
1496
1749
1540
1384
1610
1926
2268
2602
2740
2528
2007
1639
1828
2221
2249
1904
1489
1228
1022
788
774
944
893
526
98
-80
-26
31
65
245
381
216
-73
-227
-216
-122
-87
-97
-631
-2428
-4380
-4245
-1892
-261
-2089
-5573
-6557
-4562
-2958
-3661
-4370
-3152
-2163
-3550
-5161
-3645
-104
1082
-734
-1582
207
1879
1463
974
2720
4822
4410
2677
2609
4129
4660
3599
2912
3545
3921
2789
1418
1188
1477
1274
699
277
-44
-800
-1792
-2121
-1699
-1352
-1554
-2131
-2652
-2833
-2777
-2443
-1805
-1244
-1105
-1179
-1188
-969
-413
359
1070
1502
1547
1478
1611
1752
1868
2152
2454
2524
2246
1789
1671
1980
2167
1932
1580
1395
1232
867
627
821
1040
777
261
28
101
140
114
244
521
429
-96
-382
-293
-108
-117
-215
-613
-2202
-4223
-4393
-2181
-319
-1837
-5373
-6670
-4737
-2966
-3545
-4391
-3335
-2112
-3315
-5107
-3894
-373
1184
-521
-1700
-45
1841
1558
949
2517
4696
4502
2653
2326
3903
4681
3733
2927
3455
3917
2876
1406
1124
1659
1593
769
192
5
-580
-1558
-2040
-1688
-1271
-1494
-2177
-2572
-2497
-2440
-2343
-1958
-1402
-986
-982
-1121
-968
-454
221
851
1303
1471
1474
1546
1620
1678
1922
2314
2544
2321
1801
1629
1977
2174
1934
1645
1519
1313
885
617
827
1124
950
373
16
54
83
-7
120
478
538
37
-623
-745
-354
-87
-200
-997
-2682
-4147
-3878
-1939
-817
-2551
-5367
-5990
-4265
-3071
-3696
-4138
-3034
-2292
-3548
-4730
-3113
-57
751
-828
-1373
345
1782
1391
1158
2802
4523
4028
2498
2574
4005
4457
3481
2898
3461
3694
2636
1385
1249
1711
1462
621
163
53
-532
-1475
-1807
-1363
-1044
-1519
-2234
-2454
-2281
-2205
-2210
-1911
-1413
-1106
-1103
-1145
-858
-297
224
660
1030
1266
1404
1528
1617
1658
1850
2194
2299
2071
1772
1738
2013
2124
1849
1565
1514
1378
1024
772
859
1099
918
304
-43
95
204
65
33
229
335
66
-469
-682
-481
-315
-319
-945
-2500
-3897
-3606
-1839
-970
-2645
-5193
-5621
-3906
-2879
-3608
-4051
-3011
-2314
-3465
-4555
-3014
-143
578
-941
-1475
184
1612
1279
1062
2581
4207
3798
2340
2396
3862
4398
3495
2903
3401
3621
2665
1541
1440
1872
1636
882
411
144
-475
-1287
-1563
-1158
-927
-1457
-2162
-2347
-2198
-2178
-2140
-1821
-1388
-1252
-1472
-1485
-998
-371
106
491
787
943
1040
1235
1504
1727
1887
2022
2087
1939
1710
1771
2123
2317
2027
1586
1434
1330
1055
863
1001
1230
980
348
-26
40
166
88
15
120
195
-18
-367
-549
-503
-394
-276
-537
-1853
-3532
-3833
-2261
-757
-1709
-4337
-5469
-4177
-2899
-3312
-3940
-3114
-2074
-2919
-4467
-3715
-932
511
-607
-1576
-368
1211
1071
576
1837
3763
3864
2462
2113
3349
4128
3487
2909
3374
3694
2853
1708
1525
1931
1817
1241
849
640
-5
-1007
-1422
-1000
-590
-943
-1718
-2190
-2200
-2113
-2097
-1943
-1593
-1353
-1414
-1510
-1434
-1065
-404
230
603
695
655
832
1141
1364
1636
1952
2123
1988
1633
1536
1946
2356
2244
1833
1605
1495
1231
990
1049
1316
1288
739
217
129
241
172
27
113
207
45
-271
-457
-388
-313
-380
-483
-1008
-2309
-3523
-3330
-1728
-829
-2287
-4660
-5244
-3786
-2692
-3139
-3579
-2859
-2355
-3384
-4340
-3016
-520
215
-994
-1522
-266
908
736
738
2209
3610
3207
2038
2187
3464
3925
3265
2974
3450
3464
2489
1734
1965
2260
1824
1195
1007
787
-40
-889
-932
-419
-367
-1063
-1735
-1968
-2011
-2058
-1938
-1562
-1306
-1425
-1676
-1702
-1478
-1043
-390
206
425
320
240
453
897
1325
1660
1921
1926
1611
1362
1600
2144
2425
2191
1802
1571
1379
1172
1152
1421
1593
1257
594
196
219
305
264
280
341
136
-305
-600
-469
-164
-195
-526
-840
-1428
-2592
-3498
-2935
-1317
-850
-2665
-4924
-5077
-3440
-2537
-3125
-3458
-2691
-2471
-3611
-4197
-2530
-206
21
-1345
-1534
-102
821
558
853
2447
3473
2674
1715
2335
3609
3760
3060
3018
3527
3283
2288
1832
2285
2488
1850
1228
1110
851
37
-619
-477
-56
-199
-967
-1636
-1832
-1888
-1918
-1716
-1405
-1344
-1589
-1839
-1811
-1503
-1035
-502
-79
100
64
10
233
640
1046
1443
1629
1526
1292
1265
1639
2069
2193
2045
1800
1577
1409
1305
1421
1688
1646
1189
667
416
409
338
262
384
475
197
-341
-652
-465
-98
-4
-320
-814
-1470
-2451
-3209
-2821
-1420
-750
-2136
-4417
-5158
-3772
-2349
-2491
-3108
-2858
-2524
-3299
-4061
-2890
-624
137
-998
-1703
-717
407
429
600
1877
2985
2567
1575
1887
3087
3505
3041
2919
3375
3297
2397
1888
2313
2621
2135
1540
1405
1218
470
-235
-141
258
81
-683
-1316
-1502
-1628
-1755
-1622
-1288
-1222
-1645
-2062
-1957
-1537
-1182
-839
-426
-151
-249
-405
-181
371
884
1108
1162
1147
1102
1175
1448
1852
2107
2020
1730
1497
1434
1480
1643
1786
1670
1260
792
563
529
562
623
624
453
62
-387
-591
-399
-34
128
-151
-759
-1494
-2321
-2908
-2653
-1496
-678
-1568
-3695
-4952
-4107
-2474
-1951
-2449
-2699
-2606
-3059
-3703
-3059
-1170
3
-577
-1486
-1167
-152
286
436
1341
2426
2372
1552
1519
2486
3168
2934
2628
2974
3165
2531
1884
2028
2493
2367
1718
1351
1317
962
277
-24
205
305
-111
-749
-1170
-1362
-1470
-1403
-1181
-1140
-1436
-1722
-1728
-1542
-1363
-1128
-699
-373
-423
-590
-454
-11
354
512
639
841
986
950
1041
1440
1847
1904
1670
1497
1522
1599
1651
1688
1660
1452
1083
791
709
745
767
697
417
30
-271
-467
-405
-118
88
-78
-616
-1126
-1454
-1820
-2310
-2461
-1686
-779
-1286
-3153
-4482
-3828
-2174
-1464
-1983
-2511
-2570
-2846
-3254
-2750
-1250
-163
-459
-1213
-1203
-573
-101
336
1252
2053
1892
1228
1222
1973
2549
2603
2586
2731
2662
2194
1826
1992
2278
2201
1955
1755
1451
913
423
332
559
616
250
-311
-798
-1166
-1237
-978
-734
-775
-1082
-1375
-1536
-1570
-1406
-986
-521
-381
-582
-782
-669
-355
-39
195
430
613
597
561
680
1028
1401
1495
1394
1299
1270
1285
1316
1395
1422
1323
1050
708
597
681
728
634
429
114
-226
-376
-283
-106
-42
-180
-463
-787
-967
-1024
-1240
-1682
-2033
-1798
-1192
-1107
-1959
-2970
-2978
-2065
-1311
-1380
-1884
-2137
-2191
-2261
-2005
-1213
-446
-442
-949
-1084
-655
-137
186
597
1094
1185
915
850
1237
1754
1924
1800
1768
1797
1680
1513
1537
1748
1853
1682
1407
1231
1076
842
731
853
932
688
162
-345
-486
-293
-113
-126
-308
-618
-876
-952
-899
-700
-504
-478
-581
-711
-786
-707
-443
-173
-27
-18
-69
-29
125
297
514
767
875
801
719
750
829
880
933
963
908
715
509
506
622
641
522
329
206
142
7
-77
-28
-37
-196
-344
-366
-379
-469
-604
-703
-880
-1308
-1669
-1436
-788
-590
-1219
-2031
-2167
-1617
-1073
-956
-1083
-1270
-1568
-1743
-1437
-775
-338
-475
-774
-765
-492
-270
-81
225
492
546
441
496
785
1016
998
965
1123
1261
1248
1232
1315
1364
1262
1126
1191
1345
1290
994
712
686
744
685
460
220
119
104
135
121
-39
-252
-416
-435
-358
-360
-476
-639
-678
-594
-482
-356
-338
-415
-466
-438
-217
29
83
63
62
121
225
312
407
452
428
453
545
628
562
432
426
554
630
522
408
375
287
146
52
66
149
61
-102
-227
-364
-425
-417
-396
-340
-322
-483
-752
-1006
-1052
-814
-533
-399
-567
-982
-1261
-1140
-777
-481
-438
-681
-944
-1011
-873
-561
-295
-266
-378
-491
-479
-311
-99
45
55
23
76
218
416
528
538
526
556
648
748
900
966
862
733
699
803
927
940
798
645
532
455
464
461
393
284
127
-17
-58
-45
-69
-122
-164
-232
-291
-329
-370
-353
-296
-265
-242
-224
-270
-309
-278
-184
-80
-20
13
25
103
199
248
305
316
305
333
373
429
515
502
400
353
308
299
366
370
316
179
-7
-126
-95
-31
-43
-79
-192
-277
-312
-396
-429
-372
-319
-324
-408
-516
-534
-499
-414
-295
-254
-309
-393
-459
-464
-368
-264
-212
-253
-374
-426
-373
-315
-279
-298
-341
-288
-221
-174
-114
-112
-131
-168
-143
14
145
178
143
116
147
190
295
409
470
497
396
262
250
324
371
349
287
205
153
128
123
156
142
49
-13
1
5
11
-3
-45
-59
-63
-58
-10
24
-4
-24
15
121
207
180
122
119
173
210
267
354
364
340
297
272
302
298
257
253
270
245
160
110
82
69
50
-1
-1
10
-23
-124
-228
-223
-151
-131
-138
-137
-154
-183
-199
-148
-118
-121
-121
-115
-83
-94
-120
-149
-151
-139
-125
-30
29
-47
-193
-296
-267
-151
-92
-125
-163
-240
-329
-383
-352
-225
-153
-177
-244
-276
-257
-241
-207
-118
-80
-91
-109
-99
-50
-39
-48
-76
-56
-20
-49
-56
-32
-5
-7
-38
-16
30
19
-37
-30
61
118
121
111
117
144
128
121
168
242
300
264
214
250
316
314
322
338
316
301
258
269
303
290
239
189
176
154
142
105
57
60
32
13
25
3
-14
-40
-43
-44
-60
-67
-44
18
33
53
59
32
39
30
53
127
165
135
81
25
27
82
82
90
113
55
-35
-69
-33
37
55
-8
-87
-154
-174
-146
-101
-71
-69
-146
-227
-233
-233
-205
-170
-225
-246
-243
-298
-326
-319
-288
-272
-285
-306
-360
-376
-382
-382
-303
-244
-239
-261
-330
-365
-303
-213
-122
-46
-71
-105
-108
-96
2
71
120
149
131
150
164
193
272
323
321
306
309
326
359
349
301
312
339
282
218
204
185
175
163
152
184
147
47
6
-4
26
71
63
53
37
34
62
88
148
190
182
163
128
135
206
255
255
206
187
199
193
195
209
202
174
159
113
101
97
75
57
-11
-53
-50
-66
-87
-104
-137
-165
-176
-219
-252
-226
-208
-204
-199
-212
-238
-300
-352
-330
-279
-250
-277
-291
-310
-344
-344
-319
-255
-200
-227
-300
-347
-317
-278
-272
-237
-185
-152
-175
-197
-150
-88
-51
-43
-18
37
73
93
107
141
166
162
195
222
188
153
149
156
187
192
183
165
92
47
35
42
57
39
6
-5
4
1
0
35
51
31
51
87
132
181
195
221
264
279
268
279
280
285
310
307
321
323
293
291
273
251
259
238
230
207
170
161
124
73
44
45
34
-1
0
-28
-102
-134
-157
-126
-105
-147
-135
-178
-244
-283
-292
-238
-214
-240
-294
-328
-310
-279
-287
-283
-285
-326
-320
-305
-273
-237
-239
-227
-211
-212
-196
-170
-154
-123
-91
-65
-58
-40
6
35
26
51
84
105
144
122
65
59
71
81
95
76
45
33
0
-47
-41
5
-5
-41
-77
-91
-47
-51
-72
-66
-48
-32
-25
18
75
105
90
87
129
181
233
248
240
250
280
304
300
316
312
301
310
301
325
323
281
241
212
214
214
224
198
138
96
63
51
62
28
-6
-27
-78
-83
-75
-102
-125
-138
-177
-197
-169
-185
-213
-212
-218
-226
-223
-221
-246
-266
-274
-278
-251
-239
-228
-208
-227
-226
-231
-216
-149
-137
-137
-99
-69
-72
-72
-47
-15
11
31
31
36
54
80
100
84
81
103
96
77
75
46
-2
-17
-42
-27
43
28
-17
-64
-125
-108
-63
-33
-32
-73
-63
-38
-38
-9
16
34
46
39
59
99
140
178
199
221
224
217
215
246
259
231
227
283
290
240
234
211
198
210
196
179
169
141
101
82
65
52
41
22
7
-46
-68
-54
-84
-128
-134
-140
-158
-171
-189
-208
-222
-207
-213
-215
-203
-226
-248
-247
-225
-188
-156
-172
-168
-165
-184
-148
-125
-130
-112
-93
-83
-49
-28
-36
-2
23
5
30
42
44
59
66
74
41
28
50
70
89
47
-9
-14
-2
4
3
2
-21
-56
-76
-46
-10
-14
-57
-99
-78
-19
2
6
29
50
66
69
55
72
119
116
139
170
183
205
195
178
179
209
221
232
252
219
187
192
191
180
188
200
184
143
76
59
75
54
39
37
17
-3
-29
-67
-78
-84
-104
-132
-125
-139
-178
-194
-224
-219
-199
-202
-201
-217
-225
-209
-214
-218
-192
-157
-156
-149
-123
-125
-127
-111
-104
-83
-34
-36
-27
8
-13
17
54
21
9
26
49
59
39
24
25
38
31
10
11
-37
-65
-25
-22
-7
-7
-68
-109
-89
-65
-33
-7
-36
-39
-29
-35
-2
33
41
54
62
65
91
125
147
143
147
162
186
201
181
185
187
188
211
210
203
173
149
156
167
163
159
140
103
88
89
88
61
70
74
28
12
-3
-23
-18
-33
-48
-64
-75
-72
-82
-115
-163
-187
-181
-171
-160
-171
-175
-145
-154
-193
-184
-165
-162
-141
-146
-160
-140
-104
-80
-98
-81
-59
-56
-34
-58
-44
22
25
-10
-5
37
44
34
25
-3
-7
-1
-19
-16
-7
-41
-63
-44
-57
-57
-59
-101
-86
-63
-68
-54
-78
-80
-45
-39
-39
-20
37
76
77
110
112
105
131
119
137
182
182
191
241
236
222
219
169
154
154
171
196
184
158
155
148
134
113
79
75
62
48
67
53
36
47
42
24
16
4
-39
-41
-44
-82
-81
-78
-88
-104
-126
-134
-145
-182
-196
-181
-173
-175
-167
-152
-164
-138
-109
-130
-125
-134
-138
-95
-95
-93
-32
-18
-29
-27
-25
-19
-35
-33
-2
30
45
11
-25
-30
-26
-27
-46
-47
-38
-71
-78
-70
-74
-78
-103
-95
-54
-49
-66
-57
-45
-25
-27
-33
-2
32
60
83
74
92
133
132
139
151
164
182
186
202
207
209
218
214
200
183
174
193
181
122
128
145
146
151
108
89
96
62
37
35
35
25
14
9
1
8
-35
-92
-73
-60
-85
-98
-115
-118
-116
-130
-132
-136
-148
-159
-165
-168
-158
-151
-134
-108
-108
-113
-117
-105
-103
-86
-56
-64
-48
-41
-46
-9
1
-2
16
5
-15
-18
-3
12
0
-18
-25
-25
-29
-49
-43
-33
-69
-77
-81
-104
-79
-67
-83
-59
-70
-114
-101
-75
-40
11
19
11
2
21
48
58
105
130
135
153
148
165
207
207
186
217
214
191
192
162
156
189
200
185
146
110
107
116
102
66
70
75
43
27
5
-16
4
-6
-30
-48
-70
-48
-41
-80
-88
-84
-87
-84
-104
-113
-105
-120
-116
-103
-121
-107
-79
-101
-103
-93
-99
-65
-53
-81
-91
-84
-75
-34
15
4
-34
-21
-16
-17
11
15
30
22
-14
-14
13
2
-22
-37
-56
-49
-76
-80
-25
-39
-87
-119
-120
-101
-102
-100
-102
-86
-95
-133
-109
-60
-48
-36
-36
-24
1
-5
22
76
102
125
154
163
162
169
178
203
245
246
234
222
198
217
243
242
221
176
153
129
111
141
140
108
60
13
10
15
-8
-14
-17
-29
-49
-84
-71
-55
-73
-99
-127
-131
-97
-92
-115
-116
-115
-117
-122
-111
-111
-127
-109
-125
-124
-76
-59
-61
-75
-83
-68
-38
-35
-25
6
3
1
-6
-10
12
20
9
4
22
31
14
-18
-39
-25
-19
-46
-79
-73
-70
-108
-118
-132
-147
-131
-125
-127
-114
-129
-138
-106
-111
-103
-63
-45
-40
-15
22
30
68
98
86
112
141
154
181
197
205
236
239
205
208
234
237
260
267
231
217
179
140
149
141
137
143
126
91
77
67
50
27
-13
-24
-26
-32
-44
-53
-49
-86
-113
-115
-126
-107
-114
-141
-130
-142
-161
-146
-127
-129
-132
-118
-108
-94
-71
-71
-79
-61
-67
-41
-9
-22
9
13
-6
9
13
6
0
15
27
20
24
9
-16
-27
-59
-59
-30
-37
-52
-74
-92
-105
-128
-125
-128
-133
-118
-134
-142
-145
-143
-136
-117
-101
-98
-71
-44
-40
-18
22
45
57
60
63
82
104
125
166
194
215
220
194
194
197
215
255
243
226
230
203
190
191
176
182
159
103
107
118
100
57
31
37
4
-17
-31
-52
-47
-63
-85
-61
-71
-92
-84
-116
-118
-112
-131
-121
-124
-116
-91
-91
-96
-98
-89
-91
-89
-44
-33
-39
-25
-30
-21
-5
16
27
19
-16
-13
18
31
39
5
-5
4
-21
-20
-19
-43
-44
-47
-66
-68
-68
-80
-102
-127
-131
-133
-122
-121
-131
-152
-151
-134
-117
-86
-114
-108
-86
-79
-37
4
34
29
17
35
77
116
114
117
153
161
158
173
176
197
195
183
179
175
186
184
193
182
167
172
147
110
101
79
48
59
38
31
52
4
-9
-2
-45
-44
-36
-49
-37
-56
-72
-74
-83
-82
-82
-88
-103
-82
-78
-107
-83
-64
-70
-58
-59
-65
-29
-7
-37
-18
2
-9
7
10
11
8
-2
-10
4
35
19
1
14
-2
6
18
-14
-37
-59
-73
-47
-46
-76
-81
-97
-134
-134
-107
-96
-106
-117
-134
-120
-91
-97
-91
-80
-84
-60
-39
-35
-1
20
16
28
32
52
69
81
92
98
113
139
162
153
136
135
151
172
158
130
133
136
126
98
91
111
94
70
52
46
53
36
18
8
-1
6
12
7
-8
-22
-32
-53
-47
-48
-38
-15
-46
-53
-38
-47
-52
-67
-61
-27
-21
-32
-17
2
-19
-44
-53
-41
-13
-7
1
17
21
16
-8
-17
-10
-8
-14
-15
-24
-41
-33
-32
-31
-33
-76
-96
-85
-80
-92
-93
-82
-99
-107
-129
-131
-89
-95
-98
-66
-63
-49
-32
-33
-11
-1
-27
-1
36
50
55
61
80
91
85
57
69
99
130
143
133
137
114
96
95
84
83
87
92
86
71
61
58
62
49
21
22
38
40
33
25
0
-3
19
7
2
4
-6
6
1
-18
-3
-8
-43
-56
-29
-3
-12
-32
-30
-28
-50
-69
-50
2
5
-24
-42
-53
-43
-28
-24
-33
-35
-28
-25
-8
-23
-42
-41
-24
-23
-52
-60
-53
-35
-41
-49
-52
-58
-65
-83
-70
-63
-72
-72
-62
-68
-80
-79
-73
-55
-43
-35
-30
-31
-18
5
6
15
32
61
72
57
67
62
89
125
113
121
112
99
117
100
77
80
66
72
74
75
91
65
43
40
43
40
19
27
49
38
9
-13
-19
-12
-5
-6
-7
4
22
19
3
12
12
22
26
8
-8
-98
-166
-94
52
122
32
-80
-86
-23
48
65
13
-37
-54
-22
-4
-16
-13
-14
-12
-27
-62
-30
1
-22
-32
-67
-73
-38
-38
-56
-56
-54
-64
-62
-65
-78
-79
-81
-66
-31
-47
-70
-74
-78
-78
-79
-83
-55
-34
-48
-58
-45
-12
22
27
24
42
59
47
34
79
105
106
104
100
107
92
78
98
91
59
61
86
99
65
43
43
42
34
9
-5
-5
6
-1
-14
-21
-33
-37
-3
29
28
30
24
24
26
-7
-29
5
43
51
28
31
36
30
37
19
36
64
35
31
34
11
12
10
13
40
29
-11
-47
-50
-21
-9
-29
-63
-65
-34
-20
-55
-97
-91
-56
-48
-80
-127
-156
-138
-102
-79
-101
-162
-171
-138
-94
-72
-90
-72
-32
-6
3
3
29
59
46
33
59
99
124
112
97
89
84
68
56
78
66
58
50
12
6
0
2
9
-1
2
-7
-28
-19
12
47
41
12
26
31
26
44
46
39
51
45
26
34
39
30
25
11
7
3
-19
-17
-2
10
4
-5
9
4
-10
-9
-12
-2
29
27
31
27
9
25
29
30
50
40
8
-11
-30
-22
-9
-10
-6
-18
-37
-58
-58
-40
-60
-93
-101
-66
-30
-48
-80
-83
-57
-70
-100
-110
-84
-48
-62
-82
-72
-76
-77
-76
-65
-52
-51
-33
-4
21
13
-1
10
53
82
68
67
79
88
87
83
110
127
93
70
94
131
130
87
49
59
78
52
34
48
52
12
-13
4
8
4
-2
-16
-13
-15
-42
-34
8
7
-9
-26
-47
-32
-11
-1
15
28
7
-18
-6
22
29
25
9
5
16
13
-3
-13
-10
-15
-25
-13
-1
7
19
13
3
-18
-42
-39
-24
-1
-7
-19
-23
-47
-57
-64
-67
-50
-55
-68
-50
-35
-40
-58
-87
-81
-56
-62
-73
-62
-59
-61
-75
-68
-30
-54
-91
-69
-20
16
13
3
18
28
30
32
46
75
91
80
78
94
107
111
81
59
72
80
81
94
78
62
73
81
74
36
5
16
35
26
8
15
35
9
-31
-34
-29
-15
3
-4
-12
-11
-7
-14
-10
-16
-34
-26
-14
-6
-2
-9
-17
12
27
-1
5
10
-1
5
4
9
19
32
31
28
34
12
11
33
33
17
5
-13
-8
4
-13
-27
-41
-39
-31
-52
-71
-68
-52
-53
-101
-124
-108
-80
-83
-96
-81
-84
-90
-89
-84
-77
-67
-72
-65
-35
-30
-17
-10
-22
-2
1
-7
15
48
82
81
56
54
69
76
79
77
75
82
82
75
64
52
65
73
55
53
65
59
40
38
38
33
29
22
12
-1
4
13
22
13
-9
2
15
-1
-2
-6
6
15
5
-5
-19
3
3
-27
-21
2
24
37
20
-1
11
14
12
27
20
20
26
18
13
18
23
24
14
4
-8
-14
-18
-13
-4
-17
-28
-52
-42
-38
-66
-62
-74
-92
-76
-88
-109
-113
-123
-110
-93
-101
-111
-93
-76
-76
-70
-62
-63
-55
-41
-36
-30
-13
6
11
18
12
6
30
54
60
70
73
66
86
96
74
67
86
97
83
61
59
41
43
61
50
66
67
32
25
36
39
49
46
56
68
30
5
3
9
23
14
-9
8
16
-5
3
0
-13
-2
-12
-16
5
18
15
20
27
11
12
25
31
34
33
18
20
23
20
25
21
24
21
3
-8
-24
-25
-24
-43
-22
-19
-55
-63
-65
-78
-96
-125
-130
-110
-119
-123
-110
-104
-95
-96
-81
-62
-90
-64
-33
-37
-20
-30
-35
-26
-35
-33
-12
-3
22
41
44
38
23
31
56
63
39
32
56
73
71
59
37
52
64
46
61
53
49
52
37
54
52
21
36
64
64
35
21
30
10
-12
-28
-30
-16
-25
-26
1
0
0
3
-11
-8
4
8
10
10
20
19
20
28
26
33
39
38
39
54
50
27
32
44
41
41
38
33
34
16
-2
-4
6
1
-4
-2
-31
-54
-52
-58
-71
-77
-78
-76
-83
-95
-96
-87
-90
-93
-82
-86
-83
-63
-63
-58
-59
-51
-30
-29
-40
-21
-1
10
22
-7
8
32
32
28
16
29
53
44
22
30
31
31
51
59
44
53
44
27
38
38
31
23
22
32
33
13
-1
3
16
20
12
12
20
13
-18
-32
-13
-3
-8
-10
-8
4
-6
-17
-17
-12
7
15
4
6
18
25
41
44
38
37
34
37
50
63
73
62
44
53
37
19
6
2
27
28
9
3
4
-19
-53
-67
-52
-41
-50
-63
-73
-77
-89
-93
-88
-87
-86
-76
-75
-66
-49
-46
-30
-34
-36
-20
-28
-30
-19
-4
-4
-2
7
8
-3
-15
9
29
27
27
46
51
39
42
44
54
65
54
44
42
20
12
30
41
35
40
30
17
35
8
-1
14
15
8
-31
-41
-22
-26
-28
-24
-22
