0
-4
8
5
-2
-2
-2
3
2
-4
0
5
2
2
-2
0
2
-3
-4
1
-1
-2
0
-2
-5
-2
-2
-1
-2
-3
5
6
-1
-7
1
8
0
3
3
7
9
3
6
8
8
7
-2
10
17
3
16
21
-4
-4
-3
2
0
-21
-26
-19
0
-3
-20
-3
16
-16
-33
-61
-77
-38
-51
-46
-34
-19
-7
-44
5
61
43
46
42
76
139
62
68
118
73
67
41
70
118
-43
-87
4
-30
-1
-91
-148
-29
-45
-75
-49
-84
-121
-62
-14
-57
-38
22
40
36
2
-10
55
64
-9
16
89
58
7
61
69
-45
-4
55
-12
-18
-62
-13
52
-93
-73
21
14
25
-38
-26
55
-14
-54
-33
-41
24
-4
-37
64
84
-30
-25
45
11
-32
8
5
52
-6
-98
35
14
12
2
-18
39
-56
-49
50
-63
1
4
-52
203
68
-63
47
-10
99
-31
-172
105
-17
-59
-29
-175
78
38
-77
-33
-125
27
35
-67
-26
34
139
103
43
102
144
41
-21
73
69
8
29
73
80
-3
-51
-32
-68
-125
-135
-88
-56
-57
-72
-52
-91
-75
-28
-53
-22
-19
25
10
25
95
58
41
64
107
74
-30
-33
63
80
40
16
36
34
35
10
-17
29
-23
-44
6
2
-43
-68
-6
-2
-49
-28
-22
-1
21
-2
-43
-52
-35
-53
-50
-21
29
38
-6
-43
-31
39
-13
-50
37
25
10
12
-12
28
3
0
21
-4
67
39
-8
56
52
0
-53
-28
51
40
0
-14
18
75
17
-33
23
15
-21
-13
-22
-33
-40
-50
-26
-8
-15
-7
-18
-7
4
-7
-7
5
-6
-27
-6
13
18
-6
-39
-17
32
75
17
-37
20
46
30
-6
8
49
44
-11
-33
29
24
-18
50
76
17
-17
-39
5
16
-65
-45
-26
-64
-45
-41
-28
-9
-21
-34
-16
0
6
7
13
47
64
2
-48
-5
51
47
-27
-37
19
-1
-32
-54
-45
-5
-15
-2
42
56
29
-9
6
59
53
-28
-34
54
78
25
-6
16
5
-55
-75
-21
23
-9
-58
-21
45
30
-19
-35
-24
-22
-50
-39
-27
-17
38
34
8
-1
11
7
-31
1
-21
-4
90
60
49
55
38
65
56
12
-24
-40
-30
-2
14
-11
-47
-9
-5
-29
8
-21
-49
-8
10
34
53
56
9
-41
-37
-1
36
26
40
69
45
-18
-34
32
62
37
25
18
13
-21
-66
-60
-40
-25
-47
-72
-40
-38
-80
-97
-77
-90
-106
-110
-65
-8
-31
-62
-70
-34
-14
-37
-36
-38
-9
-25
-55
-3
19
20
-18
-18
28
20
54
52
50
83
53
75
96
85
98
95
91
68
58
91
109
106
101
125
166
135
91
92
105
120
91
86
136
163
137
59
59
82
46
58
41
77
105
12
-25
-2
47
55
-14
-29
10
54
36
-18
-20
-13
-8
-8
-22
-28
-26
-68
-87
-106
-153
-154
-148
-157
-187
-151
-111
-140
-147
-237
-214
-50
-150
-431
-607
-540
-417
-510
-697
-726
-705
-889
-1088
-981
-705
-663
-878
-879
-680
-483
-354
-363
-224
-121
-125
1
136
378
519
492
582
653
814
978
981
1004
1000
1021
1047
1014
994
955
884
755
696
716
662
572
430
351
387
350
343
393
394
365
322
338
420
436
368
370
425
437
404
383
375
357
281
241
261
214
155
80
7
-8
-57
-80
-112
-159
-170
-255
-264
-274
-333
-290
-306
-307
-255
-316
-266
-295
-315
-258
-369
-245
-246
-318
-360
-527
-463
-521
-645
-521
-567
-872
-1321
-1439
-1347
-1552
-2002
-2412
-2237
-2012
-2104
-2219
-2133
-1885
-1839
-1865
-1580
-1174
-758
-560
-407
-15
344
641
830
965
1153
1372
1455
1518
1602
1723
1785
1716
1609
1525
1527
1387
1194
1093
950
815
697
649
702
631
562
508
493
538
536
573
572
680
827
834
888
966
1003
1019
999
1012
946
855
778
650
551
457
358
265
128
-8
-72
-159
-218
-267
-353
-433
-415
-301
-211
-214
-228
-160
-100
-72
-11
31
70
116
90
165
160
22
-9
-48
-144
-335
-531
-586
-765
-965
-1080
-1109
-967
-995
-1116
-1490
-2188
-2570
-2905
-3063
-3104
-3246
-2833
-2637
-2687
-2606
-2552
-2031
-1874
-1928
-1428
-951
-219
251
540
1092
1251
1409
1449
1511
1881
1979
2108
2181
2153
2216
1980
1853
1715
1397
1230
944
738
653
525
512
398
300
296
275
263
169
208
359
441
588
723
925
1094
1115
1211
1250
1373
1472
1424
1443
1333
1221
1072
825
713
583
457
370
263
203
28
-124
-244
-351
-339
-349
-313
-188
-81
-16
64
98
93
78
110
196
281
302
262
278
259
148
30
-153
-405
-718
-935
-982
-1088
-1129
-1139
-1155
-1208
-1948
-3088
-3906
-4172
-3806
-3508
-3591
-3672
-3627
-3361
-2926
-2510
-2327
-2338
-2177
-1504
-495
289
794
1130
1386
1646
1765
1989
2416
2638
2717
2685
2670
2810
2727
2416
2063
1558
1126
891
668
438
76
-349
-507
-464
-467
-509
-563
-623
-538
-392
-214
94
343
547
752
970
1204
1358
1535
1724
1858
1933
1929
1874
1801
1670
1414
1261
1176
1019
883
688
470
253
-47
-311
-484
-593
-605
-466
-273
-187
-171
-179
-197
-194
-132
-48
140
357
437
537
556
441
380
261
100
-86
-400
-594
-658
-768
-852
-938
-1001
-873
-1295
-2592
-3901
-4869
-4524
-3469
-3351
-3622
-4080
-3989
-3105
-2826
-2761
-2750
-2710
-2043
-1315
-407
543
1062
1332
1354
1393
1684
2235
2783
3142
3295
3152
3163
3352
3318
3060
2464
1773
1367
1129
978
688
179
-225
-553
-808
-976
-1154
-1268
-1384
-1475
-1445
-1226
-813
-397
-123
34
169
473
899
1309
1628
1868
2022
2040
2123
2190
2183
2103
1853
1724
1720
1681
1563
1204
780
377
-21
-241
-267
-215
-163
-215
-301
-383
-553
-661
-656
-588
-448
-256
-71
76
107
-5
-64
-50
-100
-214
-315
-279
-224
-369
-609
-734
-850
-931
-971
-980
-762
-1041
-1976
-3023
-3837
-3322
-2304
-2118
-2481
-3188
-3078
-2284
-1958
-1932
-2199
-2309
-2103
-1818
-1042
-125
434
428
171
333
720
1166
1512
1757
2007
2098
2276
2606
2916
2998
2567
1988
1611
1424
1441
1387
1225
1129
909
686
502
230
-63
-473
-799
-872
-672
-362
-270
-356
-535
-574
-418
-223
97
375
625
857
935
1065
1096
1050
1058
894
912
1114
1233
1191
992
849
656
442
313
249
441
581
404
425
293
-16
-131
-263
-267
-216
-355
-430
-353
-279
-360
-491
-560
-721
-765
-830
-891
-809
-885
-898
-876
-952
-872
-840
-827
-763
-791
-694
-543
-368
-99
105
302
321
35
-454
-982
-940
-434
-79
-144
-638
-938
-910
-880
-903
-1140
-1437
-1659
-1807
-1540
-1012
-651
-627
-979
-1211
-1012
-662
-322
-53
90
145
258
611
1115
1549
1677
1493
1273
1229
1347
1538
1717
1741
1614
1536
1483
1348
1205
932
592
297
134
197
363
462
354
105
-99
-193
-182
-144
-61
44
91
109
120
246
360
312
217
209
347
566
626
443
247
148
62
2
136
297
289
222
125
31
11
-36
-151
-146
-108
-168
-130
-7
130
106
-134
-268
-169
-119
-256
-285
-94
-86
-193
-162
-156
-150
-273
-446
-466
-464
-448
-393
-299
-262
-272
-297
-311
-223
-110
20
-46
-415
-945
-1344
-1229
-769
-566
-864
-1266
-1356
-1204
-1147
-1261
-1476
-1678
-1819
-1891
-1545
-869
-376
-382
-712
-858
-682
-369
-72
265
619
821
960
1226
1604
1855
1791
1580
1457
1544
1780
1986
2119
2048
1757
1495
1309
1217
1117
822
561
320
129
94
-49
-257
-480
-683
-751
-758
-731
-679
-638
-572
-571
-580
-388
-108
100
207
263
373
561
743
821
845
779
711
696
638
700
818
804
719
560
449
373
229
197
72
-88
-148
-190
-127
-183
-345
-292
-252
-420
-554
-470
-315
-350
-443
-416
-261
-244
-355
-414
-424
-403
-397
-342
-314
-299
-224
-145
-69
-66
-81
-138
-594
-1337
-2029
-1963
-1109
-676
-973
-1624
-1926
-1617
-1564
-1833
-1926
-1887
-1768
-1808
-1555
-786
-266
-268
-675
-810
-453
48
608
1020
1369
1584
1539
1634
1904
2140
2240
2109
1983
2014
2181
2298
2192
1956
1565
1202
1016
858
763
615
309
-9
-390
-589
-608
-769
-1006
-1236
-1223
-1037
-949
-871
-760
-674
-691
-681
-404
58
481
659
757
976
1117
1186
1244
1260
1281
1212
1119
1144
1238
1319
1214
935
636
455
291
118
65
-35
-116
-197
-390
-424
-477
-694
-703
-734
-834
-754
-679
-525
-389
-482
-478
-320
-261
-283
-286
-250
-112
-73
-220
-226
-146
-164
-177
-142
-23
-271
-1316
-2396
-2682
-2007
-1178
-1293
-1993
-2450
-2353
-2161
-2330
-2354
-2100
-1940
-2067
-2077
-1376
-418
-13
-311
-636
-314
252
805
1400
1845
2122
2095
1985
2198
2590
2859
2825
2563
2316
2243
2313
2305
2105
1777
1391
1061
777
533
449
292
-119
-691
-1090
-1049
-975
-1118
-1277
-1321
-1252
-1282
-1239
-941
-599
-424
-528
-411
75
502
809
1004
1191
1387
1454
1473
1565
1669
1616
1392
1264
1370
1471
1415
1168
892
743
430
74
-6
-19
-64
-228
-509
-676
-653
-725
-919
-1024
-1089
-1018
-784
-693
-653
-643
-758
-671
-510
-495
-412
-313
-339
-247
-173
-93
35
-100
-127
-244
-814
-1552
-2339
-2286
-1516
-1283
-1614
-2348
-2619
-2096
-1991
-2268
-2430
-2286
-1908
-1881
-1805
-1224
-492
-251
-668
-810
-213
642
1191
1302
1576
1936
1970
2013
2192
2651
2943
2668
2436
2359
2452
2528
2177
1867
1694
1540
1433
1151
934
703
301
-180
-541
-648
-792
-975
-1141
-1216
-1069
-1132
-1329
-1330
-1268
-952
-781
-784
-489
-172
170
401
566
879
1093
1266
1380
1473
1573
1495
1444
1453
1504
1647
1635
1452
1178
888
680
573
514
260
-21
-151
-278
-304
-424
-705
-866
-998
-1063
-1026
-978
-824
-789
-791
-755
-760
-619
-558
-469
-329
-341
-246
-100
-48
-28
-122
-364
-884
-1601
-2078
-1825
-1113
-973
-1418
-2096
-2579
-2515
-2515
-2484
-2221
-2066
-1975
-2102
-1956
-1331
-936
-919
-1126
-996
-399
240
875
1318
1540
1554
1420
1583
2008
2533
2904
2864
2733
2565
2492
2557
2470
2333
2085
1830
1757
1537
1308
1063
588
125
-335
-577
-590
-744
-955
-1172
-1353
-1510
-1639
-1574
-1388
-1259
-1241
-1115
-828
-574
-351
-109
192
551
816
1060
1346
1541
1637
1568
1552
1745
1954
2118
2086
1951
1800
1447
1193
1059
863
730
515
258
29
-217
-445
-648
-771
-971
-1157
-1112
-1046
-984
-1051
-1144
-1059
-1009
-897
-750
-647
-491
-454
-388
-236
-206
-327
-907
-1608
-2022
-1935
-1245
-893
-1217
-1918
-2602
-2686
-2529
-2414
-2198
-2115
-2116
-2279
-2361
-1879
-1259
-956
-1027
-1097
-693
-59
553
1045
1332
1496
1491
1610
2103
2668
3021
2966
2706
2556
2462
2532
2649
2587
2419
2121
1815
1591
1366
1139
816
319
-171
-493
-554
-572
-822
-1179
-1496
-1669
-1670
-1530
-1334
-1245
-1296
-1353
-1192
-819
-397
-76
116
343
601
887
1177
1409
1590
1633
1615
1730
1990
2224
2308
2179
1900
1649
1462
1367
1306
1158
901
595
251
-81
-281
-478
-607
-689
-879
-989
-1006
-1006
-1130
-1280
-1252
-1169
-1000
-866
-871
-700
-566
-575
-592
-853
-1417
-2118
-2439
-2075
-1250
-885
-1486
-2376
-3048
-3115
-2687
-2291
-1892
-1830
-2191
-2486
-2427
-1762
-1012
-733
-736
-749
-430
233
861
1322
1487
1453
1543
1848
2407
2976
3175
2933
2467
2187
2325
2680
2793
2515
2135
1764
1428
1192
1020
952
668
68
-416
-602
-596
-708
-947
-1214
-1386
-1439
-1494
-1344
-1138
-1134
-1211
-1222
-946
-474
-99
175
343
467
621
859
1167
1439
1603
1609
1624
1731
1876
2024
2093
1985
1774
1583
1436
1344
1241
1074
892
646
332
1
-163
-194
-275
-485
-691
-824
-905
-938
-973
-830
-745
-755
-723
-818
-684
-494
-514
-432
-1032
-2055
-2877
-3173
-2164
-1232
-1578
-2582
-3698
-3805
-3163
-2921
-2622
-2368
-2374
-2578
-2949
-2579
-1436
-668
-576
-813
-520
398
1048
1242
1393
1770
2159
2415
2733
3247
3670
3450
2783
2453
2632
3072
3099
2630
2188
1795
1471
1164
953
877
563
-89
-714
-906
-854
-1006
-1413
-1807
-1890
-1784
-1670
-1592
-1504
-1447
-1480
-1404
-1104
-606
-174
76
313
533
858
1174
1393
1560
1605
1722
1884
2038
2233
2315
2299
2223
2071
1923
1811
1662
1420
1237
1065
839
590
201
-118
-290
-415
-492
-591
-653
-746
-838
-991
-1049
-936
-831
-721
-739
-695
-454
-365
-480
-1054
-2018
-2848
-3062
-2152
-1171
-1252
-2431
-4016
-4403
-3604
-2741
-2166
-2441
-2984
-3415
-3606
-2902
-1733
-804
-580
-1007
-985
-282
598
1341
1566
1693
1976
2446
3044
3505
3661
3439
3009
2883
3135
3517
3582
3056
2352
1821
1676
1729
1644
1267
636
-36
-571
-770
-751
-889
-1273
-1851
-2228
-2148
-1950
-1745
-1740
-1866
-1851
-1747
-1428
-1021
-704
-415
-164
222
702
1034
1279
1368
1418
1680
2021
2360
2592
2580
2475
2416
2380
2350
2296
2165
1910
1585
1322
1108
860
528
202
-33
-177
-383
-650
-876
-951
-1017
-1159
-1128
-1188
-1219
-1148
-1232
-891
-661
-645
-526
-1206
-2041
-2829
-3092
-1934
-1110
-1440
-2555
-3889
-3848
-3148
-2695
-2242
-2342
-2786
-3298
-3539
-2787
-1575
-864
-933
-1221
-978
-261
473
842
1179
1634
1979
2384
2762
3140
3404
3145
2890
3046
3432
3801
3553
2877
2368
2110
2093
2050
1866
1503
867
130
-417
-416
-401
-783
-1283
-1732
-1836
-1920
-2091
-1995
-1941
-2008
-2088
-2114
-1719
-1275
-1089
-911
-589
-90
352
546
705
998
1307
1612
1972
2234
2328
2319
2302
2389
2573
2640
2564
2371
2121
1953
1768
1574
1337
1013
641
334
169
2
-263
-628
-826
-830
-950
-971
-1112
-1294
-1253
-1198
-1035
-889
-717
-690
-1361
-2258
-3036
-3089
-1977
-1282
-1550
-2617
-3961
-4073
-3268
-2500
-2089
-2441
-2946
-3253
-3317
-2632
-1571
-888
-929
-1323
-1186
-308
542
842
986
1354
1844
2340
2653
2921
3168
3029
2882
3059
3468
3781
3389
2591
2144
2121
2375
2363
1908
1349
716
127
-175
-166
-191
-540
-1234
-1842
-1964
-1875
-1820
-1768
-1870
-2027
-2057
-1952
-1701
-1437
-1242
-935
-532
-141
185
312
445
711
1078
1599
1979
2126
2108
1993
2097
2414
2727
2892
2726
2348
2050
1887
1878
1850
1639
1249
817
555
377
202
-38
-371
-582
-670
-804
-824
-950
-1113
-1081
-1155
-1133
-977
-850
-818
-1369
-2236
-2812
-3012
-2404
-1697
-1665
-2470
-3848
-4398
-3626
-2445
-1903
-2411
-3130
-3416
-3316
-2778
-1899
-970
-690
-1093
-1325
-692
401
997
1009
1162
1732
2399
2725
2784
2916
3008
3014
3090
3350
3599
3358
2665
2090
2111
2495
2495
1985
1211
531
187
8
-82
-175
-505
-1090
-1729
-2054
-1880
-1591
-1609
-1797
-1883
-1874
-1783
-1683
-1474
-1049
-758
-497
-182
93
313
367
563
1074
1559
1862
1941
1841
1899
2143
2426
2717
2782
2579
2257
1963
1876
1955
1921
1661
1290
896
602
393
229
81
-55
-346
-607
-753
-900
-933
-1025
-1149
-1111
-1112
-1117
-945
-1072
-1548
-2242
-3046
-3128
-2343
-1633
-1667
-2842
-4248
-4402
-3363
-2145
-1890
-2722
-3419
-3442
-3126
-2506
-1638
-833
-717
-1311
-1497
-432
848
1184
925
1055
1913
2613
2682
2689
2935
3117
3048
3048
3449
3712
3206
2324
1958
2318
2736
2525
1696
928
512
280
89
-21
-183
-613
-1275
-1897
-2001
-1612
-1358
-1504
-1861
-2023
-1828
-1716
-1651
-1355
-919
-604
-494
-316
37
325
435
691
1196
1674
1850
1735
1713
1941
2251
2499
2635
2601
2355
2037
1882
1919
2067
2003
1643
1126
719
533
452
450
274
-27
-355
-630
-691
-775
-898
-1008
-1162
-1044
-974
-1057
-1270
-1716
-2236
-2960
-3230
-2492
-1727
-1895
-3235
-4556
-4238
-3012
-2296
-2522
-3182
-3374
-3269
-3246
-2688
-1646
-888
-1027
-1647
-1375
-105
825
841
727
1234
2151
2556
2455
2639
3123
3279
3123
3146
3553
3770
3121
2306
2251
2788
2966
2345
1511
1015
802
493
189
106
-26
-479
-1338
-1960
-1739
-1307
-1341
-1638
-1900
-1897
-1853
-1938
-1732
-1281
-887
-760
-786
-567
-138
153
335
654
1091
1446
1496
1463
1653
1978
2286
2462
2484
2438
2294
2055
1942
2026
2115
2065
1668
1193
908
751
764
632
427
145
-142
-482
-724
-676
-635
-643
-837
-1104
-1167
-1152
-1321
-1710
-2251
-2876
-3252
-2725
-2013
-2031
-3231
-4766
-4622
-3158
-2163
-2498
-3586
-3841
-3368
-3082
-2644
-1768
-874
-990
-1795
-1687
-210
1057
1056
611
1029
2147
2713
2566
2551
3037
3403
3357
3227
3468
3680
3211
2466
2398
2926
3183
2508
1350
815
831
822
425
53
-117
-548
-1314
-1930
-1757
-1222
-1255
-1679
-1962
-1911
-1829
-1987
-1920
-1372
-724
-564
-787
-698
-237
204
467
772
1172
1362
1327
1293
1596
2141
2501
2550
2462
2337
2207
2107
2065
2175
2281
2104
1638
1150
915
875
782
685
527
86
-218
-496
-702
-526
-543
-731
-868
-1088
-1135
-1214
-1573
-1768
-2537
-3462
-3176
-2164
-1506
-2511
-4743
-5320
-3707
-2160
-2194
-3468
-4066
-3548
-3314
-3223
-2336
-1101
-837
-1896
-2443
-1045
776
1051
439
513
1687
2656
2314
1953
2608
3438
3621
3310
3283
3715
3494
2595
2287
3034
3730
3151
1738
904
1137
1319
889
332
136
-8
-797
-1719
-1831
-1288
-1109
-1575
-2025
-1978
-1818
-2067
-2261
-1789
-983
-631
-852
-1047
-713
-158
190
494
894
1227
1267
1153
1304
1892
2471
2636
2526
2366
2335
2325
2284
2365
2473
2301
1868
1433
1105
1078
1096
918
640
279
-40
-337
-573
-480
-511
-687
-848
-1102
-951
-1057
-1567
-1798
-2253
-2884
-3119
-2783
-1869
-2005
-3768
-5031
-4510
-2813
-2005
-3004
-4042
-3925
-3446
-3176
-2850
-1949
-1075
-1433
-2236
-1779
-213
799
568
207
1000
2222
2477
2074
2081
2781
3498
3467
3231
3422
3463
2988
2553
2838
3560
3544
2342
1251
1153
1437
1329
773
340
250
-191
-1084
-1568
-1392
-1064
-1276
-1806
-1909
-1734
-1860
-2187
-2142
-1503
-888
-901
-1152
-1012
-511
-82
157
419
821
1087
1064
1115
1506
2084
2427
2399
2291
2295
2353
2371
2317
2369
2451
2262
1811
1403
1250
1282
1233
944
608
310
-7
-197
-291
-362
-395
-624
-914
-975
-1017
-1228
-1599
-2084
-2543
-3004
-3067
-2445
-2144
-2938
-4348
-4877
-3708
-2431
-2616
-3671
-4150
-3626
-3044
-2922
-2530
-1729
-1371
-1793
-1987
-1004
340
701
294
488
1596
2505
2404
1985
2337
3139
3483
3353
3219
3345
3317
2797
2575
3038
3346
2832
1785
1189
1393
1558
1052
328
24
-41
-459
-1133
-1430
-1212
-1141
-1543
-1818
-1767
-1651
-1737
-1975
-1762
-1152
-878
-1009
-1067
-729
-131
201
277
473
799
1038
1168
1408
1848
2183
2227
2171
2173
2317
2455
2367
2253
2268
2213
1928
1528
1283
1306
1377
1169
781
368
81
-68
-55
-72
-230
-448
-795
-937
-989
-1200
-1442
-1748
-2385
-3076
-3157
-2472
-1972
-2749
-4398
-5000
-3842
-2597
-2745
-3855
-4337
-3753
-3208
-3134
-2783
-1970
-1560
-2004
-2131
-1013
380
659
112
267
1553
2541
2369
2010
2410
3234
3538
3297
3254
3575
3477
2920
2737
3121
3389
2787
1733
1319
1564
1622
1064
216
-96
-83
-420
-1008
-1330
-1200
-1239
-1655
-1945
-1860
-1645
-1720
-1913
-1666
-1152
-900
-1028
-1122
-705
-55
311
400
529
721
891
1151
1529
1965
2211
2150
2008
2046
2275
2427
2411
2315
2196
2065
1842
1540
1337
1307
1254
1129
776
352
131
-70
-145
-150
-323
-467
-636
-898
-1028
-1142
-1270
-1579
-2303
-3029
-3022
-2316
-1857
-2603
-4180
-4784
-3758
-2570
-2712
-3782
-4278
-3736
-3162
-3097
-2833
-2065
-1667
-2077
-2238
-1214
153
510
44
186
1361
2310
2297
1973
2303
3152
3502
3251
3103
3352
3447
3091
2834
3142
3445
2906
1828
1296
1605
1836
1234
339
2
-13
-363
-1064
-1435
-1204
-1109
-1552
-1983
-2016
-1806
-1754
-1898
-1637
-1136
-1026
-1205
-1264
-807
-38
341
360
425
605
928
1234
1524
1966
2241
2223
2095
2106
2340
2533
2521
2411
2312
2142
1868
1570
1380
1386
1431
1168
712
320
21
-67
-62
-103
-231
-597
-833
-894
-1100
-1277
-1437
-1682
-2284
-3080
-3071
-2243
-1870
-2932
-4513
-4632
-3253
-2284
-2966
-4162
-4190
-3374
-2944
-3028
-2705
-1895
-1740
-2251
-2131
-857
456
441
-154
303
1566
2271
2015
1808
2530
3384
3398
2984
2949
3314
3339
2914
2829
3289
3385
2571
1522
1288
1793
1851
1049
196
-99
-133
-473
-1083
-1260
-1079
-1251
-1678
-1958
-1903
-1709
-1858
-1958
-1519
-1004
-945
-1266
-1312
-709
54
371
364
439
646
947
1250
1626
2084
2265
2135
2003
2146
2448
2581
2530
2435
2317
2150
1866
1546
1468
1486
1386
1127
683
384
146
-24
38
-107
-350
-635
-876
-794
-907
-1302
-1671
-2100
-2523
-2763
-2622
-2238
-2447
-3608
-4578
-4119
-2815
-2383
-3382
-4418
-4130
-3151
-2770
-2825
-2507
-1906
-1819
-2173
-1811
-527
407
326
81
721
1806
2132
1764
1860
2789
3543
3421
2845
2770
3188
3217
2960
2947
3189
3101
2159
1274
1405
1854
1614
663
-108
-44
-28
-687
-1298
-1332
-1050
-1161
-1708
-1952
-1808
-1800
-1909
-1767
-1229
-859
-1111
-1422
-1098
-258
320
328
235
423
803
1118
1401
1808
2124
2169
2065
2076
2239
2404
2434
2347
2373
2350
2098
1773
1454
1330
1383
1304
1084
719
293
46
-9
5
-107
-400
-675
-715
-791
-1197
-1566
-1825
-2348
-2856
-2810
-2225
-2051
-3209
-4626
-4531
-3115
-2218
-3031
-4314
-4327
-3432
-2924
-2912
-2620
-1962
-1741
-2151
-2081
-880
331
400
-7
391
1601
2275
1891
1661
2446
3473
3598
2968
2750
3141
3260
2974
2880
3234
3330
2425
1383
1290
1792
1785
891
6
-118
-6
-411
-1120
-1462
-1284
-1212
-1550
-1884
-1901
-1847
-1962
-1925
-1458
-1003
-1059
-1395
-1407
-730
80
377
329
298
560
998
1326
1676
2029
2185
2144
2069
2258
2514
2560
2467
2348
2332
2280
1987
1631
1400
1370
1387
1149
729
406
271
136
-78
-239
-372
-526
-617
-878
-1232
-1361
-1736
-2467
-2890
-2703
-2002
-1979
-3335
-4587
-4417
-3041
-2208
-3058
-4246
-4299
-3460
-2943
-2963
-2676
-2016
-1826
-2226
-2111
-936
210
235
-119
421
1607
2153
1863
1742
2469
3458
3568
3053
2902
3156
3316
3128
3052
3346
3246
2415
1566
1485
1879
1774
998
99
-205
-118
-415
-957
-1377
-1509
-1459
-1591
-1805
-1934
-2065
-2129
-2048
-1621
-1185
-1206
-1406
-1409
-868
-149
211
239
191
424
868
1302
1661
1935
2100
2150
2210
2357
2515
2602
2520
2407
2416
2333
2109
1824
1539
1485
1455
1223
889
500
256
125
13
-143
-325
-514
-721
-808
-1140
-1464
-1697
-2404
-2843
-2725
-2350
-2076
-3010
-4335
-4338
-3274
-2342
-2773
-4013
-4241
-3540
-2958
-2770
-2607
-2108
-1814
-2078
-1996
-994
1
222
60
359
1391
2034
1815
1768
2382
3181
3501
3095
2775
2962
3132
3096
3038
3223
3198
2529
1694
1457
1737
1722
1138
308
-124
-177
-416
-815
-1203
-1370
-1453
-1729
-1791
-1750
-1869
-1962
-2029
-1730
-1301
-1291
-1366
-1281
-919
-357
-25
132
235
364
705
1142
1492
1773
1955
2004
2116
2285
2446
2581
2495
2352
2342
2263
2200
2026
1706
1504
1387
1299
1029
653
441
302
76
-70
-173
-408
-583
-820
-1159
-1238
-1574
-2448
-2933
-2716
-1994
-1926
-3355
-4587
-4248
-2947
-2260
-3136
-4172
-4059
-3440
-3108
-3003
-2585
-1919
-1953
-2462
-2082
-789
93
1
-252
416
1586
1928
1592
1683
2543
3294
3299
2955
2970
3234
3175
2954
3067
3435
3283
2379
1612
1665
2041
1773
991
340
82
-67
-533
-794
-754
-1121
-1689
-2040
-1918
-1461
-1676
-2145
-2202
-1855
-1391
-1415
-1545
-1235
-849
-546
-261
-72
195
401
592
1029
1497
1768
1881
1901
2025
2292
2495
2531
2500
2437
2411
2407
2227
2082
1867
1593
1487
1371
1101
749
415
240
211
-18
-299
-479
-685
-774
-1025
-1329
-1650
-2428
-2868
-2549
-2028
-2074
-3339
-4567
-4146
-2798
-2252
-3162
-4218
-4058
-3277
-2951
-2937
-2549
-1986
-1933
-2218
-1879
-714
67
-76
-202
478
1546
1854
1534
1689
2516
3203
3231
2861
2815
3076
3079
2982
3085
3298
3061
2298
1657
1707
2025
1777
948
179
69
41
-412
-807
-987
-1099
-1404
-1858
-1893
-1740
-1812
-2027
-2169
-1859
-1445
-1459
-1553
-1360
-928
-526
-344
-195
55
338
621
969
1320
1606
1794
1913
2096
2309
2414
2495
2505
2427
2489
2493
2320
2099
1851
1758
1717
1432
1093
802
567
480
295
25
-107
-358
-637
-911
-1225
-1286
-1773
-2631
-2814
-2337
-1893
-2537
-4066
-4542
-3476
-2378
-2584
-3774
-4269
-3621
-3027
-3008
-2866
-2295
-1893
-2134
-2294
-1460
-312
28
-237
-51
906
1739
1678
1457
2004
2888
3239
2934
2658
2936
3202
3069
2954
3118
3225
2735
1919
1639
2003
2074
1421
549
185
224
-51
-575
-900
-978
-1157
-1668
-1923
-1711
-1675
-1925
-2216
-2124
-1711
-1616
-1712
-1591
-1220
-802
-644
-525
-205
82
321
643
1044
1466
1644
1647
1854
2170
2373
2445
2467
2526
2601
2566
2399
2260
2138
1987
1894
1751
1511
1139
758
624
535
365
160
-157
-376
-707
-1211
-1210
-1422
-2188
-2717
-2702
-2036
-2088
-3498
-4457
-3956
-2745
-2447
-3555
-4339
-3896
-3225
-3089
-3047
-2496
-1952
-2129
-2510
-1908
-651
-75
-257
-282
540
1482
1569
1355
1751
2628
3172
2952
2636
2886
3215
3114
2939
3126
3353
3021
2200
1754
2074
2248
1689
868
357
326
152
-364
-600
-726
-1041
-1533
-1931
-1759
-1580
-1880
-2181
-2137
-1815
-1678
-1865
-1804
-1399
-1021
-838
-736
-484
-133
102
311
702
1152
1426
1500
1625
1998
2308
2373
2336
2347
2493
2622
2569
2450
2315
2065
1895
1794
1739
1511
1142
823
626
504
296
120
-112
-392
-873
-1162
-1268
-1797
-2376
-2531
-2217
-2012
-2930
-4097
-4046
-3153
-2572
-3153
-4012
-3952
-3410
-3173
-3153
-2816
-2201
-2104
-2416
-2141
-1196
-431
-303
-372
114
982
1372
1293
1518
2215
2820
2965
2661
2704
3043
3055
2946
2967
3198
3177
2573
1971
1950
2157
1989
1356
697
493
356
-198
-517
-434
-611
-1181
-1830
-1892
-1516
-1575
-1981
-2208
-2058
-1770
-1801
-1829
-1492
-1152
-1015
-924
-679
-248
12
102
443
913
1209
1344
1418
1680
2028
2270
2373
2340
2324
2415
2466
2385
2347
2202
1998
1825
1682
1582
1428
1107
756
533
346
305
152
-200
-618
-977
-1033
-1364
-2026
-2363
-2262
-1930
-2307
-3444
-3949
-3406
-2685
-2710
-3514
-3914
-3534
-3234
-3184
-2954
-2474
-2160
-2342
-2470
-1781
-844
-473
-485
-244
484
1072
1109
1207
1754
2398
2748
2606
2497
2782
3001
3011
2958
3084
3169
2784
2229
2017
2130
2077
1669
1087
691
513
161
-285
-408
-457
-829
-1335
-1664
-1595
-1475
-1720
-2023
-2049
-1855
-1756
-1832
-1707
-1361
-1126
-1006
-860
-597
-226
16
192
585
1023
1247
1315
1462
1747
2044
2209
2251
2255
2303
2385
2408
2311
2204
2046
1824
1724
1598
1440
1259
874
592
493
414
307
45
-202
-630
-1004
-1089
-1453
-1920
-2147
-2040
-1859
-2501
-3550
-3720
-3019
-2392
-2723
-3604
-3824
-3348
-2991
-2959
-2794
-2317
-2065
-2260
-2239
-1533
-758
-496
-502
-207
573
1095
1066
1158
1740
2378
2611
2407
2328
2634
2875
2853
2765
2880
2899
2567
2115
1978
2065
1941
1492
887
634
560
78
-305
-309
-405
-829
-1484
-1668
-1364
-1312
-1635
-2043
-2058
-1696
-1591
-1664
-1547
-1320
-1065
-890
-762
-452
-140
8
204
574
977
1186
1288
1482
1800
2088
2185
2141
2119
2225
2408
2427
2300
2157
1988
1852
1724
1554
1443
1287
930
672
484
424
334
-5
-307
-761
-912
-998
-1645
-2153
-2227
-1905
-1815
-2765
-3736
-3539
-2706
-2343
-2989
-3678
-3485
-3051
-2980
-2978
-2592
-2050
-2066
-2386
-2035
-1127
-562
-621
-629
4
807
981
847
1232
1926
2367
2338
2135
2328
2600
2635
2635
2696
2823
2659
2196
1916
2032
2103
1754
1229
821
660
343
-38
-37
-52
-443
-1133
-1526
-1272
-1033
-1258
-1699
-1921
-1737
-1550
-1578
-1503
-1290
-1174
-1131
-1001
-655
-347
-253
-85
266
634
846
949
1148
1442
1725
1987
2053
2014
2034
2119
2212
2258
2196
2004
1841
1722
1616
1570
1423
1155
894
645
543
453
288
37
-263
-594
-721
-984
-1622
-1962
-1873
-1584
-1858
-2868
-3468
-3085
-2401
-2292
-2930
-3410
-3265
-3030
-2914
-2685
-2325
-2097
-2204
-2282
-1731
-1049
-793
-724
-448
144
632
724
812
1241
1771
2063
2148
2131
2236
2333
2394
2559
2666
2681
2389
2000
1854
1971
1976
1638
1236
873
572
233
-112
-98
-13
-367
-999
-1436
-1311
-1118
-1213
-1465
-1683
-1681
-1630
-1546
-1381
-1140
-1045
-1065
-957
-709
-395
-164
27
274
549
749
925
1137
1359
1604
1804
1900
1895
1915
1996
2092
2124
2074
1968
1844
1671
1514
1453
1379
1146
842
642
495
509
295
21
-129
-442
-623
-1096
-1656
-1688
-1571
-1451
-1937
-2862
-3089
-2711
-2280
-2305
-2913
-3267
-3069
-2845
-2654
-2456
-2275
-2144
-2192
-2061
-1508
-1076
-884
-684
-325
189
529
625
814
1265
1682
1973
2040
1984
2089
2145
2334
2521
2595
2501
2113
1896
1899
1918
1750
1437
1151
893
553
174
-35
-56
-128
-506
-987
-1282
-1340
-1256
-1238
-1369
-1519
-1626
-1660
-1504
-1281
-1110
-1008
-961
-862
-633
-392
-190
66
323
589
830
942
1085
1292
1529
1768
1866
1869
1882
1935
2019
2041
1971
1893
1730
1564
1425
1293
1210
1063
805
640
532
370
189
97
-152
-490
-695
-1155
-1539
-1527
-1400
-1460
-2061
-2774
-2834
-2424
-2071
-2340
-2913
-3069
-2888
-2622
-2422
-2260
-2126
-2081
-2102
-1846
-1304
-906
-783
-648
-239
235
519
618
803
1250
1648
1818
1831
1832
1993
2115
2179
2253
2357
2310
2026
1759
1682
1792
1656
1326
1069
868
576
161
-62
-85
-231
-508
-806
-1064
-1241
-1422
-1427
-1226
-1194
-1436
-1730
-1685
-1297
-955
-850
-844
-798
-662
-471
-211
196
446
557
723
899
1120
1348
1495
1652
1802
1871
1939
1902
1803
1842
1923
1864
1736
1541
1331
1236
1107
999
888
668
441
265
87
26
-224
-521
-845
-1405
-1551
-1364
-1173
-1536
-2541
-3006
-2478
-1918
-2051
-2691
-2985
-2703
-2511
-2490
-2289
-1969
-1960
-2193
-2018
-1349
-859
-811
-807
-384
200
427
423
616
1061
1506
1675
1731
1797
1876
1949
1983
2086
2204
2217
1955
1684
1612
1720
1657
1281
999
814
693
311
-109
-57
-7
-260
-698
-1038
-1073
-1087
-1230
-1274
-1213
-1199
-1390
-1604
-1364
-989
-917
-908
-827
-619
-396
-302
-98
208
432
566
660
842
1071
1259
1463
1590
1635
1673
1722
1725
1688
1690
1735
1753
1570
1357
1248
1125
977
817
724
615
464
208
44
-80
-258
-516
-1120
-1476
-1297
-1005
-1175
-2074
-2781
-2508
-1797
-1660
-2254
-2818
-2810
-2393
-2168
-2062
-1886
-1938
-2083
-1941
-1378
-797
-697
-872
-679
-75
382
434
464
753
1172
1459
1583
1608
1643
1775
1869
1998
2023
1979
1841
1624
1570
1593
1525
1226
968
756
631
477
30
-197
-152
-235
-493
-867
-1065
-1054
-1061
-1069
-1151
-1200
-1293
-1403
-1227
-907
-748
-744
-739
-646
-405
-178
-45
131
315
483
681
875
1023
1145
1292
1445
1576
1570
1565
1625
1585
1604
1617
1609
1502
1262
1162
1124
1052
877
650
471
364
274
139
-61
-241
-578
-1167
-1368
-1139
-952
-1249
-2054
-2514
-2206
-1758
-1777
-2194
-2447
-2415
-2331
-2156
-1885
-1667
-1698
-1860
-1689
-1143
-718
-675
-666
-354
23
269
396
577
869
1121
1279
1367
1424
1472
1560
1661
1778
1784
1681
1468
1300
1334
1331
1220
1007
752
531
370
243
17
-226
-298
-332
-412
-678
-1017
-1092
-946
-801
-821
-1012
-1212
-1198
-991
-733
-547
-512
-530
-504
-349
-62
227
374
394
520
764
920
988
1082
1247
1406
1387
1338
1371
1425
1440
1396
1394
1419
1333
1056
907
1034
1013
808
591
402
286
220
58
-64
-128
-735
-1388
-1250
-755
-700
-1538
-2439
-2299
-1715
-1560
-1893
-2193
-2127
-2155
-2261
-1921
-1430
-1406
-1704
-1743
-1245
-716
-658
-678
-389
15
234
271
405
687
938
1083
1217
1366
1382
1317
1271
1446
1668
1664
1467
1188
1110
1119
1065
923
699
554
363
5
-174
-97
-87
-337
-681
-756
-725
-852
-976
-887
-744
-788
-950
-969
-790
-655
-602
-494
-334
-188
-159
-116
161
410
459
530
693
853
948
989
1117
1281
1287
1214
1192
1226
1290
1277
1246
1173
1068
952
784
753
750
688
543
292
120
66
13
-51
-168
-655
-1196
-1156
-755
-661
-1263
-1992
-1999
-1517
-1338
-1587
-1835
-1848
-1863
-1895
-1653
-1274
-1153
-1404
-1494
-1074
-629
-515
-545
-357
10
215
275
378
613
833
986
1093
1201
1239
1180
1119
1215
1382
1377
1271
1052
925
908
866
742
628
527
203
-105
-166
-113
-140
-408
-702
-707
-653
-747
-867
-836
-755
-781
-894
-875
-649
-510
-489
-394
-191
-105
-75
50
244
465
512
593
761
828
926
1000
1043
1126
1130
1073
1107
1121
1060
1050
1023
923
823
743
671
636
584
389
245
228
136
7
-121
-148
-253
-769
-1200
-972
-498
-543
-1275
-1909
-1742
-1223
-1078
-1303
-1437
-1531
-1713
-1631
-1226
-887
-923
-1213
-1248
-839
-469
-401
-321
-147
29
207
340
421
569
749
879
1016
1039
949
952
962
1062
1250
1160
908
740
705
775
672
461
379
271
57
-126
-177
-203
-324
-496
-582
-558
-622
-758
-760
-615
-549
-701
-784
-658
-478
-388
-302
-110
-9
-67
-38
156
365
456
483
576
728
837
867
917
988
1030
970
971
1022
1015
953
899
876
816
711
618
604
511
393
266
131
109
83
-62
-162
-265
-350
-498
-969
-1127
-749
-492
-762
-1411
-1672
-1327
-1042
-1087
-1197
-1238
-1380
-1487
-1306
-879
-650
-847
-1000
-784
-460
-303
-233
-135
43
238
352
414
458
562
722
857
932
913
855
749
760
939
1036
922
600
422
484
518
425
269
194
127
-80
-270
-271
-184
-246
-477
-576
-505
-487
-598
-591
-460
-465
-536
-540
-435
-289
-200
-147
-19
85
56
130
301
422
475
508
607
699
770
829
857
869
815
786
886
918
839
783
670
539
529
575
549
429
262
114
74
61
-15
-40
-84
-210
-306
-379
-483
-691
-926
-823
-558
-586
-955
-1313
-1173
-864
-830
-909
-985
-1046
-1127
-1069
-724
-442
-534
-764
-759
-454
-198
-169
-118
19
121
198
236
323
466
519
597
687
679
671
640
587
593
673
667
513
359
287
353
374
271
106
-46
-99
-84
-132
-242
-275
-313
-341
-345
-403
-422
-365
-288
-306
-392
-342
-253
-169
-91
-51
91
159
58
91
273
399
457
465
523
634
663
669
733
719
633
628
688
740
709
626
526
456
431
387
377
347
225
126
80
53
19
-41
-162
-245
-303
-321
-274
-435
-607
-707
-699
-565
-589
-693
-861
-971
-854
-714
-644
-652
-767
-793
-682
-550
-414
-356
-396
-401
-305
-156
-75
-61
18
78
122
199
235
283
316
276
347
477
484
399
334
318
366
428
336
201
142
152
137
104
24
-38
-81
-169
-177
-172
-206
-236
-254
-277
-284
-275
-240
-178
-130
-141
-157
-156
-118
-43
30
126
215
229
201
238
304
402
487
502
517
538
552
576
600
612
596
603
639
601
492
420
406
398
380
350
243
112
48
72
97
15
-97
-162
-168
-217
-258
-288
-282
-243
-390
-521
-495
-469
-469
-516
-598
-613
-609
-600
-504
-451
-473
-511
-540
-449
-388
-375
-334
-284
-229
-212
-190
-154
-58
-20
-38
-10
20
84
152
129
154
267
283
166
128
173
221
264
195
153
153
108
41
-22
3
-3
-82
-83
-98
-127
-158
-165
-120
-145
-167
-182
-181
-126
-77
-77
-74
-63
-66
-3
92
151
195
198
196
239
297
378
438
452
430
443
506
526
513
483
479
521
549
523
479
443
374
360
360
307
256
194
175
136
61
36
24
-41
-108
-139
-157
-187
-203
-203
-240
-243
-280
-349
-410
-461
-408
-294
-329
-480
-541
-481
-366
-371
-424
-419
-429
-427
-360
-251
-232
-357
-395
-268
-184
-177
-166
-130
-123
-125
-88
-3
29
-6
-11
29
81
98
89
55
32
52
82
70
51
39
26
17
30
37
-16
-90
-135
-110
-44
8
2
-84
-133
-103
-54
9
50
28
-21
-39
44
143
166
181
221
265
289
314
369
424
429
448
509
510
486
489
520
522
516
482
416
381
362
363
352
294
214
147
115
109
97
57
25
-29
-139
-179
-147
-149
-163
-190
-241
-262
-298
-309
-223
-193
-232
-265
-310
-306
-237
-196
-238
-311
-263
-186
-215
-281
-316
-272
-234
-236
-221
-218
-257
-286
-288
-258
-225
-249
-259
-247
-248
-228
-201
-188
-188
-212
-221
-178
-105
-89
-126
-124
-101
-53
8
0
13
39
38
54
98
99
81
76
56
111
141
116
111
148
173
190
179
159
162
166
201
231
241
241
266
260
261
310
312
286
304
331
354
397
391
374
389
326
265
293
304
278
238
200
186
209
174
83
52
33
32
18
-29
-43
-21
-52
-122
-132
-129
-139
-159
-183
-174
-138
-124
-158
-206
-205
-155
-128
-158
-195
-178
-161
-174
-168
-164
-202
-216
-231
-261
-240
-232
-235
-219
-258
-286
-245
-223
-221
-245
-308
-314
-268
-265
-227
-210
-259
-276
-246
-209
-177
-123
-96
-93
-101
-87
-39
-10
-9
-11
31
72
58
58
79
140
153
122
155
154
119
144
223
271
236
196
221
243
240
272
300
299
272
276
343
343
296
318
302
272
273
305
315
310
296
218
206
215
194
176
149
155
168
125
63
41
37
14
5
-15
-34
-50
-68
-75
-105
-124
-127
-101
-71
-93
-104
-94
-87
-73
-90
-116
-128
-118
-87
-98
-123
-103
-127
-147
-140
-173
-146
-153
-225
-211
-219
-257
-253
-258
-262
-269
-298
-328
-333
-364
-350
-281
-287
-304
-301
-298
-258
-214
-228
-236
-198
-180
-154
-124
-121
-90
-33
3
-3
-12
3
17
49
90
139
175
151
164
202
179
201
279
309
288
269
279
305
303
308
322
311
296
294
317
331
337
341
325
299
269
282
301
260
238
244
199
185
188
173
190
128
56
74
79
87
94
35
3
-1
-12
-14
-44
-47
-28
-69
-92
-87
-94
-115
-107
-64
-84
-109
-109
-131
-112
-101
-125
-118
-135
-174
-167
-143
-176
-215
-204
-211
-219
-217
-234
-227
-239
-313
-334
-288
-277
-304
-296
-272
-282
-299
-292
-283
-281
-274
-257
-250
-209
-179
-198
-198
-162
-135
-134
-112
-68
-11
22
27
46
82
91
103
147
161
159
172
220
277
292
274
236
234
265
262
263
266
277
294
252
235
254
231
248
243
231
244
224
215
195
200
196
161
175
183
137
114
139
162
165
136
120
152
130
77
86
95
108
110
64
19
31
49
54
45
9
-15
-27
-38
-53
-42
-39
-74
-90
-104
-143
-155
-153
-153
-178
-198
-207
-213
-194
-212
-249
-285
-290
-245
-236
-254
-290
-343
-308
-269
-284
-238
-265
-305
-242
-270
-285
-205
-192
-195
-186
-188
-181
-168
-169
-162
-106
-55
-46
-60
-46
-24
1
17
17
50
97
136
154
142
129
157
203
211
193
187
212
257
249
221
214
236
266
248
221
217
222
220
191
176
206
181
147
157
147
141
164
148
105
116
116
98
117
138
136
125
109
58
49
90
93
94
113
103
113
114
87
93
81
63
72
72
22
7
33
0
-53
-78
-94
-97
-107
-144
-150
-150
-196
-222
-232
-239
-241
-255
-235
-234
-255
-281
-277
-260
-271
-243
-266
-281
-233
-217
-189
-189
-202
-195
-193
-198
-194
-158
-126
-151
-152
-100
-94
-82
-49
-50
-43
-20
10
46
62
49
35
92
142
117
110
148
167
149
137
116
146
182
166
200
230
205
167
149
159
151
135
148
164
158
147
133
104
104
123
131
138
105
68
96
147
154
134
108
96
128
137
111
75
87
123
111
115
109
97
107
79
65
57
32
54
63
14
6
11
-21
-53
-62
-58
-70
-118
-151
-128
-138
-199
-219
-195
-197
-213
-242
-272
-262
-248
-249
-267
-265
-249
-255
-249
-221
-211
-199
-192
-187
-134
-122
-153
-128
-125
-104
-63
-69
-51
-41
-40
-8
18
11
9
20
45
90
117
115
121
119
111
141
150
153
154
134
167
178
164
149
135
145
128
134
156
119
70
64
93
130
112
69
50
72
92
77
61
50
52
80
91
87
82
72
75
77
79
79
65
69
90
91
117
126
88
69
42
40
72
64
65
44
15
18
-9
-32
-47
-57
-54
-76
-101
-115
-118
-132
-171
-188
-205
-218
-205
-217
-239
-222
-206
-216
-238
-258
-238
-211
-202
-201
-191
-170
-138
-108
-111
-134
-123
-72
-35
-33
-58
-40
-2
15
42
51
54
71
55
53
90
92
98
113
117
120
117
114
107
131
149
113
116
116
95
134
137
107
119
104
99
126
76
48
85
81
59
59
48
46
68
65
40
46
44
40
69
56
52
68
52
77
87
46
85
130
103
108
108
79
74
87
100
108
84
48
37
19
-1
-5
-26
-32
-54
-56
-54
-97
-120
-155
-180
-179
-188
-181
-188
-221
-216
-234
-254
-264
-266
-247
-246
-226
-199
-194
-197
-201
-178
-137
-137
-141
-103
-71
-52
-33
-45
-37
1
19
62
95
82
60
61
83
98
117
117
112
113
115
120
102
118
131
112
114
91
91
121
112
109
92
69
83
73
64
75
81
80
78
64
41
59
69
49
53
52
48
65
70
83
78
64
78
85
84
70
69
83
91
115
126
115
115
80
57
88
83
46
61
76
56
19
-23
-37
-34
-39
-60
-83
-99
-133
-155
-140
-152
-174
-193
-218
-243
-252
-245
-221
-206
-237
-221
-206
-229
-212
-190
-192
-168
-152
-143
-86
-77
-89
-59
-53
-66
-46
-9
2
18
59
55
51
55
29
50
95
95
95
101
72
99
136
110
92
100
114
85
85
124
92
75
103
94
99
93
65
87
83
70
84
75
81
72
57
58
58
57
76
78
48
48
53
48
63
57
54
76
60
45
65
79
80
72
49
46
67
68
73
78
85
54
19
36
11
-6
11
-18
-48
-29
-52
-115
-121
-113
-123
-149
-156
-166
-182
-182
-210
-213
-172
-177
-200
-185
-193
-197
-167
-152
-179
-203
-171
-110
-116
-118
-70
-51
-38
-42
-60
-40
-14
2
16
39
54
62
83
80
70
78
72
73
89
88
96
114
104
83
114
118
84
87
89
79
79
82
85
109
94
73
64
65
71
70
84
64
39
74
82
56
45
42
62
52
46
59
67
89
71
39
49
57
69
71
65
63
57
80
76
60
50
24
20
11
-6
1
7
11
-10
-21
-5
-51
-85
-92
-105
-96
-110
-124
-131
-149
-144
-165
-167
-159
-192
-188
-162
-170
-174
-148
-140
-118
-117
-137
-112
-92
-97
-96
-84
-65
-37
-38
-31
-23
-22
-21
-33
-23
-1
26
27
21
25
11
15
29
41
32
36
42
54
74
69
92
97
70
62
84
92
106
116
113
117
96
88
98
96
98
112
93
80
81
85
99
93
71
71
61
38
38
54
87
99
99
86
62
60
50
31
50
67
47
39
41
28
34
31
1
6
17
6
-2
-15
-17
-17
-37
-40
-42
-44
-43
-76
-92
-76
-76
-84
-111
-127
-125
-145
-125
-129
-128
-112
-149
-142
-139
-160
-160
-157
-146
-139
-125
-103
-96
-94
-103
-89
-57
-56
-56
-46
-57
-49
-35
-35
-20
12
12
13
13
-1
15
24
17
34
58
65
73
71
61
63
84
79
88
100
102
106
98
91
95
116
113
105
104
109
110
102
103
107
101
91
88
100
113
87
75
53
49
69
56
61
74
39
35
49
30
22
6
7
24
15
-3
-4
-3
1
7
16
-9
-35
-13
-8
-21
-8
-12
-28
-56
-82
-51
-28
-60
-82
-100
-102
-91
-118
-119
-96
-118
-142
-131
-127
-105
-103
-136
-135
-130
-122
-114
-111
-105
-116
-108
-84
-68
-62
-57
-31
-26
-26
-27
-46
-31
-6
0
8
24
44
34
22
25
27
57
53
71
87
68
85
85
80
117
121
88
87
84
93
110
97
102
92
75
89
85
76
97
98
69
56
49
37
37
39
29
43
52
40
18
2
6
3
4
8
10
21
27
21
14
-10
-23
-16
-11
18
18
3
4
5
4
-3
11
14
10
-1
-23
-23
-20
-45
-53
-61
-63
-52
-82
-88
-77
-88
-110
-117
-112
-106
-106
-109
-101
-91
-95
-108
-117
-114
-104
-82
-51
-51
-52
-47
-38
-12
-29
-43
-6
-5
-13
8
14
23
47
32
7
20
29
49
79
67
50
55
60
79
92
98
87
72
75
65
65
81
79
48
46
53
55
74
55
34
42
30
31
24
17
52
48
12
7
9
8
18
15
27
32
11
-5
-1
8
16
26
15
7
16
19
17
27
32
20
1
-2
23
24
15
12
-21
-33
-6
2
0
-12
-41
-36
-29
-47
-47
-41
-61
-69
-88
-102
-83
-88
-108
-104
-94
-105
-108
-99
-100
-85
-98
-106
-63
-58
-77
-76
-65
-46
-39
-35
-15
-4
5
3
-1
8
14
40
46
40
52
69
70
64
72
71
69
50
50
78
80
67
63
66
72
71
49
44
39
31
43
44
35
39
45
32
16
22
53
49
20
-4
-8
11
22
24
33
49
34
27
22
19
20
7
15
40
36
18
19
17
40
35
-6
5
33
9
-3
-19
-29
2
-6
-24
-14
-31
-46
-34
-35
-46
-67
-72
-67
-66
-60
-69
-67
-70
-99
-106
-83
-76
-91
-106
-100
-77
-84
-89
-75
-73
-71
-65
-66
-45
-38
-42
-22
-28
-18
4
0
15
17
36
56
37
24
55
70
69
84
76
71
77
79
88
100
73
66
70
52
62
63
55
60
33
29
38
18
33
33
25
41
15
0
6
-5
-20
-8
9
7
3
-3
6
28
23
8
24
22
11
15
32
33
22
21
5
19
29
20
28
17
15
20
4
7
26
20
-8
-19
-26
-32
-33
-23
-24
-43
-48
-67
-84
-63
-73
-71
-65
-82
-85
-102
-97
-70
-69
-73
-85
-95
-79
-73
-84
-62
-39
-56
-57
-66
-44
-3
-6
-2
15
16
20
38
39
52
57
47
45
57
69
53
73
111
78
54
78
68
63
61
40
51
45
15
16
37
34
6
-6
12
16
-15
-20
13
16
-3
-7
-6
6
5
-7
5
14
-1
-6
12
1
9
24
15
11
0
-2
25
34
0
24
49
9
19
28
21
29
4
17
47
25
10
25
25
11
-12
-9
10
14
7
-11
-17
-21
-52
-54
-51
-84
-75
-76
-84
-63
-71
-82
-76
-80
-92
-84
-67
-65
-68
-56
-50
-65
-57
-28
-30
-28
-19
-19
7
10
11
40
35
37
44
38
60
58
59
62
72
92
80
69
69
57
45
37
31
16
-11
1
8
14
25
8
0
-9
-20
-15
1
4
1
-16
-28
-2
0
-9
-16
-31
-18
-5
-9
7
30
38
35
11
8
11
26
38
28
33
28
21
38
40
23
30
21
15
8
-1
18
24
30
12
16
25
-17
-21
-2
-1
11
-12
-28
-29
-22
-11
-28
-47
-64
-60
-49
-58
-71
-78
-61
-38
-75
-90
-65
-62
-51
-68
-89
-58
-31
-38
-39
-33
-18
1
-13
-34
-2
36
37
39
29
37
57
61
53
60
70
67
66
59
59
58
62
63
45
34
19
8
16
25
25
12
6
-8
-24
-34
-23
-7
-1
-8
-15
-1
-16
-14
4
-6
17
12
-6
29
29
35
45
24
39
43
20
23
13
26
47
23
13
26
30
12
1
7
10
5
-7
-27
-29
-20
-35
-29
-20
-36
-34
-28
-37
-37
-52
-48
-41
-54
-57
-47
-42
-49
-58
-48
-36
-37
-41
-63
-41
-30
-67
-69
-44
-28
-22
-33
-37
-15
-13
-28
-21
7
20
20
27
40
50
51
50
49
42
44
50
63
93
79
60
83
79
60
62
62
55
57
29
30
39
9
22
14
-10
-8
-18
-32
-31
-36
-32
-10
-13
-23
-25
-38
-47
-33
-33
-32
-11
-2
3
-20
-21
10
9
7
27
32
28
30
24
39
40
15
8
27
25
5
15
27
22
12
-4
-13
-2
2
-5
-16
-8
-5
-28
-17
-16
-48
-46
-44
-52
-36
-48
-61
-44
-63
-66
-56
-74
-64
-49
-39
-24
-23
-33
-33
-17
-14
-1
13
5
18
28
11
21
40
41
51
32
39
65
49
58
59
26
26
30
30
38
39
24
14
28
23
5
4
15
28
10
-22
-16
-2
-10
-15
-24
-18
-23
-39
-27
-18
-20
-18
-23
-28
-26
-20
-13
4
16
11
13
20
11
15
28
15
18
26
36
37
29
27
28
28
27
22
25
28
18
0
-7
2
-15
-26
-2
8
10
15
-4
-1
-1
-21
-11
-15
-35
-30
-28
-43
-51
-36
-30
-45
-46
-47
-37
-29
-49
-43
-32
-26
-15
-18
-23
-17
-11
-16
-11
1
13
13
16
22
30
27
12
32
