-2
-3
-5
9
-13
-19
-2
15
4
-21
17
37
-25
-14
14
0
6
-21
10
37
-18
-21
35
-3
-2
6
-13
12
-9
-22
19
3
-46
35
22
-41
16
-7
4
9
-47
24
31
-25
-19
8
-4
-6
0
-28
28
7
-27
24
-5
-5
23
-32
-19
28
-2
-13
-15
16
5
-22
16
-10
-2
62
-45
-9
80
-58
-13
33
-54
20
17
-75
39
19
-48
37
22
-13
19
-14
-22
21
16
-40
17
58
-32
14
19
-15
2
-13
4
37
-36
4
28
-10
-18
-33
36
-12
-33
39
7
-11
22
-23
34
30
-67
28
60
-53
26
17
-62
50
-8
-24
48
-23
33
-1
-57
80
-29
-65
63
-31
11
25
-54
62
-9
-70
68
-17
-14
41
-36
24
-12
-23
46
-11
-11
4
-38
-4
-4
-17
6
7
-42
-24
43
-72
-24
42
-62
38
38
-70
21
35
-77
30
31
-43
67
-26
-7
31
-43
9
-18
41
57
-74
37
54
-74
32
24
-65
56
-4
-51
102
-57
-43
112
-115
-22
106
-88
22
82
-63
-3
39
-63
20
10
-19
46
-39
-4
26
13
-33
-36
81
-18
-73
63
36
-49
28
8
-27
71
-47
-19
101
-85
54
8
-93
120
-66
-19
89
-63
84
14
-71
93
-101
11
40
-127
76
-5
-74
67
-51
-20
67
-87
2
28
-34
-6
3
-17
-11
18
3
24
22
-41
8
49
-6
6
3
37
0
7
67
-10
2
44
-50
10
2
-17
52
-46
-12
42
4
-35
8
9
-15
-3
1
25
-33
-14
48
-39
-43
46
-64
-16
1
-57
49
-46
-67
52
-23
-45
96
-53
-45
85
-81
-21
22
8
43
-73
65
37
-65
40
38
-1
-34
95
-42
-8
115
-85
65
74
-84
79
-12
-101
103
11
-109
26
45
-40
-41
-21
26
-10
-13
20
-29
39
-57
-31
63
-71
-11
41
-42
-72
53
34
-95
17
8
-60
45
0
-8
1
-37
72
4
-53
86
-49
11
126
-60
78
13
-67
107
14
5
-20
-61
112
-35
-46
74
-97
28
28
-39
70
-15
-38
62
-12
-83
38
0
-93
41
-20
-90
79
-76
-53
81
-46
-10
28
9
17
15
-10
16
19
13
-13
52
27
-30
86
31
-27
42
-36
-11
46
15
52
-76
39
46
-81
19
-18
6
28
-65
6
22
-38
44
-21
-24
18
-52
33
-19
-95
51
-31
-12
18
-89
14
1
-77
-16
28
10
21
-76
58
58
-66
35
-53
63
40
-57
40
-19
59
-7
-73
42
-11
31
13
-31
10
-39
46
-2
-49
28
-37
27
22
-87
-24
68
-43
-32
0
0
68
-120
33
106
-76
89
-32
-19
139
-61
-21
71
23
48
-65
25
95
-98
21
87
-50
5
-22
-34
18
27
-50
-85
179
-110
-89
141
-106
51
74
-112
103
13
-78
59
30
39
-87
26
44
-60
37
-6
-103
118
56
-155
70
47
-86
36
-64
-24
85
-96
-6
-15
-16
58
-96
57
49
-79
99
21
-68
79
14
-13
15
-81
81
62
-162
71
41
-58
95
-124
-24
151
-90
26
14
-144
88
-39
-78
70
-34
-5
34
-41
7
26
-8
-5
16
-37
-25
23
-62
-13
20
24
-70
-65
14
9
17
-83
-3
158
-7
-27
34
39
23
-32
27
8
40
1
-25
2
75
-25
-36
119
18
-81
-18
28
-14
47
-36
-74
38
20
-96
92
32
-132
168
37
-211
82
38
-107
21
-11
-37
-5
32
-70
110
117
-141
36
105
-80
94
83
-167
34
122
-130
-37
172
-77
32
100
-159
86
20
-8
64
-108
31
-3
-21
-4
-66
163
-2
-226
66
-29
30
54
-225
66
141
-129
-100
71
-27
-7
34
-177
131
60
-201
132
12
-103
150
-69
-138
132
-7
17
18
-43
41
1
58
64
-153
74
113
-141
173
-19
-194
183
-55
-80
239
-79
-64
-7
-88
80
-17
-3
93
-128
43
81
-137
46
68
-94
-41
32
0
-39
-80
150
-88
27
152
-232
84
61
-95
163
-126
-47
194
-94
0
-42
107
11
-130
177
-77
-79
178
-166
-10
221
-299
63
173
-94
24
-15
81
-91
-15
116
-115
58
-7
-150
150
-46
-93
142
-140
-47
160
-188
97
62
-177
164
-28
-113
112
-44
-9
129
-80
-2
97
15
25
-67
-31
176
-59
-20
135
-167
145
-37
-196
297
-63
-98
137
-163
125
91
-311
116
137
-142
-34
17
-119
143
-15
-170
208
-60
-19
115
-125
51
-45
-82
117
-204
-41
195
-165
-76
196
-38
-112
-3
-112
34
175
-196
-80
183
-111
-37
159
-179
111
81
-107
117
55
62
-132
78
118
-128
46
73
-40
105
-188
32
276
-182
-65
118
-26
-62
-95
95
52
-157
124
-128
-3
181
-194
91
81
-152
90
-76
-4
239
-165
-80
222
-102
-68
110
-192
138
85
-267
192
72
-210
79
50
46
46
-120
173
-41
-61
245
-97
-78
147
-174
56
181
-196
-22
145
-88
-23
98
-194
36
68
-124
51
-46
-111
77
55
-47
-101
74
-26
-68
122
-84
-39
153
-4
-136
125
0
-147
134
-73
-58
87
-80
90
-6
-112
-7
-8
115
-8
-69
134
-64
-34
74
-58
155
-2
-223
131
110
-133
48
-26
-46
78
-56
-64
72
-28
-71
24
-29
11
-60
83
113
-146
70
-30
-38
137
-109
130
-19
-100
161
-164
-33
82
-127
9
96
9
-72
131
76
-150
104
46
-102
151
17
-128
96
-2
-66
3
-27
9
22
6
-129
95
56
-248
197
-38
-209
230
-21
-109
72
-16
-91
-35
83
-92
2
99
-130
82
127
-145
-8
109
-51
86
-45
-28
92
-42
21
-28
124
135
-152
35
87
-49
60
-96
83
7
-143
116
-49
-48
56
-61
46
113
-154
-94
107
-25
-34
107
-78
-54
64
-74
-12
134
-201
-64
169
-88
54
1
-54
60
30
77
-105
-29
263
-242
89
205
-326
149
-57
-156
293
-257
23
201
-338
169
15
-174
220
-113
47
87
-174
151
-31
-118
128
-16
-99
24
-51
18
61
-63
-36
35
-7
64
-83
-79
151
-173
-25
227
-192
37
9
-97
251
-139
-52
83
84
8
-194
205
39
-169
252
-108
-14
204
-197
10
113
-3
-1
111
-7
-150
70
138
-127
118
-18
-193
120
-61
-75
113
-96
-80
130
-92
-10
91
-62
-39
33
-50
32
-71
7
85
-128
106
-37
-25
127
-161
23
118
-104
99
-15
-74
132
-32
-54
104
21
-55
72
-74
-3
140
-143
47
142
-190
75
46
-123
112
-32
-26
26
-43
22
-121
40
109
-146
77
42
-107
74
-58
-104
89
24
-98
81
14
-128
75
-21
-46
-16
-47
77
63
-46
-20
59
72
-7
-92
10
35
-52
31
62
-91
72
-83
-33
263
-237
-103
269
-130
-11
103
-173
28
78
-141
1
174
-150
-27
148
-150
92
-19
-178
262
-21
-75
90
-36
86
-47
-2
87
-33
24
-5
43
103
-154
17
162
-109
-89
79
-39
-135
88
14
-126
142
-81
-26
78
-231
116
182
-178
35
139
-194
2
203
-89
2
100
-174
64
97
-51
56
-78
-45
102
-109
-41
34
-68
130
-52
-41
107
-170
63
137
-115
91
-53
-132
115
1
-48
7
-41
-21
-26
41
128
-48
5
63
-70
88
117
-96
31
94
-182
25
57
-42
105
-51
-104
93
8
-14
9
-24
0
-53
-24
36
41
-193
18
94
-136
103
-23
-98
161
-58
-30
106
-46
-33
3
-63
30
129
-79
-49
94
-26
-79
97
81
-118
30
72
-93
90
-18
-145
123
78
-89
-32
49
-26
57
8
-76
28
9
-77
-37
85
-82
-29
106
-98
5
64
-68
48
12
-100
63
70
-161
69
46
-76
105
-31
-58
78
27
-17
40
107
-7
-9
-25
-48
120
-114
-8
45
-48
34
-54
48
-5
-71
84
26
-66
41
15
-79
103
25
-89
17
-97
134
65
-243
28
36
-95
129
15
-113
92
-25
-24
81
-45
-66
31
58
-51
-18
-5
41
39
-54
59
-69
26
106
-123
62
22
-42
86
-95
-9
142
-50
-48
94
-108
-44
166
-107
-18
118
-155
3
91
-66
-1
-71
35
85
-91
2
-31
-2
129
-219
28
95
-56
116
-139
31
97
-137
-34
136
22
-15
10
-67
23
47
-48
57
-87
66
31
-88
160
-116
27
62
-137
104
-9
-57
80
-94
83
43
-102
38
-4
21
57
-104
11
110
-5
-73
-82
95
-31
-17
26
-96
94
8
-56
55
-22
70
-81
0
96
-81
86
-79
4
111
-124
8
46
19
-12
-7
15
-31
79
-74
-36
76
-46
39
-71
18
77
-78
-5
-8
15
-5
-55
-29
33
-33
-7
37
-63
58
-32
-67
87
-25
49
-85
6
159
-135
31
67
-15
-18
-2
19
20
2
-40
-6
30
-7
-34
-3
-9
25
32
-12
-10
77
-47
5
48
16
-62
-22
93
-31
6
-50
-10
74
-58
-61
78
20
-16
-38
-39
34
14
-42
17
0
-62
-1
56
50
-36
-15
-67
79
51
-18
3
-20
47
-56
6
51
-54
20
7
-47
116
-57
-83
57
26
-80
30
19
-67
85
-62
21
41
-76
64
36
19
-15
-106
67
5
-26
4
-76
29
-11
-2
49
-56
31
0
-20
120
-83
-41
139
-80
-72
-25
-31
141
-30
-27
24
-54
75
24
-25
15
-9
-42
19
71
-84
5
9
-65
166
-10
-35
44
-77
30
72
-50
-79
-2
85
5
-27
5
-64
-38
73
19
-123
91
-29
-63
134
-26
-63
-44
22
79
20
-44
-54
34
14
9
66
27
5
-92
-52
118
-37
-39
56
-80
16
56
16
-4
-19
-32
-22
63
-3
-56
1
-37
-11
52
-1
7
-8
-54
-30
69
29
-92
-34
25
30
5
70
29
-12
1
-121
100
85
-80
69
-79
-114
81
1
37
57
-159
-50
150
29
-33
17
-43
23
67
-69
-24
164
-78
-112
129
-63
-12
50
-80
24
61
-19
-13
27
-59
5
60
-96
25
16
2
13
-83
87
42
-43
-43
-106
122
43
-116
39
-45
40
38
-10
54
-25
-41
59
36
-13
11
-51
-2
9
38
-9
-63
39
58
-47
-51
24
76
7
-53
-9
23
25
-56
3
10
-54
0
-6
13
68
-60
-57
77
53
-72
10
36
0
14
-65
-21
-17
13
7
-72
53
45
-47
44
-18
1
40
-30
50
-8
-91
25
108
20
-41
27
-75
-41
26
25
23
-23
-66
-48
77
63
-16
-36
10
-20
10
26
-28
-20
-38
9
22
15
21
-71
93
42
-136
81
42
-68
-11
-42
49
49
-82
-16
80
50
-73
-2
72
-20
-24
1
28
37
-30
-58
-14
40
69
-134
-33
137
-9
-4
-23
21
52
-33
6
-38
32
26
-87
22
-7
13
21
85
-8
-215
9
83
-9
85
-151
-108
142
-70
75
159
-84
32
-21
-51
107
25
21
-52
-25
42
-86
27
35
-115
9
46
8
-12
-46
-61
50
38
-88
3
42
-4
-15
-27
56
57
-46
4
-15
-7
53
-8
-28
8
-27
-8
-5
21
32
32
-15
-14
53
-41
-22
4
-5
-39
-24
40
27
-14
-28
-25
61
101
-4
-52
-12
7
-51
48
-15
-53
55
-4
12
13
-26
12
36
-19
-38
26
54
27
-35
-77
8
11
-4
10
-43
2
59
-8
-6
-30
-35
67
7
25
-27
-50
21
-23
14
10
27
42
-81
-5
34
-61
35
36
-11
21
-7
47
59
-54
17
47
-39
-30
12
7
-30
-41
-28
-25
-17
-67
27
73
18
23
-91
12
74
-16
55
28
-25
-7
-19
-14
-8
-21
-46
50
5
-38
9
28
45
-57
3
44
17
70
7
40
66
-60
-44
14
41
-10
-10
-13
-17
44
-55
-59
10
18
15
3
15
-25
7
15
-55
2
-16
-19
7
-86
-45
-24
-59
8
-24
-55
-26
8
46
-55
-49
27
-10
6
16
13
12
34
-20
-106
-38
-28
-34
18
-10
-36
-38
-53
-34
75
119
16
88
118
-8
85
77
29
104
26
62
97
0
57
14
-54
-28
-68
-4
14
-6
-25
-57
-24
3
-23
-48
6
16
-6
23
-14
9
29
-12
8
-64
-30
9
-60
-37
-42
-79
-21
1
15
1
-14
-9
-57
-15
-60
-52
24
-42
-37
-7
-64
-98
-104
-67
-41
-60
-61
-62
-55
-89
-85
-58
-95
-98
-84
-111
-56
-56
-140
-83
-60
-97
-29
-36
-1
75
28
69
94
91
168
163
170
277
254
199
250
268
308
350
289
269
304
318
287
227
219
232
231
277
312
282
308
290
257
294
247
201
218
176
112
115
119
38
-1
16
-35
-38
-55
-137
-106
-87
-117
-80
-42
-77
-99
-144
-63
-13
-503
-958
-1049
-1056
-827
-1046
-1355
-1109
-1192
-1296
-1339
-1250
-995
-1264
-1397
-1124
-663
-282
-453
-353
-14
30
161
332
762
1007
870
965
1185
1444
1375
1113
1209
1085
794
678
575
562
285
-60
-106
-92
-137
-333
-384
-329
-473
-518
-416
-183
-100
-201
-40
160
335
447
551
802
903
958
1025
1197
1443
1310
1209
1304
1267
1210
1055
928
845
671
453
280
244
101
-50
-99
-143
-135
-248
-304
-203
-161
-138
-255
-339
-229
-171
-108
-101
-133
-138
-128
68
305
-236
-1640
-2571
-2675
-2177
-1839
-2374
-2558
-2402
-2614
-2752
-2874
-2592
-2353
-2820
-2770
-1853
-640
-23
-241
-153
197
376
629
1210
2031
2295
2109
2194
2698
3106
2762
2242
2027
1744
1549
1500
1553
1428
650
-66
-248
-233
-286
-638
-945
-1174
-1485
-1496
-1156
-910
-1211
-1665
-1750
-1285
-480
-85
209
534
546
739
1107
1577
1868
1698
1638
1881
2302
2473
2228
1890
1422
1099
907
853
979
869
581
357
383
486
301
-48
-292
-370
-383
-214
179
293
168
-61
-89
210
109
-147
-154
-5
354
421
434
510
268
-14
-560
-1209
-2198
-3433
-3501
-3024
-2763
-2999
-3788
-3738
-3691
-4039
-4018
-3906
-3322
-3096
-2950
-1781
-699
27
51
-106
637
1149
1678
2465
3139
3713
3503
3305
3533
3532
3331
2731
2389
2313
1810
1508
1188
647
-32
-1000
-1367
-1275
-1335
-1484
-1776
-1868
-2044
-2263
-1995
-1604
-1309
-1218
-1013
-444
122
586
672
759
1114
1274
1570
2016
2345
2384
2134
2083
2122
2096
1905
1496
1323
1125
785
662
537
458
283
82
190
325
340
244
64
134
221
202
480
691
791
858
783
910
878
748
766
499
540
505
182
156
-197
-744
-1094
-1235
-1205
-1877
-3289
-4914
-5570
-4865
-4472
-4172
-4292
-4658
-4141
-4050
-3841
-2994
-2480
-2003
-1852
-1021
670
1811
2437
2289
2246
2718
2896
3386
3945
4171
4109
3401
2972
2850
2598
2016
877
265
-6
-409
-642
-1229
-1753
-2265
-2912
-2867
-2624
-1982
-1533
-1984
-1939
-1577
-1027
-224
67
268
541
889
1517
2139
2565
2607
2397
2181
2178
2437
2543
2313
1767
1305
1170
1017
837
636
274
-72
-358
-467
-342
-217
-151
-140
-24
422
726
819
829
722
803
948
1200
1538
1679
1673
1459
1207
1110
884
717
570
292
28
-224
-467
-698
-1012
-1430
-2127
-3260
-4816
-6241
-6047
-4737
-4073
-4490
-5475
-5555
-4593
-4155
-3859
-3007
-1927
-1163
-942
23
1902
2987
2651
1959
2465
3767
4300
4413
4640
4716
3994
2645
2107
2373
2228
1273
95
-345
-498
-1124
-1894
-2585
-2928
-3229
-3447
-2836
-1964
-1550
-1689
-2041
-1836
-1134
-267
677
1405
1724
1810
2077
2524
2859
3033
2895
2699
2708
2625
2572
2360
1660
823
259
166
298
300
7
-524
-940
-1227
-1328
-1019
-562
-121
250
563
877
1087
1116
1060
1193
1583
1982
2277
2442
2341
2000
1671
1419
1169
1032
703
327
184
-144
-577
-967
-1467
-1635
-1670
-2418
-3670
-5299
-6645
-6466
-5587
-5016
-4856
-5322
-5453
-4985
-4293
-3269
-2572
-2042
-1463
-725
746
2085
2842
3180
2938
3011
3554
4241
4982
5008
4405
3550
2779
2434
2087
1857
1401
396
-492
-1289
-1749
-2052
-2751
-3227
-3302
-2995
-2409
-1903
-1455
-1482
-1844
-1826
-1106
208
1235
1839
2156
2097
2176
2366
2707
3126
3072
2800
2587
2506
2362
1767
1006
374
25
-46
22
176
-42
-734
-1340
-1574
-1348
-836
-293
240
660
904
954
979
1157
1300
1552
1993
2368
2701
2678
2306
1815
1359
1187
1165
1048
868
463
-55
-461
-1014
-1427
-1576
-1722
-1861
-2606
-3957
-5220
-6410
-6451
-5724
-5518
-5290
-5375
-5259
-4445
-4247
-3926
-3090
-2204
-991
-88
961
2169
2781
2938
2741
3254
4356
4741
4857
4782
4600
4215
3104
2357
2187
1971
1459
412
-279
-750
-1704
-2576
-3339
-3489
-3067
-2889
-2540
-2121
-1964
-2080
-2328
-1931
-947
182
1145
1731
2166
2310
2364
2546
2734
3081
3261
3200
3149
2865
2374
1687
938
447
235
261
230
31
-334
-953
-1406
-1580
-1418
-836
-322
205
620
730
862
798
881
1316
1761
2358
2728
2643
2473
2268
2042
1861
1618
1308
1055
887
500
113
-373
-1114
-1580
-1909
-2419
-3196
-4599
-6161
-6842
-6445
-5600
-5385
-5812
-6259
-6106
-5342
-4563
-3681
-2671
-1868
-1136
-312
961
2475
3174
3075
3103
3825
4828
5427
5500
5264
4809
4047
3122
2781
2911
2527
1510
237
-753
-1317
-2027
-2784
-3170
-3362
-3401
-3287
-2901
-2447
-2447
-2740
-2735
-1979
-807
236
1061
1571
1909
2120
2177
2626
3304
3651
3564
3215
2949
2740
2388
1849
1259
869
567
259
27
-284
-733
-1277
-1676
-1598
-1152
-691
-338
-78
128
290
397
614
1139
1736
2127
2401
2482
2474
2421
2195
2136
2160
2018
1813
1347
881
512
-58
-611
-1069
-1332
-1614
-2347
-3635
-5309
-6695
-6942
-6190
-5365
-5217
-5847
-6298
-5937
-5244
-4493
-3591
-2503
-1425
-680
149
1443
2664
3084
2870
3136
4236
5327
5723
5516
5172
4641
3724
2989
2853
2899
2444
1234
-56
-907
-1577
-2313
-3012
-3358
-3438
-3367
-3221
-3108
-2926
-2934
-2996
-2581
-1719
-640
297
909
1321
1630
1985
2452
3102
3606
3693
3544
3229
2945
2699
2344
1900
1454
1153
834
451
87
-461
-1017
-1381
-1523
-1324
-1001
-693
-411
-268
-203
-101
201
672
1133
1608
1976
2205
2365
2308
2223
2243
2222
2181
2005
1764
1489
1049
486
-177
-630
-927
-1280
-1691
-2703
-4337
-6055
-6966
-6340
-5193
-4873
-5592
-6417
-6295
-5632
-4937
-4048
-2938
-1721
-1086
-748
462
2095
2944
2777
2712
3775
5108
5653
5477
5233
4986
4118
3138
3003
3478
3350
1988
388
-517
-1107
-1797
-2541
-2879
-2863
-3200
-3589
-3541
-3218
-3043
-3317
-3232
-2294
-1200
-362
164
567
982
1230
1642
2484
3331
3693
3510
3158
2961
2875
2665
2314
2052
1776
1324
861
442
19
-484
-976
-1230
-1127
-856
-669
-595
-528
-421
-282
-62
317
697
1084
1470
1711
1956
2038
2029
2090
2102
2190
2121
1876
1829
1498
931
402
-167
-332
-463
-1064
-1864
-3288
-5342
-6465
-6044
-4832
-4254
-5317
-6652
-6609
-5822
-5174
-4605
-3537
-2222
-1821
-1830
-831
1160
2519
2242
1970
3240
4814
5326
5052
5011
5164
4505
3472
3449
4255
4270
2715
887
67
-221
-866
-1754
-2167
-2299
-2822
-3488
-3596
-3246
-3204
-3646
-3738
-2903
-1717
-1007
-683
-454
-213
275
927
1841
2899
3312
3147
2944
2873
3001
3057
2866
2556
2276
2055
1732
1314
767
147
-312
-654
-725
-579
-501
-503
-641
-690
-483
-266
-79
119
395
841
1191
1469
1672
1621
1614
1697
1768
1993
2167
1989
1616
1189
754
461
277
-59
-521
-1367
-3181
-5138
-5754
-5010
-3906
-4074
-5838
-6943
-6537
-5764
-5215
-4744
-3768
-2727
-2665
-2641
-1304
770
1733
1278
1495
3066
4576
4920
4529
4667
4972
4451
3868
4231
4963
4503
2682
1147
833
879
78
-1057
-1546
-1776
-2301
-3041
-3322
-3004
-3108
-3711
-3852
-3154
-2017
-1413
-1454
-1411
-1081
-476
289
1211
2222
2562
2275
2178
2398
2868
3171
2989
2745
2628
2477
2181
1801
1356
806
325
14
-51
92
30
-173
-348
-411
-305
-217
-118
-1
228
555
858
993
1047
1234
1254
1198
1473
1670
1869
1866
1373
1172
928
498
400
296
88
-820
-3145
-5139
-5218
-3972
-3053
-3873
-5766
-6672
-6338
-5853
-5333
-4458
-3504
-3229
-3609
-3353
-1564
373
781
399
1058
2669
3861
4122
4147
4547
4648
4105
4045
4952
5525
4581
2780
1715
1679
1726
1043
82
-474
-1124
-1989
-2487
-2523
-2442
-2826
-3599
-3761
-3102
-2400
-2151
-2183
-2092
-1737
-1287
-695
257
1132
1472
1380
1416
1887
2426
2763
2777
2701
2748
2705
2578
2336
1954
1527
1052
729
670
702
666
489
208
-10
-125
-60
43
55
162
376
560
633
659
666
576
644
997
1350
1540
1429
1134
865
713
562
542
757
669
-260
-2216
-4442
-4881
-3511
-2406
-2805
-4700
-6186
-6241
-5899
-5329
-4395
-3478
-3188
-3941
-4058
-2489
-630
139
-167
234
1788
2883
3228
3481
4008
4217
3658
3765
4877
5601
4930
3238
2233
2232
2222
1894
1280
680
-109
-1219
-1751
-1634
-1631
-2171
-2991
-3261
-2967
-2563
-2367
-2404
-2383
-2379
-2086
-1392
-773
-153
311
490
798
1116
1427
1791
2076
2326
2504
2671
2718
2506
2214
1884
1622
1499
1305
1221
1283
1212
908
586
386
256
245
287
297
468
511
357
271
90
105
310
597
1001
980
756
656
437
570
633
533
775
907
699
-496
-2847
-4554
-4143
-2267
-1342
-2718
-4897
-5926
-5505
-5048
-4924
-4081
-2922
-2766
-3606
-3950
-2607
-866
-492
-657
252
1901
2610
2317
2384
3027
3519
3464
3671
4737
5258
4252
2812
2232
2512
2691
2221
1537
1037
429
-491
-1027
-1023
-1130
-1524
-2177
-2613
-2447
-2155
-2190
-2426
-2590
-2485
-2094
-1621
-1265
-897
-574
-376
-2
423
802
1136
1253
1490
2037
2475
2664
2533
2207
1903
1774
1778
1845
1999
2032
1845
1505
1100
792
700
738
824
852
757
582
416
81
-231
-211
65
494
659
440
254
-25
-178
7
263
642
817
740
432
-898
-3162
-4535
-3591
-1366
-680
-2572
-4912
-5426
-4868
-4691
-4461
-3458
-2272
-2332
-3579
-3799
-2362
-1194
-1061
-783
613
1961
1903
1276
1523
2414
2806
2852
3670
4697
4489
3208
2202
2300
2761
2723
2352
2008
1517
617
-186
-331
-182
-315
-948
-1588
-1777
-1773
-1744
-1839
-2142
-2262
-2156
-2054
-1871
-1665
-1500
-1261
-883
-431
-42
157
152
265
810
1557
2167
2393
2165
1808
1628
1690
1981
2323
2431
2339
2122
1792
1481
1362
1344
1414
1502
1446
1233
830
351
33
-62
19
320
481
245
-143
-389
-440
-421
-263
-3
100
204
61
-199
-721
-2448
-4075
-3993
-2310
-388
-711
-3164
-5252
-5962
-4908
-2891
-1249
-778
-2128
-3986
-4453
-3094
-958
180
360
319
-9
-72
393
1344
2227
2301
2148
2459
3117
3346
2727
2198
2050
2065
2353
2502
2422
1819
717
79
158
606
820
388
-359
-1137
-1558
-1393
-972
-766
-1067
-1605
-1987
-2081
-1805
-1316
-968
-935
-1106
-1205
-1010
-535
-146
213
686
1022
1239
1380
1411
1397
1408
1606
2006
2370
2496
2290
1992
1811
1776
1913
2122
2159
1976
1584
1121
786
651
607
585
543
374
126
-255
-597
-621
-598
-623
-484
-508
-473
-467
-870
-1070
-1712
-3031
-3141
-2281
-1334
-1095
-2737
-3989
-3698
-3206
-2477
-2075
-1889
-1675
-2390
-2995
-2579
-1392
-448
-547
-540
-197
-4
149
178
788
1542
1599
1660
1885
2185
2129
1751
1787
1966
2217
2217
1774
1588
1319
1024
1095
1061
968
774
277
-176
-370
-353
-330
-360
-634
-1090
-1281
-1496
-1561
-1241
-1098
-1077
-1104
-1306
-1331
-1075
-730
-342
61
228
295
547
740
955
1241
1336
1468
1662
1731
1910
2088
2108
2052
1977
2005
2021
1956
1817
1575
1382
1122
821
846
836
550
150
-203
-307
-324
-430
-481
-563
-796
-1049
-996
-683
-736
-862
-1218
-2162
-2751
-2649
-1928
-1004
-1161
-2149
-2817
-3080
-2809
-2171
-1466
-962
-1316
-2256
-2745
-2204
-1175
-556
-219
-108
-357
-650
-703
-55
992
1472
1379
1266
1188
1181
1342
1693
2014
2172
2016
1635
1421
1275
1284
1473
1549
1403
1133
708
207
-131
-112
69
158
-37
-639
-1109
-1333
-1409
-1149
-849
-721
-822
-1178
-1427
-1309
-971
-576
-175
29
60
229
343
379
739
1049
1212
1473
1493
1596
1855
1859
1935
2037
1878
1748
1648
1514
1434
1335
1195
961
700
487
299
91
-30
-93
-254
-489
-750
-942
-944
-886
-754
-768
-889
-1072
-1153
-920
-1347
-2240
-2348
-1676
-631
-299
-1284
-1961
-2178
-2194
-1659
-880
-170
-279
-1354
-2180
-2030
-1167
-375
4
173
-232
-898
-1149
-643
365
932
818
560
352
316
521
958
1323
1367
1117
744
749
999
1228
1432
1399
1122
817
536
413
538
641
514
336
161
-117
-337
-511
-566
-348
-183
-213
-324
-605
-875
-898
-678
-301
49
176
63
-5
72
141
340
690
925
1044
1037
957
1011
1125
1146
1187
1157
973
807
716
716
719
620
434
255
173
87
20
2
-146
-379
-570
-635
-529
-449
-521
-539
-521
-615
-613
-619
-600
-330
-227
-239
-242
-578
-787
-733
-625
-284
-177
-363
-465
-749
-1021
-935
-642
-308
-341
-578
-753
-892
-913
-810
-571
-361
-419
-597
-641
-524
-295
-129
-19
65
107
66
41
196
447
618
671
605
499
412
395
523
669
719
678
529
291
126
125
168
181
215
220
129
-9
-120
-163
-120
-62
7
92
117
40
-54
-43
84
259
376
392
355
281
281
348
454
592
583
431
254
233
344
450
527
556
435
197
101
235
294
336
154
-183
-19
212
342
385
173
-35
-288
-397
-79
193
220
33
-222
-272
-282
-230
-42
27
29
-33
-197
-274
-290
-229
-180
-177
-180
-195
-295
-387
-373
-391
-473
-415
-299
-351
-488
-549
-498
-510
-539
-558
-468
-428
-574
-577
-513
-449
-361
-348
-317
-218
-195
-303
-334
-189
-73
-17
10
16
54
38
-29
-7
109
164
136
71
37
100
114
74
91
186
260
169
60
84
195
242
205
265
342
295
222
241
360
500
487
376
378
397
363
374
416
469
490
339
235
262
289
275
196
197
252
290
319
257
178
155
97
116
226
314
320
249
155
100
150
187
232
293
295
238
99
-10
11
29
36
48
26
-46
-160
-276
-325
-291
-306
-356
-359
-362
-404
-435
-486
-489
-423
-396
-406
-380
-376
-411
-412
-369
-272
-194
-164
-182
-235
-276
-256
-191
-157
-166
-197
-269
-286
-273
-271
-241
-250
-294
-347
-415
-404
-282
-208
-228
-270
-307
-301
-228
-189
-162
-86
-29
-72
-81
50
168
187
141
163
286
333
289
326
354
282
252
316
456
545
457
302
225
233
274
313
355
390
323
244
254
285
282
261
289
334
358
321
270
268
304
339
356
412
399
320
276
224
252
288
256
268
255
158
91
96
71
31
-10
-47
-42
-36
-50
-108
-139
-144
-187
-189
-187
-222
-259
-300
-310
-281
-237
-217
-244
-307
-337
-318
-297
-244
-245
-340
-373
-374
-400
-385
-358
-333
-308
-292
-318
-402
-456
-417
-309
-207
-184
-207
-267
-336
-329
-248
-116
-43
-59
-83
-91
-80
-44
25
91
118
113
103
111
110
128
152
147
135
133
167
155
108
73
39
56
124
148
183
185
106
59
74
121
182
239
224
159
120
149
233
302
358
332
263
266
294
337
393
404
376
331
259
227
238
286
291
196
178
210
177
140
127
119
98
66
24
16
15
-47
-81
-83
-134
-146
-128
-145
-167
-205
-209
-194
-231
-257
-264
-284
-300
-301
-279
-259
-322
-401
-379
-276
-202
-214
-242
-276
-320
-281
-190
-127
-80
-115
-179
-167
-162
-152
-106
-58
-7
19
-15
-22
38
48
22
40
78
105
71
4
-19
1
14
32
50
46
26
-29
-58
-49
-7
64
114
67
-39
-89
-36
84
173
186
161
113
67
72
96
151
227
249
253
217
157
210
257
259
292
306
300
274
220
215
248
261
270
224
171
139
78
58
70
93
113
68
24
-26
-130
-179
-141
-115
-72
-58
-142
-243
-294
-287
-251
-196
-172
-193
-232
-289
-310
-278
-263
-254
-245
-231
-233
-244
-226
-207
-174
-156
-169
-167
-147
-113
-85
-69
-48
-54
-102
-95
-4
68
83
71
40
24
23
8
22
83
99
91
97
76
54
43
60
95
93
71
49
56
81
111
121
70
57
80
55
59
79
92
140
166
151
122
74
72
115
148
182
201
185
145
155
191
205
214
222
220
221
214
182
177
175
174
195
169
124
95
46
53
101
114
83
-6
-109
-159
-195
-182
-122
-125
-134
-210
-309
-331
-337
-308
-287
-264
-230
-285
-336
-334
-344
-307
-240
-197
-180
-212
-239
-197
-163
-172
-175
-123
-66
-52
-59
-86
-87
-98
-85
-22
18
42
16
-8
-16
-56
-68
-26
59
108
89
42
-5
-1
31
71
117
145
112
65
72
92
97
121
167
199
175
135
142
139
115
121
141
182
193
154
146
139
130
128
132
144
141
143
155
194
198
163
156
159
166
172
185
213
219
211
189
152
107
93
100
111
122
124
117
67
-41
-133
-127
-106
-104
-75
-81
-130
-212
-304
-319
-299
-275
-235
-233
-272
-320
-339
-332
-332
-306
-237
-162
-155
-190
-213
-219
-205
-206
-152
-71
-42
-71
-135
-167
-143
-89
-25
19
3
-60
-100
-83
-52
-55
-50
6
40
18
-22
-17
9
14
22
57
79
73
76
105
113
104
131
129
120
132
133
156
179
181
162
144
146
142
157
163
168
186
178
153
123
102
128
168
171
175
157
147
161
149
178
198
176
170
169
174
165
135
102
101
91
85
108
83
59
-1
-93
-103
-66
-34
-54
-110
-179
-241
-264
-267
-217
-165
-203
-271
-285
-261
-260
-250
-246
-243
-205
-197
-192
-140
-143
-186
-175
-140
-91
-59
-62
-117
-167
-158
-121
-48
0
-17
-49
-81
-98
-85
-65
-61
-54
-31
-26
-26
-27
-23
-39
-36
44
87
74
72
75
80
81
98
140
160
165
166
141
135
169
189
168
151
155
141
147
159
134
144
147
89
92
132
126
125
135
134
132
91
66
115
181
198
163
154
126
86
102
112
127
140
93
64
63
52
38
-7
-37
-30
-35
-45
-58
-116
-184
-198
-178
-144
-130
-153
-200
-260
-272
-232
-205
-159
-147
-193
-212
-204
-175
-144
-151
-160
-147
-119
-93
-86
-95
-138
-181
-167
-104
-39
-2
-14
-81
-130
-148
-124
-55
2
4
-37
-62
-57
-33
-38
-26
43
61
46
62
72
88
109
96
105
143
155
148
138
138
152
167
163
140
117
94
107
124
110
106
113
120
99
72
67
86
114
135
145
126
88
82
108
141
146
129
135
148
156
140
115
117
147
160
117
51
26
20
-6
-5
0
13
-3
-107
-168
-179
-153
-103
-96
-138
-178
-226
-250
-220
-214
-200
-176
-167
-171
-183
-180
-161
-135
-108
-92
-88
-88
-108
-139
-129
-101
-86
-58
-43
-36
-56
-90
-116
-124
-93
-80
-75
-50
-67
-86
-77
-82
-79
-50
-18
3
0
-23
6
42
48
68
74
99
135
131
127
134
143
160
196
212
179
142
122
109
121
141
143
147
140
111
93
87
62
73
114
115
101
105
96
99
121
112
99
115
135
157
157
159
140
95
79
41
32
49
21
36
83
45
-40
-85
-110
-138
-146
-151
-136
-87
-96
-173
-218
-223
-230
-184
-133
-133
-130
-154
-181
-149
-129
-121
-76
-78
-106
-119
-126
-82
-45
-60
-94
-92
-63
-68
-88
-120
-123
-101
-102
-86
-77
-87
-111
-137
-123
-109
-89
-30
-4
-28
-41
-58
-45
9
32
66
140
139
105
111
76
84
154
172
215
228
172
135
132
131
112
131
161
167
174
150
127
117
98
95
103
116
125
145
175
176
144
117
111
124
132
141
155
160
133
74
39
36
43
46
48
44
20
1
-49
-99
-127
-155
-144
-132
-137
-139
-179
-214
-226
-241
-213
-182
-147
-118
-144
-161
-159
-157
-130
-103
-85
-79
-90
-72
-54
-66
-67
-62
-53
-61
-75
-69
-72
-72
-80
-109
-97
-82
-103
-117
-138
-141
-120
-111
-108
-98
-80
-89
-66
-48
-56
2
33
49
63
49
85
114
123
136
167
183
174
173
167
171
173
152
158
165
149
169
190
175
150
135
133
122
124
142
154
144
126
138
127
127
141
112
133
145
135
144
136
107
49
21
23
41
47
24
10
-26
-81
-134
-156
-129
-129
-164
-178
-181
-169
-160
-183
-210
-202
-190
-167
-142
-110
-99
-114
-121
-113
-54
-12
-6
-23
-54
-52
-36
-31
-20
-23
-32
-40
-96
-119
-81
-50
-59
-90
-96
-117
-151
-154
-146
-115
-101
-101
-109
-108
-98
-96
-50
-14
-8
8
25
42
51
51
86
115
105
103
91
98
128
125
109
116
130
141
138
122
112
132
156
135
115
136
136
120
127
140
158
176
165
130
126
149
177
176
143
115
93
88
75
51
53
41
4
-5
-11
-47
-62
-84
-109
-109
-105
-90
-101
-153
-178
-155
-146
-146
-119
-98
-91
-112
-123
-79
-49
-43
-65
-57
-12
-5
-21
-32
-24
-16
-28
-33
-28
-37
-46
-55
-83
-98
-99
-92
-96
-109
-107
-118
-152
-176
-164
-125
-96
-113
-113
-84
-75
-68
-68
-58
-31
-13
14
57
76
81
74
63
70
77
84
92
117
125
113
113
115
100
85
88
103
136
161
140
85
59
92
116
119
130
152
173
158
129
108
114
139
140
150
145
104
92
90
72
70
51
27
14
-9
-29
-57
-63
-60
-79
-107
-121
-138
-163
-146
-131
-127
-107
-98
-95
-115
-137
-120
-87
-57
-50
-53
-55
-51
-42
-25
-29
-44
-26
-8
-14
-19
-26
-41
-54
-78
-89
-81
-76
-83
-88
-77
-96
-126
-137
-143
-108
-66
-74
-81
-65
-58
-55
-38
-21
20
44
34
38
21
40
96
80
68
86
76
67
62
76
98
112
98
62
55
71
79
89
113
112
100
86
63
80
112
115
127
121
124
127
94
84
101
131
147
125
104
87
64
65
71
62
48
20
-5
-24
-34
-41
-57
-62
-65
-93
-118
-107
-119
-116
-74
-78
-78
-84
-150
-149
-92
-89
-74
-57
-70
-76
-81
-74
-49
-38
-53
-60
-66
-67
-40
-45
-90
-106
-84
-42
-27
-58
-78
-72
-58
-66
-66
-39
-48
-50
-37
-41
-27
-32
-34
1
29
10
-17
5
18
28
61
51
49
69
50
48
71
77
76
83
62
55
77
50
35
47
62
88
76
56
49
44
58
65
73
104
103
84
78
83
106
123
132
124
114
110
87
67
65
68
69
57
45
39
16
-17
-34
-44
-46
-42
-41
-61
-86
-88
-81
-95
-98
-65
-72
-92
-99
-109
-84
-64
-71
-59
-56
-73
-60
-54
-48
-45
-63
-61
-42
-46
-53
-55
-59
-45
-43
-70
-70
-80
-91
-86
-95
-72
-56
-63
-58
-64
-63
-44
-36
-32
-6
14
23
19
24
53
70
75
75
78
72
61
59
61
58
59
51
47
54
54
45
29
6
8
30
25
25
56
58
41
12
-14
22
43
48
74
84
92
82
70
79
94
95
105
102
78
65
46
71
88
63
66
52
21
15
16
13
4
-21
-33
-37
-44
-43
-50
-44
-64
-87
-66
-67
-73
-77
-79
-53
-51
-70
-72
-67
-62
-67
-74
-60
-28
-17
-26
-55
-82
-68
-60
-59
-73
-78
-80
-84
-88
-108
-96
-78
-64
-57
-58
-68
-78
-68
-35
-1
-5
-6
5
21
45
62
69
73
81
92
98
94
74
54
57
78
102
95
68
39
19
5
-4
6
22
26
19
25
23
18
8
-16
-12
8
27
58
82
69
60
64
65
78
76
72
77
92
88
70
83
80
58
31
14
28
23
-11
-26
-13
-18
-26
-30
-49
-56
-52
-62
-57
-39
-45
-48
-35
-38
-57
-59
-36
-30
-31
-39
-53
-48
-54
-56
-39
-53
-74
-72
-79
-80
-65
-76
-95
-95
-110
-111
-94
-104
-100
-84
-75
-44
-19
-27
-27
-12
2
18
26
34
77
114
92
61
74
103
108
91
72
84
103
98
84
80
72
48
40
48
43
18
-14
-23
-11
-7
-33
-54
-46
-39
-36
-19
8
28
26
19
28
47
68
56
66
95
84
74
84
90
85
71
50
42
52
36
21
19
-7
-14
-10
-11
-9
-12
-9
-13
-44
-58
-48
-48
-50
-53
-49
-52
-73
-80
-76
-51
-50
-83
-82
-67
-59
-60
-60
-59
-58
-71
-82
-78
-82
-93
-91
-72
-77
-86
-80
-74
-68
-65
-51
-36
-29
-20
-23
-13
4
4
15
13
14
45
53
86
123
143
169
167
170
149
115
104
84
75
70
83
114
102
100
89
68
39
-30
-29
-47
-70
-52
-84
-69
-40
-36
2
20
28
29
-1
-19
-15
-16
-15
-30
-19
2
21
46
44
64
92
110
123
140
176
189
165
79
-17
-23
-79
-131
-150
-231
-186
-173
-161
-83
-78
-46
-41
-21
11
46
76
49
46
23
4
6
-27
-43
-80
-82
-88
-146
-139
-143
-141
-138
-168
-126
-105
-91
-34
-10
-39
-55
-63
-52
-5
-37
-74
-56
-36
-25
6
39
67
103
111
144
196
199
206
196
165
134
96
106
78
53
39
-3
29
37
11
12
8
18
26
5
-15
-10
-41
-61
-27
-48
-44
-8
-26
3
24
21
66
71
41
25
23
34
39
32
26
47
49
35
45
76
58
14
18
10
10
10
-12
-3
-11
-33
-26
-18
-12
0
3
-26
-27
-16
-35
-18
-8
-20
-45
-77
-61
-50
-59
-73
-91
-73
-68
-91
-102
-109
-82
-89
-131
-120
-99
-119
-127
-113
-92
-80
-76
-52
-30
-17
-41
-26
3
17
63
54
64
122
69
70
83
76
123
91
86
116
86
83
94
92
95
42
21
37
31
45
45
19
35
18
5
-4
-44
-11
-18
-16
-4
-38
-28
-12
11
43
16
1
11
38
38
44
56
7
32
29
22
86
79
77
71
41
92
77
45
49
16
24
28
17
16
0
20
1
-26
-18
-59
-52
-34
-61
-76
-81
-53
-67
-79
-74
-128
-111
-116
-99
-48
-118
-55
-12
-86
-58
-90
-83
-70
-131
-93
-118
-128
-65
-88
-66
-23
-9
3
9
33
-29
-20
1
-30
51
46
84
185
109
93
118
68
108
73
11
61
95
118
75
38
120
124
19
8
13
-9
19
-44
-104
-2
-15
-20
56
-53
-15
43
-60
-5
-37
-6
8
-99
52
49
-7
169
88
52
137
-6
-8
-3
52
110
-17
75
84
43
82
-18
54
-6
-92
24
-101
-68
69
-11
-7
-72
-5
68
-48
-10
-48
-128
-23
-37
-40
49
-70
-23
10
-157
-58
-5
-198
-73
37
-161
-88
5
-135
-1
-67
-179
3
-70
-46
-76
-72
51
-10
-15
-13
72
91
-71
104
7
-90
93
-17
82
70
-14
142
97
23
180
-33
-2
204
-33
-61
33
98
21
-19
149
22
40
19
-159
120
-8
-263
48
109
-87
101
-49
-76
251
-157
-123
251
-164
-90
116
-88
57
62
41
56
33
71
12
179
-41
-156
318
-93
-144
469
-55
-88
281
-246
12
214
-403
14
380
-366
-26
319
-356
185
64
-484
324
-47
-428
124
-58
-71
58
-94
20
-8
-44
-310
-192
277
-275
-76
129
-248
181
-47
-238
77
-105
-24
8
27
-47
-19
209
-41
-6
263
-149
-87
343
-312
22
315
-272
199
125
-219
396
-51
-64
291
-174
200
-47
-176
180
-80
13
179
-210
116
72
-246
76
-321
-35
162
-324
128
176
12
167
5
-196
-262
215
12
-181
109
-35
142
140
131
209
127
-53
-198
195
68
-95
373
67
57
209
-150
294
122
-257
10
-190
-210
63
-70
48
69
198
-264
-409
428
-435
-242
217
-518
136
111
-212
245
-223
78
184
-337
-211
-51
9
-78
271
134
-79
92
-111
-61
27
-288
160
45
-245
213
-183
53
43
-259
390
-50
-88
154
-501
332
186
-145
366
-147
190
234
-121
127
-41
-32
177
-77
-93
-96
172
57
-42
28
-262
123
128
-236
-141
-113
146
-10
-270
200
-95
88
294
-475
92
171
-469
349
242
-44
330
-88
-37
191
-148
37
344
-133
-218
333
146
1
221
-143
-48
132
-210
-73
118
-179
-233
163
186
-122
-92
32
-242
-216
234
60
-183
89
-129
-54
210
-297
48
94
-385
299
85
-370
336
-120
-286
216
-219
-81
33
-175
197
-126
76
263
-226
251
-66
-194
303
-147
98
201
-209
272
10
20
123
-238
104
262
-136
-92
189
-169
-8
149
-118
56
29
-195
37
-88
-9
87
-368
61
223
-160
-72
56
-66
-274
40
172
-183
45
110
-144
155
47
40
53
-81
69
-289
208
206
5
518
-120
153
108
-246
352
-192
-27
297
-246
302
77
-370
311
-225
-92
113
-692
19
222
-82
184
-13
-4
-52
-209
-157
-112
212
-8
-219
85
-19
233
151
-224
-169
-243
-10
-58
-40
106
-35
45
352
36
-260
0
-208
55
67
77
268
-138
220
153
-149
232
-238
-141
385
-416
-57
552
-325
-83
273
-271
-23
271
-301
-170
338
-62
-77
404
-141
-2
46
-229
280
-129
-186
27
87
-60
-171
-29
44
-50
82
218
-25
-13
48
-104
11
111
-228
55
86
-103
82
-108
304
-109
-198
358
-242
142
14
-36
108
-148
280
75
-212
235
-105
-264
418
-303
-134
193
-154
119
8
-88
45
-178
-192
300
-121
-148
166
-27
76
5
-118
17
-302
-29
283
-230
107
100
-253
280
-55
-158
143
-90
-63
-15
54
28
62
-97
76
50
-95
74
-99
-234
352
-11
-188
401
-224
-34
356
-192
70
-23
-456
466
-9
-346
445
-146
-13
240
-189
-90
-30
-11
-126
-12
325
-156
-244
251
29
-104
-45
-78
-40
154
-60
-89
349
-45
103
360
-244
21
82
-222
97
58
-80
42
150
54
-30
209
-53
-242
238
-230
-67
308
-318
271
130
-275
-37
-116
121
-97
-182
-91
89
86
-227
53
199
-365
206
218
-479
338
-171
-295
454
-275
5
448
-440
3
316
-195
61
-77
-29
12
-160
159
-93
-88
157
-96
44
136
-227
-40
274
-207
-83
198
-109
-27
-56
33
297
-239
-105
373
-249
-19
445
-384
45
481
-473
137
428
-564
255
147
-477
170
-136
-98
263
-271
99
379
-242
129
27
-232
126
-164
-195
304
-67
254
34
-259
271
-24
4
75
-199
-52
253
-168
107
302
-74
-17
-296
-15
-2
-320
187
-330
-39
472
-141
337
60
-221
228
-211
-26
171
-156
170
193
-188
238
268
-475
43
142
-489
64
123
-268
69
160
-241
11
10
-182
37
-172
39
-214
-92
251
-265
299
111
-303
376
-20
-183
110
-34
74
71
218
-47
-9
372
-88
-81
41
-191
71
61
-149
283
-125
-18
256
-179
166
-88
-141
75
-251
-85
11
-157
179
81
-192
151
-61
-206
37
-116
-91
137
-106
43
295
-38
17
86
-8
-98
59
42
45
238
-170
-25
357
-122
-73
180
-204
18
113
-145
27
-155
-113
-41
29
227
-247
18
195
-205
224
45
-213
261
-75
-130
190
-12
-41
-9
43
-161
-109
116
-158
28
-43
-133
136
-97
-46
91
-174
-3
-174
-33
207
-246
255
-115
18
411
-227
-26
160
-78
164
-24
-86
342
-87
-55
97
109
-145
137
63
-150
113
15
-157
-109
214
-142
-59
160
26
-23
29
-106
-94
111
-133
-133
190
-92
-173
193
-157
-231
162
-130
-11
75
-164
165
46
-67
102
154
-156
156
185
-221
241
126
-181
160
200
-308
136
115
-89
97
10
-14
-34
-52
-102
34
-104
130
-16
-12
38
-167
-26
-20
96
-57
-138
-87
-23
-133
-51
72
-59
53
17
-76
15
180
-127
-109
229
-118
24
153
-248
118
50
-85
247
-268
43
317
-307
62
219
-120
-19
136
-163
25
137
-222
102
-15
-19
101
-97
22
115
-48
150
11
-128
126
-188
80
46
-291
101
36
-142
149
-92
-102
185
-120
36
16
-81
112
16
8
116
-22
-76
112
-69
127
47
-238
166
20
89
173
-173
109
28
-138
180
-85
-94
113
-98
135
75
-127
44
13
-50
1
-99
-44
-44
-26
23
-102
26
-168
25
-61
-238
204
-118
-47
112
-190
35
77
-124
142
50
-181
143
-48
-178
293
-35
-95
239
-157
-13
71
-52
19
21
169
93
2
33
-5
-22
94
0
-99
194
-67
80
96
-185
91
-47
-83
-49
99
-45
-38
67
-93
32
-63
-60
45
-49
64
-57
-93
72
-59
57
-43
-154
64
34
-8
-18
-15
22
-4
-43
73
72
4
113
-80
86
91
-43
45
-61
126
40
-85
45
34
-24
21
-20
8
-3
-3
-35
-144
55
34
-138
34
0
-110
86
-44
29
52
-161
141
-79
-208
360
-156
-25
174
-266
194
-48
-138
193
-179
154
136
-410
297
-80
-66
273
-365
184
53
-304
375
-81
-185
178
-279
251
15
-188
264
-168
35
186
-204
195
74
-248
323
-107
-162
344
-302
-74
335
-320
88
170
-355
135
-4
-245
187
-104
-97
36
-97
32
-54
146
110
-134
1
-73
82
112
-135
170
18
8
66
-118
150
-46
-6
80
-263
227
97
-183
159
-198
87
154
-384
264
9
-321
337
-152
-16
140
-163
143
5
-59
201
-147
-91
145
-131
41
-18
-19
82
-66
96
73
-153
86
54
-114
186
-13
-164
230
-80
-101
237
-159
-142
194
-161
-40
235
-194
12
226
-127
-76
223
-86
41
26
-296
156
41
-163
128
11
-99
3
-117
3
13
-119
59
-55
50
41
-181
188
16
-132
86
-103
41
165
-181
54
106
-172
101
12
-57
69
-100
-6
173
-125
-47
95
-165
97
63
-90
87
-24
-44
-60
-33
132
1
-127
105
-2
-16
95
-112
198
-13
-316
231
80
-177
134
-118
-87
244
-75
-44
35
-123
-16
-39
-15
148
-17
-76
70
48
-54
-108
73
29
9
123
-101
128
125
-194
65
36
-12
148
-1
72
46
-116
71
-3
-12
92
-79
-11
50
-15
72
-189
-12
151
-172
116
52
-169
107
33
-115
78
-16
-99
46
84
-117
-70
91
-70
-9
26
-51
24
-22
-49
69
-112
37
104
-159
20
71
-124
88
80
-113
-19
-62
63
-23
-112
24
6
36
-23
-101
64
1
-15
62
-82
30
40
-19
60
-50
-37
45
-42
25
-12
1
72
-22
-21
-44
10
7
-45
16
27
-25
34
8
-60
118
10
-61
30
4
127
62
-82
100
-65
-117
138
-115
23
123
-131
62
34
-54
106
-46
-44
43
-48
61
100
-32
-47
-32
-4
60
-4
-43
20
96
-68
-15
129
-38
-13
46
13
-8
-34
-5
-16
2
-18
-16
79
-43
-72
34
-14
-10
22
-66
10
42
-51
-24
-17
57
23
-86
-16
40
4
-11
-81
1
73
-29
39
-53
-55
9
-34
55
-3
-102
-49
52
-68
-42
102
-47
-85
73
-33
-12
62
-170
71
43
-120
161
-4
-2
148
-104
-4
137
-70
-14
58
-32
-41
49
154
10
-36
20
-78
-45
65
-2
39
28
-84
123
1
-28
151
-132
-24
132
-100
49
65
-77
50
6
18
-1
-87
17
-84
-1
59
-55
96
-24
-53
106
-34
-10
14
-112
-21
63
1
-68
-26
-19
15
73
-53
-43
18
-43
-20
47
13
-1
11
-37
47
-4
-97
41
-66
-71
158
-80
-71
165
0
-34
5
-46
-1
15
14
-12
-27
26
-30
19
-61
-26
119
-72
-22
31
-45
52
29
13
-3
23
11
-41
126
77
-55
24
-90
-7
100
-80
37
20
-30
48
-36
-27
38
-10
-41
-2
11
2
27
74
77
13
-37
-97
2
73
-55
15
42
-51
25
42
-61
49
-43
-104
55
-12
-7
16
-15
29
10
-1
-25
-39
25
-73
-21
34
-69
31
22
-64
-1
-9
-26
37
-14
-63
51
27
-36
62
37
-6
2
-47
0
55
21
-61
-55
1
3
10
-1
-28
1
-43
-75
61
47
22
15
-102
-15
73
30
81
34
-18
-29
-25
60
62
33
2
-28
-7
34
94
27
-65
2
-15
-3
10
-51
19
9
-1
43
0
27
13
-70
-28
-8
6
7
-65
-6
24
19
19
11
-17
-40
-49
-45
64
60
13
73
-34
7
81
-59
4
-1
-18
45
-5
-26
-44
-77
35
66
-26
-22
14
36
-21
-21
16
-22
-64
-19
32
-26
3
-28
-80
-2
-24
-56
-29
-35
9
11
-16
4
-12
11
-2
24
10
-23
12
9
44
21
-8
-6
-5
28
-12
3
84
1
-25
-14
-65
17
17
16
59
-17
-1
-1
2
59
2
-16
-8
-11
3
23
37
-16
-28
20
30
85
15
-65
15
2
27
14
-16
1
-8
11
22
0
23
-37
-64
-7
-25
62
29
-4
59
-2
3
-8
-39
39
12
4
34
-1
41
49
-26
-30
5
-42
-62
-18
-47
-21
36
-33
5
24
-56
-7
-57
-51
42
16
47
-3
-59
-6
-22
8
8
-53
26
27
-17
-5
-35
-16
10
-1
-10
6
21
1
-7
-8
1
13
-7
12
-6
-7
19
5
15
5
-6
12
16
10
-15
-12
42
5
-6
-1
-40
16
57
-27
-15
13
-39
4
-19
-50
6
18
-25
-17
7
-11
-7
12
23
33
34
28
24
10
5
-1
16
37
26
16
17
-19
-10
18
-9
5
22
13
23
-13
-15
9
-18
-23
-26
-49
-31
-11
-28
-24
-8
-17
-26
-24
-40
19
29
-3
17
11
8
16
3
11
16
-14
15
9
-2
22
12
3
-13
-20
-14
16
25
-25
-10
30
39
18
-22
15
17
-56
-22
-1
-25
41
28
4
52
26
15
9
-21
9
10
9
36
-6
-18
5
2
-18
-48
-28
-7
-16
-48
-38
12
2
-28
-3
-2
-5
23
-17
-26
12
19
43
51
19
24
39
8
3
4
-27
12
2
-8
27
-1
-25
-48
-31
-39
-39
-7
-18
-8
1
-41
-29
0
-20
18
-7
-36
30
2
1
31
8
30
26
-6
-1
25
7
-4
11
9
-9
14
19
-9
-14
-27
10
5
-41
-7
-1
-25
0
-7
-7
