-37
-26
1
23
20
21
-3
-57
-65
-26
14
33
40
24
-3
-20
-22
-2
16
25
24
19
3
-14
-6
11
20
13
-20
-25
-4
14
13
-2
5
13
14
10
5
11
25
37
48
48
32
30
36
34
38
51
38
-6
-21
-12
15
18
-8
-19
-34
-47
-43
-38
-35
-63
-69
-43
-52
-55
-55
-49
-30
-34
-33
-16
-1
4
6
10
12
18
16
13
28
40
40
28
2
4
0
-16
-12
-16
-16
-21
-49
-57
-64
-69
-65
-70
-57
-58
-62
-56
-60
-61
-51
-34
-31
-21
-6
-10
-4
-2
2
19
28
38
48
42
48
54
55
55
66
85
82
82
81
85
99
90
100
120
126
135
138
145
143
127
123
125
132
131
115
114
98
82
72
73
82
66
66
45
-21
-52
-97
-104
-93
-141
-167
-185
-208
-295
-459
-570
-579
-538
-560
-626
-636
-604
-528
-536
-567
-514
-451
-407
-409
-338
-152
50
178
236
344
468
523
567
624
706
769
821
863
862
865
857
825
704
496
347
249
131
12
-49
-77
-169
-361
-520
-575
-641
-728
-789
-779
-713
-604
-501
-368
-210
-117
-25
37
158
332
429
548
661
768
869
908
934
954
974
926
829
757
691
661
593
485
412
315
203
98
19
-49
-167
-214
-216
-205
-194
-179
-80
-95
-166
-201
-253
-251
-396
-484
-454
-519
-582
-829
-1040
-1244
-1608
-1777
-1859
-1869
-1902
-2056
-1951
-1789
-1667
-1561
-1556
-1338
-1157
-1044
-773
-487
-11
436
706
1005
1217
1452
1613
1700
1847
1900
1978
2040
2014
2001
1905
1782
1582
1266
974
657
440
205
-56
-196
-384
-534
-683
-881
-991
-1102
-1157
-1276
-1448
-1388
-1268
-1068
-788
-613
-360
-157
-1
244
413
644
791
886
1033
1058
1236
1399
1410
1466
1340
1218
1106
966
962
865
838
784
724
753
617
542
420
235
93
-77
-152
-171
-145
-130
-99
-27
-57
4
67
73
167
-46
-234
-277
-482
-508
-653
-845
-1023
-1443
-1750
-2183
-2536
-2588
-2774
-2736
-2847
-2967
-2650
-2532
-2194
-1947
-1862
-1488
-1317
-986
-637
-302
435
919
1336
1682
1844
2310
2515
2560
2629
2556
2607
2486
2339
2312
2211
2085
1710
1295
892
430
88
-290
-535
-758
-1064
-1249
-1457
-1546
-1547
-1635
-1661
-1749
-1739
-1607
-1591
-1400
-1116
-757
-319
-128
243
705
986
1299
1414
1591
1790
1752
1854
1880
1876
1903
1710
1625
1474
1293
1239
1047
926
808
624
534
407
290
184
58
-50
-207
-341
-422
-456
-491
-506
-416
-351
-273
-68
69
249
293
155
76
-182
-297
-360
-631
-771
-1206
-1552
-1805
-2398
-2499
-2634
-2799
-2823
-3234
-3105
-2854
-2727
-2303
-2255
-1896
-1538
-1469
-1021
-708
-68
581
812
1337
1694
2085
2512
2640
2884
2860
2817
2785
2545
2499
2350
2245
2117
1660
1313
916
531
170
-257
-533
-948
-1232
-1440
-1669
-1623
-1749
-1850
-1827
-1918
-1732
-1644
-1555
-1299
-1127
-734
-427
-167
265
684
1198
1502
1615
1834
1963
2032
2037
1966
1941
1887
1740
1563
1425
1325
1251
1115
882
673
503
416
322
138
27
-91
-265
-355
-437
-463
-431
-494
-446
-411
-381
-98
-50
169
449
362
548
351
146
227
-221
-308
-626
-1223
-1370
-2081
-2401
-2554
-2924
-2777
-3207
-3400
-3194
-3233
-2816
-2757
-2681
-2208
-2089
-1725
-1412
-1030
-240
200
647
1101
1528
2123
2432
2707
2895
2987
3069
2939
2917
2835
2751
2678
2329
2030
1609
1263
1035
530
174
-264
-644
-859
-1354
-1522
-1623
-1801
-1757
-1955
-1983
-1830
-1772
-1518
-1429
-1341
-1137
-926
-420
-52
193
635
969
1316
1601
1705
2012
2159
2059
2025
1880
1816
1759
1563
1499
1363
1189
1125
972
868
709
497
428
263
61
-41
-208
-282
-398
-596
-507
-467
-485
-391
-401
-228
-112
-48
204
216
337
305
129
152
-129
-345
-679
-1218
-1460
-1894
-2339
-2649
-2975
-2983
-3141
-3398
-3400
-3317
-3022
-2827
-2784
-2526
-2236
-1922
-1582
-1237
-696
-106
452
942
1358
1945
2490
2854
3060
3136
3217
3234
3243
3149
3007
2938
2722
2415
2008
1603
1371
1014
537
27
-461
-800
-1124
-1453
-1705
-1890
-1999
-2124
-2192
-2112
-2003
-1870
-1735
-1589
-1389
-1225
-912
-417
-21
344
694
1060
1467
1759
2005
2220
2358
2341
2217
2145
2046
1914
1740
1573
1381
1204
1152
1036
922
783
553
395
177
-59
-232
-388
-442
-597
-733
-699
-660
-592
-548
-484
-341
-184
-66
151
303
297
258
110
103
-46
-409
-550
-967
-1429
-1773
-2355
-2589
-2878
-3167
-3251
-3575
-3478
-3301
-3189
-2832
-2821
-2576
-2206
-2073
-1618
-1274
-753
-113
248
843
1356
1880
2471
2799
3140
3298
3355
3486
3398
3271
3104
2903
2703
2379
2092
1736
1427
1102
601
206
-244
-658
-992
-1393
-1649
-1933
-2131
-2206
-2342
-2272
-2124
-1941
-1726
-1629
-1396
-1145
-959
-635
-317
139
602
921
1386
1775
2089
2372
2422
2498
2469
2327
2260
2047
1860
1640
1364
1279
1149
1019
977
878
749
546
350
149
-135
-389
-621
-796
-874
-957
-945
-850
-754
-594
-420
-177
65
169
262
354
257
170
-11
-234
-295
-605
-930
-1337
-1784
-2036
-2445
-2734
-2966
-3232
-3325
-3536
-3490
-3235
-3095
-2838
-2661
-2381
-1952
-1580
-1167
-794
-330
156
583
1110
1597
2209
2653
2897
3258
3376
3479
3560
3440
3359
3037
2716
2520
2135
1821
1465
1080
749
303
-54
-372
-708
-1060
-1495
-1782
-1979
-2186
-2287
-2319
-2223
-2142
-2068
-1864
-1604
-1248
-969
-699
-351
-33
375
756
1130
1544
1876
2196
2396
2470
2550
2521
2391
2220
2001
1809
1589
1388
1238
1097
982
874
765
626
461
312
93
-172
-464
-689
-794
-939
-998
-978
-898
-722
-544
-345
-71
191
334
408
362
231
110
-132
-315
-530
-975
-1364
-1799
-2152
-2388
-2738
-2944
-3175
-3409
-3438
-3482
-3360
-3129
-2990
-2758
-2539
-2291
-1872
-1430
-932
-404
69
565
1083
1586
2092
2544
2889
3155
3356
3433
3484
3507
3396
3239
2949
2636
2312
1874
1529
1156
756
395
-22
-341
-668
-1025
-1333
-1639
-1864
-2042
-2205
-2283
-2279
-2187
-2046
-1887
-1698
-1473
-1162
-861
-482
-37
259
627
1093
1529
1943
2191
2378
2499
2525
2513
2402
2257
2062
1819
1618
1426
1279
1189
1109
1032
892
735
629
519
268
-49
-241
-469
-714
-888
-1018
-948
-890
-864
-664
-461
-176
58
184
310
230
170
36
-218
-414
-772
-1081
-1461
-2015
-2297
-2508
-2706
-2945
-3249
-3344
-3402
-3344
-3142
-3046
-2859
-2660
-2482
-2142
-1804
-1369
-912
-481
-20
425
993
1503
1968
2483
2835
3052
3210
3330
3440
3405
3281
3102
2821
2527
2174
1859
1567
1204
843
433
74
-187
-505
-786
-1115
-1438
-1684
-1903
-1977
-2079
-2172
-2145
-2096
-1968
-1780
-1516
-1222
-882
-403
-31
390
881
1248
1652
1901
2088
2278
2328
2404
2349
2245
2137
1936
1834
1693
1555
1494
1414
1322
1142
987
866
710
499
179
-86
-346
-600
-745
-916
-1023
-1054
-1028
-850
-654
-447
-221
-11
115
69
39
-50
-164
-291
-642
-925
-1248
-1683
-2024
-2399
-2647
-2849
-3113
-3279
-3427
-3390
-3229
-3143
-2944
-2764
-2583
-2212
-1919
-1556
-1144
-781
-253
168
574
1101
1608
2136
2492
2756
3024
3251
3478
3497
3456
3342
3053
2812
2479
2144
1868
1459
1069
685
343
89
-253
-509
-761
-1120
-1367
-1628
-1789
-1861
-2072
-2182
-2183
-2151
-2028
-1832
-1542
-1207
-832
-399
30
538
1033
1448
1760
1953
2136
2260
2309
2254
2171
2104
2005
1873
1767
1743
1694
1616
1541
1412
1229
1095
928
681
418
15
-310
-504
-743
-929
-1081
-1126
-1039
-1005
-860
-644
-405
-149
-104
-31
-34
-84
-139
-357
-493
-782
-1126
-1446
-1916
-2204
-2479
-2755
-2868
-3143
-3332
-3317
-3221
-2913
-2804
-2733
-2457
-2236
-1914
-1623
-1342
-885
-444
-74
269
740
1303
1824
2258
2491
2780
3099
3261
3445
3438
3283
3133
2863
2591
2260
1899
1627
1255
875
552
211
40
-148
-468
-770
-1050
-1274
-1454
-1648
-1848
-2013
-2144
-2219
-2150
-1964
-1776
-1473
-1141
-794
-327
81
548
1017
1310
1618
1849
1968
2151
2195
2141
2091
1960
1890
1847
1805
1751
1703
1618
1536
1463
1296
1146
965
713
399
24
-317
-563
-763
-998
-1178
-1152
-1074
-1004
-861
-681
-420
-239
-78
-46
-105
-86
-229
-336
-592
-989
-1223
-1647
-2041
-2305
-2661
-2805
-3019
-3237
-3247
-3195
-2901
-2666
-2562
-2420
-2259
-1907
-1595
-1345
-1023
-756
-361
-31
302
889
1392
1896
2232
2416
2838
3118
3311
3427
3314
3211
2924
2622
2389
2046
1747
1390
1048
723
412
255
43
-159
-438
-790
-961
-1196
-1429
-1585
-1818
-2003
-2176
-2223
-2086
-1896
-1699
-1532
-1164
-722
-267
228
596
1055
1381
1550
1820
1958
2090
2170
2076
2000
1886
1876
1893
1803
1756
1665
1611
1613
1535
1414
1213
1009
722
325
9
-322
-551
-742
-1039
-1173
-1209
-1159
-985
-871
-677
-427
-218
-38
25
3
-101
-183
-345
-658
-991
-1453
-1869
-2180
-2522
-2741
-3017
-3281
-3296
-3255
-3067
-2861
-2748
-2534
-2341
-2097
-1845
-1590
-1243
-988
-699
-370
-22
438
922
1470
1916
2216
2629
3001
3291
3471
3444
3378
3224
2980
2707
2343
2029
1719
1308
946
639
458
283
53
-146
-451
-652
-822
-1084
-1307
-1589
-1839
-2030
-2214
-2260
-2238
-2087
-1861
-1678
-1271
-767
-259
244
620
1059
1437
1711
1926
2030
2145
2074
1941
1901
1855
1869
1817
1772
1790
1731
1736
1754
1692
1610
1369
1089
811
405
34
-312
-660
-940
-1190
-1286
-1269
-1240
-1101
-891
-624
-402
-288
-131
-13
-18
-109
-293
-537
-789
-1209
-1732
-2119
-2445
-2683
-2893
-3162
-3330
-3326
-3140
-2862
-2731
-2610
-2385
-2109
-1808
-1629
-1434
-1172
-851
-532
-325
29
531
1114
1640
1950
2290
2740
3159
3423
3438
3362
3309
3161
2898
2539
2174
1851
1519
1139
804
616
440
237
65
-180
-428
-608
-809
-1017
-1298
-1610
-1836
-2020
-2153
-2232
-2188
-2030
-1842
-1531
-1129
-648
-86
405
781
1136
1478
1767
1956
2030
2037
2002
1947
1856
1811
1804
1769
1768
1754
1741
1785
1772
1694
1553
1310
987
638
311
-20
-400
-789
-1045
-1215
-1313
-1306
-1203
-1018
-823
-621
-454
-282
-160
-157
-139
-270
-502
-717
-1089
-1448
-1861
-2356
-2623
-2835
-3106
-3294
-3397
-3272
-2993
-2805
-2640
-2440
-2141
-1829
-1577
-1349
-1166
-890
-637
-411
-72
271
786
1344
1712
2056
2439
2896
3297
3426
3423
3402
3310
3092
2715
2353
2054
1701
1317
911
630
485
322
159
-47
-246
-399
-573
-739
-990
-1302
-1563
-1827
-2060
-2220
-2245
-2158
-2007
-1792
-1501
-1084
-587
-54
447
875
1249
1581
1840
2013
2060
2014
1960
1893
1788
1740
1744
1755
1760
1721
1764
1818
1769
1678
1517
1271
959
610
272
-111
-542
-861
-1087
-1272
-1328
-1308
-1203
-966
-804
-650
-389
-239
-148
-123
-263
-414
-634
-1002
-1394
-1809
-2263
-2596
-2838
-3107
-3270
-3347
-3309
-3043
-2790
-2590
-2364
-2124
-1797
-1528
-1366
-1183
-948
-644
-435
-253
93
550
1038
1475
1864
2267
2707
3139
3367
3394
3377
3259
3098
2821
2432
2096
1715
1336
999
635
447
319
189
88
-148
-336
-403
-500
-729
-1084
-1398
-1600
-1842
-2046
-2173
-2163
-1958
-1858
-1632
-1179
-718
-138
319
691
1116
1422
1735
1964
2006
1979
1888
1805
1720
1689
1726
1702
1756
1761
1748
1834
1838
1809
1647
1418
1173
800
440
29
-359
-708
-1047
-1210
-1304
-1324
-1233
-1128
-877
-618
-500
-361
-276
-245
-336
-531
-694
-1080
-1536
-1943
-2376
-2585
-2899
-3261
-3363
-3426
-3302
-3083
-2839
-2501
-2288
-1993
-1691
-1477
-1192
-994
-778
-553
-414
-179
172
664
1142
1434
1815
2240
2689
3114
3250
3369
3436
3305
3091
2793
2511
2136
1702
1266
862
621
389
209
123
-19
-175
-307
-413
-509
-720
-963
-1256
-1602
-1801
-1981
-2064
-2041
-2035
-1829
-1516
-1141
-691
-214
314
718
1102
1429
1641
1878
1900
1813
1800
1719
1683
1642
1582
1604
1613
1695
1789
1814
1830
1793
1687
1423
1102
829
486
132
-292
-689
-914
-1125
-1226
-1225
-1190
-1046
-846
-617
-469
-348
-275
-329
-395
-587
-843
-1169
-1666
-2130
-2479
-2778
-3076
-3381
-3523
-3471
-3268
-3011
-2793
-2460
-2056
-1735
-1496
-1246
-978
-768
-582
-453
-310
-7
357
726
1062
1391
1855
2375
2787
3057
3225
3352
3399
3306
3057
2726
2403
1986
1498
1088
737
486
306
127
-10
-144
-238
-296
-364
-476
-686
-951
-1259
-1555
-1756
-1914
-2042
-2085
-2019
-1772
-1439
-1071
-613
-93
393
793
1178
1482
1703
1829
1834
1777
1684
1599
1547
1521
1479
1469
1542
1701
1808
1803
1790
1759
1678
1451
1143
815
424
19
-373
-698
-927
-1105
-1159
-1171
-1095
-909
-774
-557
-430
-388
-301
-376
-500
-734
-1129
-1475
-1961
-2427
-2707
-3028
-3274
-3496
-3557
-3362
-3131
-2818
-2559
-2194
-1744
-1510
-1204
-926
-756
-519
-443
-312
-65
169
552
884
1202
1571
1970
2504
2895
3118
3262
3306
3359
3205
2852
2552
2151
1733
1271
773
547
367
165
6
-139
-183
-207
-241
-375
-545
-710
-1011
-1260
-1479
-1748
-1894
-1989
-1986
-1861
-1661
-1283
-846
-357
89
482
947
1319
1561
1716
1754
1747
1698
1589
1491
1398
1381
1400
1422
1473
1576
1736
1816
1789
1687
1543
1352
1039
670
279
-165
-460
-697
-952
-1084
-1114
-1021
-890
-778
-647
-478
-322
-323
-385
-473
-671
-987
-1531
-2000
-2363
-2727
-3084
-3544
-3718
-3606
-3431
-3145
-2963
-2600
-2102
-1783
-1363
-1098
-871
-528
-367
-260
-177
-25
314
621
865
1063
1446
1990
2419
2814
3006
3163
3382
3304
3095
2827
2473
2165
1703
1140
711
435
281
46
-175
-266
-308
-264
-298
-411
-517
-715
-925
-1132
-1423
-1655
-1741
-1787
-1825
-1787
-1547
-1147
-736
-373
9
503
977
1367
1582
1636
1704
1673
1594
1542
1438
1383
1318
1292
1331
1367
1511
1631
1717
1720
1563
1453
1335
1045
681
295
-69
-355
-626
-840
-944
-958
-957
-875
-695
-534
-428
-380
-360
-427
-553
-836
-1330
-1790
-2193
-2550
-2950
-3439
-3703
-3707
-3572
-3351
-3146
-2798
-2301
-1839
-1440
-1157
-803
-403
-177
-105
-63
112
376
609
782
946
1265
1739
2172
2474
2721
3029
3223
3177
3043
2833
2578
2216
1731
1211
749
448
208
-24
-251
-428
-466
-407
-400
-458
-543
-633
-813
-1084
-1247
-1378
-1542
-1657
-1729
-1684
-1472
-1170
-789
-378
15
424
855
1259
1494
1665
1777
1732
1679
1586
1457
1379
1306
1248
1251
1302
1357
1473
1570
1563
1557
1477
1278
1065
769
404
71
-253
-511
-674
-810
-860
-859
-817
-733
-678
-565
-507
-461
-460
-758
-1095
-1463
-1864
-2140
-2639
-3168
-3460
-3591
-3506
-3443
-3371
-3039
-2544
-2078
-1739
-1355
-867
-452
-150
-77
6
260
398
585
772
820
1052
1454
1848
2134
2316
2571
2871
3007
2905
2750
2656
2401
1951
1444
971
646
343
-18
-242
-377
-496
-523
-492
-495
-577
-671
-758
-861
-1016
-1207
-1315
-1425
-1534
-1525
-1436
-1216
-882
-536
-200
191
656
1060
1319
1517
1644
1720
1752
1644
1552
1461
1336
1234
1144
1147
1209
1295
1383
1410
1400
1339
1254
1124
847
548
259
-28
-297
-550
-706
-816
-853
-826
-779
-729
-667
-560
-461
-489
-693
-943
-1232
-1564
-1925
-2396
-2828
-3135
-3336
-3371
-3387
-3250
-2931
-2612
-2201
-1765
-1293
-837
-490
-154
12
109
303
505
681
718
784
1010
1277
1556
1816
2081
2397
2603
2688
2698
2620
2503
2204
1828
1473
1041
658
317
2
-250
-486
-603
-611
-632
-647
-647
-695
-781
-879
-960
-1018
-1168
-1304
-1339
-1299
-1164
-1000
-765
-487
-123
277
609
1002
1308
1494
1610
1643
1743
1684
1539
1478
1351
1240
1167
1179
1260
1254
1226
1240
1263
1221
1109
988
790
522
232
-38
-222
-390
-607
-771
-843
-819
-798
-812
-726
-657
-623
-736
-996
-1198
-1432
-1698
-2067
-2527
-2873
-3095
-3161
-3146
-3103
-2892
-2556
-2192
-1810
-1406
-944
-550
-244
-25
117
355
578
718
807
851
975
1200
1466
1704
1864
2072
2297
2430
2424
2320
2259
2093
1733
1331
991
712
401
40
-283
-522
-645
-724
-770
-732
-740
-755
-779
-884
-966
-991
-989
-1030
-1151
-1200
-1047
-825
-615
-415
-165
229
626
906
1170
1436
1593
1667
1663
1648
1650
1565
1453
1351
1254
1200
1184
1206
1199
1135
1135
1131
1020
864
679
458
271
47
-231
-442
-587
-718
-827
-862
-889
-829
-762
-742
-755
-934
-1100
-1242
-1490
-1772
-2144
-2471
-2671
-2853
-2894
-2902
-2824
-2539
-2250
-1930
-1561
-1130
-688
-352
-74
125
371
598
712
839
861
902
1101
1288
1458
1651
1823
1983
2104
2127
2124
2131
2012
1729
1413
1097
758
419
77
-225
-488
-686
-767
-833
-879
-901
-916
-924
-923
-929
-979
-1002
-1000
-1069
-1097
-1028
-876
-649
-488
-274
74
431
752
1037
1331
1577
1689
1730
1762
1796
1754
1627
1525
1469
1395
1323
1312
1310
1255
1163
1109
1068
939
745
545
315
68
-147
-378
-545
-695
-875
-931
-1000
-1007
-948
-911
-939
-1119
-1237
-1380
-1526
-1659
-2081
-2368
-2512
-2737
-2736
-2740
-2618
-2310
-2129
-1832
-1446
-1050
-600
-251
59
259
420
628
770
958
988
969
1134
1254
1385
1516
1678
1925
1957
1933
1967
1957
1844
1551
1288
993
640
382
55
-260
-470
-724
-900
-943
-937
-977
-1024
-989
-1065
-1087
-1028
-1043
-962
-1036
-1100
-892
-777
-643
-434
-234
96
399
685
980
1256
1500
1618
1736
1783
1795
1858
1754
1654
1557
1451
1496
1438
1383
1332
1237
1212
1033
870
738
519
338
67
-179
-364
-562
-703
-895
-1018
-1072
-1149
-1068
-1049
-1156
-1283
-1478
-1526
-1647
-1964
-2173
-2303
-2430
-2521
-2572
-2540
-2369
-2105
-1827
-1520
-1186
-777
-346
-8
197
392
674
881
998
1040
1051
1182
1317
1376
1463
1560
1658
1739
1771
1754
1716
1738
1620
1324
1029
745
494
215
-90
-362
-630
-799
-920
-1005
-1098
-1176
-1143
-1139
-1114
-1138
-1159
-1059
-1018
-1015
-993
-934
-722
-514
-358
-148
105
475
728
937
1194
1348
1558
1677
1701
1762
1769
1768
1697
1606
1577
1529
1529
1475
1364
1304
1192
1104
943
690
543
327
95
-140
-383
-494
-711
-873
-970
-1074
-1057
-1136
-1197
-1280
-1442
-1518
-1706
-1807
-1915
-2222
-2369
-2415
-2389
-2329
-2289
-2072
-1821
-1551
-1226
-905
-482
-134
146
375
554
795
954
1025
1087
1128
1214
1264
1304
1395
1439
1547
1590
1583
1596
1523
1467
1290
1028
792
529
309
49
-246
-464
-686
-828
-922
-1026
-1062
-1097
-1105
-1130
-1138
-1055
-1018
-1002
-985
-985
-875
-717
-587
-444
-290
-68
184
417
662
916
1151
1261
1363
1515
1566
1617
1675
1624
1549
1486
1456
1478
1474
1398
1324
1270
1166
1049
940
742
575
417
178
-28
-208
-353
-518
-718
-861
-899
-950
-1021
-1109
-1256
-1393
-1556
-1669
-1779
-2011
-2175
-2272
-2355
-2327
-2305
-2187
-1960
-1724
-1436
-1185
-822
-428
-153
111
316
559
736
851
1001
1029
1062
1158
1231
1335
1374
1394
1482
1519
1520
1489
1458
1368
1123
906
736
521
265
-22
-241
-452
-647
-768
-878
-876
-891
-1000
-993
-986
-989
-957
-949
-922
-904
-898
-850
-731
-593
-473
-296
-96
86
326
564
764
974
1099
1174
1301
1403
1461
1446
1413
1411
1401
1367
1315
1311
1301
1235
1159
1093
1000
915
795
567
386
269
81
-47
-163
-371
-537
-659
-727
-777
-847
-933
-1084
-1201
-1337
-1485
-1537
-1718
-1934
-2053
-2132
-2071
-2077
-2070
-1892
-1703
-1469
-1231
-919
-571
-322
-78
114
307
495
654
828
856
824
936
1093
1171
1155
1196
1352
1420
1382
1336
1316
1323
1158
900
779
679
496
239
-30
-218
-407
-569
-693
-768
-789
-905
-913
-886
-929
-872
-847
-832
-777
-777
-710
-615
-501
-396
-312
-144
-36
159
373
485
677
782
867
1006
1059
1134
1194
1227
1209
1198
1234
1215
1200
1154
1050
1013
958
843
786
688
574
459
350
253
94
-27
-163
-278
-324
-422
-495
-593
-662
-725
-930
-1058
-1167
-1242
-1339
-1587
-1707
-1783
-1840
-1816
-1839
-1755
-1625
-1469
-1245
-1093
-818
-546
-374
-167
-6
186
349
474
548
548
641
793
931
987
972
1093
1201
1214
1219
1191
1209
1168
1028
880
695
568
426
186
-13
-203
-350
-431
-491
-549
-669
-718
-729
-777
-721
-701
-666
-625
-699
-664
-582
-470
-366
-322
-233
-134
39
213
325
434
521
667
796
872
964
1010
1044
1035
965
982
998
989
930
855
887
833
758
671
559
498
400
288
185
122
71
-28
-111
-165
-254
-321
-380
-455
-512
-581
-662
-750
-848
-943
-1020
-1156
-1335
-1428
-1430
-1403
-1373
-1360
-1279
-1155
-1016
-859
-729
-542
-388
-232
-126
-81
77
223
269
238
254
394
549
598
617
705
799
852
871
887
903
943
881
718
595
502
401
253
119
-15
-120
-158
-226
-268
-317
-395
-395
-395
-417
-410
-416
-398
-393
-362
-293
-299
-275
-237
-163
-79
-39
85
222
286
349
437
531
583
615
671
721
741
716
705
700
696
698
663
606
578
571
538
499
425
319
252
211
151
94
58
19
-65
-157
-188
-230
-279
-331
-372
-397
-484
-613
-693
-736
-833
-988
-1101
-1140
-1139
-1126
-1138
-1111
-1009
-897
-804
-718
-553
-388
-307
-203
-140
-75
37
97
111
140
227
305
354
402
438
528
622
637
679
686
696
676
578
539
477
406
321
167
90
37
-35
-40
-73
-114
-146
-217
-248
-245
-256
-256
-254
-272
-245
-219
-233
-188
-174
-145
-48
20
113
187
214
298
351
383
440
471
539
560
540
544
545
585
602
548
491
478
477
461
440
411
346
243
152
99
72
49
-28
-88
-85
-131
-200
-237
-242
-228
-252
-305
-335
-397
-492
-559
-625
-686
-791
-889
-911
-895
-896
-917
-869
-774
-676
-605
-568
-432
-295
-247
-166
-118
-69
-18
-18
3
38
109
179
214
264
326
391
424
465
540
546
558
568
536
476
375
317
256
148
73
47
32
7
-52
-97
-80
-80
-100
-125
-127
-64
-19
-24
-34
-6
8
2
-5
14
67
110
146
165
202
273
331
344
328
333
393
449
455
423
409
405
365
348
310
246
246
232
173
150
119
84
55
10
-17
-51
-72
-82
-104
-109
-151
-221
-264
-293
-295
-292
-308
-356
-442
-457
-461
-518
-539
-592
-655
-630
-617
-597
-569
-534
-451
-425
-397
-319
-237
-172
-133
-77
-23
20
40
42
68
81
75
117
159
176
213
232
272
307
294
292
308
314
244
189
171
128
108
62
35
13
-34
-43
-56
-34
-11
1
37
47
76
112
137
148
105
94
155
188
169
155
169
203
225
235
283
290
274
286
296
314
348
339
284
259
233
192
167
125
78
57
34
3
-9
8
-31
-51
-50
-88
-101
-119
-106
-93
-124
-176
-208
-197
-199
-191
-192
-220
-217
-202
-182
-181
-193
-194
-213
-232
-253
-287
-298
-276
-277
-296
-299
-290
-280
-239
-187
-210
-204
-160
-139
-128
-170
-165
-112
-111
-133
-137
-118
-82
-56
-63
-33
35
66
89
132
152
145
145
131
125
137
132
125
157
150
83
94
131
131
176
201
208
226
203
183
203
235
231
231
192
147
202
212
166
156
151
167
199
209
195
196
231
224
191
162
133
131
110
74
67
51
5
-36
-63
-54
-36
-61
-58
-29
-12
-46
-52
-26
-43
-74
-92
-105
-120
-108
-118
-121
-90
-95
-87
-97
-106
-62
-47
-79
-136
-159
-146
-170
-234
-285
-282
-246
-265
-315
-310
-266
-263
-280
-261
-208
-161
-192
-207
-203
-196
-178
-199
-182
-148
-138
-93
-58
-46
-32
-10
4
61
123
137
163
178
177
173
144
113
150
163
164
183
169
192
231
214
192
202
228
246
237
211
218
221
182
163
170
163
142
143
164
157
152
138
96
97
108
106
100
67
56
76
70
50
13
-10
13
37
47
26
20
39
54
17
-17
18
11
-30
-50
-76
-83
-92
-112
-115
-112
-138
-155
-117
-94
-86
-81
-97
-96
-59
-72
-103
-93
-102
-101
-140
-195
-187
-166
-178
-236
-240
-207
-213
-213
-223
-222
-202
-196
-212
-223
-197
-188
-195
-170
-154
-165
-152
-103
-71
-39
-28
-29
31
62
67
120
172
158
172
191
168
165
184
192
173
171
166
170
179
177
175
159
164
194
197
174
182
194
177
162
143
129
133
102
87
100
102
121
105
64
78
113
134
132
92
84
80
61
52
31
39
24
-24
-18
-3
-33
-29
-31
-56
-50
-64
-64
-68
-64
-43
-70
-82
-97
-112
-104
-81
-64
-81
-85
-73
-66
-68
-55
-46
-81
-95
-78
-87
-80
-73
-112
-141
-145
-153
-148
-141
-141
-133
-121
-139
-175
-159
-149
-173
-183
-204
-192
-150
-135
-186
-184
-137
-119
-84
-89
-75
2
23
1
11
30
52
65
70
59
67
97
106
131
178
195
189
210
226
227
222
218
235
220
205
214
186
178
164
130
149
154
145
170
176
184
182
155
145
94
63
64
0
-12
-10
-43
-23
-15
-43
-45
-22
-38
-42
-27
-22
22
24
-48
-54
-49
-73
-96
-120
-95
-70
-57
-51
-94
-60
2
-3
3
-17
13
21
-30
1
3
-44
-40
-55
-95
-76
-60
-62
-67
-79
-86
-98
-98
-108
-101
-114
-175
-173
-159
-197
-233
-248
-232
-225
-239
-216
-188
-190
-172
-161
-151
-117
-95
-72
-55
-31
-23
-24
10
28
77
124
129
156
167
171
191
200
219
243
234
232
223
194
200
173
152
179
182
172
147
130
139
136
118
89
97
114
112
91
43
46
40
16
21
6
5
17
6
-23
-4
10
4
40
26
-2
-2
3
19
18
-6
4
-18
-39
1
-20
-26
7
2
5
29
36
9
15
35
14
-4
-2
-14
-51
-70
-39
-53
-83
-85
-67
-44
-78
-90
-91
-118
-133
-144
-153
-144
-157
-191
-208
-224
-229
-232
-239
-245
-266
-278
-237
-187
-178
-177
-161
-149
-145
-120
-109
-116
-70
-18
14
66
103
140
174
161
164
176
182
219
233
242
280
275
235
208
196
183
173
160
140
159
154
105
95
92
81
65
15
0
24
28
20
-2
-9
-11
-13
11
19
22
7
28
47
26
36
54
61
20
17
69
60
51
92
99
61
34
55
88
56
22
24
44
48
24
2
-19
0
18
-17
-47
-34
-32
-38
-45
-70
-83
-67
-48
-91
-136
-129
-142
-174
-197
-195
-176
-182
-202
-194
-188
-210
-232
-222
-210
-216
-214
-197
-171
-156
-144
-148
-153
-103
-77
-75
-38
9
25
36
44
74
118
129
141
131
133
168
165
184
174
158
167
141
131
136
157
168
142
104
78
98
95
22
7
39
42
17
-6
23
38
-5
-44
-41
-27
1
-3
5
43
26
32
41
49
80
67
64
107
133
128
134
143
134
120
114
125
115
106
88
44
58
69
51
31
25
20
-6
-22
-37
-51
-31
-30
-54
-66
-85
-103
-113
-138
-146
-140
-150
-157
-181
-183
-181
-201
-210
-222
-202
-168
-170
-198
-226
-213
-195
-190
-180
-166
-134
-111
-117
-117
-86
-52
-21
20
32
62
102
86
92
114
105
127
175
177
174
168
161
165
146
145
153
156
151
116
82
65
36
21
26
10
20
17
-14
-16
-32
-43
-21
-17
-20
0
15
3
-8
12
36
49
67
64
81
120
102
97
124
121
111
117
122
126
105
99
105
90
70
43
53
61
44
37
25
11
11
-24
-56
-38
-62
-79
-76
-118
-118
-124
-131
-143
-175
-172
-161
-143
-160
-170
-176
-164
-147
-167
-167
-160
-156
-135
-141
-130
-99
-114
-117
-106
-97
-69
-49
-64
-34
5
-12
6
42
40
48
86
100
100
97
66
90
124
99
95
109
137
144
105
66
64
82
77
63
52
74
69
50
66
40
13
33
25
-2
-1
9
16
11
11
8
14
21
17
37
31
22
46
66
76
62
78
112
84
95
155
137
95
106
106
79
99
115
91
76
62
39
23
-18
-32
-28
-42
-55
-68
-76
-83
-81
-123
-145
-138
-140
-143
-163
-178
-169
-179
-193
-172
-175
-176
-176
-178
-166
-155
-128
-94
-109
-110
-94
-115
-109
-58
-37
-33
-18
-12
10
16
16
32
40
77
97
83
90
100
113
115
93
85
81
62
83
91
69
79
75
61
64
59
34
26
46
41
49
63
50
25
7
17
16
14
2
3
51
65
31
45
75
75
63
52
68
109
102
77
105
111
101
94
84
80
74
76
99
96
90
95
58
48
23
-7
21
5
-29
-38
-62
-77
-72
-91
-123
-124
-127
-133
-132
-155
-154
-139
-181
-188
-151
-164
-184
-150
-138
-161
-145
-127
-124
-102
-71
-77
-80
-86
-90
-35
-24
-49
-1
10
-3
-6
-34
-22
31
48
14
35
54
26
31
33
39
60
59
60
56
45
49
45
40
66
82
93
90
61
36
48
75
68
64
76
50
52
78
58
39
47
72
85
82
50
42
80
65
40
48
78
113
105
71
59
93
89
77
76
47
53
77
69
66
74
61
34
10
-11
-5
2
-21
-35
-46
-59
-71
-87
-112
-133
-124
-135
-131
-130
-156
-140
-140
-187
-186
-133
-125
-110
-95
-124
-121
-96
-94
-88
-76
-58
-35
-16
10
14
-5
-18
9
16
-3
1
-1
2
15
7
5
7
-6
5
4
-6
10
19
17
12
17
12
-1
19
33
20
14
21
47
52
42
56
68
73
67
68
66
75
104
91
60
70
66
71
107
101
75
76
83
65
67
79
73
66
55
54
65
57
27
24
27
15
17
27
45
46
23
-2
-16
0
1
-26
-32
-24
-15
-43
-61
-64
-81
-91
-99
-102
-89
-87
-103
-91
-99
-116
-100
-104
-126
-124
-104
-85
-76
-105
-93
-44
-33
-29
-34
-36
-17
-20
-24
13
24
6
3
14
20
10
12
19
20
-2
-22
-19
17
41
14
22
6
-26
5
-12
-32
-3
16
18
12
25
34
36
43
25
37
70
77
79
76
82
87
67
50
67
80
66
56
71
76
56
42
46
58
48
35
33
40
58
46
43
39
22
32
27
10
6
10
16
18
11
-1
-12
-19
-27
-30
-36
-21
-12
-54
-59
-37
-50
-66
-77
-77
-78
-83
-78
-57
-69
-90
-86
-65
-52
-86
-83
-61
-54
-48
-71
-69
-48
-45
-47
-32
-38
-31
-4
-10
0
-6
-8
12
13
-2
-6
-2
15
34
13
3
12
17
11
-9
-5
-5
4
2
-15
6
11
9
13
30
45
30
28
43
50
49
68
85
91
98
78
64
77
75
72
71
78
97
89
78
76
64
58
37
25
39
29
38
36
10
2
-3
-3
-3
0
-13
-27
-9
-5
1
-3
-29
-33
-37
-28
-19
-37
-20
-20
-52
-35
-46
-81
-62
-32
-40
-68
-79
-63
-45
-56
-87
-86
-68
-52
-44
-69
-53
-48
-73
-49
-35
-36
-20
-48
-71
-38
-28
-36
-26
-13
-16
-22
-30
-30
-14
-11
-23
-18
23
16
-7
-20
-30
-6
5
1
2
22
17
-4
11
28
32
40
56
89
87
47
54
82
91
74
62
85
94
96
104
95
73
68
76
91
88
81
88
65
61
66
69
63
35
28
34
34
27
6
4
20
-9
-20
-14
-8
-8
-45
-37
-21
-29
-18
-34
-41
-42
-58
-33
-40
-43
-32
-82
-76
-63
-74
-54
-61
-78
-83
-88
-90
-86
-85
-86
-81
-72
-74
-86
-53
-35
-80
-77
-47
-30
-24
-33
-22
4
-18
-45
-24
-5
13
8
5
9
2
-23
-28
-13
-13
8
26
30
16
8
4
15
31
28
50
50
56
64
75
90
55
45
76
79
77
79
88
97
76
71
68
75
80
68
71
77
73
55
36
36
35
22
27
18
19
26
-4
-17
-15
-15
-15
-23
-12
-3
1
-21
-22
-15
-42
-18
-1
-10
-5
-19
-47
-61
-46
-22
-32
-48
-38
-23
-15
-20
-37
-46
-40
-44
-63
-64
-39
-27
-44
-77
-71
-42
-55
-69
-59
-69
-61
-26
-24
-35
-40
-38
-38
-41
-32
4
8
-7
-21
-38
-12
5
-13
-1
13
6
-1
0
21
33
34
19
9
20
41
44
27
29
39
28
43
57
44
47
47
63
74
66
68
47
36
71
88
64
50
37
49
52
23
49
59
35
32
13
13
21
7
16
24
-5
-21
-22
0
-3
-28
-22
-16
-17
-32
-25
-12
-19
-23
-34
-35
-27
-15
-21
-29
-14
-1
-7
-24
-13
3
-17
-22
-25
-28
-25
-31
-28
-24
-42
-56
-50
-46
-44
-62
-58
-39
-46
-46
-48
-53
-40
-19
-24
-45
-49
-31
0
-5
-18
-7
-12
-30
-33
-22
7
8
9
25
20
13
5
15
21
13
37
47
38
39
44
52
41
31
31
52
66
54
45
61
61
64
71
42
47
55
49
47
40
45
25
15
4
3
24
13
16
20
3
-8
-8
-14
-4
3
-2
10
6
-4
-17
-1
6
-16
-9
3
-10
-10
11
-1
-16
3
-4
-20
-32
-56
-30
-15
-33
-19
-31
-37
-36
-52
-49
-45
-40
-65
-61
-36
-64
-64
-53
-56
-34
-33
-30
-16
-35
-58
-37
-28
-41
-12
-9
0
-12
-42
-30
-14
-1
-1
-2
0
21
24
-4
1
17
19
20
36
45
46
41
47
51
42
56
68
59
56
62
53
39
41
38
47
43
17
18
38
42
42
38
16
5
16
32
37
25
25
12
-7
-5
1
13
13
8
18
4
1
33
15
-3
9
-11
-20
-14
-8
-3
5
-8
-27
-23
-27
-8
-13
-45
-20
5
-19
-22
-27
-39
-33
-39
-40
-49
-52
-39
-33
-58
-66
-37
-52
-57
-37
-36
-27
-31
-55
-45
-33
-34
-21
-39
-48
-39
-38
-35
-38
-43
-27
-9
-25
-14
6
18
35
26
17
24
31
57
51
37
53
55
61
55
54
72
65
64
78
51
49
64
46
48
46
33
32
32
30
31
17
0
8
10
-1
-7
-1
12
-10
-23
-2
-7
-2
11
-3
1
-8
-16
0
3
11
13
5
10
9
-15
-17
1
-3
-4
4
1
3
7
8
6
-24
-12
22
7
-7
-16
-26
-22
-22
-24
-39
-40
-31
-44
-40
-42
-58
-69
-59
-36
-49
-61
-41
-17
-23
-50
-63
-49
-16
-17
-43
-45
-36
-15
4
-2
-20
-20
-30
-20
5
15
14
9
20
18
10
28
53
39
20
35
49
54
50
52
53
38
24
27
40
42
44
36
25
45
50
34
15
-5
13
23
20
23
19
13
-1
14
31
19
30
28
3
11
18
0
5
17
20
9
-17
-16
11
3
-14
-6
-13
-3
17
9
-1
-11
-13
-1
-1
-4
-17
-12
-12
-35
-45
-30
-22
-20
-35
-38
-22
-18
-20
-26
