3
0
0
-4
-4
3
-7
4
8
-16
10
14
-3
4
-4
7
13
-8
11
11
-19
13
9
-4
2
-4
4
-8
-10
2
-14
-7
19
-3
-14
16
5
-1
-4
-11
16
3
-5
2
-1
-6
0
-19
-15
17
-10
-16
10
1
-9
-13
1
5
-12
0
5
-3
-12
9
6
-23
6
17
-13
-2
25
0
-14
-5
18
15
-21
29
-2
-32
13
4
14
-22
-7
37
-7
-12
2
1
20
4
-5
19
-4
6
-6
-19
22
-1
-2
-4
-3
15
-27
3
9
-15
18
-13
8
31
-23
3
18
-10
1
-9
-4
12
-10
-2
-2
7
8
-16
2
10
-6
-6
-1
10
2
-29
-3
23
-22
-26
-10
3
23
-12
-4
25
-10
1
7
-2
-10
1
18
-31
5
19
-22
16
-2
-17
22
-11
-10
15
2
2
0
10
-17
-7
20
5
1
-2
7
21
-5
-16
15
13
4
-1
10
5
-3
-3
-23
5
-1
16
7
-22
21
9
-1
-29
-2
16
-37
1
5
-3
9
-17
5
10
-15
-9
-10
5
-6
-17
-1
7
11
-21
12
5
-23
3
3
7
0
-5
15
15
-7
17
-7
3
24
-26
-1
31
-8
-6
-4
-1
35
-9
-43
21
17
-13
2
-32
4
29
-25
10
14
-15
1
-9
-2
3
-13
11
20
-10
1
9
-5
6
-18
15
16
-19
42
27
-54
17
32
-54
19
-7
-27
56
-23
-39
59
-8
-15
20
-34
27
1
-35
25
15
-37
-8
27
-11
-12
-6
20
1
-18
23
-31
2
22
-45
32
22
-56
22
18
-29
5
-10
18
27
-50
19
42
-31
3
6
-3
11
-6
-14
21
23
-24
-10
11
5
-20
-6
30
-12
-10
-5
23
12
-25
6
31
-14
-20
13
-20
1
3
-31
-7
44
-5
-21
5
17
-2
-34
37
-2
-40
47
4
-41
21
-16
13
-13
-28
41
-42
44
12
-50
51
-5
-18
-19
-21
36
-9
-48
29
3
-17
15
-15
9
22
-24
5
34
-17
7
-7
19
24
-40
12
45
-3
-30
20
18
-35
-11
36
7
21
2
-17
39
-11
-14
-12
15
25
-31
21
-3
-10
14
0
13
-34
-16
47
-20
-26
26
0
-15
-12
-6
6
8
-23
-29
-5
18
-1
-23
8
23
1
-18
17
7
-24
11
-6
-12
10
26
-18
-18
24
-19
-5
21
3
-1
40
-13
-29
45
-19
-14
25
-20
-3
-8
-12
13
-22
2
2
-1
1
-21
20
-16
-6
28
-14
-6
-1
-12
2
-8
-19
-10
-17
-9
9
3
15
12
-18
15
11
-1
23
-6
7
23
-33
2
29
-35
-6
12
-8
43
-29
18
77
-55
6
58
-25
-10
32
-12
8
-42
4
62
-108
26
76
-72
12
0
18
-10
-58
71
3
-46
41
-19
-20
25
-27
7
10
-27
20
-32
0
46
-52
26
46
-37
-8
29
-15
4
19
-16
6
5
35
-31
-18
54
-29
-7
13
7
17
-13
-11
28
-16
-52
25
-4
-38
18
-1
-39
19
-21
-28
49
9
-2
-30
19
44
-61
1
60
-17
-11
-4
21
13
-67
42
3
-43
28
9
12
0
-14
14
-29
-36
61
-40
-21
25
-9
-11
-34
41
-24
-18
29
-25
16
-25
-10
38
-18
33
-27
9
107
-105
-22
77
-31
-27
11
15
17
16
-26
21
-44
-6
71
-54
5
65
-23
-3
24
-20
28
7
6
31
-49
16
44
-15
6
-6
-5
7
-24
13
8
-15
10
32
-74
-16
40
-93
44
-8
-52
55
-16
1
12
-27
-1
7
-4
9
-40
46
49
-73
56
22
-44
29
-2
17
-4
-21
44
4
-23
-15
17
-1
-27
-27
-21
36
-22
-6
10
-2
27
-30
5
44
-5
-14
2
12
41
-46
-19
57
-47
10
0
-17
44
-33
-4
12
-42
-16
5
33
-49
-22
38
-22
11
-36
-28
41
30
-24
3
57
0
0
38
25
-46
16
65
-66
13
22
1
49
-78
27
62
-87
6
14
-40
-14
-7
39
-14
-71
33
34
-40
-37
1
37
-45
-10
-2
-11
34
-64
26
34
-12
20
-36
64
-13
-61
26
-15
33
-6
-17
46
-4
-13
29
17
-46
-6
56
-4
-5
46
-9
-29
31
-1
0
-30
51
19
-106
73
22
-20
15
-33
37
5
5
-14
-36
51
2
-65
7
39
-38
-9
31
-19
2
16
-2
1
-11
1
17
3
-14
-7
0
6
-10
13
-24
-34
54
-67
1
60
-69
12
24
3
24
-52
44
27
-69
44
18
-5
-2
1
24
-46
-27
35
11
-18
2
18
-47
10
64
-71
-20
80
-74
10
50
-69
49
-6
-30
11
-11
41
-38
-35
49
-15
-4
17
-42
10
66
-54
-7
33
-8
51
-65
4
73
-80
8
44
-57
12
51
-28
-19
40
-23
12
22
-60
46
-6
-33
58
-78
29
93
-72
-4
27
-19
-6
-3
-9
18
43
-46
-16
12
-30
53
-73
-6
61
-75
46
-16
-17
43
-41
17
23
-47
68
9
-80
81
9
-33
65
-51
19
74
-119
51
37
-57
50
-63
33
45
-103
56
31
-67
33
-47
-37
36
-16
1
-24
58
23
-28
0
-39
76
-30
-33
48
-34
41
45
-30
15
29
-6
0
14
10
1
4
-5
-35
38
12
-67
33
-9
-52
24
21
-43
-17
23
16
-20
-42
9
34
-36
-39
36
-38
-55
16
-11
13
0
-47
25
-15
-18
-28
5
61
-28
-1
18
18
11
-14
-6
13
11
24
4
-3
37
-9
-18
1
15
27
-35
1
61
-8
-1
35
-34
-30
13
27
-17
6
15
-8
35
-37
11
0
-13
46
-23
-13
73
3
-36
-8
-14
2
-11
19
-32
42
16
-24
41
-25
19
-10
-38
52
8
-45
41
-23
-13
-5
-51
34
-18
-2
2
-19
32
19
-50
-28
64
-47
-26
41
-23
4
-41
-6
39
-41
19
15
-41
50
30
-33
-20
29
-25
-6
34
-57
46
-16
-45
58
-54
41
48
-73
76
-22
-69
58
-68
10
37
-87
31
7
18
29
-71
61
43
-56
0
64
-36
-39
61
-48
38
24
-75
72
1
-1
26
-92
66
44
-71
49
0
-14
17
-45
26
17
-21
3
-28
41
21
-18
-10
9
45
-77
43
28
-44
71
-78
-2
-2
-30
26
-71
40
36
-56
46
0
10
27
-50
53
-23
-17
74
-51
0
15
-43
3
-2
37
-22
-1
43
-25
33
-3
-42
37
-11
10
-27
-43
69
-4
-70
31
55
-68
13
27
-48
19
-10
-7
23
-9
23
-33
6
38
-68
22
35
-53
35
20
-29
27
-26
17
13
-49
9
-21
-30
44
-10
-63
36
-5
-21
36
-10
-3
14
-3
-32
-7
39
-1
-13
28
-4
16
-7
-56
47
41
-55
49
4
-35
93
-47
-33
74
-27
-22
33
-25
2
27
-62
11
32
-38
10
36
-27
-48
44
-28
-38
17
36
-22
-8
81
-97
60
21
-59
126
-124
20
120
-146
17
61
-51
17
10
-40
6
28
-55
0
52
-17
-1
51
-9
-3
44
-49
9
35
-25
-8
-20
17
9
24
-43
-17
63
-47
19
-33
7
37
-36
6
0
-4
1
27
6
-29
16
18
-87
31
18
-39
-12
21
-9
12
6
-75
101
-78
-37
126
-88
-8
72
-49
-40
95
-26
-44
47
-27
28
11
-10
12
-15
45
-18
-80
107
-83
-58
109
-112
15
53
-75
75
-40
-23
71
-55
76
-12
-1
6
23
58
-122
65
51
-106
30
7
-9
-28
12
53
-71
61
13
-61
45
-54
64
-8
-84
77
-31
-28
6
7
58
-25
23
53
-64
101
-23
-81
82
-86
46
2
-145
31
20
-35
23
-40
23
90
-25
16
47
-24
40
-2
-34
3
-26
47
-39
-14
76
-47
-40
94
26
-76
76
14
-113
84
-45
-57
90
-130
-20
109
-91
40
109
-103
74
55
-51
80
-9
-44
18
-3
-22
-19
34
-53
-62
112
-27
-96
-55
-112
26
-1
-51
-82
37
65
-109
111
21
-44
122
-26
-48
150
45
-24
81
-24
18
-48
36
104
-163
75
39
-86
104
-100
-15
-32
-89
131
-172
-51
163
-118
30
130
-118
115
140
-86
138
-135
-137
37
-184
-122
-131
-175
11
-38
-176
110
173
64
54
86
256
185
84
89
106
151
29
-94
62
104
13
20
-44
22
-13
12
-31
-53
-33
-247
3
-81
-121
-2
-344
32
109
-201
57
-44
81
102
-173
84
111
10
-22
57
-9
48
147
-121
15
96
-7
-26
-86
90
69
-192
141
14
-139
227
-127
17
132
-139
98
-50
-98
-37
-149
-59
-27
-87
-121
55
36
-9
165
1
92
151
-73
81
29
24
35
-86
-14
-16
34
28
-76
-79
54
11
-97
105
-38
-99
40
-123
15
-12
-92
93
-33
31
148
-104
120
159
-51
35
-67
71
62
-131
63
-11
-87
-3
-72
31
15
-59
20
46
0
35
-13
-55
113
19
-61
41
-30
12
35
-57
-1
49
-23
6
12
3
26
-12
-4
-23
27
30
-1
-12
11
-44
-3
-12
-132
65
10
-69
142
10
-72
69
-37
34
36
-2
77
-18
46
-4
-41
49
-34
-15
21
-40
-49
-42
-9
-9
-30
-34
-84
1
50
-54
-13
14
14
48
-7
-21
25
11
39
52
-41
-1
15
-12
19
-27
-16
-19
-15
35
9
-16
13
19
13
22
9
-5
-5
12
-23
-4
7
-15
-3
-41
9
19
-71
19
-6
-53
55
-53
-23
14
-16
43
-5
21
30
-33
4
14
14
38
-17
-17
32
16
-9
5
16
14
0
13
9
-11
-36
-13
9
34
-12
-102
25
41
-32
18
-57
19
54
-28
71
50
16
60
-24
-4
39
-73
7
12
-63
17
0
-5
34
-18
-10
-6
-32
-5
-43
-48
11
-27
-25
-3
-64
21
49
-28
8
-33
8
9
-78
11
-17
-44
20
-24
0
43
-5
14
-16
17
43
6
54
-10
-8
2
-33
54
-7
-48
27
-24
22
34
-61
-43
28
36
-21
8
23
31
27
-3
83
30
-42
76
21
26
95
-19
36
31
24
51
-37
58
7
-51
47
-27
9
9
-76
-35
-19
-3
-21
-18
-33
-45
-35
-46
-9
-6
-23
-18
-26
-16
14
-17
-29
-13
-29
-53
-47
-28
-53
-60
-84
-117
-78
-89
-98
-78
-108
-83
-84
-67
-41
-73
-55
-46
-21
-14
-2
5
6
55
101
102
108
137
136
174
154
147
177
164
199
177
157
236
217
203
245
198
185
137
140
175
136
182
109
104
149
39
128
118
56
173
71
34
90
35
82
65
25
66
12
29
55
9
52
36
3
25
-7
22
-1
-84
-109
-139
-169
-350
-564
-658
-696
-695
-801
-853
-795
-819
-875
-983
-989
-829
-809
-907
-862
-655
-404
-310
-261
-61
97
147
154
286
591
751
772
842
954
1028
931
839
882
909
780
570
522
553
484
337
183
53
-42
-182
-343
-308
-239
-300
-327
-347
-348
-295
-224
-139
-70
23
94
170
303
384
446
509
560
589
582
644
704
714
719
644
573
534
466
380
313
251
196
131
33
-6
-17
-65
-134
-197
-217
-164
-153
-182
-132
-103
-111
-93
-65
4
35
-7
-123
-283
-265
-222
-294
-520
-1024
-1330
-1310
-1318
-1341
-1478
-1495
-1377
-1612
-1840
-1809
-1568
-1259
-1423
-1496
-1058
-641
-354
-286
-82
382
445
346
538
1091
1650
1629
1511
1677
1772
1657
1354
1349
1573
1398
1067
851
898
976
611
264
125
-44
-263
-542
-588
-462
-558
-723
-814
-781
-704
-781
-766
-557
-324
-216
-170
59
307
402
479
564
730
891
878
926
1037
1091
1040
855
781
811
754
627
539
561
572
436
272
195
162
30
-147
-137
-47
-40
-71
-111
-135
-122
-114
-131
-114
-3
45
42
88
65
81
24
-223
-440
-543
-618
-810
-1307
-1759
-1846
-1804
-1838
-2120
-2275
-2111
-2119
-2336
-2402
-2126
-1660
-1550
-1619
-1287
-701
-217
-86
32
573
975
991
1100
1537
2157
2335
2057
2004
2184
2218
1943
1664
1738
1748
1358
844
621
696
490
18
-305
-433
-514
-793
-1043
-977
-909
-1060
-1213
-1207
-1056
-896
-762
-589
-401
-194
-62
105
404
662
821
933
1079
1234
1299
1312
1350
1370
1294
1140
1042
986
886
779
628
505
479
365
231
171
126
101
-30
-174
-192
-175
-161
-164
-132
-54
-17
9
70
162
217
239
253
171
59
-59
-239
-365
-464
-641
-909
-1436
-2071
-2360
-2318
-2232
-2356
-2625
-2607
-2507
-2650
-2750
-2546
-2050
-1700
-1710
-1518
-838
-105
218
279
615
1160
1406
1486
1873
2504
2869
2656
2318
2327
2384
2210
1940
1834
1778
1404
819
427
332
168
-260
-631
-819
-948
-1132
-1308
-1279
-1187
-1242
-1346
-1349
-1199
-948
-649
-351
-114
79
196
352
615
864
1123
1319
1418
1473
1452
1438
1466
1396
1244
1102
1002
905
751
602
463
301
158
53
15
33
41
14
-54
-163
-179
-123
-77
-16
35
180
310
330
421
452
435
454
376
403
333
99
-24
-274
-499
-718
-1296
-1931
-2461
-2671
-2498
-2569
-2717
-2844
-2985
-2943
-3127
-3130
-2648
-2232
-1882
-1719
-1356
-553
-73
174
424
805
1367
1651
1951
2521
2960
3075
2729
2418
2479
2453
2307
2114
1950
1759
1196
560
204
3
-198
-586
-913
-1012
-1177
-1367
-1505
-1534
-1440
-1439
-1406
-1224
-1024
-727
-417
-130
105
147
312
659
986
1272
1437
1575
1647
1537
1456
1461
1498
1500
1279
1054
946
794
601
358
222
205
125
38
3
20
47
-103
-233
-233
-147
34
89
171
320
388
412
388
449
617
729
707
507
328
179
-51
-274
-581
-886
-1235
-1938
-2653
-2930
-2817
-2625
-2887
-3321
-3425
-3333
-3279
-3357
-3131
-2450
-1956
-1849
-1676
-973
-17
348
317
691
1437
2033
2286
2605
3224
3543
3124
2574
2551
2851
2841
2448
2142
1952
1495
713
115
-11
-96
-494
-989
-1257
-1293
-1452
-1757
-1881
-1787
-1660
-1549
-1378
-1136
-800
-516
-388
-231
25
361
741
1042
1317
1537
1623
1665
1642
1618
1657
1642
1558
1425
1279
1148
892
593
400
308
255
180
159
136
43
-86
-189
-161
-96
-50
29
86
185
324
380
435
523
608
647
637
613
502
396
184
-128
-307
-584
-919
-1335
-2142
-2819
-3023
-2955
-2799
-3035
-3416
-3477
-3464
-3458
-3477
-3219
-2505
-2056
-1922
-1574
-901
-75
272
295
814
1558
2062
2379
2756
3323
3492
3079
2715
2761
3012
2935
2540
2267
1982
1414
660
127
19
-107
-520
-976
-1218
-1319
-1558
-1884
-1968
-1833
-1702
-1571
-1378
-1167
-1001
-779
-580
-417
-99
312
800
1187
1308
1386
1486
1615
1715
1699
1794
1900
1794
1533
1222
1084
966
683
473
404
466
476
268
51
-71
-116
-185
-243
-116
85
184
84
-70
-11
202
408
514
600
802
823
554
281
111
137
17
-371
-645
-895
-1318
-2149
-3035
-3075
-2698
-2678
-3086
-3532
-3331
-3101
-3445
-3584
-3131
-2332
-1867
-1948
-1523
-516
107
162
153
871
1893
2285
2459
2866
3341
3382
2781
2518
2873
3091
2897
2417
2145
1928
1270
513
92
-5
-134
-588
-984
-1118
-1292
-1628
-1997
-2065
-1879
-1672
-1418
-1155
-1022
-1022
-925
-674
-406
-63
399
885
1239
1275
1204
1353
1545
1632
1640
1699
1854
1790
1484
1160
991
928
682
435
449
532
488
224
-47
-83
-88
-163
-153
-7
161
149
7
-92
-3
282
492
494
582
739
689
532
202
49
140
-25
-307
-621
-1013
-1562
-2451
-2950
-2709
-2472
-2582
-3101
-3410
-3172
-3248
-3536
-3358
-2746
-2021
-1878
-1885
-1158
-344
-16
-70
199
1224
2011
2232
2473
2940
3285
2926
2403
2572
3009
3065
2657
2235
2068
1608
844
332
184
120
-248
-700
-928
-1141
-1463
-1852
-2017
-1869
-1713
-1573
-1328
-1100
-1093
-1254
-1156
-676
-162
236
540
885
1148
1119
1116
1361
1703
1888
1822
1782
1837
1763
1435
1059
956
966
829
665
613
624
483
86
-179
-119
23
87
-3
-24
73
28
-106
-154
0
292
462
558
583
596
575
334
141
122
61
-45
-275
-669
-1196
-2051
-2722
-2751
-2441
-2261
-2680
-3253
-3310
-3250
-3379
-3444
-3047
-2249
-1862
-1948
-1701
-967
-295
-161
-147
570
1568
2085
2246
2508
2959
3001
2555
2401
2791
3199
3037
2508
2158
1861
1287
635
327
345
198
-287
-748
-1017
-1274
-1663
-1976
-1965
-1758
-1552
-1418
-1288
-1203
-1330
-1380
-1063
-530
1
358
596
755
800
922
1180
1537
1810
1816
1800
1860
1796
1604
1319
1147
1155
1056
898
820
770
606
250
-21
-18
124
186
88
-1
-27
-52
-114
-152
-50
152
350
401
426
615
674
468
164
25
156
211
-42
-493
-1012
-1678
-2432
-2745
-2443
-2081
-2252
-2963
-3470
-3377
-3247
-3317
-3181
-2590
-1955
-1923
-1994
-1438
-605
-178
-260
35
1062
1869
2104
2241
2604
2919
2667
2314
2584
3108
3148
2630
2161
1957
1576
972
574
521
469
17
-547
-817
-1046
-1421
-1803
-1884
-1635
-1486
-1430
-1307
-1263
-1379
-1560
-1330
-697
-211
118
312
460
655
710
922
1374
1713
1818
1702
1678
1755
1645
1416
1214
1191
1220
1036
900
873
739
499
172
73
238
304
178
20
17
38
-53
-182
-197
48
347
381
324
377
527
564
239
48
200
209
33
-404
-912
-1339
-2087
-2616
-2435
-2057
-2000
-2670
-3410
-3322
-3142
-3232
-3251
-2889
-2029
-1821
-2199
-1858
-1006
-334
-325
-347
620
1631
1884
1878
2180
2780
2818
2353
2420
2969
3268
2848
2173
2025
1933
1405
842
634
732
487
-156
-598
-854
-1124
-1467
-1707
-1601
-1386
-1302
-1356
-1439
-1435
-1481
-1463
-1153
-612
-91
181
226
240
360
656
1054
1424
1683
1731
1694
1639
1531
1504
1463
1353
1253
1153
1096
1022
864
659
428
301
263
254
316
236
68
-58
-193
-193
-133
-62
137
222
220
252
245
395
441
173
56
34
10
-129
-623
-1123
-1763
-2380
-2310
-1992
-1899
-2226
-2987
-3285
-3220
-3276
-3105
-2755
-2221
-1923
-2234
-2122
-1421
-811
-450
-355
190
1093
1461
1652
1961
2355
2634
2390
2380
2866
3127
2973
2522
2202
2053
1654
1220
1060
1015
801
252
-257
-545
-865
-1198
-1427
-1428
-1341
-1359
-1375
-1426
-1477
-1544
-1604
-1365
-946
-527
-190
-120
-86
28
240
690
1119
1409
1545
1544
1568
1551
1545
1622
1592
1499
1375
1262
1253
1168
987
773
598
569
538
454
378
220
96
-26
-125
-101
-86
-48
-11
15
99
110
120
168
137
95
34
-51
-181
-462
-886
-1461
-2184
-2440
-2088
-1790
-1982
-2726
-3311
-3277
-3166
-3203
-3085
-2573
-2058
-2174
-2465
-2064
-1183
-622
-607
-399
480
1261
1451
1561
1997
2512
2576
2403
2668
3223
3385
2937
2451
2301
2177
1830
1488
1407
1323
869
212
-216
-464
-760
-1087
-1285
-1272
-1303
-1472
-1581
-1660
-1705
-1682
-1754
-1709
-1245
-707
-401
-402
-540
-343
168
717
1124
1322
1512
1586
1458
1477
1713
1962
1942
1631
1514
1612
1594
1456
1235
1089
1028
881
723
656
611
425
157
-11
-45
-37
-111
-169
-83
11
-10
-72
-86
5
51
-19
-87
-197
-390
-714
-1116
-1699
-2313
-2310
-1908
-1790
-2206
-2981
-3390
-3275
-3174
-3155
-2952
-2469
-2163
-2436
-2611
-2078
-1241
-747
-733
-385
490
1062
1259
1435
1876
2433
2475
2386
2771
3222
3289
2865
2416
2346
2277
2045
1778
1607
1452
958
381
-20
-325
-569
-861
-1037
-1061
-1201
-1326
-1494
-1748
-1846
-1889
-1858
-1649
-1267
-863
-700
-733
-761
-536
40
597
955
1167
1263
1352
1421
1524
1744
1910
1905
1775
1699
1758
1743
1628
1467
1250
1157
1131
1058
935
726
523
312
60
-39
-20
-46
-68
-120
-132
-153
-238
-205
-149
-74
33
-101
-386
-716
-1042
-1243
-1714
-2283
-2175
-1753
-1659
-2251
-3212
-3350
-2964
-2903
-2973
-2809
-2214
-1978
-2557
-2744
-2046
-1121
-724
-863
-403
557
930
883
1014
1653
2313
2317
2282
2684
3098
3011
2498
2244
2365
2345
2115
1882
1777
1579
1018
457
129
-50
-180
-405
-614
-818
-1046
-1207
-1425
-1617
-1688
-1611
-1502
-1483
-1359
-1191
-1023
-899
-885
-630
-128
273
505
700
962
1155
1231
1358
1562
1757
1831
1734
1723
1811
1837
1784
1607
1484
1438
1351
1223
1052
937
780
477
166
51
122
92
-135
-346
-406
-365
-360
-418
-445
-380
-290
-250
-423
-761
-1052
-1376
-1843
-2209
-2063
-1617
-1423
-1991
-2948
-3316
-2997
-2648
-2643
-2600
-2157
-1939
-2394
-2746
-2282
-1299
-789
-913
-626
191
692
659
634
1281
2080
2225
2181
2551
3063
3009
2423
2177
2424
2615
2473
2238
2161
1961
1409
822
519
395
212
-42
-234
-483
-797
-1090
-1379
-1589
-1665
-1652
-1741
-1836
-1696
-1509
-1328
-1273
-1371
-1143
-618
-144
175
378
624
846
899
1061
1424
1745
1851
1807
1869
1997
2056
2001
1866
1827
1827
1700
1531
1379
1237
1018
689
379
222
244
163
-90
-300
-421
-451
-469
-554
-536
-434
-346
-348
-507
-592
-823
-1236
-1770
-2313
-2037
-1286
-1046
-1595
-2676
-3205
-2941
-2721
-2579
-2329
-1947
-1859
-2547
-3049
-2558
-1646
-1053
-1076
-869
-152
133
83
195
811
1650
1869
1892
2287
2670
2686
2298
2110
2385
2593
2545
2404
2297
2158
1721
1187
900
735
642
435
154
-71
-388
-687
-1066
-1376
-1380
-1339
-1392
-1524
-1566
-1490
-1493
-1548
-1484
-1170
-711
-423
-300
-101
152
390
539
734
1079
1345
1422
1427
1546
1777
1847
1799
1765
1719
1776
1766
1628
1487
1319
1154
939
702
589
541
449
220
-45
-198
-283
-391
-538
-571
-462
-397
-444
-547
-683
-759
-718
-777
-1365
-2247
-2317
-1705
-1158
-1161
-1966
-2479
-2531
-2835
-2859
-2229
-1321
-1168
-2165
-2854
-2429
-1699
-1292
-1095
-471
188
-159
-602
-280
563
1316
1408
1584
2042
2131
1855
1645
1921
2247
2228
2106
2073
2133
1902
1478
1272
1152
980
828
674
546
322
-26
-308
-598
-850
-961
-937
-817
-887
-1065
-1174
-1304
-1380
-1307
-980
-530
-322
-385
-412
-209
49
214
433
772
1002
962
865
1037
1233
1372
1596
1668
1715
1663
1361
1185
1183
1211
1258
1040
691
533
423
363
237
91
-34
-220
-456
-679
-595
-475
-568
-665
-778
-852
-887
-857
-781
-416
-357
-1418
-2206
-1852
-744
-77
-859
-1788
-1747
-1510
-1838
-2176
-1511
-477
-728
-1885
-2321
-1592
-712
-904
-1148
-461
-42
-354
-883
-569
548
935
613
592
1057
1345
1096
974
1323
1733
1672
1343
1326
1492
1451
1256
1145
1158
1165
883
536
400
362
415
273
-24
-222
-325
-358
-449
-429
-335
-360
-555
-803
-719
-375
-181
-227
-282
-161
-12
55
177
449
735
787
613
498
647
876
943
875
833
849
738
508
377
449
529
430
263
166
100
35
-100
-189
-107
-49
-98
-285
-484
-485
-449
-445
-336
-250
-203
-308
-530
-572
-437
-218
-7
69
-132
-583
-978
-995
-499
-92
-292
-731
-968
-936
-968
-1015
-789
-548
-581
-937
-1265
-1098
-751
-663
-678
-575
-463
-543
-717
-585
-147
189
270
252
328
401
429
469
616
893
1016
914
744
690
751
776
831
908
920
742
416
192
189
345
420
351
244
131
22
-96
-107
76
201
182
63
-74
-77
-26
38
140
174
212
173
74
145
228
298
280
185
220
243
195
207
245
283
274
176
152
196
211
228
212
162
192
206
145
61
24
75
93
129
112
-52
-168
-202
-194
-106
-54
-86
-152
-262
-324
-365
-390
-333
-301
-328
-389
-414
-366
-359
-385
-404
-449
-477
-438
-371
-329
-344
-446
-520
-516
-492
-424
-354
-304
-350
-468
-507
-503
-446
-358
-286
-213
-189
-217
-292
-267
-157
-41
64
124
170
154
85
64
139
194
269
335
356
331
229
191
248
352
403
381
365
335
290
245
255
342
346
280
237
257
315
324
319
293
282
308
309
345
411
420
338
254
221
269
351
356
329
293
218
171
222
270
283
273
198
139
120
144
162
126
77
29
19
15
-5
-28
-51
-69
-107
-148
-169
-180
-213
-218
-243
-296
-316
-349
-378
-376
-376
-382
-379
-366
-394
-410
-417
-427
-362
-341
-346
-315
-310
-288
-286
-297
-237
-196
-198
-144
-143
-145
-105
-116
-137
-182
-166
-114
-75
-21
-42
-46
-89
-196
-202
-159
-84
-17
-13
-55
-112
-139
-145
-99
0
75
63
-5
-42
-23
31
66
109
184
228
197
130
149
184
215
257
281
311
325
284
232
240
268
311
336
338
352
295
247
249
237
273
317
342
341
273
254
266
266
294
328
346
294
243
206
143
129
136
139
150
116
68
47
-12
-53
-21
-19
-52
-105
-158
-161
-149
-167
-192
-213
-251
-267
-291
-288
-257
-266
-252
-271
-300
-274
-263
-250
-224
-250
-282
-279
-265
-218
-199
-202
-201
-237
-248
-225
-204
-179
-171
-173
-213
-262
-243
-179
-98
-53
-73
-114
-133
-139
-117
-67
16
102
80
9
-25
-47
-4
91
145
184
191
109
36
18
37
130
198
200
189
123
53
31
81
171
201
194
168
121
88
81
118
172
199
199
158
137
136
127
154
195
238
272
250
201
179
164
168
199
195
190
175
143
94
32
65
95
63
55
6
-12
-1
-23
-39
-78
-126
-160
-178
-162
-135
-126
-116
-131
-179
-217
-227
-216
-155
-113
-136
-155
-191
-241
-218
-158
-118
-77
-92
-137
-145
-162
-173
-126
-59
-43
-67
-99
-137
-140
-74
-22
13
25
-15
-34
-34
-24
-13
10
49
40
12
-7
-6
35
82
100
109
100
50
22
35
67
126
151
140
105
60
35
18
54
97
109
101
54
19
12
33
71
103
123
127
97
46
21
51
94
125
160
144
118
60
22
79
123
133
142
129
100
67
34
42
53
38
28
5
-45
-102
-128
-110
-92
-101
-146
-157
-145
-169
-162
-151
-144
-132
-179
-203
-185
-150
-120
-114
-113
-151
-163
-148
-138
-92
-53
-52
-76
-106
-105
-102
-85
-45
-25
-5
-21
-59
-64
-46
-2
41
68
84
67
37
4
-27
8
79
121
121
96
76
75
65
62
102
146
166
133
103
107
91
113
144
136
133
112
72
74
97
94
90
78
59
55
27
18
41
61
72
53
50
69
78
81
95
108
100
86
97
108
95
93
96
72
50
18
-20
-23
-15
-1
-2
-50
-86
-110
-136
-125
-144
-164
-168
-198
-187
-176
-194
-170
-156
-180
-193
-206
-192
-147
-145
-159
-160
-168
-164
-148
-141
-122
-89
-69
-70
-88
-81
-59
-49
-17
3
-2
8
9
6
17
32
34
22
28
39
17
3
42
60
37
29
23
41
70
85
93
97
102
119
122
126
131
121
124
101
76
99
126
137
136
119
110
94
91
85
84
106
101
95
72
32
46
71
73
71
85
103
110
98
77
81
76
85
83
65
62
51
29
14
12
-3
0
-7
-39
-37
-45
-57
-67
-108
-110
-98
-95
-97
-106
-108
-131
-155
-169
-174
-163
-157
-157
-162
-179
-167
-151
-164
-164
-143
-124
-122
-128
-127
-104
-84
-89
-62
-37
-38
-36
-43
-48
-33
4
15
-7
-23
-19
-10
0
-4
0
31
17
-2
18
17
19
38
67
95
96
106
114
95
91
116
142
152
139
115
132
136
104
100
113
109
111
108
87
90
108
107
102
86
69
76
89
82
71
83
80
80
69
41
44
48
35
29
30
28
31
1
-28
-16
-28
-31
-15
-9
-17
-59
-74
-75
-77
-76
-79
-73
-88
-95
-118
-136
-115
-127
-139
-127
-141
-140
-128
-136
-134
-138
-137
-118
-93
-82
-95
-93
-78
-67
-62
-54
-52
-41
-39
-56
-57
-49
-27
-31
-40
-32
-54
-60
-44
-24
-3
-8
-7
4
30
59
72
81
87
98
94
99
114
127
134
126
125
126
135
145
123
109
104
94
101
108
95
77
81
83
94
103
71
62
65
53
69
74
78
89
66
49
61
70
59
54
47
37
19
0
16
9
-17
-17
-28
-34
-39
-51
-53
-58
-69
-75
-79
-87
-92
-87
-104
-123
-122
-111
-105
-117
-120
-125
-128
-129
-124
-110
-109
-108
-113
-105
-83
-75
-55
-54
-80
-63
-44
-48
-37
-46
-53
-37
-34
-45
-35
-28
-34
-31
-43
-47
-43
-42
-31
-15
8
13
7
16
39
47
55
76
81
86
90
86
91
100
109
124
135
130
110
107
95
76
94
100
105
106
93
93
97
96
80
76
80
84
91
78
75
86
87
80
69
69
72
63
57
44
39
34
16
2
-4
-8
-9
-5
-13
-20
-19
-36
-57
-64
-72
-66
-81
-91
-84
-98
-103
-108
-125
-133
-127
-131
-142
-142
-146
-134
-137
-136
-114
-98
-94
-114
-112
-82
-64
-62
-55
-29
-13
-24
-38
-50
-51
-33
-37
-36
-25
-21
-22
-37
-38
-17
-16
-27
-18
-7
0
-47
-65
4
65
116
119
123
123
34
-24
-44
-12
73
122
189
237
220
193
149
110
92
58
61
108
118
117
109
98
88
53
29
25
47
63
75
88
78
78
69
60
63
51
26
11
-2
-8
-10
-20
24
61
38
25
12
-16
-30
-58
-75
-34
-34
-52
-60
-89
-102
-121
-113
-93
-91
-77
-106
-139
-132
-140
-156
-135
-106
-65
-42
-74
-85
-88
-78
-93
-98
-70
-59
-41
-28
-35
-49
-67
-80
-101
-104
-98
-95
-45
-26
-51
-49
-39
-25
-23
-44
-46
-11
18
20
38
97
122
135
136
116
127
106
134
161
177
207
174
171
156
128
104
81
75
44
17
-3
-82
-109
-73
-54
30
80
113
182
161
137
100
38
30
12
64
131
148
193
161
114
72
-1
-8
12
10
24
51
55
28
-22
-48
-85
-125
-157
-164
-140
-148
-132
-103
-116
-123
-114
-122
-121
-117
-125
-101
-96
-114
-88
-92
-74
-59
-87
-74
-83
-85
-91
-99
-111
-109
-83
-77
-82
-78
-51
-37
-33
-45
-37
-17
-4
4
17
64
90
89
65
-30
-96
-125
-118
-45
37
133
197
236
203
126
49
-43
-60
-63
-24
41
103
153
138
101
55
33
22
35
40
79
127
146
159
131
103
77
61
75
68
74
109
125
163
166
155
141
110
89
58
38
38
59
70
60
19
10
18
-29
-37
-57
-66
-45
-65
-89
-97
-111
-125
-119
-128
-115
-105
-101
-117
-132
-128
-153
-170
-188
-178
-145
-131
-99
-61
-52
-67
-109
-120
-98
-108
-75
-40
-32
-4
3
-6
-19
-20
-20
-26
-38
-60
-39
19
46
60
63
35
34
-9
-19
9
1
45
45
41
70
36
35
35
5
-11
-12
7
31
49
41
43
21
-1
10
11
33
42
45
83
79
79
86
57
78
83
83
127
118
137
142
94
125
112
129
146
119
169
176
156
134
79
50
21
10
24
-1
9
32
34
24
-43
-65
-85
-120
-148
-178
-152
-148
-129
-106
-125
-109
-112
-149
-138
-131
-155
-121
-138
-136
-62
-69
-60
-63
-68
-70
-97
-87
-60
-29
-27
-26
-9
35
49
26
37
-17
-92
-66
-29
9
38
36
63
63
31
36
27
23
18
-25
6
11
1
65
11
16
30
-69
-59
-97
-124
-45
-52
-26
0
2
90
78
57
84
70
76
51
52
100
116
135
195
172
137
176
129
70
109
79
56
138
92
119
134
61
132
47
1
34
-53
-33
19
17
31
30
12
11
-43
-98
-84
-120
-114
-40
-67
-72
-46
-77
-92
-126
-136
-128
-179
-121
-101
-151
-85
-82
-64
-52
-108
-64
-88
-119
-35
-15
-40
-2
12
-6
11
-16
-12
49
-3
-33
14
-8
5
-6
-27
19
1
-3
-6
-41
-22
-59
-100
-84
-72
-16
72
113
100
109
102
63
57
51
59
10
28
86
64
90
66
7
15
8
-26
-21
-1
51
56
27
19
-20
27
39
-7
25
53
107
101
85
137
111
115
136
100
160
175
106
95
52
11
39
12
-17
28
58
2
-34
-36
-98
-135
-176
-109
-74
-99
-14
-74
-101
-76
-166
-132
-96
-178
-142
-77
-98
-108
-88
23
-34
-141
-68
-114
-63
-24
-118
37
22
-20
35
-56
-2
-42
-91
-22
-42
68
96
4
110
51
-38
21
9
13
36
35
89
129
25
21
66
-68
25
68
-8
97
30
81
51
-29
89
-111
-32
81
-130
110
29
-76
158
-77
25
79
-136
31
-58
-43
168
76
89
191
98
108
124
64
46
-13
88
128
59
211
84
-36
133
-30
24
85
-164
44
85
-91
-20
-93
-78
-29
-159
-146
-72
-78
47
-114
-127
-51
-206
-136
-107
-121
25
-54
-78
44
-171
-83
-116
-211
3
-137
-49
113
-205
45
93
-278
11
-90
-194
-26
-51
141
51
-48
110
-38
-83
161
-5
23
175
34
217
150
77
191
-17
98
122
6
322
35
-43
229
-23
73
110
-81
46
78
12
-142
-183
95
8
-34
64
-129
68
-16
-170
67
-79
10
61
-46
27
138
50
-36
171
-9
-52
77
-54
153
102
61
155
-20
197
112
-75
162
9
-80
145
21
1
90
-56
21
-48
-207
37
-98
-170
-2
-174
-169
12
-111
-126
-169
-348
-27
-105
-212
22
-130
-91
23
-243
-104
-3
-113
-4
-98
-22
-2
-117
10
-5
-158
58
-114
-202
300
-170
-98
269
-213
134
131
-128
187
-56
101
232
-40
299
111
4
177
89
242
107
-53
162
47
75
276
-87
54
47
-126
61
-27
27
-23
-89
-93
-12
33
-57
-32
-60
75
-41
-110
99
22
86
165
26
36
267
93
-81
121
77
63
107
94
165
104
17
72
119
88
-63
-77
125
55
-121
-44
10
49
-83
-217
-26
-40
-72
-98
-152
-34
-56
-113
-185
-156
-107
-119
-94
-89
-169
-103
-132
-174
63
-227
-2
36
-449
-129
-63
-103
-108
-14
-27
-51
-86
-127
50
-128
-4
152
-41
-50
146
5
80
147
-119
245
175
-70
193
157
182
72
181
245
-103
173
145
-29
251
202
6
63
57
-48
-3
-63
123
-22
-100
130
-171
117
139
-274
-96
34
-103
-29
3
71
219
-137
61
120
-62
106
-93
46
152
63
185
62
124
159
-74
64
56
-19
0
66
51
122
65
-227
36
35
-224
-88
-36
-101
-42
-85
-6
-49
-344
32
-117
-345
77
-155
-78
15
-152
-67
-162
-228
11
-82
-183
-146
-194
45
-47
-165
16
-169
-66
-50
-263
153
54
-139
96
95
-22
192
207
-33
84
178
144
166
68
271
216
-64
283
129
-47
257
107
172
16
1
325
-156
19
106
-222
156
-3
-225
245
-50
-190
137
-80
-73
-42
-15
164
-86
-81
84
-61
24
14
-51
-84
6
78
-145
108
288
-171
41
145
-33
108
-59
102
17
-110
355
-131
19
382
-228
27
-30
-117
150
-260
-9
183
-283
-166
-68
5
-105
-349
-76
8
-326
-63
63
-166
-76
-252
-160
-60
-188
-44
-65
-18
-73
-119
36
-148
-196
106
-76
-201
126
-8
-29
-10
61
46
-160
172
198
-10
65
113
248
96
139
46
187
281
-35
323
106
347
231
-293
412
186
-42
113
-131
109
54
-136
72
12
10
61
-243
-42
-78
-147
114
-184
-51
32
-57
165
-238
-34
258
-189
139
151
-143
169
209
-52
44
91
-7
79
-34
170
72
-124
98
-19
34
-38
-33
15
-65
23
-8
-182
-18
160
-72
-243
-1
49
-84
-12
-127
80
-277
-172
188
-322
-51
-47
-325
-21
-120
-174
-41
-260
-38
-134
-300
171
-487
-60
289
-723
255
-49
-424
452
-346
-19
332
-346
313
127
-210
474
-139
93
548
-157
326
197
-40
511
-49
72
377
-40
240
139
-60
321
-26
-166
334
-136
-87
249
-236
229
-72
-261
313
-263
-44
122
-86
-100
-118
136
118
10
18
-49
97
156
-159
247
149
-42
115
-16
137
68
58
7
-2
95
-150
-79
224
-45
-152
43
-23
-78
-147
-5
-49
-43
-115
-35
33
-209
128
-37
-158
1
-159
-155
-83
-119
18
-142
-212
172
-213
-200
101
-178
-151
-37
-124
7
-27
-186
101
-139
-133
50
-141
-51
-136
-58
50
-75
47
-40
18
185
-196
88
304
-82
69
76
184
191
94
224
33
235
228
-29
141
228
-34
134
2
46
262
-221
95
-18
-67
91
-227
37
-19
-124
-63
14
-83
-56
-36
-85
73
25
18
-92
83
140
-109
63
222
27
20
-37
263
107
-132
173
0
87
71
136
72
-199
38
32
-70
111
71
-151
-10
-85
40
-9
-225
136
-152
-63
-36
-72
182
-152
-156
-109
-89
-22
-155
50
-46
-241
19
-128
-142
119
-228
-105
135
-175
-42
-97
-59
58
-113
-23
-9
-34
63
-124
93
154
-130
102
175
11
81
81
-59
208
39
-114
211
148
-63
-36
191
52
-147
128
55
-133
108
57
-149
35
27
15
-109
-84
158
-307
-61
207
-192
40
21
-30
64
-145
95
-30
-107
250
5
-3
113
-30
110
47
66
153
7
52
132
106
30
-25
164
91
-92
69
92
102
-14
-9
12
-50
-21
-75
62
-65
-65
31
-102
21
-144
-77
-1
-205
-27
-101
-210
77
-68
-163
-52
-99
24
-66
-205
30
2
-133
70
-24
-79
65
-45
-7
14
-32
95
-27
-1
86
49
47
60
126
62
-28
105
-38
65
194
-67
112
44
-43
94
-54
47
69
-102
55
-116
-10
84
-156
60
-12
-156
8
-22
-75
13
-34
-22
40
-94
24
23
-4
64
-99
67
45
-20
118
74
5
87
61
25
93
39
144
-27
96
136
-29
79
-83
10
9
-6
69
-25
63
49
-183
-45
50
-185
73
-125
-137
149
-262
-34
23
-228
20
-63
-187
-6
-154
-70
154
-152
-104
165
-154
77
5
-278
163
-68
0
77
-108
83
-8
-65
176
-43
-73
173
-173
108
224
-133
217
-6
-93
171
-75
172
133
-106
158
11
26
113
-156
192
23
-203
283
-166
-77
219
-212
151
-70
-195
259
-182
51
141
-328
179
-15
-216
260
-33
-40
55
-145
131
119
-97
150
93
-47
123
-1
-55
107
-43
26
148
-66
129
24
-24
132
-191
67
133
-184
52
-14
-28
54
-316
62
16
-212
185
-297
-149
188
-338
56
130
-355
79
-125
-182
256
-278
-40
156
-348
137
80
-231
245
-98
-213
183
-142
5
9
-76
254
-127
-31
227
-109
-48
205
6
-69
109
21
66
-54
36
206
-82
45
167
-78
67
143
-89
62
107
-52
22
68
22
-3
85
-35
-95
71
-87
11
123
-111
93
-58
-196
183
-66
-143
98
29
-33
-8
-17
37
-18
-40
130
-141
-41
168
-110
76
64
-86
100
3
-2
145
-39
84
80
-172
145
51
-51
107
-112
42
35
-124
80
-57
-46
63
-96
-38
44
-200
-123
87
-100
20
63
-91
-67
22
-43
-32
107
-108
-32
24
-70
149
-132
-53
174
-237
-13
154
-80
91
-92
-83
128
-153
63
44
-237
151
-10
-40
138
-124
87
-33
-3
132
-118
63
111
-44
56
18
-62
27
30
-43
28
85
-48
39
-38
-58
97
-113
12
101
-123
36
-17
-15
72
-64
150
-11
-147
195
-93
-69
116
-109
50
32
-24
161
41
-69
26
-48
58
52
-63
32
64
24
31
-79
11
80
-78
98
48
53
84
-102
76
116
-57
52
-81
-53
107
-94
116
-33
-116
117
-181
51
-2
-134
88
-96
-81
-70
-132
-65
11
-14
-60
-96
-27
-34
-52
3
46
-16
-148
35
-42
27
87
-118
120
-25
-98
165
-66
43
55
-94
112
26
23
1
-35
61
43
-1
-36
40
96
-67
24
108
-148
56
-1
-46
171
-102
69
80
-97
105
3
-27
61
-35
49
4
-37
94
-142
-5
155
-114
24
-44
-102
165
-24
-14
64
-14
67
4
-64
78
69
-75
56
56
-4
-22
46
21
-52
25
-48
-36
67
21
-50
76
-10
-67
42
-173
7
121
-235
-16
49
-182
23
-52
-150
70
-48
-105
-10
-89
22
-26
-58
31
-90
67
-29
-44
84
-89
105
140
-30
92
70
-37
116
39
-26
113
29
-14
99
3
-1
26
19
55
-12
7
52
-19
-65
32
-72
-14
10
-39
52
-100
29
137
-111
24
-52
-77
180
-91
-25
67
-93
75
-19
-55
93
-30
-46
35
-34
40
23
-50
48
-45
30
-11
-40
9
-18
45
-58
7
51
55
14
-151
24
62
-84
51
14
-8
13
-29
23
23
-76
-28
62
-94
-36
13
2
-30
-121
0
-58
-17
5
-93
-1
-51
-18
10
-14
-1
9
-18
-36
14
38
-36
50
159
-46
60
77
-50
130
75
49
93
9
60
12
24
68
18
39
-13
15
84
-57
2
10
-79
43
-56
-62
56
-52
-103
-37
13
-51
-103
-4
41
-50
-84
122
15
-103
155
-22
-129
99
43
21
88
24
47
-55
-54
102
-62
29
108
-91
36
-10
-68
50
-50
-18
-21
-36
7
-51
-48
-38
16
11
16
-5
-73
36
34
11
19
5
-17
-59
18
44
23
-46
60
9
-141
9
4
-61
-29
-2
-37
-64
22
-84
-41
22
-76
47
-42
-32
36
-1
21
-19
68
68
-3
23
63
-4
73
35
-15
188
-72
14
115
-134
117
26
-134
85
-59
-110
38
-102
-32
42
-126
63
38
-166
46
-47
-54
84
-21
96
50
-17
98
25
12
83
-32
54
166
-57
83
69
-65
65
13
-21
17
19
8
63
-20
-5
51
-46
27
9
8
27
-14
12
-30
43
-37
-16
68
10
18
-39
39
7
-118
-18
-9
-30
-24
-19
-51
-60
43
-124
-137
-29
-11
-31
-126
-72
-15
-40
-41
-31
-81
-39
-82
-9
49
-20
4
-84
75
-13
-71
124
-37
50
64
-75
108
54
12
50
-34
112
73
-47
33
81
4
-29
45
4
45
-7
-47
78
35
-17
-24
-76
9
52
-117
9
32
-9
45
-33
34
25
-29
-2
-1
24
80
9
-1
33
31
102
-5
-7
139
35
1
28
-17
110
19
16
79
-73
23
-19
-89
23
-55
-35
37
-114
52
5
-91
12
-74
26
-33
-76
27
-23
-64
0
-18
-37
2
-3
43
-21
-40
-19
-17
8
-15
-13
4
26
-77
6
-6
-24
-12
-94
-5
-31
-39
-8
33
18
-13
16
22
-11
39
69
0
-25
-33
84
21
-22
88
-15
-4
24
-14
41
27
-16
28
-17
-3
44
21
-24
-35
45
-9
-54
-33
25
2
-25
12
15
3
-32
5
-23
10
-20
-20
30
-33
18
5
-23
61
32
-53
23
1
4
58
4
16
4
-3
9
13
5
-13
18
21
-7
-5
-23
38
72
-47
40
14
-87
19
-30
-10
37
-44
4
15
-23
34
-10
-27
45
-10
-28
-25
-49
11
-16
14
20
-11
8
-18
27
-13
-53
53
-7
-2
70
-41
81
104
-84
-16
-5
-9
57
-63
23
21
-34
39
-28
26
-35
-81
40
-73
-66
36
-31
-10
3
-68
-66
4
-11
18
-7
-40
-4
-14
42
-73
-27
62
-41
60
21
-5
84
-69
-52
82
-53
86
47
-83
149
-29
-2
90
-73
47
-70
-47
120
-4
41
6
-62
100
-25
-75
89
-20
-13
64
-26
22
54
-36
37
19
-19
2
-11
11
-56
-37
29
-10
38
-10
-57
57
-44
-43
64
-11
15
27
-31
64
47
-49
39
-37
-7
94
-48
-34
-35
-28
47
-53
-34
66
-55
-18
15
-76
47
-36
-44
78
-81
50
45
-110
105
-25
-61
93
-97
30
75
-92
39
2
-52
45
-49
-36
-5
-57
18
-35
-40
-2
-18
43
11
-51
-12
-35
-1
56
-27
2
63
-21
-25
25
25
14
8
11
-2
-5
-9
24
70
-5
2
35
-10
35
-8
-6
21
-12
37
21
-13
-1
0
-9
-3
44
8
12
-7
-21
62
18
-6
-2
-39
59
37
-24
34
-28
-5
24
-22
29
19
-7
20
11
16
10
-30
-39
3
-3
5
-8
-22
6
-36
-34
-5
-59
15
-22
-5
75
-113
13
-2
-85
59
-40
-1
63
-75
4
13
-35
63
-79
-28
55
-44
47
-69
-14
60
-113
11
92
8
36
31
-19
19
-22
-11
10
25
61
2
7
-1
-24
53
27
13
17
-82
1
32
12
-14
-63
3
-33
-54
-15
25
-8
-31
-48
-31
44
-15
-2
-26
-20
38
-34
33
84
-9
56
32
-38
69
-6
23
66
-33
31
33
4
6
-20
-8
10
-40
24
40
-79
3
-15
-75
49
-2
-4
33
-74
45
33
-62
48
10
-28
48
1
10
31
-10
33
-21
9
16
-44
20
-16
24
12
-25
25
-32
-13
-22
-34
23
8
-29
-19
-9
-13
19
-18
-54
0
-13
-45
-19
23
-11
4
19
-45
16
15
-14
20
-5
11
32
-17
-37
-18
9
43
28
15
-10
-25
17
-22
-24
-13
12
73
-11
4
25
-24
20
-23
-50
30
5
-21
11
25
39
-14
-23
8
-5
-19
-37
-11
7
23
43
32
23
14
-1
11
12
3
16
6
3
11
-19
-13
15
-9
5
5
5
24
-22
-17
3
-3
13
-14
40
47
-41
-31
-10
-25
-1
-6
-8
27
-16
-3
2
-31
11
-4
-30
-13
0
29
19
3
0
-1
-14
-33
-4
27
11
-15
-16
-28
-4
23
15
46
48
2
-8
6
-26
-23
17
10
28
-16
-37
12
-33
-61
-20
-38
-11
30
-32
-13
10
-13
0
-25
-3
24
-5
33
25
3
32
-10
-28
-13
29
45
3
31
48
-11
-48
-31
-14
2
34
16
3
32
6
-27
-34
-43
-6
-1
5
17
-2
-9
-26
-7
-9
-16
34
1
-3
35
-20
26
20
1
41
-9
7
-1
2
52
9
0
27
-31
-2
40
-22
-6
4
-21
-23
-30
-12
-1
-11
-23
-29
-12
25
21
21
