10
-8
-8
4
-5
-7
2
-1
-2
6
2
-7
4
5
-5
1
5
2
2
-1
3
0
-5
3
-1
-1
4
-1
-3
1
3
0
-5
4
4
-9
-1
3
-8
-7
7
1
-9
-1
6
-4
6
7
-15
1
11
1
12
20
-3
-12
10
9
-8
-10
-13
-2
28
1
0
-2
-15
3
-1
17
17
-9
8
-19
-22
25
-28
13
42
-28
-10
-14
-27
-12
-57
-39
-35
-9
68
-22
9
43
-45
16
55
57
87
46
24
-9
19
33
-68
-21
-27
-50
39
17
-21
-12
-51
-60
-30
54
-1
-98
52
11
-76
16
-20
-33
10
7
-9
12
106
-22
-111
99
94
-41
62
85
-16
11
26
-69
-21
87
-43
-77
59
-5
-72
-21
-27
7
-57
0
71
-61
15
28
-51
26
55
-11
-71
12
119
-49
-57
125
4
-78
42
-10
-63
27
-24
-85
-1
84
-42
21
167
10
-46
13
-91
-95
-29
-39
13
-15
5
34
38
13
27
51
-38
11
144
24
-41
38
19
57
-16
-56
20
1
1
5
-25
-16
-37
-50
-20
19
8
-67
6
54
-62
-71
41
65
-18
-37
39
47
56
53
-97
-73
102
-16
-58
119
13
-54
38
14
-1
-25
-28
-24
-38
34
-31
-106
56
6
-103
28
39
5
41
-4
-8
71
-6
-54
25
-14
-15
91
2
-41
112
-22
-93
65
9
-47
31
-6
-67
-41
5
-25
-27
-2
-33
-26
8
75
50
-23
28
87
0
-28
38
53
66
52
10
6
50
2
-2
67
45
-22
-37
36
13
-49
-13
-19
-19
-20
-65
-19
-22
-55
-30
-67
-50
1
-32
-43
-19
-27
-4
5
-13
-17
-38
-30
-9
5
-4
-28
-44
-42
-37
-34
-3
4
-1
-5
28
49
28
45
19
-16
16
21
17
10
-26
-44
-25
-15
-20
-28
-59
-50
-22
-9
-22
-12
-6
-56
-28
11
-8
26
24
-13
27
83
88
63
68
60
57
86
109
108
118
103
90
100
83
91
85
65
58
40
22
9
-3
-40
-96
-80
-36
-50
-100
-117
-100
-96
-111
-119
-92
-81
-95
-100
-113
-127
-147
-169
-165
-163
-187
-187
-193
-217
-275
-314
-258
-261
-268
-263
-288
-241
-191
-188
-156
-98
-54
-25
19
109
150
181
258
309
341
365
385
442
478
482
475
461
500
515
471
462
445
414
398
353
330
314
269
224
181
159
139
151
163
135
101
98
99
68
67
84
109
129
179
210
203
209
204
219
246
205
179
151
83
51
-8
-31
10
5
-45
-109
-152
-167
-220
-273
-368
-361
-356
-373
-311
-359
-372
-329
-307
-297
-510
-887
-1119
-1313
-1371
-1518
-1716
-1760
-1830
-1795
-1853
-1868
-1658
-1608
-1528
-1353
-1230
-856
-630
-448
-167
1
338
606
856
1092
1140
1371
1524
1531
1646
1615
1617
1626
1536
1477
1402
1311
1078
787
684
624
541
402
271
225
95
28
21
5
35
24
105
258
369
498
615
752
880
931
995
1051
1061
1005
896
896
856
799
766
624
519
376
197
111
-16
-142
-181
-260
-311
-417
-446
-397
-397
-394
-412
-426
-328
-166
-111
-24
74
163
211
180
107
34
15
10
-94
-130
-202
-354
-447
-588
-799
-893
-883
-693
-835
-1959
-3320
-4071
-3918
-3324
-3294
-3893
-4210
-4080
-3702
-3483
-3146
-2412
-2058
-1909
-1514
-882
204
1012
1142
1427
1811
2364
3085
3544
3877
3809
3494
3488
3543
3660
3654
3302
2850
2167
1478
1107
705
128
-510
-1089
-1343
-1354
-1423
-1443
-1522
-1727
-1711
-1488
-1082
-588
-274
3
409
778
1255
1687
1972
2227
2292
2331
2418
2467
2441
2252
2027
1828
1538
1324
1129
865
491
41
-341
-655
-790
-837
-883
-886
-847
-785
-615
-498
-523
-542
-406
-135
165
418
633
797
828
727
727
768
787
783
581
287
16
-147
-232
-354
-602
-851
-1345
-1606
-1980
-1906
-1856
-3747
-5877
-6587
-5920
-4297
-4134
-5281
-5457
-5251
-4443
-4225
-3839
-2115
-1578
-1574
-1047
-373
1503
2537
2294
2753
3109
3752
4403
4738
5223
5012
4457
4205
4076
4104
3836
3213
2311
1316
428
-68
-122
-747
-1370
-1840
-2539
-2592
-2749
-2762
-2402
-2602
-2380
-1854
-1192
-259
-113
282
1071
1494
2227
2695
3115
3608
3412
3335
3359
3294
3287
2973
2713
2383
1827
1433
1147
862
417
-152
-702
-1012
-1085
-1290
-1415
-1541
-1631
-1405
-1233
-1060
-839
-732
-405
-172
91
524
789
1115
1237
1106
1111
1023
1025
1044
847
687
490
378
218
-98
-478
-780
-883
-1027
-1306
-1557
-1957
-2041
-2739
-4704
-6187
-6529
-5503
-4381
-4975
-5863
-5745
-5021
-4222
-4354
-3842
-2435
-2019
-1760
-1216
44
1926
2372
2173
2652
3286
4088
4534
4805
5238
5061
4616
4421
4364
4243
3703
2926
2064
1190
398
51
-111
-765
-1455
-1978
-2237
-2158
-2440
-2567
-2422
-2491
-2227
-1838
-1173
-386
-148
257
990
1631
2224
2529
3008
3440
3311
3220
3278
3474
3401
2928
2536
2193
1894
1585
1199
858
363
-236
-708
-972
-1001
-1075
-1184
-1289
-1337
-1221
-1121
-995
-855
-757
-502
-210
37
326
637
876
881
678
584
685
911
934
691
533
462
381
198
-95
-339
-528
-850
-1031
-1093
-1084
-1187
-1756
-3016
-4683
-5697
-5533
-4663
-4210
-4911
-5761
-5655
-5000
-4453
-4336
-3972
-3213
-2779
-2450
-1691
-199
1334
1723
1614
1966
2850
3927
4458
4775
5077
5003
4896
4793
4879
4976
4470
3651
2726
1949
1559
1251
877
154
-782
-1372
-1655
-1765
-2020
-2334
-2486
-2683
-2850
-2710
-2053
-1304
-1058
-902
-467
229
1046
1519
1920
2289
2447
2589
2812
3303
3572
3276
2946
2741
2689
2593
2236
1865
1384
805
308
31
18
-134
-494
-820
-992
-1032
-1098
-1140
-1197
-1238
-1118
-956
-669
-311
-87
79
89
-63
-12
215
395
358
199
95
99
180
112
-110
-386
-599
-652
-593
-653
-944
-1311
-1833
-2852
-4057
-4679
-4274
-3494
-3511
-4227
-4741
-4610
-4192
-3968
-3723
-3198
-2797
-2715
-2456
-1562
-395
341
600
866
1429
1926
2298
2907
3681
4074
3965
3847
4026
4297
4271
3946
3528
3024
2418
2060
2030
1902
1375
658
215
-26
-415
-800
-973
-1101
-1473
-1957
-2068
-1773
-1449
-1391
-1377
-1161
-845
-497
-91
292
597
767
953
1467
2044
2361
2448
2469
2499
2490
2414
2391
2407
2227
1774
1328
1106
1006
882
671
425
95
-224
-467
-680
-884
-1044
-1131
-1151
-1099
-974
-909
-919
-934
-1056
-1182
-1101
-880
-764
-660
-556
-525
-510
-555
-542
-483
-486
-523
-568
-513
-283
-109
-150
-389
-1093
-2204
-2991
-2855
-1988
-1314
-1609
-2457
-2908
-2665
-2243
-2150
-2347
-2562
-2596
-2482
-2142
-1413
-530
-17
-187
-655
-725
-145
745
1342
1497
1612
1869
2196
2498
2703
2856
2906
2590
2046
1870
2198
2665
2735
2247
1692
1415
1331
1280
1053
693
464
279
64
-46
39
166
19
-382
-726
-700
-386
-138
-89
-45
84
188
254
369
592
744
684
556
545
692
796
674
485
245
31
140
367
476
513
300
-42
-86
11
-99
-241
-360
-528
-532
-357
-224
-218
-407
-702
-852
-806
-626
-532
-577
-544
-543
-570
-534
-552
-570
-582
-631
-653
-621
-468
-228
-74
-9
-9
-23
7
107
189
229
304
226
-149
-696
-1078
-1036
-730
-557
-823
-1340
-1514
-1210
-869
-774
-949
-1198
-1314
-1318
-1163
-803
-469
-358
-517
-746
-747
-570
-412
-307
-213
-101
61
239
405
619
846
931
826
693
782
1078
1358
1479
1433
1336
1326
1390
1376
1226
1069
1015
956
836
747
796
939
972
861
701
627
662
635
599
584
566
571
529
463
459
479
405
298
274
250
190
152
77
-10
-46
-94
-125
-60
0
-113
-278
-353
-369
-371
-436
-511
-459
-371
-368
-397
-460
-466
-402
-431
-542
-559
-492
-402
-318
-346
-364
-339
-352
-354
-354
-358
-324
-291
-148
65
168
192
222
378
630
634
91
-788
-1399
-1275
-612
-257
-716
-1517
-1945
-1815
-1626
-1832
-2141
-2203
-2066
-2016
-2224
-2109
-1424
-811
-776
-1273
-1588
-1161
-406
106
260
374
709
1043
1240
1486
1888
2260
2329
2068
1861
2131
2672
2905
2704
2300
2046
1946
1734
1542
1477
1498
1351
848
402
308
433
472
196
-200
-487
-581
-550
-566
-514
-428
-545
-704
-696
-494
-239
-188
-264
-286
-207
-69
17
72
142
24
-111
-74
17
254
290
94
157
159
69
201
101
240
350
-28
134
193
-17
279
11
-368
-89
-318
-313
-42
-291
-246
-159
-388
-335
-514
-602
-296
-448
-499
-402
-321
13
38
-125
-39
-102
70
449
660
786
308
-760
-1520
-1415
-810
-478
-931
-1708
-2051
-1970
-2037
-2251
-2230
-2105
-2197
-2665
-2943
-2423
-1461
-810
-893
-1363
-1417
-911
-184
495
968
1282
1462
1573
1714
2184
2875
3316
3263
2753
2419
2661
3132
3277
2958
2526
2220
1862
1441
1207
1218
1196
728
-71
-555
-559
-459
-477
-722
-1051
-1309
-1525
-1593
-1307
-1048
-1058
-1088
-1113
-936
-600
-307
51
229
173
207
375
698
933
875
725
751
799
775
841
859
668
436
143
-8
156
163
111
-54
-287
-238
-157
-238
-425
-566
-541
-622
-578
-312
-201
-144
-204
-365
-409
-359
-313
-183
-156
-249
-177
90
166
284
303
92
136
178
288
502
755
660
-167
-1291
-2013
-1931
-1296
-941
-1377
-2095
-2586
-2751
-2723
-2650
-2430
-2365
-2585
-2908
-2875
-2136
-1309
-746
-716
-1012
-1005
-649
205
1239
1856
2013
1917
1944
2312
2829
3325
3619
3568
3190
2741
2697
3035
3312
3132
2498
1850
1394
1139
1000
920
810
274
-496
-949
-1083
-1006
-988
-1151
-1417
-1794
-1954
-1780
-1429
-1097
-1049
-1135
-1060
-785
-417
-50
298
562
712
773
936
1291
1516
1435
1221
1158
1195
1244
1335
1268
1043
777
411
206
164
88
68
-136
-370
-432
-441
-411
-585
-876
-858
-846
-862
-680
-466
-357
-431
-386
-408
-475
-215
-62
-91
78
107
7
92
258
374
323
372
438
197
-412
-1550
-2549
-2488
-1721
-1168
-1546
-2557
-3227
-3435
-3476
-3352
-3023
-2575
-2431
-2777
-2991
-2554
-1592
-912
-845
-779
-471
38
744
1555
2181
2379
2277
2312
2769
3427
3920
4114
4063
3693
3144
2801
3036
3371
3202
2694
2058
1590
1220
830
600
394
-43
-713
-1265
-1308
-1196
-1286
-1519
-1827
-2076
-2229
-2142
-1735
-1313
-1126
-1167
-1157
-754
-215
141
437
737
1057
1338
1524
1773
1948
1877
1650
1536
1687
1820
1782
1613
1325
960
627
293
188
289
99
-217
-405
-695
-843
-755
-861
-997
-1009
-1005
-939
-715
-541
-507
-437
-402
-345
-166
-61
51
206
212
281
337
398
580
614
449
-154
-1296
-2409
-2946
-2450
-1544
-1383
-2154
-3397
-4268
-4411
-4205
-3720
-3116
-2788
-2871
-3317
-3363
-2623
-1661
-1105
-1042
-853
-295
512
1458
2142
2461
2476
2369
2597
3237
4030
4604
4698
4315
3610
3026
2994
3373
3637
3363
2745
2106
1504
1050
676
378
150
-351
-1002
-1340
-1359
-1355
-1579
-1920
-2257
-2469
-2397
-2043
-1492
-1137
-1259
-1450
-1312
-808
-170
355
817
1180
1352
1396
1509
1816
2047
2041
2018
2194
2432
2480
2287
1980
1622
1206
900
850
890
783
468
-24
-485
-729
-832
-905
-999
-1096
-1154
-1146
-1116
-1133
-1064
-956
-810
-553
-332
-193
-74
-12
101
198
306
550
643
381
-469
-1836
-2842
-2715
-1841
-1258
-1831
-3173
-4303
-4731
-4576
-4160
-3537
-3000
-3165
-3894
-4265
-3730
-2514
-1535
-1268
-1202
-814
-124
744
1526
2120
2446
2492
2597
3171
4144
4971
5167
4708
3921
3348
3302
3668
4053
4032
3517
2702
1898
1213
846
684
408
-74
-696
-1202
-1376
-1555
-1891
-2265
-2584
-2702
-2593
-2223
-1779
-1598
-1691
-1811
-1646
-1006
-225
458
918
1108
1151
1260
1596
2082
2404
2544
2584
2647
2760
2769
2699
2500
2209
1928
1704
1573
1438
1135
708
245
-140
-384
-453
-508
-799
-1205
-1506
-1628
-1494
-1248
-1105
-1030
-1030
-1092
-1022
-812
-551
-323
-257
-156
67
57
-423
-1457
-2709
-3105
-2431
-1559
-1440
-2483
-3880
-4721
-4829
-4278
-3653
-3097
-2715
-3297
-4199
-4313
-3496
-2010
-1012
-891
-720
-319
274
914
1391
2091
2700
2981
3390
3915
4512
4824
4449
3840
3502
3588
4018
4297
4057
3406
2554
1772
1279
1047
1037
1024
509
-354
-1139
-1693
-1876
-1989
-2106
-2045
-2103
-2153
-2122
-2130
-2044
-2042
-1988
-1475
-702
76
585
652
636
687
925
1564
2297
2764
2788
2479
2283
2339
2501
2707
2839
2780
2519
2075
1660
1356
1107
871
666
499
376
151
-223
-667
-1135
-1377
-1347
-1216
-999
-841
-950
-1170
-1319
-1278
-1027
-669
-398
-266
-222
-400
-1099
-2433
-3794
-3833
-2427
-1023
-1236
-3291
-5249
-5666
-4991
-4084
-3368
-2683
-2447
-3517
-4752
-4760
-3325
-1411
-624
-685
-390
196
706
1010
1382
2147
2843
3428
4135
4776
4989
4527
3736
3224
3354
3991
4632
4702
3886
2586
1533
1104
1164
1259
1192
926
157
-814
-1587
-1998
-1983
-1966
-1988
-1815
-1722
-1877
-2136
-2369
-2332
-2023
-1488
-716
35
375
267
86
222
811
1631
2371
2689
2525
2239
2038
2111
2501
2844
2981
2858
2493
2165
1807
1484
1323
1134
1056
966
669
345
-63
-490
-751
-923
-977
-775
-660
-834
-1145
-1308
-1252
-997
-804
-669
-572
-623
-527
-604
-984
-1973
-3629
-4145
-2663
-1081
-1014
-3196
-5741
-6088
-4924
-3710
-3125
-2928
-2847
-3849
-5341
-5232
-3399
-1073
-96
-744
-1171
-577
208
809
1405
2236
3083
3545
3903
4365
4586
4343
3820
3420
3784
4556
4997
4752
3495
2037
1487
1589
2000
2136
1568
762
-240
-1236
-1598
-1499
-1314
-1419
-1895
-2177
-2234
-2319
-2367
-2372
-2220
-1831
-1457
-1023
-533
-299
-276
-178
194
997
1766
2165
2264
2052
1942
2095
2461
3000
3186
2918
2608
2416
2433
2471
2243
1948
1549
1134
868
650
512
288
-159
-552
-872
-957
-876
-987
-1173
-1350
-1384
-1260
-1182
-1134
-949
-796
-683
-717
-750
-899
-1350
-2639
-3819
-3292
-1652
-718
-1974
-4693
-6117
-5262
-3652
-2738
-2969
-3131
-3662
-4936
-5346
-4094
-1833
-229
-715
-1713
-1484
-518
462
1034
1640
2551
3198
3453
3845
4186
4246
3987
3702
3982
4719
5073
4814
3844
2521
1974
2154
2652
2811
2002
886
-10
-746
-951
-871
-852
-1090
-1794
-2322
-2326
-2245
-2273
-2435
-2463
-2106
-1712
-1439
-1194
-1015
-836
-535
-45
745
1382
1596
1624
1614
1782
2262
2744
3083
3095
2799
2567
2557
2780
2898
2627
2162
1732
1461
1424
1218
850
499
5
-358
-526
-722
-861
-988
-1218
-1350
-1448
-1299
-1132
-1233
-1304
-1377
-1110
-598
-422
-776
-1345
-2240
-3234
-3417
-2212
-859
-945
-3022
-5531
-5962
-4441
-2635
-2189
-2838
-3544
-4558
-5303
-4654
-3091
-1221
-637
-1573
-2027
-1484
-430
526
996
1548
2352
2965
3552
3761
3680
3584
3541
3975
4770
5250
5073
4269
2979
2293
2665
3403
3796
3086
1589
510
-11
-101
114
-6
-465
-1323
-2203
-2322
-2025
-1956
-2202
-2650
-2710
-2264
-1896
-1735
-1721
-1664
-1350
-857
-201
511
813
812
901
1206
1924
2529
2660
2647
2524
2594
3001
3347
3488
3231
2591
2135
1972
2098
2303
2021
1323
653
120
-80
-225
-414
-632
-958
-1269
-1456
-1567
-1482
-1441
-1592
-1528
-1472
-1290
-1052
-1111
-1561
-2175
-3059
-3392
-2648
-1529
-1213
-2522
-4562
-5476
-4691
-3145
-2122
-2447
-3245
-4187
-4927
-4542
-3169
-1642
-758
-1220
-1899
-1703
-978
12
750
1242
1933
2586
2959
3202
3127
3115
3403
3866
4534
4923
4681
3981
3058
2523
2912
3618
3903
3313
1915
767
387
513
842
795
117
-846
-1766
-2019
-1598
-1348
-1534
-2083
-2520
-2438
-2217
-2003
-1861
-1917
-1694
-1205
-769
-400
-294
-234
154
714
1410
1954
1980
1796
1739
2056
2784
3394
3485
3061
2432
2133
2348
2740
2958
2646
1936
1240
678
582
708
636
315
-216
-847
-1207
-1194
-1080
-1133
-1358
-1532
-1378
-1298
-1481
-1598
-1769
-1927
-2393
-3434
-3716
-2547
-1466
-1786
-3809
-5590
-5219
-3433
-2177
-2489
-3539
-3909
-3939
-4161
-3694
-2496
-1205
-862
-1750
-2212
-1215
112
767
831
1108
2121
2920
2968
2845
2867
3271
3833
4156
4501
4516
3886
3133
2628
2878
3711
3956
3256
2085
999
756
990
1047
936
468
-331
-1127
-1635
-1570
-1158
-1123
-1501
-1980
-2319
-2275
-2143
-2042
-1797
-1577
-1366
-1164
-1095
-893
-623
-304
363
910
1158
1192
1047
1183
1699
2274
2799
2969
2704
2318
2066
2230
2691
2964
2834
2286
1583
1184
1175
1237
1185
839
302
-177
-619
-801
-737
-663
-704
-946
-1412
-1621
-1488
-1227
-1061
-1340
-1962
-2721
-3441
-3365
-2392
-1695
-2090
-3746
-5290
-5043
-3545
-2436
-2586
-3585
-4224
-4243
-3918
-3154
-2289
-1584
-1365
-1716
-1739
-924
22
660
931
1226
2128
2944
3108
2922
2801
3154
3944
4522
4630
4227
3552
3113
2963
3258
3767
3729
2976
1804
917
937
1348
1374
824
-4
-725
-1097
-1217
-1260
-1276
-1466
-1817
-2122
-2242
-2109
-2079
-2204
-2083
-1741
-1358
-1134
-1209
-1185
-783
-241
343
769
836
755
769
1141
1840
2467
2691
2479
2127
2011
2218
2580
2857
2846
2478
1977
1633
1444
1442
1420
1230
854
396
-70
-327
-507
-653
-561
-566
-767
-1093
-1442
-1514
-1160
-885
-1005
-1685
-2581
-3306
-3340
-2417
-1549
-1859
-3427
-5072
-5211
-3666
-2297
-2393
-3473
-4274
-4287
-3886
-3345
-2558
-1702
-1390
-1771
-1933
-1248
-224
465
691
1123
1971
2783
2952
2626
2601
3138
3976
4582
4606
4146
3644
3265
3184
3560
4031
3925
3037
1963
1312
1342
1572
1429
843
106
-505
-920
-1059
-1054
-1181
-1586
-2010
-2248
-2171
-2038
-2229
-2455
-2332
-1918
-1505
-1432
-1537
-1422
-1082
-479
105
443
551
504
604
1080
1796
2390
2499
2187
1987
2050
2332
2703
2852
2755
2490
2079
1763
1625
1556
1428
1185
857
481
177
-88
-354
-597
-663
-612
-645
-927
-1359
-1585
-1384
-915
-769
-1334
-2392
-3447
-3570
-2376
-1197
-1380
-3127
-5034
-5171
-3642
-2255
-2174
-3205
-4053
-4135
-3878
-3255
-2444
-1789
-1526
-1787
-1881
-1191
-367
104
391
854
1769
2646
2819
2530
2446
2836
3703
4439
4615
4231
3479
3069
3166
3620
4178
4031
3081
2075
1433
1464
1799
1631
1054
373
-344
-813
-924
-852
-867
-1346
-1951
-2181
-2129
-2099
-2323
-2557
-2367
-1963
-1773
-1787
-1907
-1733
-1247
-709
-200
71
61
80
318
949
1764
2173
2193
1992
1851
2071
2448
2759
2927
2782
2485
2219
2040
1982
1914
1676
1343
1008
719
422
46
-262
-421
-457
-446
-718
-1163
-1508
-1445
-1067
-863
-1049
-1508
-2137
-2797
-3224
-2871
-1715
-1224
-2368
-4385
-5232
-4174
-2472
-1871
-2668
-3735
-4081
-3871
-3455
-2761
-1949
-1400
-1484
-1824
-1694
-902
-88
388
839
1501
2159
2389
2194
2177
2760
3603
4230
4351
4064
3559
3131
3166
3543
3959
4051
3435
2389
1648
1502
1738
1832
1458
790
125
-482
-853
-859
-749
-809
-1242
-1826
-2184
-2306
-2325
-2289
-2095
-1827
-1786
-2053
-2257
-2105
-1543
-889
-467
-283
-279
-307
-124
428
1207
1833
1958
1739
1573
1709
2081
2487
2772
2801
2581
2190
1906
1898
2018
2078
1866
1364
859
566
398
219
-54
-290
-373
-435
-741
-1062
-1218
-1171
-1013
-901
-1006
-1372
-2093
-2903
-3084
-2435
-1499
-1464
-2685
-4166
-4644
-3850
-2598
-2153
-2649
-3473
-4010
-3880
-3228
-2454
-1808
-1514
-1642
-1786
-1592
-950
-116
516
971
1479
1918
2163
2142
2210
2761
3529
4090
4152
3741
3209
2962
3154
3633
3957
3737
3015
2182
1627
1476
1756
1959
1608
809
-68
-536
-598
-562
-548
-728
-1082
-1507
-1969
-2273
-2258
-2035
-1751
-1556
-1670
-1993
-2244
-2192
-1590
-767
-269
-263
-566
-726
-411
336
1222
1761
1723
1444
1223
1377
1916
2429
2763
2709
2288
1902
1726
1811
2032
2075
1816
1332
832
552
338
272
274
144
-174
-436
-779
-1014
-1009
-966
-774
-714
-920
-1302
-1915
-2664
-2787
-2345
-1644
-1463
-2398
-3757
-4461
-4043
-2875
-2148
-2502
-3282
-3876
-3824
-3281
-2672
-2028
-1550
-1597
-1735
-1681
-1184
-257
421
850
1351
1748
1951
2060
2179
2777
3497
3925
4038
3685
3273
3111
3218
3571
3800
3536
3021
2390
1840
1686
1723
1709
1482
871
155
-329
-586
-642
-675
-815
-1032
-1419
-1950
-2287
-2219
-1950
-1713
-1707
-1792
-1918
-2075
-1938
-1478
-875
-401
-338
-543
-606
-346
275
1013
1461
1557
1401
1237
1395
1802
2254
2508
2396
2113
1832
1693
1781
1939
1957
1741
1356
848
553
430
410
327
122
-167
-460
-685
-829
-836
-901
-868
-836
-789
-879
-1302
-2061
-2581
-2523
-1896
-1314
-1589
-2689
-3912
-4201
-3429
-2328
-1972
-2556
-3528
-3995
-3675
-2992
-2260
-1721
-1561
-1704
-1844
-1588
-784
31
546
954
1444
1806
1962
2003
2264
2841
3470
3911
3875
3511
3085
2977
3232
3609
3715
3390
2788
2145
1750
1622
1649
1629
1285
587
-97
-468
-584
-636
-728
-897
-1164
-1577
-2014
-2207
-2115
-1848
-1643
-1659
-1862
-2053
-1962
-1598
-1118
-708
-457
-427
-484
-372
3
571
1124
1448
1484
1344
1274
1488
1900
2260
2343
2215
2031
1807
1672
1646
1739
1781
1500
1028
605
371
365
289
116
-52
-299
-594
-797
-892
-851
-743
-760
-770
-805
-1111
-1694
-2236
-2384
-1961
-1350
-1256
-2079
-3278
-3952
-3647
-2636
-1834
-2042
-2990
-3732
-3791
-3203
-2366
-1810
-1617
-1646
-1890
-1888
-1302
-438
305
741
1011
1365
1672
1777
1972
2455
3181
3761
3797
3430
2992
2849
3178
3649
3835
3586
2916
2231
1891
1819
1921
1902
1483
874
289
-180
-359
-430
-587
-789
-1050
-1356
-1676
-1946
-2071
-2017
-1798
-1572
-1668
-1942
-2080
-1974
-1524
-947
-548
-431
-523
-613
-387
181
820
1238
1318
1221
1209
1357
1645
1998
2211
2201
2007
1806
1638
1606
1707
1732
1568
1187
767
495
355
309
228
43
-205
-457
-679
-824
-779
-696
-739
-854
-776
-825
-1194
-1670
-2042
-2001
-1612
-1438
-1621
-2124
-2978
-3555
-3374
-2422
-1643
-2010
-3048
-3666
-3424
-2650
-2103
-1885
-1638
-1527
-1674
-1668
-1156
-250
505
748
893
1261
1608
1817
2036
2455
3068
3471
3438
3164
2873
2870
3150
3419
3453
3135
2637
2179
1838
1714
1815
1756
1351
717
109
-180
-225
-292
-481
-798
-1163
-1405
-1528
-1624
-1760
-1880
-1766
-1562
-1557
-1722
-1880
-1745
-1280
-811
-513
-468
-564
-478
-182
341
899
1194
1235
1135
1096
1285
1638
1985
2093
1915
1701
1574
1562
1576
1552
1536
1379
1069
747
485
349
268
131
-81
-257
-342
-437
-651
-852
-864
-776
-650
-580
-876
-1397
-1811
-2005
-1786
-1495
-1494
-1814
-2518
-3226
-3366
-2866
-2034
-1805
-2523
-3356
-3579
-3045
-2308
-1974
-1821
-1599
-1576
-1617
-1430
-839
60
658
809
1019
1322
1552
1835
2175
2707
3258
3418
3272
2923
2719
2911
3230
3429
3324
2875
2324
1892
1719
1835
1942
1638
961
327
17
10
-75
-296
-485
-796
-1230
-1507
-1525
-1418
-1490
-1762
-1833
-1650
-1482
-1566
-1688
-1563
-1167
-783
-633
-597
-545
-395
-96
338
806
1115
1075
938
992
1278
1693
1925
1885
1724
1571
1508
1563
1604
1597
1482
1208
860
637
538
480
311
33
-176
-329
-423
-562
-644
-693
-681
-670
-707
-788
-1038
-1368
-1581
-1709
-1678
-1571
-1604
-1777
-2401
-3135
-3221
-2566
-1802
-1864
-2736
-3302
-3138
-2604
-2150
-1954
-1737
-1495
-1568
-1658
-1230
-459
286
590
643
936
1315
1609
1892
2246
2690
3105
3126
2960
2774
2704
2970
3192
3215
3019
2617
2157
1819
1702
1808
1823
1388
731
209
-26
-32
-138
-303
-475
-865
-1337
-1686
-1657
-1300
-1208
-1503
-1773
-1864
-1702
-1441
-1274
-1102
-934
-868
-839
-703
-411
-86
171
441
686
853
903
935
1134
1442
1668
1722
1634
1530
1515
1505
1506
1523
1510
1350
1025
692
572
621
573
357
-71
-334
-409
-391
-367
-426
-491
-556
-675
-726
-696
-916
-1123
-1297
-1528
-1705
-1775
-1628
-1415
-1876
-2780
-3152
-2641
-1755
-1715
-2593
-3106
-2868
-2444
-2185
-2133
-1767
-1306
-1406
-1563
-1212
-532
150
375
439
873
1288
1524
1696
1921
2311
2714
2854
2810
2667
2579
2740
2814
2835
2793
2579
2233
1846
1613
1661
1656
1304
758
321
172
71
-147
-328
-417
-685
-1086
-1363
-1384
-1210
-1211
-1398
-1493
-1524
-1526
-1475
-1307
-983
-767
-788
-803
-650
-400
-149
79
346
589
725
760
813
1042
1326
1502
1503
1431
1393
1421
1415
1392
1411
1387
1239
961
674
574
616
584
403
128
-126
-250
-287
-295
-281
-359
-458
-561
-635
-702
-873
-984
-1027
-1317
-1702
-1849
-1604
-1260
-1715
-2731
-3098
-2462
-1651
-1730
-2583
-2990
-2645
-2251
-2179
-2093
-1641
-1255
-1390
-1630
-1260
-456
160
270
282
678
1137
1341
1466
1746
2230
2595
2577
2487
2469
2509
2612
2673
2730
2728
2525
2143
1721
1541
1678
1720
1382
896
471
206
58
-99
-189
-264
-601
-1010
-1229
-1253
-1150
-1202
-1366
-1392
-1397
-1463
-1476
-1375
-1082
-780
-762
-793
-698
-504
-250
-79
199
551
657
661
698
842
1153
1381
1449
1433
1405
1363
1291
1275
1370
1436
1317
1044
747
616
643
620
505
281
44
-90
-243
-290
-191
-221
-311
-483
-618
-657
-725
-751
-910
-1395
-1814
-1769
-1265
-972
-1788
-2930
-3071
-2185
-1416
-1714
-2574
-2834
-2525
-2313
-2256
-2005
-1433
-1214
-1604
-1779
-1202
-387
34
28
162
697
1087
1203
1372
1687
2104
2376
2416
2463
2426
2386
2478
2546
2643
2664
2419
2020
1652
1501
1658
1656
1298
890
470
163
14
-111
-63
-56
-515
-1072
-1286
-1222
-1014
-1030
-1238
-1312
-1423
-1497
-1363
-1151
-902
-816
-875
-770
-604
-418
-235
-80
243
549
632
651
682
806
1060
1257
1366
1405
1322
1193
1140
1197
1337
1421
1225
874
602
561
662
633
431
150
10
-35
-139
-233
-223
-183
-270
-470
-626
-722
-627
-676
-1184
-1709
-1788
-1286
-836
-1307
-2463
-3042
-2490
-1545
-1446
-2137
-2622
-2606
-2438
-2318
-2102
-1541
-1145
-1509
-1851
-1478
-694
-85
10
24
486
923
1044
1157
1423
1898
2275
2320
2355
2354
2283
2333
2362
2507
2681
2502
2099
1702
1503
1640
1718
1390
962
595
279
84
-71
-95
-68
-372
-901
-1203
-1177
-1017
-1013
-1198
-1256
-1258
-1373
-1391
-1212
-970
-782
-762
-764
-623
-469
-322
-113
167
473
641
626
660
777
976
1206
1315
1339
1333
1259
1164
1133
1216
1338
1278
1025
726
531
554
635
498
252
34
-143
-193
-224
-221
-249
-297
-461
-620
-664
-580
-592
-1134
-1792
-1800
-1116
-558
-1104
-2553
-3188
-2436
-1401
-1262
-1976
-2549
-2533
-2501
-2410
-1960
-1388
-1057
-1487
-1978
-1530
-683
-194
-94
-53
374
836
932
973
1275
1714
2101
2263
2239
2289
2206
2154
2220
2419
2744
2623
2093
1584
1408
1592
1782
1551
1088
693
342
95
3
76
51
-318
-820
-1065
-1044
-977
-1061
-1170
-1074
-1047
-1207
-1327
-1291
-1051
-735
-620
-552
-520
-546
-440
-208
131
513
685
598
529
606
847
1174
1330
1289
1206
1118
1079
1090
1195
1295
1207
942
623
442
496
588
485
217
-7
-115
-211
-268
-250
-278
-299
-479
-617
-589
-452
-651
-1529
-2088
-1505
-467
-328
-1608
-3124
-3069
-1800
-942
-1331
-2164
-2473
-2440
-2496
-2315
-1633
-976
-1053
-1793
-2024
-1241
-385
-151
-221
-34
526
845
802
890
1295
1767
2094
2199
2191
2167
1996
1974
2183
2569
2868
2540
1817
1307
1352
1700
1806
1525
1058
580
162
-45
58
237
90
-447
-942
-1132
-1049
-917
-960
-1027
-1052
-1132
-1234
-1304
-1221
-966
-707
-508
-427
-473
-536
-471
-120
352
662
716
587
505
639
972
1268
1379
1279
1126
1051
1043
1143
1260
1271
1067
734
535
533
585
518
347
82
-112
-189
-251
-275
-318
-418
-570
-582
-514
-363
-750
-1784
-2231
-1388
-141
-183
-1859
-3408
-3072
-1615
-799
-1320
-2094
-2302
-2401
-2551
-2209
-1358
-729
-1015
-1856
-1883
-1057
-387
-146
-129
114
579
736
768
927
1219
1674
2046
2125
2136
1985
1807
1873
2021
2409
2668
2252
1548
1130
1228
1583
1617
1280
907
464
-1
-189
37
281
99
-495
-982
-1037
-916
-863
-909
-880
-897
-1028
-1137
-1153
-952
-730
-572
-347
-218
-308
-378
-276
69
532
807
740
547
575
801
1061
1289
1354
1270
1133
973
984
1202
1316
1178
926
618
514
509
465
392
235
-16
-188
-250
-305
-349
-474
-576
-511
-544
-563
-961
-1885
-2136
-1334
-267
-323
-1958
-3406
-3004
-1560
-726
-1254
-2052
-2282
-2394
-2465
-2007
-1156
-657
-1070
-1774
-1586
-890
-443
-236
-113
216
606
636
649
846
1134
1581
2005
2094
1943
1705
1568
1722
1976
2390
2558
2015
1340
998
1207
1661
1592
1127
770
424
16
-214
-41
304
170
-466
-942
-1039
-927
-852
-876
-783
-755
-952
-1106
-1073
-855
-553
-359
-212
-141
-238
-310
-150
245
691
904
823
661
663
849
1137
1322
1302
1223
1118
961
917
1028
1169
1155
894
595
402
292
271
293
204
16
-210
-357
-394
-454
-505
-490
-516
-433
-789
-1742
-2135
-1498
-386
-223
-1694
-3164
-2981
-1679
-845
-1274
-1906
-2029
-2198
-2334
-1997
-1280
-702
-982
-1679
-1509
-818
-457
-309
-140
213
508
486
607
868
1036
1295
1657
1938
1911
1588
1438
1596
1801
2114
2247
1892
1415
1071
1131
1414
1408
1180
882
463
14
-201
24
326
83
-447
-736
-817
-805
-834
-837
-657
-691
-942
-1071
-955
-656
-498
-471
-303
-176
-192
-167
-36
272
609
741
717
712
765
894
1047
1162
1249
1233
1144
1003
932
1033
1103
992
798
652
600
470
295
213
160
15
-179
-278
-326
-349
-466
-607
-512
-470
-1191
-2081
-1976
-949
-143
-872
-2571
-3188
-2299
-1218
-1070
-1623
-1879
-2009
-2351
-2207
-1467
-765
-691
-1326
-1524
-912
-484
-352
-131
172
476
557
606
852
1024
1195
1432
1722
1859
1648
1392
1405
1546
1773
2034
1820
1347
929
866
1161
1244
1016
734
441
66
-192
-128
190
232
-235
-748
-907
-784
-642
-608
-558
-551
-728
-839
-789
-602
-392
-298
-225
-173
-90
-33
11
244
543
771
795
650
611
759
937
1101
1204
1157
1040
924
838
857
947
937
818
622
437
303
277
229
102
-5
-128
-214
-289
-448
-532
-514
-427
-413
-1134
-1951
-1787
-927
-311
-889
-2253
-2729
-2069
-1277
-1101
-1469
-1650
-1822
-2143
-1925
-1221
-724
-762
-1252
-1316
-772
-466
-323
-63
152
353
426
519
832
961
1018
1276
1558
1643
1435
1181
1243
1457
1643
1788
1557
1132
811
711
925
1053
935
732
367
-47
-231
-93
193
179
-212
-511
-592
-573
-519
-538
-451
-369
-459
-538
-562
-477
-292
-161
-25
55
-17
-61
-2
195
514
731
718
601
518
610
865
1031
1026
941
822
725
684
736
761
722
615
424
320
264
201
181
141
4
-138
-218
-282
-345
-370
-373
-357
-487
-1076
-1658
-1462
-727
-347
-881
-1974
-2465
-1931
-1198
-1022
-1313
-1604
-1845
-1988
-1764
-1209
-774
-815
-1123
-1098
-715
-454
-356
-152
107
319
420
524
717
785
917
1159
1476
1587
1330
1129
1179
1357
1514
1567
1392
1147
923
722
766
884
826
648
302
-16
-130
-64
69
21
-183
-416
-542
-486
-434
-431
-390
-394
-408
-443
-475
-349
-155
-61
26
93
92
112
149
297
549
684
647
567
569
663
746
807
865
877
770
594
542
629
678
598
475
364
235
104
72
101
65
-45
-202
-261
-314
-366
-409
-383
-356
-561
-1022
-1364
-1122
-591
-439
-1013
-1816
-2039
-1557
-1035
-903
-1130
-1435
-1668
-1739
-1420
-933
-696
-823
-1088
-1074
-759
-476
-267
-72
37
160
277
402
586
726
873
1083
1203
1204
1109
998
1093
1291
1418
1403
1202
911
755
710
778
884
800
542
213
18
19
59
96
34
-169
-381
-467
-389
-294
-324
-327
-281
-307
-355
-378
-279
-40
105
65
54
121
154
181
328
563
689
593
434
427
599
758
778
734
684
610
506
443
469
511
510
392
228
85
17
44
39
-36
-160
-267
-323
-391
-455
-413
-374
-384
-608
-890
-998
-953
-755
-625
-776
-1164
-1464
-1420
-1122
-847
-817
-1091
-1307
-1315
-1173
-899
-688
-694
-705
-711
-740
-550
-299
-135
7
109
160
262
383
460
592
838
959
938
886
832
866
941
1065
1133
1053
841
667
651
698
761
717
574
324
100
78
142
180
132
21
-86
-161
-230
-226
-152
-108
-95
-119
-210
-206
-104
1
86
106
121
98
88
161
292
454
492
413
349
351
420
500
543
582
548
439
345
276
291
369
351
271
158
18
-31
-20
-15
-56
-110
-208
-316
-373
-387
-346
-313
-361
-441
-597
-762
-801
-719
-607
-646
-816
-972
-1007
-968
-887
-775
-734
-872
-1055
-1026
-853
-691
-592
-597
-650
-680
-640
-426
-196
-95
-37
1
61
124
184
318
515
632
657
628
600
654
724
812
845
765
685
675
656
653
677
667
590
449
354
305
305
324
296
217
123
32
-17
-2
57
100
67
11
-52
-74
-7
68
97
118
115
113
151
158
179
216
280
343
301
229
218
271
330
375
359
282
224
205
202
211
235
221
176
81
-2
-2
9
-25
-77
-106
-161
-220
-284
-281
-236
-286
-370
-398
-379
-451
-614
-629
-479
-471
-641
-829
-904
-788
-690
-676
-695
-783
-911
-962
-829
-636
-583
-639
-714
-677
-536
-460
-387
-270
-188
-172
-128
-10
146
249
286
314
381
467
517
559
562
582
643
703
683
631
611
572
595
615
620
595
464
328
290
335
408
375
276
206
144
110
129
174
164
124
65
51
87
96
101
111
139
174
168
146
179
236
261
271
287
262
235
228
229
259
263
254
232
196
169
147
125
85
72
56
3
-39
-70
-54
-65
-124
-156
-189
-236
-266
-262
-262
-282
-316
-342
-330
-318
-331
-432
-523
-501
-415
-397
-525
-654
-696
-691
-650
-595
-586
-611
-736
-844
-746
-568
-520
-562
-562
-509
-443
-389
-321
-251
-189
-129
-57
24
81
92
142
258
348
362
371
416
472
496
468
495
543
519
493
509
530
529
468
391
394
416
418
435
401
351
315
261
266
268
245
277
296
253
196
181
195
210
221
241
264
220
145
150
212
246
230
162
123
142
174
173
154
135
134
160
117
94
98
68
19
2
-13
-46
-54
-83
-108
-123
-160
-196
-185
-204
-250
-256
-231
-230
-286
-309
-285
-282
-341
-383
-336
-333
-447
-520
-481
-412
-387
-469
-547
-552
-544
-517
-459
-478
-552
-580
-525
-428
-404
-436
-435
-396
-327
-261
-208
-153
-114
-72
-25
21
71
99
161
214
221
255
318
348
369
414
415
414
436
436
441
440
428
430
412
373
358
349
334
358
371
346
306
261
256
279
301
309
266
208
175
174
193
222
242
218
164
132
133
146
156
176
201
160
71
36
83
136
127
70
24
35
55
26
-20
-17
-22
-37
-40
-46
-43
-67
-107
-148
-187
-168
-140
-154
-173
-206
-217
-242
-271
-257
-257
-270
-279
-302
-324
-335
-350
-323
-327
-360
-386
-402
-408
-406
-431
-433
-391
-376
-379
-408
-397
-362
-347
-318
-257
-234
-235
-217
-171
-117
-66
-11
29
35
29
84
159
229
255
249
277
300
283
287
314
326
341
311
296
334
339
297
263
274
314
284
249
268
243
217
236
240
253
257
233
223
207
208
224
212
188
154
170
192
178
183
158
133
137
126
121
141
138
115
99
91
86
62
19
11
23
-5
-31
-29
-51
-71
-75
-87
-73
-84
-129
-146
-164
-198
-192
-178
-177
-197
-228
-238
-253
-244
-252
-276
-264
-245
-247
-265
-263
-244
-273
-317
-298
-283
-260
-258
-301
-298
-276
-266
-241
-215
-227
-224
-184
-156
-169
-174
-148
-126
-79
-42
-37
10
46
45
80
92
96
112
112
139
180
203
201
206
209
215
206
210
230
229
203
185
202
200
211
216
197
182
170
139
146
179
169
160
172
169
156
134
136
153
155
150
132
138
135
141
172
165
148
155
145
126
134
117
101
82
51
56
64
54
56
42
-10
-42
-44
-38
-40
-46
-61
-103
-105
-78
-98
-138
-157
-165
-154
-141
-147
-161
-170
-186
-225
-246
-213
-185
-229
-261
-256
-229
-206
-232
-261
-238
-250
-283
-247
-195
-174
-207
-237
-200
-141
-116
-115
-104
-90
-96
-81
-41
-9
13
35
54
69
70
74
87
103
120
128
138
152
153
126
107
124
157
162
142
131
110
75
53
75
93
80
69
70
72
70
65
53
64
83
99
98
93
101
103
103
104
108
103
102
121
145
173
176
150
137
136
147
133
124
126
121
126
102
82
72
33
18
41
29
13
-6
-36
-27
-23
-29
-37
-54
-62
-59
-58
-86
-124
-130
-119
-137
-130
-122
-141
-130
-147
-174
-180
-183
-172
-169
-173
-147
-140
-165
-191
-191
-174
-169
-159
-161
-156
-124
-108
-98
-82
-75
-47
-21
-17
4
40
47
39
36
51
63
72
104
117
114
119
120
108
73
61
77
75
69
54
34
22
15
15
6
-6
-30
-42
-48
-58
-45
-29
-26
-11
12
4
12
27
37
40
38
45
55
70
76
95
134
149
128
131
127
120
137
143
128
115
100
80
65
65
71
60
49
50
50
22
-9
-14
-3
0
-6
-1
-11
-14
-49
-66
-23
-28
-57
-56
-58
-39
-47
-61
-41
-51
-64
-91
-121
-122
-119
-126
-101
-94
-108
-96
-107
-112
-98
-98
-80
-73
-78
-64
-47
-37
-25
0
0
9
24
30
46
47
53
71
59
62
80
86
90
80
67
86
90
36
25
33
5
5
8
-10
-5
-23
-40
-21
-42
-63
-52
-53
-59
-66
-81
-71
-49
-59
-58
-28
-26
-13
-4
-5
11
9
2
35
66
51
52
80
99
91
61
53
75
79
68
74
72
57
54
30
21
39
20
34
37
-7
-21
-33
-29
-5
1
-23
-17
-2
-28
-29
-19
-23
3
-15
-48
-23
-23
-46
-43
-44
-48
-40
-69
-70
-48
-47
-33
-42
-46
-29
-18
-21
-25
-28
-30
-20
-18
-8
33
44
33
45
42
23
25
50
65
68
78
91
93
75
71
71
64
70
66
68
57
25
14
17
13
14
-7
-29
-22
-48
-74
-56
-71
-79
-71
-91
-83
-59
-78
-87
-91
-95
-66
-44
-36
-20
-20
-34
-15
-2
3
6
2
26
39
32
38
45
54
43
22
31
40
52
57
31
18
7
3
7
-6
-13
-8
-10
-12
-21
-30
-40
-61
-48
-25
-14
5
-1
-6
0
-28
-39
-34
-43
-19
-6
0
-14
-25
-17
-13
-7
-28
-13
23
15
29
26
-17
2
3
-7
38
41
4
3
13
25
40
13
36
83
71
72
84
81
67
46
46
64
82
95
93
80
59
43
43
40
32
6
2
8
-3
-11
-32
-55
-72
-74
-62
-62
-69
-83
-88
-76
-83
-82
-75
-83
-85
-77
-51
-31
-41
-47
-22
-2
5
10
1
15
50
48
39
35
37
34
27
15
25
47
43
24
-2
-11
-9
-14
-13
-12
-7
-1
-29
-41
-34
-32
-22
-25
-29
-37
-45
-47
-35
-17
-26
-24
-14
-23
-12
-7
-2
4
18
4
-14
6
4
-5
3
13
21
18
0
-5
19
37
21
11
25
40
37
42
58
53
49
35
27
48
48
49
63
54
66
77
52
57
91
81
48
45
25
18
27
10
2
10
-3
-31
-44
-40
-39
-55
-63
-69
-71
-62
-55
-82
-86
-65
-68
-69
-76
-75
-52
-33
-18
-14
-4
-5
-19
-4
13
21
30
35
23
16
34
21
17
38
22
20
37
30
21
27
8
-11
-5
-22
-24
-14
-20
-30
-39
-45
-40
-45
-53
-36
-31
-36
-24
-36
-51
-40
-42
-28
-12
-24
-10
3
-12
-15
6
12
12
15
30
41
37
41
52
68
72
66
54
58
64
66
54
55
57
44
51
51
40
25
11
4
18
21
0
15
28
18
23
21
22
20
4
-4
3
2
-14
-27
-25
-18
-19
-35
-50
-52
-57
-64
-58
-41
-46
-54
-56
-53
-52
-47
-33
-26
-37
-39
-36
-33
-8
-3
-8
5
22
18
22
41
39
44
43
26
14
18
32
30
29
25
6
5
12
18
-7
-29
-14
-9
-16
-38
-42
-25
-28
-46
-49
-49
-60
-54
-41
-38
-28
-11
-15
-15
-5
-3
9
17
17
24
32
40
38
46
57
57
38
36
60
57
56
54
40
38
46
42
30
24
27
34
20
2
-2
10
31
29
15
19
21
20
6
-15
-13
1
-1
-8
-16
-28
-38
-46
-49
-38
-33
-52
-56
-54
-80
-72
-49
-66
-56
-42
-41
-18
-27
-53
-28
-8
-16
-4
0
9
32
19
19
31
36
45
41
41
42
42
33
28
28
24
20
22
28
25
27
24
7
4
2
-13
-3
2
-28
-41
-30
-33
-40
-54
-61
-43
-23
-38
-50
-40
-41
-32
-14
8
17
6
-9
6
32
23
25
42
32
19
29
45
44
37
36
51
51
40
31
24
37
32
21
25
38
44
35
17
-1
3
10
-6
-8
-3
-8
-12
-19
-11
-11
-12
-19
-35
-32
-31
-33
-30
-39
-42
-32
-35
-24
-10
-24
-36
-46
-54
-39
-21
-30
-31
-26
-37
-21
4
9
7
-3
-5
14
22
36
37
22
27
20
20
39
33
25
35
22
25
34
27
18
6
5
12
14
-7
-17
-30
-40
-27
-21
-28
-36
-52
-52
-32
-27
-27
-16
-18
-21
-2
5
19
24
10
13
8
19
32
37
32
29
51
50
49
46
44
67
61
29
42
48
27
33
34
29
17
1
-1
3
-4
-14
-14
-11
-22
-29
-22
-21
-24
-37
-49
-51
-28
-22
-31
-28
-23
-21
-28
-30
-19
-21
-49
-60
-54
-46
-40
-43
-30
-27
-22
-9
-20
-21
-11
-2
10
-8
-16
5
9
-7
-3
10
9
7
23
28
10
27
42
35
47
25
19
37
-7
-6
34
22
-1
-6
-7
22
22
-8
0
4
-5
-7
-7
-1
9
2
4
8
12
1
-7
22
14
1
13
9
26
35
20
22
39
39
44
48
37
29
22
22
30
37
43
38
24
19
22
18
22
2
0
-1
-35
-26
-19
-34
-36
-43
-41
-32
-38
-47
-49
-51
-49
-50
-44
-41
-53
-52
-29
-33
-40
-32
-43
-38
-29
-39
-25
-7
2
-6
-7
7
13
13
10
13
13
14
-16
-9
3
-6
10
9
11
24
12
23
28
11
13
0
-10
0
0
-11
-7
16
22
6
-11
-1
18
19
11
-14
-6
6
-24
-16
-5
-10
2
-5
0
5
-14
-6
18
19
25
32
20
29
39
29
23
22
25
41
49
41
48
55
55
46
40
56
58
38
21
33
37
21
20
4
-4
12
-3
2
6
-15
-24
-30
-25
-15
