24
-9
-18
17
-3
-14
12
6
-5
20
-3
-13
34
10
-15
19
-5
-4
18
-16
2
22
0
12
9
1
22
-15
-17
22
-18
3
20
-32
10
9
-29
30
7
-26
15
-15
-13
16
-26
5
17
-18
14
3
-8
33
-16
-10
26
-20
33
26
-42
30
-9
-36
73
-18
-24
61
-48
-15
45
-50
-1
33
-43
0
26
-33
0
22
-27
7
13
-11
1
4
-16
-31
8
0
-7
10
-23
10
23
-24
0
-9
-8
29
-21
10
34
-37
5
15
-36
29
26
-28
29
7
-32
25
7
-23
41
-28
-19
38
-41
32
13
-63
24
-15
-23
57
-30
-1
45
-28
11
28
-16
15
-18
-34
49
-5
-12
42
-33
18
26
-49
27
17
-29
22
5
-38
22
1
-51
50
-17
-46
41
-50
-4
53
-74
19
49
-48
57
-8
-57
56
-26
-36
66
-51
-20
50
-54
-10
48
-50
16
9
-93
44
30
-68
50
-2
-59
38
-11
-7
46
-19
-20
28
-18
45
18
-19
41
-36
-18
63
-24
38
48
-53
49
-7
-23
87
-42
10
43
-53
52
-12
-37
38
-35
2
13
-32
32
-7
-7
8
-50
23
-15
-42
40
-29
13
17
-45
6
-17
-12
16
-33
21
15
-12
40
0
18
15
5
-11
-7
34
-19
-1
11
-33
31
18
-13
36
1
-23
-22
9
-13
6
22
-42
17
27
-40
35
6
-17
21
-60
22
-2
-40
44
-23
-22
24
-49
25
8
-27
28
-20
11
14
-36
-8
35
-18
-31
11
-35
4
38
-43
9
10
-27
-13
20
-5
-8
48
-51
-19
54
-38
-4
49
-60
21
51
-73
44
22
-50
62
-23
-36
75
-38
-6
35
-43
33
17
-32
34
-19
-28
42
-12
23
6
-52
18
16
-2
23
-12
-6
35
-23
-13
26
-3
33
0
-20
41
-19
-7
14
-42
35
16
-35
69
-19
-56
48
-50
2
21
-43
49
7
-5
37
-30
32
24
-48
45
-13
-37
31
-10
-1
2
-4
-9
5
24
-39
-6
15
18
-1
-19
9
-9
7
1
-13
4
-8
0
-27
4
23
-79
26
2
-63
72
-67
-33
79
-113
46
78
-103
94
-30
-75
112
-81
8
27
-70
54
25
-24
16
-20
-40
29
-6
-6
6
-39
36
12
-27
36
-9
28
15
-7
10
-6
30
5
-10
2
5
25
-8
33
30
-6
23
-42
-34
58
-13
-11
64
-58
13
3
-61
25
-52
19
9
-34
48
-55
4
36
-63
16
21
-61
56
-3
-49
53
-19
-10
14
-37
32
23
-18
17
16
20
-15
0
-18
8
-4
-42
40
8
-18
81
-33
12
43
-50
23
-24
-16
52
-11
24
-6
-70
88
-17
-32
50
-62
20
53
-49
26
-2
-57
40
-15
-11
25
-36
29
9
-44
50
-43
-15
66
-84
32
36
-72
46
-35
-39
50
-32
33
2
-58
51
-16
-21
29
-57
41
16
-59
52
2
-13
14
-30
-21
18
-6
13
26
-17
-1
-12
-14
19
-15
10
29
-37
-6
31
-33
40
-3
-46
56
-52
0
26
-42
49
-7
-2
40
-57
51
-14
-40
84
-63
24
10
-71
75
-30
-3
54
-40
43
-10
-11
34
-55
43
-8
-44
74
-69
24
47
-100
78
-34
-68
114
-56
-11
78
-87
41
43
-41
44
-27
-40
18
-12
21
18
13
38
-22
23
-9
-35
29
-9
-5
11
-33
29
24
-29
-4
40
-37
-62
34
-12
-3
40
-49
-15
56
-29
-4
57
-62
-55
44
-44
17
72
-65
2
16
-20
34
-46
-28
17
0
10
6
8
23
-11
15
-10
-17
-2
-9
-35
17
37
-47
33
1
-8
70
-72
0
82
-94
47
16
-54
88
-23
-44
55
-33
-21
-12
18
-1
-12
46
-38
17
42
-47
-23
24
-36
-3
39
-28
17
46
-46
-19
26
-42
36
26
-47
50
20
-7
-8
-28
48
9
-26
-4
-19
36
8
-50
28
15
-42
75
1
-48
38
-64
10
73
-70
21
-22
-49
76
-71
19
58
-56
52
-23
-27
61
-56
8
37
-31
30
5
-24
-17
-1
-5
-49
18
40
6
21
-28
-40
7
19
0
-7
-33
3
21
4
25
10
-6
-24
-11
-15
10
15
7
1
6
-4
-19
24
4
-8
26
-45
4
54
-51
33
10
-55
22
-21
-1
33
-2
46
-4
-11
21
-34
4
4
-59
33
42
-34
19
-3
-28
14
-2
14
-3
-49
29
30
-23
-16
-41
-12
24
-1
27
11
-26
35
-5
-51
-9
-15
16
19
-17
38
26
-46
20
24
-29
13
-19
-8
38
0
24
17
2
-40
-23
46
-34
-19
26
-26
24
39
-32
5
26
-17
-38
9
32
-34
-5
24
-26
-10
22
-30
8
51
-25
-21
-16
0
49
10
-16
7
37
50
-34
-18
16
-51
11
22
-12
35
-22
-1
1
-56
44
2
-49
2
-29
-15
14
7
20
1
-42
-13
40
20
-17
-22
-2
-4
18
38
11
33
38
-14
-10
-12
-22
-7
-15
-13
-4
-14
21
0
-20
28
-28
-18
5
-15
-6
-25
16
16
2
15
-20
30
49
-28
8
9
-24
24
23
6
-20
-8
36
12
3
-13
-45
-26
-2
-3
-28
-6
1
11
32
-63
-15
35
-16
31
-10
-23
31
13
41
22
-19
10
-11
17
43
-21
2
-6
-47
21
19
-6
22
5
-17
7
-1
-16
-8
-42
-27
21
26
6
-18
18
36
-8
6
2
-42
-8
1
-17
28
35
12
-10
-4
3
-3
10
-24
-19
9
-24
-1
16
12
-3
-39
-20
1
-1
-7
7
34
20
4
-10
-21
18
12
-14
-6
-11
0
10
5
25
5
-24
-8
-1
6
18
19
6
-5
-23
-26
-16
6
12
-8
-2
21
3
13
25
-30
-26
1
-13
-18
-14
16
33
-10
6
21
-16
6
-10
-35
-12
-11
-10
0
-12
-19
-12
11
32
28
4
-7
3
9
13
14
21
0
1
10
4
10
2
7
16
-9
-17
-4
7
25
7
-4
0
0
8
-3
-18
-3
-13
6
18
-9
-5
-21
-28
-13
-3
9
14
-9
-12
6
8
9
5
-1
5
-4
3
18
-3
6
7
-17
-11
-23
-29
-23
-19
-14
-6
-4
-4
4
-23
-27
0
-3
-11
0
7
-5
-2
13
16
10
14
-12
-22
-1
-19
-27
-28
-19
-5
-13
-7
18
15
9
28
23
20
16
0
0
13
0
-9
-2
-13
-16
11
28
21
33
24
35
64
61
76
97
105
94
99
93
66
77
65
31
20
0
-25
-39
-38
-46
-43
-39
-52
-54
-51
-47
-61
-57
-68
-88
-75
-76
-61
-46
-27
-22
-19
-1
-2
-5
-15
-31
-43
-46
-43
-44
-57
-68
-43
-48
-41
-8
-10
-13
1
28
45
33
15
22
-5
-13
24
38
29
17
33
55
56
60
50
38
38
4
-1
26
64
93
82
115
159
209
253
250
224
220
202
174
158
117
96
99
90
91
116
129
164
187
182
197
189
188
187
121
50
17
11
-5
-32
-56
-42
-21
-21
12
53
52
25
10
-30
-93
-146
-154
-158
-146
-150
-163
-148
-119
-122
-264
-468
-674
-910
-1120
-1399
-1633
-1643
-1661
-1610
-1414
-1162
-863
-591
-302
-25
183
308
423
548
617
692
712
751
852
878
879
826
742
635
496
328
184
80
-81
-189
-232
-274
-244
-181
-159
-76
1
71
216
299
379
426
383
382
418
400
376
362
339
409
505
577
721
816
783
742
668
562
433
280
123
-12
-96
-140
-123
-55
50
129
206
319
414
494
542
561
563
567
510
465
442
349
244
104
30
28
7
-53
-82
-75
-114
-217
-333
-378
-465
-618
-690
-679
-635
-570
-486
-583
-1208
-1945
-2419
-2724
-2936
-3388
-3698
-3398
-2906
-2351
-1489
-512
234
618
732
1003
1346
1314
1168
1096
1008
982
1010
1164
1413
1365
1048
770
480
236
-4
-326
-530
-674
-781
-703
-427
-117
125
287
455
778
1032
1133
1248
1335
1347
1301
1239
1271
1238
1050
817
582
386
55
-320
-520
-774
-1056
-1259
-1470
-1334
-944
-721
-454
-120
249
725
1117
1381
1646
1747
1611
1433
1317
1232
1034
763
559
445
334
256
264
247
181
54
-57
-64
-105
-175
-250
-341
-394
-434
-389
-292
-181
-109
-39
102
270
385
407
443
344
222
127
9
-136
-227
-308
-183
-447
-2273
-3726
-4079
-4449
-4644
-5480
-5901
-4658
-3736
-2864
-1091
715
1826
1891
1829
2476
3084
2571
1874
1793
1623
1274
976
1203
1749
1307
277
-433
-743
-993
-1616
-2050
-2009
-1911
-1770
-1380
-534
569
1154
1389
1778
2271
2604
2576
2385
2206
1997
1612
1293
1224
1050
627
91
-384
-594
-790
-1014
-1085
-1109
-1064
-1034
-850
-621
-448
-175
-263
-447
-252
112
608
1037
1333
1713
2030
2149
2165
2114
1865
1378
797
287
13
-198
-415
-504
-531
-453
-396
-361
-137
-20
-66
-90
-95
31
265
414
477
655
699
637
611
478
453
399
248
218
111
-79
-257
-538
-683
-781
-982
-816
-1846
-4373
-5711
-6006
-5770
-5480
-6168
-5540
-3556
-2159
-294
2035
4011
4715
3774
3041
3373
3424
2287
1130
784
592
115
-228
292
780
-207
-1672
-2521
-2665
-2502
-2780
-2610
-1689
-875
-1
1057
2482
3675
3766
3419
3129
2913
2525
1943
1388
833
491
140
-91
-14
-286
-711
-1193
-1735
-1861
-1825
-1575
-1155
-739
-249
274
909
1423
1683
1646
1270
785
328
118
136
97
92
116
252
547
768
970
1041
957
860
697
593
477
354
250
-29
-322
-513
-553
-440
-427
-315
-5
306
614
902
1227
1327
1138
799
389
176
-122
-393
-451
-571
-507
-362
-252
-44
33
-29
-305
-505
-538
-418
-1331
-4254
-6020
-6002
-5867
-5649
-6410
-5785
-3014
-1444
182
2649
4819
5775
4341
3134
3548
3466
1972
285
155
524
-45
-678
-399
414
-329
-2234
-3087
-2880
-2441
-2650
-2525
-1016
346
1231
2138
3310
4559
4365
3452
2833
2299
1786
903
320
115
-176
-387
-584
-472
-534
-1066
-1428
-1769
-1668
-1223
-837
-84
552
978
1362
1628
1919
1887
1459
519
-433
-768
-1020
-980
-688
-399
58
252
505
1033
1373
1377
999
699
654
549
397
211
129
-42
-459
-689
-666
-339
-64
16
328
695
1110
1323
1202
1118
789
309
-128
-498
-568
-663
-608
-360
-244
154
404
416
515
141
-300
-353
-535
-724
-2096
-5142
-6576
-6323
-6069
-5626
-5907
-4949
-2257
-649
1305
3829
5440
5809
4082
2802
3118
2747
1340
-157
-428
-125
-744
-1212
-733
-67
-685
-2506
-3287
-2765
-1977
-1628
-1236
348
1830
2649
3386
4157
4963
4343
2769
1732
1034
502
-267
-878
-941
-1007
-1051
-1001
-619
-313
-702
-1025
-1089
-716
-13
408
990
1461
1607
1647
1453
1341
1023
169
-729
-1356
-1403
-1038
-676
-254
141
558
843
961
1147
1183
1039
701
407
437
396
201
91
-18
-201
-407
-408
-176
120
364
587
899
1106
1078
883
720
462
-61
-519
-834
-917
-754
-685
-394
130
439
674
748
621
592
379
-190
-572
-811
-1651
-3918
-6477
-6963
-6390
-6403
-6596
-6078
-3470
-454
1039
2949
5443
6736
5891
3761
3081
3374
2045
-292
-1373
-743
-516
-1475
-1771
-962
-547
-1774
-3375
-3126
-1853
-1280
-1094
-17
2072
3566
3997
4368
4995
4875
3271
1460
506
-47
-802
-1659
-1855
-1345
-1061
-1063
-821
-373
-187
-399
-503
-215
373
874
1216
1627
1883
1770
1380
920
479
-166
-1009
-1668
-1785
-1393
-892
-274
402
931
1343
1501
1509
1443
1082
570
184
-1
-98
-226
-250
-143
-110
-235
-327
-132
203
475
680
955
1258
1299
1053
610
218
-118
-646
-1090
-1086
-915
-616
-117
384
939
1307
1240
1085
918
484
47
-501
-1341
-1991
-3962
-6901
-7536
-7095
-6604
-6092
-6445
-4277
-653
1122
3299
5314
6638
6841
4409
3099
3391
2432
534
-1616
-1937
-1171
-1737
-2078
-1797
-1370
-1647
-3091
-3133
-1707
-513
40
532
2187
3746
4350
4633
4662
4596
3224
1167
145
-537
-1092
-1818
-2425
-1931
-1291
-994
-582
-87
352
356
231
504
1034
1553
1648
1571
1501
1150
815
290
-364
-895
-1525
-1820
-1702
-1323
-555
224
874
1365
1616
1714
1632
1399
918
367
-64
-293
-331
-456
-480
-286
-100
112
220
331
627
827
863
847
769
679
515
32
-463
-661
-876
-921
-743
-548
104
700
897
1242
1228
1062
1044
402
-55
-147
-855
-1539
-2104
-3886
-6237
-7241
-7300
-6766
-6016
-5916
-4090
-724
1535
3646
5392
6464
6807
4891
2997
2544
1777
271
-1705
-2352
-1638
-1737
-1953
-1766
-1436
-1269
-2205
-2556
-1322
-81
676
1284
2405
3849
4540
4425
4126
3829
2642
792
-534
-1283
-1591
-1993
-2463
-2015
-1149
-560
-105
230
702
967
874
898
1151
1609
1688
1326
1024
593
195
-233
-889
-1303
-1615
-1785
-1448
-899
-177
596
1156
1564
1764
1698
1442
1040
522
-4
-452
-657
-632
-512
-352
-121
165
465
763
831
890
1010
932
795
553
251
-6
-452
-751
-786
-779
-578
-290
91
458
866
1270
1255
1284
1210
616
245
-239
-728
-1003
-1772
-2457
-4512
-7254
-7447
-6921
-6236
-5554
-5645
-2997
558
2360
4458
5871
6932
6747
3790
2120
2028
1187
-528
-2748
-2818
-1662
-1811
-1919
-1666
-1020
-950
-2199
-2109
-495
826
1308
1534
2868
4298
4510
4050
3594
3225
1748
-435
-1530
-1726
-1710
-2161
-2715
-1923
-668
-81
278
613
1104
1374
1110
1061
1419
1708
1459
796
343
10
-325
-678
-1108
-1332
-1449
-1307
-659
109
764
1251
1502
1683
1697
1342
887
431
-57
-464
-772
-706
-383
-203
-22
241
549
877
1064
1009
933
887
638
323
102
-102
-339
-685
-855
-621
-433
-248
170
555
850
1141
1201
1094
1066
640
52
-205
-494
-806
-1506
-2229
-2937
-5393
-7421
-7401
-7011
-5958
-5685
-5072
-1382
1773
3582
5395
6364
7347
6158
2920
1676
1275
161
-1755
-3519
-2820
-1822
-1918
-1782
-1464
-746
-1005
-2010
-1402
140
1283
1672
2142
3609
4636
4500
3798
3197
2577
795
-1120
-1985
-2096
-1936
-2312
-2356
-1271
-205
415
735
968
1414
1529
1307
1260
1424
1635
1234
504
132
-249
-681
-1175
-1632
-1700
-1641
-1329
-488
456
1239
1718
1944
2127
1979
1453
757
147
-318
-798
-1049
-898
-505
-151
113
453
803
1059
1120
1014
917
776
497
221
48
-183
-538
-822
-874
-650
-277
-192
205
915
1069
1358
1394
1061
1127
536
-93
-265
-847
-1510
-2228
-2901
-5002
-7580
-7765
-7207
-6226
-5668
-5624
-2201
1533
3184
5060
6153
7348
6985
3599
1814
1438
487
-1283
-3497
-3143
-1939
-2062
-1953
-1708
-836
-671
-1879
-1495
91
1304
1825
2102
3444
4646
4519
3787
3179
2705
1101
-1016
-2049
-2277
-2050
-2218
-2511
-1552
-415
223
722
949
1337
1558
1353
1381
1576
1722
1510
802
152
-335
-753
-1249
-1704
-1828
-1759
-1408
-651
391
1388
1902
2073
2080
1912
1545
819
110
-378
-836
-1075
-981
-592
-147
161
477
770
1025
1159
1148
1184
1063
770
398
47
-204
-580
-1015
-1184
-837
-393
-169
207
723
1265
1695
1559
1383
1193
501
-135
-749
-1121
-1469
-2392
-2869
-4548
-7149
-7506
-7126
-6079
-5215
-5634
-3001
934
2978
4948
6048
7244
7429
4335
2054
1464
687
-954
-3452
-3777
-2481
-2231
-2175
-1979
-1111
-652
-1781
-1748
-169
1316
2017
2153
3295
4636
4641
3896
3164
2738
1358
-917
-2197
-2408
-2105
-2146
-2463
-1667
-423
289
709
933
1273
1440
1220
1190
1434
1735
1569
868
272
-200
-758
-1312
-1688
-1769
-1663
-1379
-570
716
1721
2129
2230
2146
1985
1453
578
-75
-513
-848
-1087
-979
-478
-22
302
538
739
978
1035
1018
1016
905
682
337
22
-235
-611
-890
-943
-787
-391
-177
168
926
1391
1674
1694
1273
1038
469
-303
-761
-1198
-1614
-2284
-2814
-4445
-7031
-7516
-7061
-6148
-5154
-5467
-3081
885
2910
4846
5951
6976
7350
4325
1839
1332
651
-821
-3302
-3804
-2490
-2192
-2129
-2036
-1309
-698
-1710
-1774
-286
1316
2251
2391
3452
4754
4800
3961
2984
2484
1149
-1050
-2267
-2499
-2026
-1807
-2110
-1397
-239
401
668
717
1051
1308
1156
1128
1393
1816
1661
1000
558
-63
-732
-1370
-2011
-2009
-1797
-1511
-574
702
1739
2285
2378
2276
2044
1394
384
-330
-656
-832
-856
-763
-348
155
454
625
739
879
895
823
889
942
829
618
322
-73
-501
-868
-1166
-944
-580
-441
247
759
1259
1943
1762
1694
1309
394
-64
-943
-1424
-1984
-3054
-3338
-5399
-7718
-7610
-7079
-5511
-4804
-4868
-1699
1621
3506
5056
5761
7088
6551
3384
1468
948
659
-1101
-3351
-3209
-2355
-2191
-2521
-2468
-1295
-1178
-2057
-1624
195
2121
2700
2960
4236
5130
4778
3413
2403
1965
378
-1584
-2535
-2322
-1609
-1629
-1713
-938
53
501
402
529
965
1201
1249
1327
1783
2236
1787
910
332
-356
-1218
-1990
-2421
-2169
-1670
-1095
54
1480
2384
2586
2387
2122
1714
837
-158
-690
-753
-748
-726
-411
67
403
459
476
614
765
801
792
1017
1209
1097
790
367
-135
-735
-1335
-1581
-1253
-791
-427
218
1036
1868
2213
1866
1654
1086
147
-639
-1428
-1628
-2135
-3079
-4114
-6447
-7673
-7226
-6705
-5393
-5099
-4130
-587
2094
4087
5567
6360
7187
5445
2670
1510
1003
328
-1803
-3333
-2636
-2130
-2203
-2551
-2338
-1407
-1836
-2377
-1321
679
2466
3013
3665
4823
5227
4549
3148
2287
1399
-505
-2042
-2495
-1963
-1353
-1551
-1389
-575
96
270
95
316
794
1032
1169
1572
2329
2649
1918
836
154
-540
-1553
-2377
-2657
-2259
-1544
-742
619
2029
2673
2655
2260
1872
1370
484
-312
-632
-557
-476
-468
-110
277
338
252
147
302
560
708
858
1098
1298
1198
779
286
-386
-998
-1530
-1689
-1286
-828
-81
689
1455
2078
2107
1835
1235
573
-52
-880
-1292
-1822
-2570
-2887
-4585
-7298
-8143
-7664
-6378
-5261
-5264
-2972
973
3294
4715
5675
6844
7037
4196
1552
988
1021
-7
-2301
-2915
-1806
-1571
-2253
-2788
-2270
-1655
-2482
-2801
-1023
1478
3012
3464
4414
5554
5443
4029
2456
1699
545
-1341
-2480
-2370
-1407
-898
-1165
-855
-127
126
-223
-523
-58
687
1162
1488
2185
3035
3003
1920
641
-275
-1160
-2156
-2828
-2746
-1978
-1018
51
1387
2413
2708
2393
1799
1303
595
-242
-625
-571
-331
-135
19
287
414
208
-29
-57
185
499
777
1163
1526
1652
1367
786
48
-690
-1475
-2022
-1826
-1370
-740
217
981
1746
2251
2111
1769
1092
219
-592
-1078
-1454
-2145
-2620
-3744
-6093
-7866
-8213
-7015
-5482
-5218
-4111
-1032
2197
4425
5336
6254
7069
5516
2641
949
914
811
-941
-2565
-2376
-1601
-1821
-2743
-2804
-2156
-2321
-2948
-2256
218
2616
3668
4260
5076
5550
4669
2975
1859
913
-461
-1830
-2332
-1571
-785
-817
-977
-745
-393
-478
-777
-527
187
996
1665
2317
3161
3432
2639
1327
48
-979
-1929
-2743
-2858
-2266
-1372
-303
947
2022
2499
2367
1881
1373
872
206
-258
-242
-34
53
25
104
117
-114
-311
-347
-90
398
802
1277
1774
1941
1724
1042
149
-638
-1458
-1944
-1925
-1577
-794
-11
806
1702
2042
2126
1806
935
360
-356
-968
-1273
-2229
-2695
-3835
-6656
-8163
-8243
-7165
-5533
-5488
-3968
-271
2452
4339
5148
6055
6922
4967
2265
1199
1404
1259
-671
-2008
-1639
-1369
-2032
-3226
-3232
-2579
-2901
-3162
-2069
606
3000
3873
4566
5251
5419
4361
2502
1586
833
-387
-1332
-1619
-810
-250
-634
-1002
-1156
-1100
-1369
-1634
-1046
9
1151
2009
2727
3605
3789
2695
964
-428
-1467
-2284
-2733
-2698
-1755
-603
226
1250
1965
2131
1823
1135
777
561
302
266
395
610
488
179
-5
-288
-571
-838
-778
-193
532
1245
1812
2228
2319
1690
791
-208
-1096
-1691
-2226
-1868
-1129
-462
553
1118
1747
2137
1638
1219
550
-93
-468
-954
-1368
-1924
-2620
-4770
-7578
-8414
-7944
-6453
-5478
-5313
-2490
1092
3149
4500
5130
6292
6055
3234
1429
1418
2059
1282
-850
-1197
-840
-1372
-2698
-3864
-3255
-2955
-3643
-3210
-1126
1892
3651
4187
4883
5196
4677
3013
1682
1412
540
-451
-881
-586
218
-70
-860
-1370
-1861
-2114
-2405
-2001
-723
636
1850
2652
3457
4027
3460
1750
-218
-1407
-2016
-2223
-2108
-1665
-431
482
904
1449
1538
1444
916
144
91
281
627
974
1121
1192
719
92
-401
-839
-991
-975
-542
319
1128
1747
2176
2422
2069
1166
106
-888
-1442
-1764
-1755
-1125
-401
438
893
941
1411
1191
633
417
-164
-179
-274
-967
-1111
-1574
-2949
-5646
-8335
-8530
-7342
-5971
-5125
-3983
-613
2312
3435
4263
4991
5667
4360
1637
962
1936
2508
1382
-157
-204
-503
-1988
-3753
-4391
-3520
-3516
-3832
-2469
249
3100
4169
4285
4707
4420
3216
1682
1157
1409
949
367
261
717
910
-226
-1484
-2211
-2780
-3121
-3030
-1772
143
1599
2533
3099
3649
3562
2191
487
-761
-1366
-1548
-1611
-1178
-293
493
710
610
697
625
392
91
29
502
1004
1365
1616
1562
1133
373
-414
-999
-1293
-1215
-803
-2
882
1512
1958
2202
2163
1626
678
-251
-898
-1358
-1461
-1045
-469
208
548
643
940
742
473
368
36
149
-151
-881
-1225
-1712
-2792
-5528
-8181
-8403
-7256
-5564
-4800
-3784
-495
1991
2880
3378
4045
5155
4113
1780
1298
2355
3271
2074
384
79
-614
-2193
-4163
-4734
-3493
-3239
-3453
-2372
165
2837
3635
3609
3743
3566
2767
1514
1473
2238
2253
1834
1187
1026
789
-636
-2078
-2972
-3279
-3208
-2871
-1523
237
1641
2320
2349
2578
2529
1611
162
-886
-874
-501
-290
-138
329
913
736
95
-174
-42
207
44
-116
422
1146
1615
1587
1201
801
207
-458
-938
-977
-569
-75
462
921
1324
1695
1891
1825
1289
540
-92
-524
-757
-847
-549
-86
276
464
441
525
399
214
169
24
187
-218
-1166
-1669
-2233
-3414
-5951
-8140
-7877
-6318
-4722
-4097
-2896
143
2037
2373
2552
3341
4513
3546
1745
1958
3222
3665
2063
357
38
-953
-2958
-4739
-4634
-3116
-2846
-2933
-1775
474
2375
2455
2342
2750
2827
2447
1838
2402
3413
3328
2662
1716
1084
227
-1389
-2544
-3074
-3166
-2906
-2366
-1141
203
1032
1327
1296
1440
1525
990
282
282
703
882
679
264
408
589
4
-445
-415
-16
274
65
221
862
1358
1322
924
820
788
396
-146
-498
-390
-55
125
287
630
1086
1331
1348
1278
1031
765
336
-147
-369
-425
-134
167
181
220
233
104
50
60
-36
182
80
-826
-1494
-1951
-2610
-4471
-7266
-8099
-6850
-5057
-4031
-3652
-1490
1041
1767
1744
2032
3493
4055
2488
1917
3131
4334
3608
1478
536
-23
-1745
-3947
-4900
-3671
-2650
-2897
-2644
-1097
988
1522
1075
1489
2168
2508
2208
2434
3734
4335
3890
2774
1810
1131
-312
-1731
-2488
-2675
-2475
-2384
-1914
-1138
-489
-98
-55
225
688
1064
1123
958
1161
1328
1436
1152
508
464
211
-104
5
-32
243
212
-200
-2
316
639
733
628
807
777
495
71
-178
4
112
172
373
769
1203
1268
1219
1165
1014
807
393
-5
-81
30
122
241
263
110
-25
-259
-370
-262
-149
34
-318
-1153
-1738
-2045
-3135
-5802
-7749
-7333
-5533
-3856
-3749
-2893
-248
1109
1067
896
1966
3699
3223
2163
2849
4467
4906
2922
1238
776
-484
-2636
-4357
-3764
-2254
-2418
-3035
-2507
-853
77
-395
-169
957
1983
2217
2338
3744
4904
4710
3637
2444
1938
1080
-264
-1093
-1437
-1476
-1869
-2288
-2104
-1850
-1581
-1579
-1328
-536
250
1021
1134
1178
1413
1291
1571
1403
883
992
731
739
888
511
316
-60
-321
-285
-209
150
382
550
509
215
109
-67
-99
35
223
575
799
1051
1243
1319
1376
1009
767
659
474
501
401
460
530
322
145
-105
-280
-395
-467
-479
-495
-652
-1402
-1848
-1934
-3176
-5439
-7300
-7029
-4885
-3482
-3382
-2947
-1190
352
357
360
1491
2943
3080
2312
2977
4531
4822
3436
1741
1039
102
-1743
-2893
-2503
-1502
-1800
-2978
-2962
-2092
-1547
-1623
-1309
50
1180
1636
2180
3335
4512
4436
3598
2948
2611
2236
1332
577
210
-280
-1018
-1936
-2460
-2477
-2401
-2308
-2177
-1673
-842
-278
-45
211
555
974
1451
1654
1794
2072
2069
1977
1727
1182
917
590
153
-64
-299
-231
29
32
-166
-334
-315
-352
-411
-253
192
718
878
850
974
1239
1318
970
707
780
856
757
568
670
939
720
268
-72
-353
-375
-535
-881
-826
-1165
-2037
-2322
-2871
-4369
-6110
-6963
-5704
-3600
-3015
-3304
-2493
-785
144
35
328
1630
2752
2604
2543
3778
4887
4332
2700
1661
1204
184
-1131
-1618
-1086
-962
-2021
-2873
-2786
-2487
-2535
-2497
-1569
-304
417
945
1877
3043
3591
3487
3369
3395
3406
2929
2265
1871
1296
421
-569
-1390
-1836
-2149
-2358
-2422
-2374
-2121
-1864
-1689
-1556
-1174
-436
359
1145
1587
1894
2272
2330
2279
2222
2039
1861
1443
895
664
601
436
-8
-401
-535
-601
-792
-1072
-905
-442
-117
35
154
568
948
1001
959
1039
1287
1332
1098
997
1262
1559
1334
893
566
247
16
-423
-679
-661
-1275
-2190
-2755
-2885
-3728
-5939
-7238
-6322
-4285
-3091
-3614
-3484
-1790
-690
-580
-295
1150
2754
2801
2532
3475
4880
4843
3212
2114
1935
1451
333
-530
-314
-197
-1282
-2558
-2971
-2835
-2991
-3219
-2664
-1542
-706
-327
293
1360
2152
2510
2852
3441
3933
3827
3485
3104
2670
2028
1029
190
-449
-1000
-1394
-1849
-2171
-2373
-2563
-2669
-3024
-3058
-2305
-1405
-480
231
717
1457
1903
2103
2516
2875
2948
2619
2214
2102
2082
1706
1096
635
302
-192
-844
-1285
-1264
-1076
-1026
-960
-715
-239
57
111
246
463
736
911
934
1147
1559
1788
1856
1891
1750
1426
1003
647
437
175
-509
-1598
-2383
-2656
-3489
-5596
-7381
-7131
-5358
-4079
-4487
-4950
-3810
-2467
-2023
-1574
-109
1863
2639
2483
3262
4873
5447
4375
3305
3258
3200
2425
1567
1344
1141
-61
-1700
-2559
-2745
-3076
-3565
-3508
-2944
-2513
-2384
-1980
-1051
-217
473
1442
2588
3468
3815
3928
4052
3906
3493
3163
2901
2331
1471
768
160
-571
-1486
-2300
-2764
-3292
-3919
-4006
-3342
-2621
-2433
-2167
-1251
-195
620
1228
1947
2672
2891
2877
3091
3409
3382
2933
2508
2271
1790
892
97
-297
-571
-901
-1098
-981
-868
-1067
-1333
-1178
-810
-652
-574
-305
205
653
908
1145
1544
1997
2077
1923
2101
2156
1750
1017
-3
-825
-1161
-1973
-4082
-6213
-6668
-5547
-4365
-4813
-6076
-5867
-4770
-4133
-3639
-2395
-382
898
1016
1599
3348
4781
4627
3963
4174
4767
4740
4135
3718
3433
2395
759
-488
-1011
-1481
-2306
-2938
-3263
-3509
-3746
-3772
-3324
-2879
-2435
-1449
-226
715
1367
2002
2757
3261
3455
3862
4402
4477
3918
3306
2947
2425
1494
489
-114
-815
-2170
-3494
-3843
-3406
-3164
-3433
-3574
-3139
-2453
-1798
-1023
-93
678
1151
1606
2300
3008
3386
3479
3497
3363
3024
2571
2149
1827
1382
892
544
191
-322
-831
-1114
-1236
-1450
-1700
-1685
-1395
-1205
-1164
-876
-290
274
537
722
1134
1631
1873
1671
1335
899
382
154
-854
-2936
-4321
-4215
-3085
-2665
-4167
-5480
-5123
-4463
-4256
-4062
-2933
-1391
-974
-1141
-228
1643
2623
2280
2273
3317
4311
4415
4150
4279
4293
3471
2301
1680
1478
922
30
-788
-1456
-1954
-2482
-2926
-3098
-3183
-2944
-2407
-2047
-1747
-1194
-488
60
441
1108
2118
2829
2859
2849
3265
3499
3170
2611
2355
2170
1370
124
-720
-746
-682
-1209
-1893
-2321
-2417
-2316
-2238
-1967
-1577
-1303
-1082
-697
-113
498
1000
1345
1616
1916
2204
2340
2255
2166
2262
2384
2292
1843
1369
1132
821
319
-103
-266
-280
-578
-1056
-1147
-1047
-977
-929
-848
-630
-434
-350
-233
-68
-246
-687
-744
-502
-1173
-2675
-3446
-2678
-1479
-1771
-3231
-3746
-3010
-2493
-2587
-2342
-1340
-707
-1120
-1282
-141
1198
1326
810
1109
2124
2691
2543
2483
2852
2950
2382
1846
1816
1780
1314
599
101
-103
-348
-784
-1276
-1571
-1579
-1476
-1441
-1433
-1211
-885
-729
-683
-456
145
785
914
864
1303
1918
2072
1801
1648
1616
1354
829
504
729
812
355
-185
-517
-576
-535
-599
-633
-660
-767
-812
-733
-637
-549
-335
-16
250
440
622
769
741
709
962
1401
1683
1556
1299
1266
1251
1047
735
629
723
570
182
0
124
178
-62
-268
-213
-43
-9
-318
-462
-583
-1083
-1346
-1366
-1967
-3136
-3796
-3199
-2117
-2200
-3513
-4196
-3440
-2663
-2516
-2222
-1446
-841
-983
-1081
31
1457
1676
1219
1433
2318
2843
2714
2582
2843
2982
2570
2170
2191
2070
1474
710
234
131
38
-412
-1002
-1438
-1675
-1674
-1616
-1648
-1559
-1257
-1089
-1056
-852
-398
116
306
284
737
1493
1825
1664
1534
1557
1370
1089
1013
1200
1396
1068
412
88
-27
-82
-46
-70
-193
-388
-644
-766
-714
-663
-602
-441
-283
-180
-37
89
117
185
439
827
1153
1194
1068
1081
1204
1161
1067
1044
970
913
718
533
627
551
269
140
147
156
155
-49
-288
-482
-946
-1306
-1390
-2066
-3213
-3669
-3180
-2433
-2616
-3743
-4240
-3584
-2970
-2797
-2471
-1797
-1376
-1497
-1336
-182
1086
1211
883
1339
2193
2684
2789
2843
3071
3155
2892
2687
2754
2528
1930
1427
1098
933
693
221
-349
-922
-1304
-1371
-1374
-1587
-1777
-1701
-1617
-1633
-1545
-1238
-866
-688
-587
-139
556
839
786
871
1034
1110
1091
1117
1504
1819
1543
1102
854
855
997
993
819
660
412
110
-77
-101
-94
-198
-327
-457
-487
-432
-481
-522
-449
-233
56
188
132
61
229
463
599
717
753
791
796
770
861
986
965
857
699
655
729
759
540
259
5
-323
-615
-1259
-2223
-2810
-2728
-2388
-2520
-3429
-4234
-4174
-3710
-3433
-3157
-2805
-2622
-2638
-2446
-1563
-356
189
161
449
1189
1875
2234
2515
2942
3271
3311
3302
3412
3384
2937
2426
2178
2157
2029
1625
1029
403
-117
-494
-719
-938
-1204
-1476
-1752
-1892
-1855
-1824
-1814
-1847
-1742
-1369
-936
-619
-466
-306
-119
-21
174
528
936
1326
1392
1246
1263
1326
1437
1628
1680
1549
1322
1081
1028
1042
887
708
560
371
193
-4
-190
-246
-246
-271
-274
-294
-399
-424
-386
-375
-320
-259
-172
-68
30
144
296
455
533
532
570
632
698
775
751
655
559
406
-40
-932
-1645
-1520
-1045
-1194
-2154
-3109
-3362
-3161
-3125
-3138
-2948
-2886
-3200
-3386
-2822
-1831
-1260
-1221
-996
-346
294
592
882
1485
2161
2582
2806
3078
3268
3177
2863
2695
2830
2978
2795
2285
1773
1488
1299
962
490
87
-170
-483
-916
-1176
-1221
-1343
-1683
-1963
-1846
-1557
-1499
-1607
-1544
-1295
-1098
-1146
-1135
-753
-272
3
178
433
736
928
987
1198
1528
1613
1506
1492
1604
1716
1641
1505
1433
1348
1175
940
762
615
498
392
265
115
-36
-140
-205
-274
-419
-596
-701
-696
-590
-457
-414
-384
-271
-172
-124
3
135
272
365
345
413
458
65
-823
-1403
-994
-258
-371
-1427
-2354
-2403
-2172
-2255
-2362
-2259
-2327
-2837
-3158
-2687
-1716
-1265
-1494
-1458
-891
-330
-89
42
459
1074
1535
1872
2188
2450
2489
2298
2196
2436
2780
2734
2208
1734
1645
1703
1576
1216
886
665
386
-4
-244
-257
-390
-787
-1135
-1143
-971
-1034
-1308
-1379
-1212
-1141
-1174
-1320
-1459
-1230
-859
-617
-389
-221
-68
120
312
616
985
1093
970
1018
1267
1493
1558
1503
1451
1490
1483
1317
1219
1193
1102
1014
845
685
602
449
229
81
-123
-350
-460
-523
-509
-528
-636
-724
-679
-610
-553
-407
-313
-352
-313
-188
54
311
3
-955
-1682
-1379
-407
-6
-823
-1960
-2275
-1991
-1883
-1827
-1626
-1700
-2309
-2917
-2658
-1627
-1023
-1304
-1474
-1025
-500
-237
-45
331
776
1061
1266
1638
2015
2101
2014
1998
2194
2472
2572
2237
1748
1534
1587
1633
1431
1143
923
637
205
-51
66
164
-160
-667
-872
-744
-691
-923
-1042
-921
-907
-1045
-1219
-1235
-1017
-942
-983
-751
-441
-298
-313
-287
-24
340
569
644
752
893
991
1087
1205
1350
1456
1413
1220
1136
1250
1322
1245
1089
945
877
752
582
491
293
12
-191
-211
-189
-307
-481
-669
-778
-732
-613
-470
-437
-594
-703
-643
-357
-26
187
-88
-1076
-1817
-1430
-294
214
-697
-2038
-2452
-2081
-1776
-1575
-1277
-1397
-2168
-2899
-2586
-1411
-848
-1204
-1470
-1131
-556
-287
-90
356
775
983
1091
1487
1982
2094
1929
1794
2000
2477
2636
2266
1701
1449
1555
1513
1350
1257
1103
636
-13
-214
118
314
-42
-566
-693
-556
-617
-784
-767
-647
-766
-1125
-1219
-945
-693
-763
-961
-825
-472
-280
-318
-321
-124
45
192
375
573
758
766
756
944
1164
1284
1238
1142
1123
1128
1166
1195
1196
1164
1027
840
712
617
458
207
11
-74
-68
-149
-359
-543
-666
-695
-643
-603
-530
-592
-741
-814
-647
-274
65
-41
-995
-1869
-1635
-550
180
-400
-1690
-2267
-1979
-1649
-1497
-1097
-963
-1682
-2585
-2631
-1622
-738
-942
-1447
-1321
-845
-515
-225
226
624
821
787
920
1491
1985
1982
1748
1689
2105
2496
2283
1784
1539
1559
1447
1302
1346
1414
1120
316
-236
29
423
248
-279
-541
-476
-542
-745
-694
-423
-518
-1031
-1249
-1001
-683
-624
-791
-765
-539
-404
-380
-309
-83
88
85
112
350
653
694
557
647
914
1113
1115
983
905
902
969
1040
1081
1069
968
795
624
601
630
509
295
157
107
-10
-214
-316
-317
-358
-487
-558
-492
-505
-683
-791
-702
-464
-298
-211
-458
-1285
-1893
-1496
-363
132
-738
-1968
-2260
-1817
-1544
-1375
-900
-841
-1615
-2502
-2423
-1342
-549
-692
-1133
-1097
-776
-569
-276
255
696
838
707
743
1300
1867
1935
1661
1540
1901
2163
1962
1651
1561
1579
1376
1267
1400
1490
1104
298
-78
191
433
273
-67
-281
-442
-669
-718
-548
-373
-494
-870
-1048
-959
-788
-765
-793
-638
-467
-448
-515
-412
-138
44
73
148
370
562
543
500
664
872
1011
1022
965
961
936
889
905
966
1012
933
756
614
559
482
316
215
220
198
38
-184
-276
-283
-360
-411
-406
-385
-488
-660
-696
-494
-332
-270
-282
-815
-1626
-1719
-941
-189
-401
-1366
-2008
-1932
-1671
-1580
-1161
-762
-1097
-1930
-2338
-1782
-888
-555
-719
-842
-826
-732
-478
11
505
760
720
593
807
1417
1789
1738
1510
1533
1789
1777
1578
1532
1643
1503
1134
1047
1213
1236
816
232
124
303
317
144
-32
-142
-342
-611
-728
-570
-387
-481
-773
-945
-951
-851
-729
-681
-523
-381
-453
-573
-475
-166
73
170
212
338
510
550
592
764
919
975
968
967
979
1008
1007
929
912
902
753
591
540
510
403
232
155
151
33
-124
-243
-295
-289
-323
-340
-329
-418
-545
-601
-587
-436
-348
-269
-414
-1067
-1527
-1283
-614
-275
-814
-1566
-1772
-1646
-1568
-1369
-858
-761
-1360
-2015
-2018
-1351
-727
-578
-666
-672
-676
-686
-400
141
652
872
690
567
881
1307
1534
1505
1417
1549
1585
1420
1382
1563
1609
1282
976
955
1064
1003
628
378
391
319
147
20
-14
5
-184
-545
-756
-647
-439
-483
-705
-842
-805
-765
-756
-633
-390
-285
-421
-570
-399
-56
114
166
231
329
414
485
617
828
981
911
788
817
983
1117
1023
891
834
704
569
531
547
487
280
86
-7
-37
-50
-120
-208
-275
-402
-488
-483
-460
-438
-478
-530
-491
-482
-426
-371
-658
-1149
-1306
-878
-436
-563
-1019
-1293
-1344
-1411
-1428
-1024
-614
-796
-1375
-1711
-1504
-1057
-664
-468
-409
-472
-599
-560
-250
195
660
798
594
582
880
1153
1273
1315
1409
1495
1335
1112
1184
1402
1351
1107
904
830
839
703
501
485
456
278
-19
-202
-110
-46
-230
-521
-543
-384
-446
-652
-748
-630
-513
-641
-661
-460
-288
-304
-388
-284
-54
70
80
125
257
415
475
521
676
864
869
736
766
873
943
967
885
840
780
619
467
427
411
314
186
12
-72
-86
-187
-237
-250
-309
-394
-504
-528
-479
-438
-444
-500
-545
-508
-457
-650
-1012
-1126
-886
-632
-691
-981
-1137
-1131
-1234
-1285
-1041
-739
-763
-1050
-1211
-1134
-932
-705
-536
-444
-369
-327
-291
-157
112
460
635
588
608
782
944
1041
1109
1233
1286
1127
955
1005
1195
1208
1010
820
713
671
593
469
478
531
398
95
-172
-218
-160
-178
-240
-257
-339
-560
-692
-645
-466
-347
-391
-379
-349
-406
-396
-249
-59
83
131
117
159
320
409
430
536
662
739
780
779
795
831
797
749
723
702
707
634
479
356
251
149
48
-54
-94
-142
-257
-355
-395
-409
-463
-527
-510
-468
-460
-438
-467
-508
-486
-574
-808
-965
-878
-696
-654
-798
-920
-948
-1020
-1129
-1067
-849
-805
-905
-950
-902
-814
-680
-533
-437
-377
-353
-310
-160
93
392
582
533
457
551
739
883
972
1100
1161
1026
857
855
961
996
951
892
790
621
465
379
378
418
373
219
41
-61
-70
-56
-131
-240
-268
-314
-415
-459
-417
-338
-285
-310
-323
-299
-273
-185
-51
-3
3
64
147
210
295
407
448
481
505
532
568
554
612
724
725
679
638
597
552
459
357
293
214
144
73
-64
-150
-223
-293
-327
-383
-416
-466
-562
-562
-521
-502
-473
-465
-433
-411
-545
-733
-803
-750
-633
-605
-663
-712
-735
-804
-890
-862
-714
-660
-702
-695
-669
-590
-499
-427
-332
-293
-300
-203
-81
107
344
409
387
345
388
540
628
703
862
954
833
686
653
708
762
776
787
725
573
427
338
295
290
288
193
97
44
-8
-109
-198
-184
-162
-193
-260
-276
-244
-231
-242
-212
-153
-103
-15
17
34
123
170
174
215
271
321
362
412
456
483
543
498
432
455
485
517
503
457
445
388
254
157
102
75
44
-67
-154
-174
-254
-342
-407
-454
-491
-525
-522
-494
-460
-468
-493
-446
-430
-451
-462
-547
-591
-535
-478
-446
-448
-519
-560
-570
-635
-667
-596
-534
-517
-502
-462
-413
-383
-329
-290
-283
-247
-134
-29
60
193
290
288
263
305
397
492
573
658
694
620
512
496
561
627
637
592
522
449
374
281
253
273
245
183
110
43
42
15
-74
-102
-87
-104
-129
-114
-85
-72
-65
-51
-17
3
43
113
130
139
170
206
227
251
292
312
335
364
378
358
366
381
340
288
259
245
221
209
175
103
38
-14
-76
-117
-128
-151
-196
-249
-299
-343
-402
-438
-408
-411
-427
-427
-410
-378
-366
-386
-393
-404
-416
-404
-390
-334
-302
-343
-368
-354
-362
-366
-351
-358
-361
-368
-380
-376
-342
-289
-251
-225
-200
-183
-186
-150
-53
62
136
172
230
269
289
334
396
431
455
440
427
465
469
446
470
493
448
402
342
281
245
236
250
243
191
159
137
56
-8
-9
1
9
21
11
-3
-24
-32
-20
23
58
39
56
85
74
92
151
198
219
224
212
209
215
220
234
254
280
269
202
122
87
67
30
12
-10
-18
-48
-110
-148
-177
-213
-236
-232
-275
-300
-314
-367
-385
-377
-349
-317
-299
-275
-253
-286
-351
-359
-297
-242
-214
-194
-177
-170
-219
-255
-240
-216
-178
-172
-192
-219
-254
-282
-270
-232
-216
-182
-136
-141
-114
-78
-75
-20
37
77
126
171
196
223
248
269
285
307
329
307
310
321
327
346
348
368
361
319
256
185
203
231
227
231
202
148
107
87
85
92
83
94
87
39
-8
-49
-25
48
58
11
-9
9
31
63
64
59
102
125
128
128
112
119
141
152
172
166
149
119
54
22
18
4
-8
-35
-51
-94
-166
-199
-209
-218
-230
-245
-258
-288
-361
-385
-332
-301
-307
-324
-364
-364
-309
-279
-260
-210
-173
-162
-145
-116
-94
-69
-40
-49
-35
-15
-48
-58
-59
-96
-76
-81
-107
-93
-101
-75
-41
-60
-39
-29
-37
1
9
23
58
106
153
149
148
174
181
208
219
203
231
236
215
239
230
210
218
190
182
208
188
171
176
153
154
150
129
156
152
125
117
74
66
65
51
58
22
4
-2
-38
0
44
34
38
10
7
38
32
66
83
90
129
92
54
45
23
20
19
23
40
26
-1
-38
-99
-119
-138
-174
-169
-188
-207
-206
-248
-271
-267
-286
-294
-285
-258
-226
-227
-238
-221
-210
-197
-167
-130
-74
-47
-79
-74
-40
-22
-3
-18
-8
16
-13
-33
-28
-24
-42
-78
-70
-49
-61
-51
-35
-33
-28
-38
-28
7
43
71
76
68
57
105
138
115
133
176
187
170
171
209
242
243
220
207
225
212
216
252
234
206
178
163
172
144
140
137
98
97
86
56
34
6
-22
-36
-32
-30
-34
-43
-79
-94
-88
-78
-82
-94
-53
-8
6
9
14
34
42
7
-16
-27
-37
-28
-25
-25
-30
-64
-89
-108
-148
-155
-141
-144
-147
-169
-188
-191
-198
-187
-186
-163
-127
-150
-169
-177
-194
-181
-160
-115
-52
-46
-51
-11
-1
-2
-4
-5
48
69
53
51
28
22
18
-4
1
17
21
16
12
18
18
13
33
45
78
106
81
86
94
81
107
140
140
134
124
124
139
130
126
135
139
147
121
126
151
133
113
97
92
84
63
61
68
79
68
52
52
31
-1
-15
-23
-57
-58
-45
-48
-38
-35
-46
-68
-101
-109
-100
-91
-39
0
-18
-11
-1
8
25
0
0
3
-10
-7
-18
-17
-34
-76
-95
-124
-138
-128
-124
-110
-117
-140
-167
-169
-158
-154
-135
-122
-111
-105
-105
-84
-85
-95
-60
-29
-20
9
39
43
20
-1
15
59
82
65
62
58
48
29
2
10
46
44
22
14
-2
-8
0
4
24
46
52
60
54
50
74
95
101
107
117
109
104
88
63
88
116
120
129
140
130
116
108
65
60
106
79
48
60
45
30
28
14
6
-11
-29
-24
-38
-57
-36
-42
-63
-69
-81
-78
-85
-94
-74
-73
-94
-77
-46
-40
-41
-26
-10
24
45
36
32
10
-9
3
-5
-37
-32
-31
-33
-48
-91
-101
-98
-105
-100
-99
-117
-118
-113
-102
-83
-89
-89
-83
-68
-60
-61
-33
-13
-13
-2
17
44
47
30
61
90
90
89
69
65
55
18
6
8
17
34
39
28
-11
-12
-13
-22
16
8
-5
26
23
21
18
16
63
70
59
76
78
82
75
58
79
99
82
88
96
85
96
93
70
73
37
3
18
-3
-12
-21
-40
-7
-19
-56
-51
-69
-63
-43
-58
-60
-54
-63
-48
-37
-45
-37
-43
-35
-28
-21
-7
-6
-2
8
17
29
42
20
22
62
58
28
13
-2
5
-6
-43
-56
-73
-97
-75
-66
-72
-86
-109
-96
-81
-89
-90
-91
-73
-43
-38
-26
-30
-17
4
7
5
15
36
59
46
49
81
72
75
85
61
62
58
25
19
36
41
36
11
-30
-24
-17
-35
-23
-17
-26
-15
-8
-17
-12
-7
-8
4
13
15
34
59
63
66
68
77
75
56
55
71
93
100
88
69
56
51
52
39
8
2
18
-4
-61
-76
-54
-58
-63
-67
-64
-37
-52
-85
-54
-28
-32
-37
-26
-22
-38
-42
-23
0
-7
-6
13
8
11
26
17
28
34
38
42
5
-9
-7
-28
-49
-63
-72
-59
-46
-58
-53
-63
-86
-69
-36
-19
-19
-22
0
1
-24
-12
0
-9
-10
-1
8
36
57
37
27
30
18
36
56
42
39
41
25
11
10
-8
-14
-6
-40
-41
-22
-28
-15
10
13
22
9
-9
8
6
16
25
19
28
26
18
42
56
60
66
64
74
62
67
85
81
69
52
52
76
45
17
0
-27
-22
-36
-62
-42
-39
-83
-89
-65
-61
-51
-46
-47
-40
-46
-50
-49
-34
-27
-15
3
7
20
27
11
9
20
24
36
35
29
15
-21
-18
-7
-35
-35
-39
-54
-48
-71
-72
-42
-48
-48
-45
-74
-66
-36
-23
-2
5
3
21
27
8
3
23
19
31
74
54
37
48
38
34
45
46
46
40
15
2
4
-3
16
26
5
-13
-40
-40
-26
-28
-14
1
-11
-14
-6
-15
5
30
29
32
18
5
9
10
10
42
51
21
26
37
43
44
24
30
69
70
26
9
26
9
-19
-13
-20
-22
-17
-48
-74
-69
-75
-74
-79
-75
-46
-27
-24
-21
-15
0
17
5
-2
11
22
30
39
32
27
34
25
29
31
28
37
26
-2
-3
10
2
-3
-24
-46
-33
-56
-82
-63
-76
-79
-58
-58
-49
-15
6
1
11
11
15
38
36
32
57
56
30
42
42
32
42
35
26
9
5
26
18
11
25
8
-1
-14
-53
-37
-24
-49
-44
-36
-38
-40
-37
-16
4
-3
-9
26
32
26
28
25
28
23
26
37
48
31
29
42
34
33
29
25
48
43
25
38
36
5
-11
-33
-55
-44
-37
-46
-75
-89
-73
-60
-42
-37
-42
-38
-38
-41
-28
-23
6
37
9
11
29
33
40
25
28
18
7
25
39
59
45
3
0
23
14
-19
-38
-36
-34
-35
-26
-34
-54
-46
-42
-46
-47
-54
-28
9
2
16
45
30
25
26
37
57
42
37
52
48
35
16
24
36
20
9
6
-9
-10
-20
-6
15
-9
-21
-32
-30
-18
-30
-11
11
-16
-17
-9
-6
8
8
0
15
50
54
56
56
31
8
-1
-1
21
37
5
-17
4
-7
-18
6
14
7
-17
-25
1
5
-26
-28
-3
-3
-36
-62
-64
-54
-56
-64
-60
-51
-49
-48
-35
-28
-2
14
16
44
46
24
43
52
54
44
9
19
25
22
12
2
18
8
-2
1
-1
3
10
5
2
-10
-36
-22
-18
-37
-63
-66
-1
25
-13
-31
-27
-22
-8
7
26
48
53
44
43
36
27
27
39
18
7
33
27
27
34
18
1
-13
-14
-19
-20
-10
-6
-29
-33
-19
-19
-21
-38
-29
1
-6
-11
10
2
-3
21
30
36
43
35
30
29
2
-23
-1
4
-15
3
0
-1
24
7
-24
-22
-25
-20
9
-14
-20
-10
-42
-63
-71
-77
-60
-45
-44
-39
-30
-21
-5
9
5
23
59
66
44
35
44
42
23
24
38
34
28
29
36
11
-22
-1
36
13
-16
1
3
-6
-8
-33
-25
-8
-37
-43
-8
-14
-21
0
-8
24
38
3
12
23
12
19
27
26
19
12
24
34
8
-7
4
8
5
4
0
-1
0
-24
-16
-1
-20
-45
-42
-30
-31
-40
-35
-10
-9
-41
-44
-15
5
6
-9
12
24
9
35
57
38
25
31
35
47
27
13
25
23
2
-4
5
0
-25
-27
-32
-35
-22
-23
-31
-36
-47
-60
-51
-38
-28
-36
-38
-21
-16
-19
6
29
38
32
24
38
41
33
29
43
46
42
39
25
13
11
-10
-21
-7
-12
-12
4
10
-12
-31
-25
-28
-52
-38
-14
-28
-20
-5
-2
14
1
-23
-9
3
7
16
22
40
62
63
53
42
24
26
30
18
24
18
22
38
11
-5
7
-5
-13
-12
-17
-13
-21
-15
-15
-27
-15
-34
-43
-36
-45
-35
-28
-35
-24
0
24
26
22
5
5
22
19
25
21
10
11
10
4
-5
-12
-1
-10
-25
-16
-17
-1
8
-14
-20
-7
-2
-12
-20
-26
-40
-25
-21
-38
-35
-37
-30
-13
-11
-1
16
29
39
25
31
56
67
64
54
51
39
27
17
7
-2
5
-11
-14
-11
-29
-35
-20
-19
-42
-35
-22
-16
-10
-22
-26
-3
6
-3
-13
-8
-9
-10
-20
-16
7
6
11
18
13
23
49
40
23
25
32
40
36
26
8
5
24
22
15
-6
-20
7
-10
-22
-1
-8
-3
3
-25
-25
-23
-31
-8
9
-4
-7
4
-8
-6
-11
-15
9
18
8
8
6
7
13
-2
2
-2
-24
-11
-7
-12
1
-2
-17
-20
-23
-29
-24
-17
-13
-14
-18
-16
-31
-27
-7
-5
14
18
24
34
16
17
41
52
58
54
27
23
35
28
26
2
-10
-6
-26
-38
-29
-20
-5
-11
-36
-21
-13
-30
-18
-9
-19
-1
-13
-29
-19
-6
-9
-19
-21
-18
3
1
-25
-13
4
-10
-8
2
12
13
16
20
32
40
31
35
44
27
2
15
12
8
15
-2
4
14
5
5
0
1
16
3
-1
22
17
2
1
-4
13
13
-9
-3
14
25
10
-18
-26
-10
-17
-36
-37
-14
-10
-24
-22
-32
-36
-32
-28
-24
-34
-21
12
1
-7
-10
-16
-7
-6
18
23
24
42
39
33
29
15
34
40
21
31
33
29
35
15
-5
9
1
-6
-2
-6
-13
-24
-27
-30
-25
-33
-48
-40
-18
-23
-33
-25
-25
-10
-10
-17
11
19
-1
-3
-21
-25
-9
