-9
-8
-10
-14
-16
-21
-19
-20
-20
-21
-28
-26
-28
-27
-28
-33
-30
-29
-33
-30
-27
-28
-24
-27
-28
-25
-23
-18
-22
-26
-25
-27
-24
-20
-21
-17
-13
-16
-18
-12
-10
-12
-11
-9
-2
-1
3
8
10
11
14
17
16
21
24
27
28
28
29
36
41
40
41
39
44
45
42
51
52
46
48
50
50
54
54
49
53
53
52
50
48
52
46
38
50
47
33
46
50
27
32
39
14
11
25
3
-4
14
-6
-16
1
-12
-34
-24
-19
-41
-48
-44
-51
-63
-52
-53
-68
-67
-74
-80
-75
-75
-83
-85
-80
-76
-81
-81
-82
-86
-86
-86
-88
-87
-84
-88
-84
-87
-88
-88
-92
-89
-87
-82
-82
-78
-70
-66
-61
-56
-49
-37
-30
-24
-13
-5
7
18
26
41
55
62
73
80
91
102
109
120
126
130
140
153
153
157
163
155
152
156
154
156
154
149
141
130
149
135
114
153
134
106
135
102
99
117
67
102
91
49
97
53
40
51
13
34
27
4
13
-9
-32
-11
-52
-58
-15
-76
-90
-53
-104
-131
-92
-124
-153
-119
-134
-151
-137
-142
-157
-157
-158
-153
-157
-158
-155
-160
-153
-151
-156
-158
-161
-167
-171
-179
-181
-180
-196
-204
-206
-217
-216
-226
-233
-239
-247
-246
-253
-255
-246
-246
-240
-227
-212
-181
-158
-123
-78
-43
-2
47
108
171
230
298
384
452
520
570
583
582
556
526
505
484
486
516
506
499
497
426
388
384
297
218
301
250
114
228
182
83
147
108
54
68
49
-10
-2
-17
-60
-64
-57
-92
-102
-113
-109
-96
-146
-141
-125
-150
-187
-155
-190
-203
-183
-211
-207
-224
-229
-235
-226
-228
-248
-243
-245
-244
-233
-235
-241
-220
-202
-219
-212
-193
-195
-187
-172
-166
-163
-161
-195
-237
-267
-281
-260
-257
-277
-270
-253
-255
-272
-286
-289
-301
-333
-338
-303
-246
-209
-204
-172
-126
-114
-94
-69
-30
30
59
112
206
299
360
390
443
496
521
554
628
724
760
738
709
684
634
571
495
489
507
468
430
447
441
382
314
237
232
199
145
123
139
132
99
113
76
74
69
-3
-28
-45
-14
-24
-66
-76
-25
-44
-154
-82
-82
-190
-155
-138
-217
-190
-157
-239
-251
-206
-277
-289
-269
-309
-278
-305
-349
-280
-263
-320
-294
-267
-283
-267
-251
-255
-255
-225
-211
-239
-197
-164
-200
-197
-186
-173
-164
-164
-163
-174
-210
-273
-303
-297
-281
-290
-314
-298
-273
-288
-294
-288
-290
-318
-339
-324
-273
-218
-193
-160
-105
-58
-23
10
57
97
131
178
258
365
452
503
562
628
671
706
727
734
746
711
622
581
595
592
555
560
518
483
479
376
358
371
272
211
234
243
230
142
131
121
69
128
73
66
121
76
25
50
7
5
-10
-94
-31
-79
-119
-70
-91
-136
-140
-133
-235
-243
-166
-223
-287
-253
-249
-285
-279
-321
-314
-334
-373
-321
-311
-323
-282
-297
-295
-268
-258
-265
-291
-257
-250
-244
-245
-177
-178
-202
-164
-139
-140
-160
-158
-157
-152
-151
-160
-155
-133
-150
-223
-294
-287
-286
-308
-310
-309
-282
-267
-284
-269
-257
-269
-297
-304
-268
-199
-155
-134
-96
-35
17
36
85
147
186
235
282
366
481
564
619
667
727
747
733
700
651
607
550
524
547
605
646
593
493
509
453
345
323
318
280
265
279
278
252
187
169
60
118
140
56
106
116
64
42
46
4
-13
-37
-45
-122
-90
-27
-140
-132
-72
-214
-229
-195
-258
-271
-246
-241
-326
-262
-212
-286
-361
-307
-334
-375
-288
-321
-337
-284
-262
-333
-268
-239
-318
-308
-242
-254
-269
-196
-203
-212
-167
-161
-201
-167
-149
-190
-147
-131
-160
-138
-125
-156
-148
-136
-172
-207
-243
-262
-279
-279
-271
-277
-264
-257
-259
-252
-257
-242
-228
-238
-230
-183
-124
-85
-59
-23
36
69
95
132
203
278
326
388
478
573
644
683
695
706
685
642
607
597
585
560
563
595
573
576
537
458
427
384
318
302
330
285
230
163
222
198
128
148
100
106
105
81
101
70
73
23
-14
35
-32
-61
-51
-98
-125
-92
-109
-214
-158
-195
-299
-212
-288
-309
-230
-306
-347
-282
-316
-331
-307
-340
-350
-323
-351
-325
-301
-338
-308
-313
-308
-291
-240
-299
-271
-210
-222
-214
-194
-155
-200
-154
-158
-170
-111
-147
-167
-119
-108
-134
-123
-113
-147
-149
-138
-160
-168
-184
-225
-255
-228
-221
-246
-245
-226
-207
-212
-217
-197
-172
-169
-174
-142
-76
-32
-14
35
88
134
168
212
290
367
412
460
536
595
641
637
614
609
600
558
535
551
568
612
559
550
563
495
426
366
351
368
296
224
278
265
264
168
201
242
83
102
122
93
96
111
41
36
115
0
0
7
-110
-83
-40
-92
-183
-77
-157
-303
-141
-214
-313
-230
-283
-310
-273
-294
-358
-332
-325
-352
-348
-384
-351
-333
-397
-350
-267
-419
-311
-220
-376
-297
-156
-304
-299
-104
-199
-215
-139
-169
-179
-94
-154
-186
-86
-115
-169
-105
-67
-120
-121
-111
-125
-119
-127
-137
-139
-143
-177
-225
-214
-191
-207
-206
-213
-204
-184
-191
-183
-157
-136
-144
-139
-85
-23
14
48
75
133
195
233
286
355
409
440
487
525
563
572
560
568
571
595
581
579
590
574
465
443
545
444
384
503
336
292
400
215
220
301
212
161
206
205
187
220
84
68
143
64
24
80
54
-7
-9
24
-32
-71
-23
-205
-166
-56
-253
-262
-52
-192
-351
-221
-199
-389
-299
-185
-417
-410
-212
-318
-459
-293
-259
-431
-378
-290
-336
-324
-363
-283
-266
-322
-277
-221
-255
-279
-183
-160
-244
-184
-102
-176
-183
-136
-145
-122
-128
-151
-113
-105
-98
-99
-86
-77
-100
-122
-109
-93
-101
-126
-164
-184
-173
-188
-179
-161
-185
-183
-155
-161
-142
-108
-116
-131
-88
-53
-21
59
87
107
165
219
263
327
398
421
427
449
450
493
537
545
558
574
595
554
536
561
538
495
434
448
439
341
409
337
269
331
295
238
191
358
214
102
291
241
48
126
268
38
29
265
7
-145
275
-60
-178
129
-141
-205
-37
-76
-315
-180
-76
-334
-327
-147
-270
-403
-276
-240
-442
-337
-247
-386
-313
-321
-441
-345
-290
-470
-340
-269
-435
-293
-194
-355
-287
-150
-298
-291
-162
-228
-247
-157
-171
-144
-145
-195
-149
-112
-128
-144
-97
-113
-94
-70
-71
-90
-98
-57
-104
-117
-58
-105
-139
-115
-158
-182
-157
-176
-207
-176
-168
-184
-158
-116
-129
-125
-64
-81
-56
26
41
85
152
187
243
318
337
357
408
408
407
440
450
492
525
580
566
567
563
469
483
443
436
436
395
431
410
393
411
303
312
291
245
324
230
204
369
211
67
286
208
-41
162
229
-74
131
157
-100
6
104
-199
-131
119
-330
-185
80
-306
-291
-67
-317
-338
-157
-344
-350
-229
-344
-340
-301
-443
-395
-372
-405
-308
-334
-425
-319
-312
-360
-238
-361
-306
-200
-279
-234
-210
-262
-215
-154
-258
-200
-100
-187
-171
-102
-172
-141
-92
-148
-109
-62
-123
-107
-57
-121
-114
-65
-117
-118
-90
-108
-132
-136
-132
-169
-176
-140
-170
-195
-156
-146
-156
-116
-100
-114
-53
-31
-38
54
134
129
198
280
280
342
393
392
437
458
435
488
574
563
538
498
488
531
388
420
527
462
436
458
513
388
415
431
234
338
340
211
327
343
190
171
333
71
145
206
18
202
97
64
105
74
-8
-93
32
-35
-196
-5
-44
-293
-160
-78
-420
-263
-88
-433
-335
-139
-433
-346
-236
-464
-348
-386
-460
-321
-367
-448
-382
-444
-424
-306
-373
-374
-207
-301
-327
-231
-239
-208
-195
-177
-169
-128
-123
-202
-88
-108
-167
-67
-160
-109
-51
-133
-84
-43
-100
-35
-13
-108
-68
-62
-132
-76
-54
-93
-95
-112
-161
-165
-152
-156
-148
-146
-128
-134
-95
-66
-70
-28
-4
0
53
118
170
218
270
292
314
369
408
435
469
511
511
470
480
480
414
420
378
416
446
436
490
474
411
427
440
241
329
514
167
197
470
194
68
340
167
86
283
66
185
321
28
44
202
49
40
179
18
-234
78
-101
-348
-32
-110
-289
-245
-241
-266
-189
-301
-346
-240
-234
-404
-298
-200
-303
-325
-357
-340
-350
-420
-381
-369
-393
-404
-353
-342
-330
-278
-258
-225
-233
-229
-185
-116
-251
-203
-51
-155
-176
-99
-125
-149
-82
-137
-138
-43
-96
-84
-53
-62
-45
-62
-74
-110
-79
-63
-122
-87
-85
-129
-129
-144
-187
-161
-148
-160
-141
-137
-121
-88
-72
-54
-16
21
46
69
136
195
237
282
309
337
363
394
407
455
494
450
506
491
436
510
436
356
448
422
372
492
457
392
431
350
430
333
305
325
269
248
140
309
302
68
135
367
-32
96
348
-59
75
135
106
172
-21
-65
94
-116
-259
-3
-30
-206
-155
-85
-224
-267
-236
-362
-272
-256
-316
-288
-335
-311
-346
-483
-382
-329
-460
-319
-370
-407
-227
-437
-385
-223
-468
-339
-226
-317
-241
-232
-278
-168
-202
-263
-119
-146
-166
-101
-118
-125
-56
-92
-95
-85
-109
-77
-79
-64
-25
-49
-74
-79
-97
-74
-75
-90
-55
-65
-101
-97
-128
-148
-139
-122
-91
-106
-114
-55
-44
-50
12
21
42
81
99
156
222
268
284
326
378
396
432
445
460
466
435
387
459
475
385
446
433
421
415
405
462
433
407
361
273
488
375
177
379
203
174
301
235
144
285
195
90
194
135
232
59
121
156
-26
71
18
-104
-37
-101
-236
-65
-52
-295
-117
-108
-391
-299
-255
-400
-405
-137
-384
-474
-43
-324
-428
-189
-410
-530
-336
-339
-428
-319
-317
-384
-376
-324
-271
-344
-357
-158
-290
-192
-33
-276
-199
-49
-251
-221
-49
-128
-86
-104
-144
-82
-67
-64
-58
-83
-11
-75
-79
-31
-105
-81
-58
-155
-132
-79
-163
-120
-107
-190
-188
-191
-179
-136
-137
-154
-157
-107
-61
-47
9
36
32
115
160
205
289
344
321
342
448
443
462
521
512
492
465
556
454
448
545
428
448
440
402
389
404
398
404
353
333
459
292
281
354
183
183
182
218
289
106
218
248
-36
206
209
3
190
118
-141
147
38
-76
33
-183
-118
-147
-184
-218
-79
-269
-416
-188
-97
-371
-379
-154
-455
-321
-332
-424
-194
-363
-487
-348
-384
-402
-427
-330
-256
-433
-249
-155
-328
-370
-255
-233
-336
-209
-162
-252
-135
-107
-312
-169
-96
-229
-69
-61
-256
-120
-1
-142
-117
-32
-108
-176
-31
-85
-183
-103
-105
-166
-139
-103
-160
-148
-142
-207
-209
-112
-127
-194
-104
-115
-144
-31
-43
-45
60
54
56
130
191
258
310
338
347
438
467
448
546
547
500
577
555
420
473
536
462
445
383
474
455
380
553
431
420
431
330
367
238
444
233
209
386
136
336
134
155
277
239
100
112
278
84
105
69
28
12
65
-112
-25
52
-380
-197
-191
-348
-120
-193
-379
-193
-223
-441
-309
-329
-275
-512
-425
-260
-442
-444
-393
-339
-540
-369
-388
-487
-315
-417
-374
-316
-417
-267
-256
-243
-348
-346
-103
-181
-264
-113
-125
-177
-83
-157
-55
-92
-125
28
-81
-95
50
-78
-112
-14
-95
-101
-73
-143
-73
-93
-244
-189
-127
-183
-180
-212
-207
-197
-250
-149
-134
-119
-74
-72
-43
1
82
77
86
177
241
305
329
394
450
461
478
521
539
562
655
593
513
578
460
431
590
435
480
392
303
477
408
465
428
371
369
308
324
292
250
256
338
159
51
422
248
-46
234
162
-93
293
113
-124
395
-45
-331
256
82
-405
69
79
-558
-51
8
-412
-242
-215
-306
-362
-289
-245
-332
-338
-407
-383
-361
-495
-278
-421
-452
-437
-432
-298
-398
-243
-394
-433
-250
-409
-405
-196
-288
-390
-292
-184
-224
-308
-112
-74
-276
-132
43
-179
-222
-7
-146
-161
16
-106
-139
-27
-110
-131
-116
-174
-114
-128
-175
-139
-127
-209
-210
-201
-261
-170
-142
-218
-152
-132
-120
-87
-91
-15
41
73
112
177
255
345
356
377
450
485
532
567
612
602
662
661
583
665
625
459
415
529
458
384
505
426
458
610
345
323
582
304
241
410
221
241
202
167
262
97
120
126
96
114
148
31
97
266
-83
-7
219
-133
-171
51
-123
-253
31
-110
-346
-119
-232
-253
-193
-281
-467
-254
-227
-612
-270
-245
-588
-537
-388
-426
-471
-434
-520
-344
-279
-479
-446
-290
-296
-401
-383
-283
-399
-345
-126
-311
-331
-145
-121
-336
-204
-15
-147
-90
-26
-86
-46
-41
-133
-74
36
-68
-81
35
-76
-99
-107
-130
-145
-165
-175
-237
-225
-230
-255
-268
-258
-282
-270
-182
-207
-170
-71
-70
-8
72
71
105
215
299
326
440
504
520
615
647
688
751
704
675
689
706
707
633
567
517
503
445
472
534
422
337
427
432
227
384
456
119
161
376
181
112
309
68
110
227
-47
33
310
13
-109
306
100
-157
114
77
-275
51
-84
-191
62
-223
-101
6
-278
-383
-266
-380
-267
-370
-427
-235
-405
-543
-311
-275
-573
-394
-327
-516
-359
-330
-468
-297
-338
-569
-490
-276
-292
-315
-406
-226
-280
-425
-64
-224
-350
-113
-70
-230
-156
-24
-137
-225
-102
-41
-191
-66
7
-108
-75
-57
-120
-58
-93
-245
-206
-213
-244
-195
-195
-307
-338
-273
-290
-305
-271
-241
-202
-171
-127
-86
-19
48
54
128
238
300
374
465
505
568
624
634
726
807
854
797
790
841
716
746
646
473
690
624
374
537
435
312
616
390
270
492
260
103
375
336
31
197
233
229
50
87
290
62
135
262
38
-92
80
191
-121
-91
107
-83
-99
-146
-102
-111
-187
-219
-140
-128
-335
-558
-308
-81
-356
-542
-483
-351
-503
-402
-445
-699
-356
-445
-617
-386
-433
-470
-346
-393
-520
-257
-255
-500
-407
-249
-266
-223
-239
-301
-201
-154
-181
-127
-119
-78
-155
-287
-164
-50
-148
-213
-58
-101
-208
-137
-113
-170
-213
-308
-322
-307
-278
-282
-404
-408
-329
-332
-404
-313
-261
-329
-210
-200
-154
48
75
43
182
314
318
442
568
602
695
733
717
795
931
956
938
1009
971
965
996
975
836
727
769
640
560
648
490
302
291
356
318
104
253
215
-70
167
192
-30
116
199
-51
-103
105
56
11
34
107
206
-137
-113
184
237
303
-37
-163
105
9
-101
55
-80
-358
-281
-481
-372
37
-380
-551
-497
-522
-454
-578
-469
-386
-565
-499
-545
-840
-631
-207
-568
-658
-110
-629
-719
-102
-372
-581
-213
-245
-456
-66
-13
-341
-269
-222
-217
-179
-181
-101
-89
-116
-232
-265
-130
-118
-263
-223
-242
-474
-424
-303
-494
-468
-394
-666
-697
-436
-456
-571
-412
-455
-543
-366
-298
-261
-40
62
-57
100
382
395
577
755
722
841
952
944
1099
1296
1229
1206
1254
1198
1195
1150
1137
1119
1119
1086
901
927
872
634
551
440
386
375
301
210
101
126
-28
-154
-46
-20
-82
16
-61
-110
63
-33
-52
-39
-44
59
34
150
389
214
50
-107
-19
215
196
21
33
-47
-378
-230
-154
-381
-426
-432
-542
-452
-434
-573
-793
-910
-631
-619
-781
-630
-724
-854
-764
-623
-587
-588
-635
-750
-647
-373
-341
-488
-339
-338
-446
-299
-268
-222
-75
-163
-336
-280
-198
-211
-224
-230
-272
-422
-424
-403
-454
-430
-463
-650
-669
-630
-681
-611
-575
-630
-590
-531
-525
-472
-304
-218
-150
-6
90
220
432
608
661
782
904
984
1146
1282
1349
1476
1523
1486
1518
1587
1579
1505
1367
1250
1219
1217
1140
1039
954
794
557
495
530
451
362
210
63
1
-35
-133
-216
-242
-195
-224
-333
-183
-129
-256
-119
-36
-53
119
108
21
173
288
233
246
207
175
287
204
80
8
26
38
-118
-228
-268
-269
-483
-761
-578
-462
-647
-675
-741
-737
-787
-874
-699
-853
-917
-740
-841
-827
-531
-519
-803
-733
-578
-613
-463
-388
-407
-314
-346
-474
-482
-355
-357
-431
-419
-438
-474
-468
-535
-603
-643
-718
-847
-854
-828
-911
-924
-875
-875
-870
-823
-751
-628
-508
-440
-339
-176
-40
45
195
428
591
730
867
1058
1262
1369
1443
1548
1664
1740
1793
1862
1920
1960
1905
1789
1686
1537
1398
1274
1187
1133
1021
859
694
509
339
248
178
110
78
45
-38
-131
-206
-240
-283
-330
-300
-210
-187
-178
-140
-107
-32
1
77
171
179
199
279
312
264
279
286
150
68
161
134
-69
-98
8
-199
-299
-227
-455
-476
-492
-741
-831
-773
-790
-810
-706
-674
-814
-931
-895
-900
-856
-681
-638
-719
-632
-649
-752
-698
-659
-718
-654
-543
-553
-461
-457
-608
-717
-748
-813
-835
-721
-689
-724
-775
-928
-1081
-1205
-1248
-1173
-1045
-942
-898
-818
-766
-716
-657
-581
-413
-210
-29
197
467
666
769
862
974
1122
1329
1518
1718
1926
2027
1996
1964
1975
1994
2009
2000
1988
1958
1887
1722
1508
1351
1258
1068
769
537
464
466
355
127
-67
-214
-398
-528
-486
-320
-240
-310
-398
-395
-291
-209
-209
-149
12
86
101
189
307
378
359
307
395
530
595
590
496
386
314
160
32
126
149
8
-151
-304
-430
-477
-527
-594
-652
-748
-837
-861
-848
-874
-947
-1040
-1084
-1021
-872
-801
-806
-812
-825
-847
-823
-740
-660
-608
-645
-710
-733
-746
-778
-831
-883
-888
-926
-963
-1009
-1113
-1226
-1380
-1516
-1493
-1350
-1248
-1171
-1093
-1078
-1077
-994
-843
-640
-427
-238
-53
167
388
562
735
909
1080
1258
1487
1738
1942
2070
2112
2115
2115
2132
2180
2238
2247
2202
2016
1721
1525
1507
1512
1403
1174
928
739
559
389
282
230
93
-143
-300
-308
-279
-302
-414
-509
-480
-419
-363
-269
-152
-71
-100
-96
107
317
296
251
370
440
443
500
538
517
524
519
399
233
191
185
72
-35
-86
-90
-196
-335
-452
-518
-551
-611
-701
-744
-741
-828
-896
-926
-932
-936
-912
-934
-921
-902
-891
-898
-866
-813
-790
-805
-807
-837
-874
-923
-960
-937
-922
-963
-1075
-1135
-1257
-1380
-1503
-1559
-1483
-1296
-1211
-1212
-1215
-1197
-1154
-1042
-860
-622
-390
-229
-92
73
299
484
646
827
1049
1282
1503
1675
1822
1929
1952
1986
2053
2141
2246
2282
2226
2122
1991
1773
1571
1432
1304
1246
1206
1066
859
593
293
84
13
-6
-2
-19
-131
-298
-426
-487
-486
-409
-310
-235
-162
-116
-111
-82
-32
39
144
278
404
495
533
496
461
459
486
560
623
588
495
348
182
85
26
-8
-74
-170
-279
-387
-472
-548
-598
-617
-647
-724
-767
-733
-732
-823
-878
-849
-815
-757
-711
-701
-737
-818
-920
-905
-787
-702
-771
-897
-998
-1086
-1123
-1149
-1180
-1212
-1350
-1612
-1765
-1742
-1590
-1459
-1425
-1471
-1471
-1443
-1345
-1155
-918
-702
-586
-491
-313
-15
278
478
632
801
985
1232
1494
1732
1907
1969
1951
1971
2106
2256
2344
2338
2241
2107
1962
1826
1668
1510
1425
1370
1244
1033
799
583
394
193
20
-18
-43
-145
-268
-348
-417
-467
-505
-504
-412
-294
-253
-241
-208
-150
-76
-14
74
203
335
388
398
450
497
513
520
541
580
608
555
436
341
269
196
142
87
42
-38
-188
-359
-467
-508
-546
-571
-594
-638
-697
-754
-779
-770
-759
-739
-762
-750
-718
-692
-694
-709
-729
-740
-716
-743
-845
-891
-902
-964
-1060
-1114
-1170
-1332
-1577
-1809
-1855
-1664
-1463
-1446
-1512
-1564
-1581
-1576
-1442
-1179
-844
-646
-600
-517
-277
0
197
368
605
878
1130
1329
1534
1739
1830
1841
1886
2049
2248
2396
2377
2285
2169
2049
1930
1887
1855
1722
1506
1193
929
853
859
741
475
198
-31
-188
-271
-297
-224
-236
-416
-597
-618
-532
-443
-382
-352
-296
-207
-140
-80
28
134
181
194
273
431
570
584
522
488
491
526
570
598
597
511
333
169
118
149
136
33
-136
-244
-304
-384
-477
-538
-543
-579
-661
-738
-740
-715
-761
-833
-827
-725
-621
-658
-772
-842
-831
-792
-788
-804
-825
-863
-965
-1066
-1126
-1126
-1189
-1402
-1697
-1854
-1779
-1553
-1431
-1475
-1596
-1673
-1660
-1576
-1355
-1022
-732
-659
-687
-595
-288
38
265
432
662
933
1143
1300
1505
1719
1830
1839
1896
2104
2331
2409
2320
2175
2064
1998
1940
1886
1810
1657
1414
1206
1074
968
820
604
392
196
28
-80
-124
-168
-285
-435
-546
-553
-486
-436
-427
-435
-421
-380
-310
-196
-90
-6
53
85
151
278
377
411
424
439
468
505
527
529
532
497
421
351
308
256
192
108
43
-30
-138
-226
-283
-297
-344
-436
-520
-562
-597
-641
-675
-651
-640
-682
-741
-751
-703
-682
-736
-828
-839
-827
-851
-902
-934
-965
-995
-1078
-1163
-1277
-1465
-1727
-1883
-1770
-1550
-1415
-1473
-1604
-1694
-1688
-1603
-1386
-1064
-777
-684
-689
-606
-368
-80
152
372
634
907
1120
1290
1445
1593
1701
1791
1935
2148
2333
2390
2310
2166
2056
2025
2041
2024
1979
1816
1527
1158
865
833
931
884
596
258
12
-165
-308
-361
-286
-227
-360
-578
-695
-658
-582
-565
-540
-443
-287
-206
-213
-206
-119
-7
75
191
363
509
521
422
363
431
554
645
653
635
585
466
309
232
251
281
238
106
-27
-124
-229
-314
-355
-364
-346
-368
-476
-603
-655
-675
-665
-644
-599
-568
-598
-716
-843
-885
-864
-841
-815
-850
-952
-1038
-1099
-1175
-1255
-1382
-1620
-1895
-2021
-1873
-1604
-1504
-1691
-1931
-2009
-1906
-1699
-1419
-1118
-910
-904
-952
-797
-421
-37
213
404
647
940
1200
1398
1576
1768
1932
2055
2223
2457
2650
2661
2515
2370
2344
2406
2436
2385
2252
2031
1727
1374
1046
918
1005
1034
769
306
-73
-269
-371
-488
-527
-445
-448
-649
-888
-937
-839
-746
-716
-634
-429
-236
-220
-303
-281
-103
124
300
429
564
638
560
449
494
690
858
863
760
675
622
514
374
325
370
354
193
-13
-131
-184
-282
-400
-461
-423
-387
-486
-657
-762
-782
-749
-698
-640
-604
-642
-797
-952
-985
-915
-832
-854
-984
-1097
-1139
-1163
-1256
-1362
-1538
-1870
-2256
-2436
-2198
-1815
-1705
-2005
-2366
-2480
-2348
-2127
-1826
-1453
-1198
-1221
-1340
-1176
-702
-229
25
224
527
921
1234
1443
1645
1875
2073
2249
2491
2789
3016
3025
2848
2671
2662
2782
2880
2803
2607
2337
2045
1675
1355
1216
1122
987
768
504
199
-148
-446
-616
-608
-585
-694
-794
-884
-930
-975
-993
-927
-760
-553
-431
-372
-296
-234
-139
6
210
446
620
671
622
624
684
786
877
907
921
886
791
676
587
541
466
360
196
59
-35
-128
-240
-378
-448
-447
-464
-536
-635
-704
-738
-763
-752
-682
-595
-611
-754
-911
-970
-927
-850
-798
-847
-984
-1118
-1195
-1243
-1269
-1405
-1734
-2144
-2420
-2316
-1945
-1734
-1915
-2270
-2469
-2435
-2245
-1932
-1542
-1229
-1219
-1375
-1311
-875
-353
-26
156
408
771
1097
1315
1550
1820
2034
2182
2371
2667
2930
3001
2858
2684
2656
2748
2843
2831
2671
2418
2096
1783
1502
1292
1115
879
651
467
287
13
-362
-651
-746
-697
-686
-793
-896
-947
-987
-1035
-993
-813
-600
-467
-438
-375
-214
-66
46
173
357
543
647
665
673
758
840
863
869
886
911
870
748
633
554
504
415
296
167
45
-85
-232
-325
-338
-323
-389
-528
-647
-680
-683
-673
-644
-603
-611
-663
-771
-805
-752
-702
-739
-838
-921
-977
-1010
-1036
-1057
-1070
-1234
-1665
-2165
-2442
-2286
-1910
-1688
-1851
-2204
-2474
-2553
-2441
-2116
-1692
-1343
-1290
-1421
-1413
-1078
-630
-307
-53
256
652
979
1184
1362
1585
1815
2032
2272
2605
2888
2971
2802
2597
2563
2695
2846
2872
2735
2484
2174
1837
1605
1474
1323
1018
606
352
312
244
-60
-489
-774
-831
-782
-749
-806
-910
-1025
-1117
-1110
-945
-691
-516
-512
-538
-439
-195
29
153
257
388
506
586
662
757
854
885
853
827
873
930
881
731
605
533
482
404
303
205
67
-109
-255
-293
-264
-271
-388
-527
-595
-579
-571
-616
-577
-571
-620
-666
-647
-651
-646
-714
-848
-904
-877
-871
-949
-986
-1062
-1123
-1332
-1792
-2235
-2331
-2093
-1781
-1706
-1929
-2263
-2453
-2505
-2376
-2000
-1537
-1240
-1292
-1447
-1374
-992
-569
-265
51
430
776
992
1117
1343
1643
1909
2123
2366
2662
2847
2829
2654
2528
2601
2746
2837
2777
2601
2329
1992
1678
1499
1452
1318
1068
685
197
-119
-183
-163
-284
-560
-823
-988
-1027
-1061
-1028
-891
-864
-953
-990
-884
-680
-490
-396
-327
-157
48
190
294
393
514
632
711
787
902
988
950
876
826
856
927
891
758
620
508
381
244
165
113
28
-124
-276
-347
-350
-376
-426
-505
-582
-615
-598
-556
-537
-556
-634
-710
-726
-694
-701
-750
-807
-877
-1012
-1096
-1059
-957
-1026
-1457
-2068
-2468
-2383
-1962
-1655
-1715
-2067
-2425
-2617
-2594
-2268
-1739
-1309
-1269
-1494
-1581
-1304
-840
-426
-127
186
517
792
982
1188
1458
1727
1952
2157
2450
2759
2893
2755
2543
2494
2626
2780
2838
2734
2518
2174
1784
1514
1465
1509
1356
841
231
-36
25
39
-211
-547
-758
-904
-1041
-1082
-973
-846
-937
-1111
-1134
-923
-628
-490
-517
-486
-303
-61
109
253
412
519
540
551
688
903
1029
966
839
806
861
911
858
779
717
612
451
313
278
261
111
-124
-276
-267
-209
-214
-324
-469
-550
-582
-557
-479
-392
-403
-508
-625
-657
-650
-648
-681
-675
-673
-740
-905
-1029
-1037
-975
-1058
-1492
-2085
-2441
-2278
-1854
-1641
-1832
-2191
-2491
-2627
-2589
-2228
-1685
-1306
-1357
-1611
-1617
-1246
-776
-416
-106
236
552
759
930
1186
1528
1813
2011
2212
2506
2761
2835
2719
2568
2547
2675
2797
2806
2676
2436
2089
1722
1492
1458
1469
1317
841
316
-59
-314
-430
-428
-401
-528
-867
-1207
-1349
-1247
-1106
-1063
-987
-898
-832
-802
-787
-678
-445
-211
-19
171
374
482
485
469
568
811
1044
1124
1069
986
896
838
838
886
961
921
721
475
303
223
165
80
1
-86
-188
-297
-390
-415
-423
-482
-552
-566
-502
-428
-422
-476
-575
-663
-728
-730
-636
-518
-553
-762
-1061
-1165
-1065
-889
-980
-1520
-2195
-2542
-2325
-1867
-1606
-1747
-2110
-2494
-2726
-2637
-2136
-1521
-1199
-1340
-1593
-1564
-1211
-743
-335
47
377
596
753
965
1310
1651
1858
2004
2203
2523
2791
2858
2756
2594
2521
2566
2676
2738
2668
2407
1978
1581
1344
1342
1350
1205
809
308
-107
-519
-746
-660
-457
-459
-807
-1225
-1466
-1441
-1253
-1084
-876
-757
-771
-814
-806
-650
-375
-110
86
260
457
548
539
541
651
861
1043
1150
1148
1091
964
832
789
819
911
910
733
504
288
152
37
-12
-4
-23
-127
-320
-447
-473
-460
-497
-516
-485
-408
-391
-455
-536
-551
-557
-606
-642
-603
-563
-625
-817
-979
-972
-914
-884
-1105
-1633
-2259
-2530
-2258
-1783
-1581
-1803
-2264
-2613
-2750
-2617
-2111
-1507
-1194
-1333
-1589
-1570
-1197
-702
-278
114
461
689
821
1003
1331
1675
1912
2091
2333
2634
2830
2849
2728
2589
2524
2550
2657
2732
2642
2332
1877
1476
1264
1243
1248
1106
764
261
-198
-623
-911
-845
-607
-518
-793
-1194
-1443
-1499
-1385
-1206
-938
-674
-627
-705
-728
-622
-390
-141
109
368
603
694
633
580
666
868
1050
1175
1226
1175
1018
807
703
738
829
867
739
540
326
99
-95
-176
-124
-61
-110
-278
-448
-510
-526
-570
-567
-453
-326
-285
-350
-460
-513
-546
-591
-584
-486
-402
-491
-714
-915
-972
-945
-880
-980
-1418
-2022
-2457
-2368
-1954
-1695
-1792
-2125
-2447
-2665
-2697
-2320
-1734
-1315
-1312
-1525
-1525
-1230
-830
-450
-24
409
696
835
1016
1355
1715
1920
2064
2275
2593
2833
2905
2867
2735
2615
2534
2547
2644
2648
2462
2051
1557
1216
1073
1063
989
769
380
-133
-587
-953
-1119
-1036
-847
-814
-1019
-1288
-1490
-1539
-1397
-1155
-855
-613
-508
-489
-462
-360
-194
63
355
641
860
940
890
828
853
971
1126
1260
1324
1252
1042
786
641
616
651
680
600
422
165
-104
-317
-387
-317
-239
-252
-367
-496
-571
-624
-634
-566
-403
-289
-293
-347
-412
-442
-490
-547
-513
-410
-358
-454
-659
-798
-834
-871
-962
-1257
-1768
-2240
-2393
-2125
-1837
-1819
-2088
-2432
-2680
-2763
-2575
-2064
-1572
-1396
-1501
-1600
-1432
-1080
-655
-215
243
603
809
960
1225
1602
1904
2094
2290
2539
2808
2952
2971
2906
2764
2634
2567
2592
2649
2562
2272
1814
1363
1061
947
880
755
494
33
-469
-944
-1189
-1092
-926
-868
-1069
-1345
-1490
-1525
-1380
-1160
-905
-703
-634
-544
-383
-202
-11
126
299
545
823
1001
1066
1052
1004
988
1012
1145
1293
1323
1185
888
654
539
506
538
514
431
222
-78
-335
-481
-464
-403
-410
-467
-526
-540
-582
-634
-641
-583
-470
-360
-279
-228
-256
-353
-510
-547
-453
-334
-282
-367
-543
-726
-865
-952
-961
-1138
-1616
-2174
-2423
-2241
-1942
-1852
-2041
-2351
-2592
-2781
-2709
-2214
-1627
-1311
-1360
-1483
-1371
-1064
-664
-209
304
734
958
1081
1324
1709
2044
2239
2373
2583
2844
3013
3077
3050
2907
2717
2516
2439
2479
2491
2320
1910
1394
973
719
607
510
358
77
-406
-893
-1246
-1409
-1329
-1151
-1096
-1200
-1351
-1456
-1449
-1300
-1068
-793
-557
-400
-250
-64
92
213
355
531
748
1002
1178
1240
1200
1107
1031
1025
1094
1190
1209
1071
810
565
375
267
255
244
164
1
-247
-499
-633
-647
-593
-541
-517
-519
-524
-567
-621
-588
-473
-377
-288
-207
-148
-165
-245
-359
-423
-422
-410
-399
-426
-477
-584
-745
-951
-1265
-1748
-2184
-2353
-2134
-1857
-1816
-2018
-2335
-2628
-2827
-2755
-2294
-1714
-1363
-1315
-1374
-1289
-1109
-813
-388
178
702
1023
1199
1408
1693
1919
2081
2270
2538
2837
3038
3110
3092
2930
2686
2448
2357
2401
2425
2316
2004
1545
1095
727
500
361
258
122
-180
-586
-934
-1139
-1304
-1461
-1483
-1329
-1129
-1091
-1165
-1182
-1139
-1085
-967
-652
-210
118
242
235
248
340
451
647
929
1194
1302
1210
1061
984
985
981
932
922
934
857
661
437
277
154
27
-92
-149
-180
-285
-462
-623
-685
-672
-644
-604
-519
-441
-434
-496
-518
-468
-403
-360
-329
-285
-226
-228
-296
-387
-507
-579
-636
-634
-610
-597
-702
-1093
-1702
-2187
-2312
-2044
-1734
-1625
-1679
-1883
-2175
-2479
-2492
-2121
-1622
-1295
-1190
-1077
-859
-731
-643
-429
-19
395
650
917
1311
1731
1917
1875
1870
1995
2196
2405
2647
2879
2921
2708
2351
2094
2017
2015
2006
1932
1781
1546
1236
910
621
402
231
56
-129
-293
-392
-522
-787
-1082
-1207
-1111
-989
-961
-932
-818
-745
-827
-912
-768
-487
-286
-193
-61
165
287
267
293
460
661
724
698
767
895
913
754
601
586
555
411
297
304
294
107
-130
-165
-152
-317
-514
-523
-446
-487
-560
-544
-497
-583
-675
-576
-429
-469
-620
-530
-323
-378
-556
-545
-402
-440
-547
-491
-407
-490
-641
-633
-514
-492
-599
-664
-650
-726
-961
-1204
-1211
-996
-838
-825
-851
-836
-872
-987
-1000
-835
-641
-567
-549
-411
-204
-99
-93
-58
87
241
307
384
570
828
990
1036
1068
1115
1170
1204
1273
1399
1508
1540
1503
1482
1465
1399
1280
1130
1039
984
922
851
785
740
663
528
385
288
257
236
186
139
100
28
-66
-142
-139
-101
-116
-188
-241
-236
-215
-205
-210
-220
-255
-319
-341
-336
-302
-283
-316
-341
-340
-317
-347
-381
-341
-308
-302
-332
-350
-309
-229
-179
-257
-314
-272
-232
-239
-203
-137
-169
-225
-197
-128
-134
-183
-164
-133
-148
-179
-185
-179
-161
-131
-123
-150
-211
-260
-259
-207
-158
-165
-198
-218
-217
-194
-160
-138
-122
-115
-107
-98
-93
-105
-155
-209
-260
-283
-268
-243
-213
-208
-226
-254
-281
-299
-279
-222
-190
-193
-192
-153
-101
-59
-11
31
34
24
10
36
122
205
275
316
361
421
474
544
628
696
702
652
606
595
614
637
642
624
578
515
464
450
459
457
426
372
334
317
301
276
243
221
197
145
93
81
84
74
42
13
-4
-41
-70
-76
-86
-114
-142
-145
-140
-145
-151
-155
-174
-196
-206
-196
-174
-166
-168
-182
-206
-220
-229
-242
-233
-207
-179
-180
-211
-228
-235
-218
-182
-149
-150
-195
-213
-187
-167
-163
-158
-156
-158
-158
-142
-125
-134
-158
-159
-136
-121
-124
-131
-145
-151
-135
-112
-102
-100
-92
-86
-103
-142
-196
-262
-298
-276
-232
-209
-221
-238
-259
-294
-312
-307
-287
-290
-325
-340
-313
-242
-182
-144
-104
-82
-76
-61
14
145
283
397
478
524
532
500
460
440
452
491
513
503
488
492
480
452
437
416
388
377
403
453
463
396
295
234
240
250
255
230
186
190
228
241
182
110
90
98
61
12
11
21
4
-4
7
-28
-94
-123
-79
-13
-26
-94
-149
-141
-95
-70
-70
-110
-164
-188
-160
-103
-109
-175
-216
-182
-93
-52
-128
-251
-270
-194
-99
-73
-162
-231
-240
-198
-122
-86
-140
-246
-270
-198
-126
-134
-180
-222
-219
-175
-138
-149
-190
-228
-216
-153
-123
-128
-132
-114
-104
-115
-118
-145
-204
-282
-327
-321
-294
-256
-215
-177
-179
-228
-276
-292
-267
-214
-178
-164
-134
-72
8
80
124
136
113
78
88
160
260
347
384
385
369
340
327
346
404
428
405
370
351
397
442
433
404
349
280
251
281
352
409
376
261
194
151
110
133
179
195
198
198
176
119
48
52
101
76
18
17
6
-13
16
47
37
-56
-96
-64
-62
-99
-84
-48
-121
-167
-76
-33
-111
-146
-108
-92
-112
-74
-64
-101
-145
-151
-82
-48
-76
-133
-111
-45
-99
-201
-192
-45
3
-116
-165
-117
-172
-232
-125
-44
-140
-266
-253
-175
-114
-138
-172
-156
-173
-257
-250
-121
-75
-132
-146
-128
-188
-236
-195
-169
-274
-468
-573
-529
-425
-313
-254
-277
-342
-415
-444
-389
-284
-218
-214
-206
-117
20
105
139
158
174
159
159
240
375
501
558
557
555
551
521
482
504
571
607
591
556
563
557
500
460
416
358
318
287
254
207
208
152
10
-69
-51
-8
2
-18
-14
54
64
-15
-8
38
-25
-104
-73
35
107
51
-24
47
119
57
41
109
83
8
-37
42
116
99
67
25
64
49
-87
-176
-89
-14
-101
-84
1
-91
-170
-114
-39
-100
-155
-139
-268
-324
-156
0
35
-16
-92
-147
-264
-327
-218
-66
-128
-341
-350
-202
-146
-181
-219
-272
-373
-467
-456
-344
-246
-240
-285
-347
-503
-764
-973
-1005
-867
-692
-578
-552
-564
-567
-600
-595
-505
-393
-369
-396
-294
-13
298
470
522
502
444
388
430
656
920
1068
1080
1050
1049
1044
1019
971
906
820
721
671
707
780
787
666
472
251
78
-15
-54
-42
-54
-140
-276
-387
-394
-320
-262
-247
-275
-298
-256
-155
-24
117
199
177
116
117
190
282
372
415
410
384
354
353
353
330
260
163
102
83
77
78
77
57
-43
-172
-243
-268
-244
-197
-152
-141
-162
-191
-195
-167
-123
-66
-53
-78
-90
-73
-23
44
72
40
-30
-101
-154
-187
-213
-259
-313
-368
-423
-471
-500
-534
-623
-766
-905
-1014
-1166
-1439
-1778
-1966
-1896
-1685
-1487
-1391
-1323
-1253
-1258
-1246
-1108
-802
-510
-345
-153
145
542
860
1034
1168
1266
1346
1416
1547
1787
1988
2077
2052
1978
1885
1715
1531
1374
1249
1086
870
699
556
415
240
27
-159
-368
-574
-725
-777
-737
-731
-787
-863
-877
-757
-550
-317
-96
52
159
248
373
554
731
869
942
964
994
1020
1046
1036
942
820
678
542
438
331
219
72
-100
-272
-438
-567
-656
-703
-729
-757
-778
-764
-704
-617
-521
-438
-373
-303
-221
-96
84
250
376
429
446
476
493
506
507
482
427
296
133
3
-115
-227
-402
-586
-740
-910
-1057
-1255
-1422
-1591
-1895
-2335
-2880
-3159
-3043
-2732
-2372
-2166
-1954
-1751
-1664
-1510
-1285
-867
-472
-266
48
513
1136
1656
1948
2185
2280
2280
2234
2229
2393
2525
2570
2528
2411
2248
1946
1591
1256
943
593
201
-96
-262
-366
-486
-593
-698
-861
-1077
-1266
-1310
-1179
-1006
-872
-755
-582
-283
91
434
692
845
933
1015
1115
1284
1472
1591
1624
1550
1455
1354
1195
1016
785
547
327
114
-51
-202
-353
-500
-664
-811
-953
-1072
-1100
-1051
-948
-838
-742
-613
-462
-294
-106
70
218
320
389
487
640
784
896
936
894
843
748
633
505
361
201
-21
-265
-510
-728
-902
-1061
-1208
-1354
-1530
-1747
-1977
-2164
-2373
-2692
-3146
-3524
-3527
-3212
-2740
-2342
-2008
-1632
-1398
-1223
-991
-612
-141
132
365
760
1302
1865
2211
2431
2592
2611
2502
2300
2193
2183
2129
2033
1914
1774
1540
1199
863
568
258
-122
-486
-721
-823
-835
-810
-725
-656
-675
-712
-710
-589
-447
-320
-116
99
323
548
831
1210
1471
1560
1522
1454
1435
1358
1296
1279
1239
1126
900
690
550
408
192
-94
-357
-569
-731
-843
-879
-847
-839
-859
-874
-848
-775
-692
-566
-413
-258
-116
27
234
448
610
727
790
821
828
806
798
799
780
702
560
425
285
128
-61
-252
-452
-665
-875
-1070
-1214
-1324
-1409
-1481
-1564
-1667
-1823
-1956
-2014
-2151
-2435
-2837
-3062
-2916
-2562
-2143
-1783
-1407
-1006
-764
-590
-358
-8
287
381
513
822
1270
1670
1931
2153
2317
2331
2147
1912
1748
1615
1480
1326
1213
1095
925
768
625
472
233
-108
-400
-596
-688
-692
-618
-457
-325
-240
-123
26
155
195
195
271
393
494
588
762
1055
1319
1411
1383
1302
1195
1042
834
690
569
409
220
64
34
30
-52
-189
-366
-526
-664
-774
-804
-775
-716
-631
-507
-353
-210
-107
-9
84
141
170
216
327
464
550
626
716
763
742
653
571
516
407
261
126
29
-45
-158
-282
-388
-514
-643
-803
-963
-1084
-1214
-1289
-1322
-1329
-1344
-1422
-1490
-1546
-1655
-1887
-2258
-2568
-2616
-2445
-2181
-1892
-1565
-1164
-828
-590
-321
-47
186
272
287
459
767
1099
1391
1647
1934
2123
2104
1977
1831
1682
1501
1269
1074
935
803
713
670
640
540
298
47
-139
-328
-476
-552
-526
-435
-348
-195
40
266
392
408
403
442
480
471
502
601
772
959
1046
1109
1133
1091
989
778
542
325
132
-25
-155
-229
-227
-210
-219
-258
-328
-397
-476
-572
-629
-613
-541
-421
-293
-141
47
199
310
361
366
374
366
355
354
381
431
471
495
500
481
418
311
177
36
-103
-244
-360
-443
-503
-553
-600
-668
-774
-884
-978
-1041
-1080
-1152
-1268
-1395
-1484
-1462
-1496
-1690
-2000
-2297
-2321
-2194
-2055
-1863
-1628
-1264
-920
-665
-340
-2
261
379
416
569
805
1005
1200
1466
1743
1907
1913
1864
1847
1760
1577
1349
1083
851
630
475
448
407
319
182
57
-21
-145
-266
-337
-371
-385
-374
-275
-81
137
313
449
566
639
688
726
744
750
726
743
815
851
860
858
841
764
582
371
188
14
-171
-327
-404
-416
-432
-460
-425
-362
-336
-358
-392
-386
-367
-354
-299
-197
-68
53
160
298
419
481
511
500
470
418
345
292
257
226
194
174
158
107
31
-29
-90
-176
-293
-422
-545
-655
-746
-831
-882
-906
-922
-928
-940
-954
-1001
-1078
-1168
-1252
-1363
-1587
-1876
-2119
-2137
-1996
-1858
-1689
-1458
-1119
-764
-494
-221
73
283
363
396
524
738
930
1099
1316
1554
1703
1756
1775
1801
1736
1510
1240
979
767
575
399
327
273
189
109
64
46
-13
-116
-205
-255
-297
-318
-245
-78
117
298
450
582
674
728
775
779
717
636
627
667
673
656
646
659
611
475
342
232
83
-123
-301
-385
-421
-463
-478
-414
-335
-316
-312
-272
-219
-211
-225
-187
-120
-53
5
98
236
342
400
447
481
467
396
321
265
191
108
46
29
25
-13
-55
-77
-95
-151
-229
-296
-384
-504
-638
-734
-801
-880
-918
-902
-873
-887
-946
-966
-981
-1031
-1165
-1426
-1712
-1984
-2089
-2016
-1914
-1769
-1571
-1230
-822
-489
-174
148
400
500
515
578
710
840
948
1113
1317
1479
1603
1708
1803
1781
1592
1352
1087
805
529
298
163
70
-17
-61
-40
6
25
11
-13
-52
-149
-210
-168
-63
54
157
321
510
629
723
825
907
891
774
677
642
599
537
475
436
389
305
245
207
133
-9
-160
-272
-371
-461
-513
-497
-461
-442
-407
-329
-219
-136
-91
-27
24
37
49
106
189
233
257
298
356
387
378
363
332
260
153
57
0
-74
-161
-214
-240
-244
-254
-251
-240
-282
-372
-458
-534
-618
-706
-779
-802
-823
-862
-872
-855
-835
-838
-874
-985
-1218
-1505
-1719
-1773
-1761
-1775
-1729
-1520
-1174
-813
-482
-117
245
472
554
607
704
795
832
868
961
1077
1182
1330
1503
1613
1593
1476
1325
1123
860
583
348
148
-38
-177
-218
-162
-84
-20
40
79
92
84
86
103
93
81
121
205
300
411
566
724
808
795
766
761
736
665
548
422
302
185
126
106
66
9
-46
-96
-156
-225
-281
-311
-355
-426
-464
-434
-368
-285
-207
-120
-28
43
121
199
250
264
257
249
239
224
216
225
219
175
126
99
77
24
-56
-136
-196
-250
-293
-314
-319
-332
-369
-413
-457
-497
-535
-579
-622
-690
-756
-791
-814
-814
-834
-862
-873
-975
-1188
-1404
-1531
-1538
-1544
-1596
-1549
-1350
-1068
-775
-477
-150
165
374
509
647
768
855
899
923
964
1006
1082
1216
1337
1387
1363
1302
1230
1099
901
689
485
274
66
-93
-163
-157
-137
-119
-81
-20
59
131
167
179
176
169
171
186
239
329
406
431
444
507
618
706
703
637
563
500
425
317
220
133
41
-52
-122
-148
-141
-143
-165
-200
-238
-251
-242
-233
-230
-233
-218
-165
-97
-19
67
146
213
247
273
295
307
294
227
148
90
51
17
-20
-62
-102
-125
-150
-160
-175
-202
-242
-316
-394
-460
-508
-548
-610
-671
-721
-761
-763
-761
-760
-756
-769
-778
-804
-876
-1033
-1235
-1387
-1445
-1464
-1482
-1433
-1280
-1040
-775
-492
-178
123
355
501
607
691
756
796
811
825
865
941
1048
1153
1221
1257
1257
1199
1100
950
765
570
361
161
-12
-126
-154
-147
-134
-92
-16
73
138
180
216
228
220
210
209
217
229
244
281
348
431
529
599
635
654
643
608
543
455
346
226
110
4
-65
-110
-136
-154
-164
-161
-152
-138
-143
-173
-196
-206
-211
-197
-168
-117
-57
8
78
151
216
263
275
251
210
159
103
44
-15
-69
-109
-134
-146
-148
-150
-164
-194
-245
-304
-362
-427
-494
-564
-637
-708
-752
-775
-774
-762
-755
-740
-728
-716
-707
-757
-893
-1077
-1224
-1288
-1312
-1335
-1313
-1183
-979
-738
-462
-159
129
349
492
602
680
728
750
747
730
739
801
890
982
1050
1108
1136
1106
1036
939
801
621
414
219
51
-69
-119
-129
-119
-78
-1
90
161
215
262
278
251
216
182
144
104
100
146
203
278
390
517
627
693
729
721
646
532
406
267
116
-11
-97
-161
-194
-188
-142
-99
-74
-48
-45
-74
-121
-163
-198
-229
-232
-198
-149
-89
-4
95
173
224
264
268
228
170
111
42
-31
-99
-146
-165
-178
-169
-155
-151
-165
-202
-245
-313
-395
-474
-563
-660
-738
-775
-796
-800
-777
-741
-705
-672
-629
-618
-693
-833
-995
-1116
-1180
-1228
-1244
-1197
-1064
-846
-599
-329
-43
219
410
529
624
690
713
694
656
629
624
672
746
829
897
959
1012
1005
961
874
752
590
383
201
67
-34
-95
-109
-86
-35
46
143
226
288
317
322
289
223
167
117
61
30
53
130
229
335
455
562
626
649
637
578
478
357
224
89
-35
-116
-145
-159
-162
-135
-79
-31
-16
-16
-28
-69
-120
-157
-177
-190
-184
-147
-89
-21
58
138
196
220
217
201
161
98
36
-21
-81
-137
-168
-175
-174
-187
-193
-196
-219
-252
-307
-378
-457
-549
-624
-684
-725
-741
-739
-723
-699
-656
-610
-580
-587
-647
-744
-869
-970
-1033
-1075
-1093
-1059
-949
-773
-559
-324
-65
178
362
491
578
640
674
661
617
578
573
608
657
708
768
838
886
891
871
810
718
590
423
269
135
42
-18
-52
-42
-2
72
158
235
297
326
325
276
211
148
74
6
-40
-22
47
136
246
366
478
550
593
599
546
456
335
202
67
-54
-127
-164
-175
-160
-108
-38
6
32
47
39
1
-54
-107
-157
-196
-198
-179
-133
-64
17
99
158
199
224
216
176
115
51
-21
-99
-159
-188
-213
-233
-234
-222
-216
-226
-239
-274
-336
-416
-489
-560
-631
-685
-712
-714
-704
-678
-631
-588
-558
-553
-590
-661
-742
-807
-869
-919
-925
-880
-784
-646
-456
-233
-9
191
348
485
571
608
621
591
541
505
498
509
530
576
638
697
737
760
765
728
645
539
414
285
170
77
16
-14
-10
28
77
133
202
253
258
243
217
167
92
31
18
23
34
86
191
302
395
486
548
565
536
472
386
261
129
25
-64
-141
-168
-148
-109
-65
-21
36
72
68
50
17
-38
-97
-138
-165
-175
-159
-110
-47
9
73
151
192
198
185
147
95
23
-49
-110
-168
-217
-248
-256
-257
-253
-251
-265
-295
-335
-386
-448
-513
-569
-612
-652
-676
-672
-646
-610
-575
-541
-517
-521
-550
-598
-650
-702
-744
-755
-716
-653
-564
-428
-256
-73
90
240
368
460
506
520
520
484
445
424
417
420
435
480
539
579
609
635
634
600
535
450
358
263
179
119
81
60
73
96
111
135
173
197
168
129
123
127
104
71
83
126
170
223
299
370
413
436
443
412
354
300
231
126
30
-21
-37
-58
-79
-51
-8
19
35
64
86
65
31
3
-25
-55
-75
-68
-71
-75
-36
18
58
79
112
139
116
76
42
10
-47
-119
-174
-223
-266
-296
-314
-331
-359
-376
-385
-404
-432
-463
-485
-516
-557
-582
-581
-578
-580
-572
-558
-538
-528
-532
-537
-558
-569
-563
-559
-556
-516
-442
-363
-276
-167
-29
92
177
260
335
379
407
413
409
407
405
411
417
421
439
467
489
494
494
495
476
436
385
339
296
232
170
134
114
97
82
77
71
74
90
119
145
148
162
199
234
257
288
322
339
336
332
338
326
294
261
222
178
153
139
114
85
66
68
67
51
51
59
43
18
9
13
9
-6
-23
-35
-43
-47
-38
-38
-41
-32
-18
-6
-7
0
7
-11
-44
-81
-107
-150
-206
-255
-306
-355
-386
-414
-440
-463
-472
-470
-479
-489
-492
-488
-493
-515
-518
-510
-507
-509
-504
-489
-476
-470
-459
-434
-414
-387
-357
-322
-275
-234
-182
-126
-65
-5
60
124
165
202
242
277
301
314
333
349
360
372
385
392
399
402
394
382
365
350
324
288
258
239
221
211
220
239
253
270
307
343
370
383
383
377
359
337
312
287
263
243
232
219
212
222
235
230
216
209
201
176
145
118
87
59
44
37
32
29
26
21
17
12
7
0
-20
-45
-61
-79
-101
-127
-151
-163
-180
-198
-207
-217
-230
-249
-267
-293
-315
-336
-361
-383
-407
-416
-417
-427
-432
-429
-416
-408
-408
-413
-411
-414
-427
-436
-445
-445
-445
-443
-439
-434
-417
-390
-363
-340
-308
-260
-213
-167
-117
-63
-9
42
91
141
185
234
282
311
341
362
383
398
399
401
400
391
375
359
347
332
308
290
282
283
284
284
289
298
311
319
321
321
317
314
305
292
284
280
283
280
281
289
298
303
293
283
275
257
236
215
182
151
122
98
75
49
34
20
-2
-21
-33
-46
-65
-86
-104
-117
-131
-144
-149
-156
-162
-167
-167
-166
-180
-192
-205
-225
-244
-271
-303
-319
-338
-352
-354
-355
-351
-347
-346
-344
-341
-344
-351
-362
-375
-389
-398
-407
-412
-412
-398
-376
-357
-336
-307
-283
-260
-237
-222
-207
-195
-181
-164
-148
-116
-77
-38
0
52
110
160
203
237
272
304
322
333
340
344
343
345
342
342
348
353
359
357
353
360
357
344
333
321
312
300
284
274
267
266
264
261
267
271
272
273
272
269
263
257
248
237
232
229
226
214
212
209
186
163
129
93
59
8
-37
-81
-118
-146
-172
-191
-203
-210
-208
-203
-207
-213
-215
-229
-248
-264
-281
-296
-309
-315
-313
-315
-301
-285
-282
-278
-267
-260
-257
-263
-280
-292
-304
-318
-324
-331
-335
-337
-332
-321
-308
-290
-277
-270
-263
-254
-243
-233
-225
-214
-192
-164
-141
-116
-79
-40
4
41
79
117
149
181
207
226
249
271
287
295
304
309
318
322
317
321
316
314
314
306
297
285
279
270
265
261
259
257
248
244
239
233
230
221
218
222
221
214
213
212
212
211
212
215
220
219
212
206
198
187
168
140
109
78
48
16
-20
-50
-81
-109
-134
-152
-165
-181
-195
-214
-230
-241
-257
-279
-297
-311
-317
-321
-323
-315
-313
-305
-289
-273
-257
-247
-231
-222
-220
-223
-230
-238
-251
-261
-266
-269
-268
-266
-263
-255
-243
-230
-218
-209
-198
-184
-174
-163
-147
-135
-123
-106
-86
-65
-39
-9
17
44
69
96
116
138
163
184
199
210
223
233
241
250
256
262
262
262
263
265
265
262
260
257
251
247
247
246
241
233
220
213
209
200
195
191
184
182
176
174
175
174
173
171
170
167
163
158
155
151
146
142
135
118
106
88
59
35
11
-12
-35
-63
-79
-96
-111
-120
-130
-144
-159
-175
-194
-210
-229
-257
-275
-288
-299
-304
-302
-301
-298
-287
-276
-262
-252
-243
-234
-235
-230
-224
-224
-222
-221
-213
-204
-194
-181
-168
-157
-151
-146
-137
-130
-129
-128
-119
-114
-107
-97
-81
-65
-54
-35
-18
1
21
34
48
66
84
99
118
133
143
161
177
190
202
211
218
221
224
225
222
209
205
206
198
195
201
206
205
205
208
212
210
205
196
188
179
169
162
150
139
133
128
124
121
115
114
113
111
111
106
100
94
91
88
79
67
53
39
25
6
-13
-25
-37
-57
-69
-73
-84
-95
-104
-110
-122
-135
-149
-164
-179
-195
-208
-224
-240
-249
-246
-247
-250
-242
-228
-216
-206
-197
-188
-183
-178
-171
-173
-174
-177
-177
-171
-166
-158
-141
-122
-112
-97
-80
-71
-64
-56
-48
-42
-43
-40
-30
-25
-15
2
15
25
38
55
70
82
96
100
101
110
115
117
125
129
129
135
141
148
155
163
163
164
169
166
162
157
149
144
140
131
127
123
119
116
113
115
118
112
112
111
109
109
105
102
93
88
87
86
80
76
77
72
68
64
56
41
28
13
-1
-14
-27
-36
-41
-48
-52
-53
-58
-62
-66
-68
-78
-90
-101
-116
-127
-140
-146
-152
-160
-160
-158
-152
-152
-155
-151
-150
-150
-153
-156
-153
-155
-156
-152
-148
-141
-129
-117
-105
-92
-82
-73
-63
-58
-54
-50
-48
-44
-33
-22
-11
-5
8
19
24
33
40
47
50
48
50
46
42
47
52
59
68
80
89
96
101
107
111
110
113
112
105
102
100
93
89
88
90
94
97
99
105
104
104
104
101
98
93
85
78
72
67
67
59
57
60
59
58
53
49
47
39
32
26
21
14
7
-2
-7
-11
-20
-24
-34
-47
-55
-65
-70
-78
-82
-84
-87
-92
-102
-100
-98
-99
-98
-98
-93
-97
-97
-91
-97
-97
-92
-89
-90
-93
-86
-82
-78
-67
-66
-63
-60
-61
-55
-53
-55
-62
-65
-61
-63
-56
-45
-40
-33
-21
-12
2
13
25
30
27
37
45
50
52
53
54
58
65
70
75
73
71
74
77
71
68
69
67
63
59
62
59
56
54
54
58
57
65
70
72
68
68
70
70
71
70
64
59
49
40
37
34
30
27
20
11
11
11
9
2
0
-7
-14
-20
-27
-35
-41
-44
-53
-55
-52
-56
-57
-52
-48
-44
-42
-35
-35
-34
-37
-43
-42
-47
-50
-50
-53
-57
-61
-58
-52
-47
-45
-42
-43
-43
-42
-42
-41
-37
-34
-34
-30
-29
-29
-27
-27
-26
-20
-15
-11
-5
-4
0
2
6
9
6
5
4
5
5
6
9
12
13
15
19
22
27
29
32
29
28
27
27
29
30
34
40
45
44
51
56
58
57
56
64
57
50
49
38
36
39
36
30
33
32
34
34
32
36
34
27
26
23
19
13
5
-2
-9
-18
-22
-23
-21
-18
-20
-28
-23
-20
-28
-24
-25
-29
-28
-28
-29
-30
-35
-35
-35
-34
-30
-32
-27
-25
-23
-19
-22
-19
-20
-22
-25
-30
-30
-30
-33
-31
-31
-32
-28
-25
-22
-18
-12
-11
-12
-12
-15
-12
-11
-11
-11
-11
-13
-11
-6
-5
-6
-9
-5
-2
-2
0
4
9
9
12
19
22
21
21
20
18
17
16
14
14
15
17
17
24
25
24
26
25
28
28
32
31
29
30
28
26
25
24
22
23
27
26
23
25
23
23
26
27
26
28
25
19
16
12
9
5
0
-2
-3
-4
-4
-6
-7
-7
-10
-14
-12
-13
-18
-22
-24
-25
-28
-27
-24
-22
-22
-22
-22
-23
-22
-23
-21
-15
-14
-11
-11
-10
-8
-11
-13
-10
-12
