53
-49
16
24
-6
26
-63
0
5
-34
47
-7
-12
27
-41
11
-18
0
29
-55
31
-2
-42
43
-15
-31
22
-7
-25
6
23
-48
16
38
-65
28
58
-21
21
42
-26
-11
56
-19
20
74
-52
-10
57
-3
-28
57
2
-31
69
-44
-35
98
-38
-34
86
-26
-9
9
-42
18
-11
-30
16
-4
27
-38
-17
49
-33
11
-13
-7
28
-15
-15
-2
25
-23
-20
19
-24
18
-14
-38
27
-23
-14
32
-35
-33
30
-26
-11
59
-40
-4
42
-4
4
11
22
-22
26
27
-32
44
16
-51
36
19
-30
-4
-19
-70
9
-15
-15
27
-48
-13
27
-1
-25
-20
1
7
-24
10
22
-4
34
-12
-15
31
-70
22
40
-65
48
12
-41
82
-11
-12
14
-47
55
-13
-50
58
8
-51
37
32
-48
-9
49
-6
-47
58
-19
-42
53
-25
4
16
-42
1
-10
3
43
-14
39
23
6
0
4
74
-51
-2
49
-90
69
-8
-75
103
-52
-43
22
13
20
-106
90
63
-173
111
11
-99
135
-62
-33
90
-90
13
21
-58
33
-11
-25
21
36
-21
4
59
-36
36
-3
-35
74
-60
27
47
-114
40
55
-52
-3
-10
-3
-27
-32
35
10
-43
29
-18
-2
59
-122
34
74
-99
78
72
-119
43
59
-55
54
-45
-42
81
-84
-39
75
-36
-50
25
7
-74
54
12
-117
75
13
-147
120
2
-80
119
-112
-26
129
-90
58
87
-78
51
16
-55
9
53
-46
-5
103
-108
11
138
-119
72
81
-100
92
47
-62
6
4
14
-53
-7
11
-81
79
-71
-62
172
-150
-21
162
-123
25
77
-84
0
44
-73
-27
73
-82
-50
130
-123
31
133
-177
83
91
-118
75
47
-60
97
-43
-101
56
51
-82
4
129
-126
44
98
-142
112
23
-121
160
-39
-100
130
-71
-65
90
-38
-19
98
-42
2
62
-97
50
5
-76
40
-34
-5
-52
-46
38
-70
-3
52
-85
48
68
-83
61
54
-31
-5
-23
23
29
-50
7
18
9
-3
-21
38
-10
67
-23
-44
52
-49
-4
21
8
-30
-33
30
-39
-28
36
-53
-46
84
-48
-37
85
-22
33
18
-74
94
30
-78
138
-61
-78
132
-68
-21
136
-62
-79
155
-38
-123
77
-44
-80
60
16
-83
60
6
-84
87
-49
-44
77
22
-9
-6
59
-23
-28
120
-114
-30
112
-204
61
81
-141
90
46
-88
93
42
-123
70
12
-76
112
-15
-89
134
-74
-66
157
-91
-2
177
-103
-35
148
-116
-5
94
-91
30
14
-124
74
9
-114
89
-57
19
49
-130
159
5
-121
132
-117
17
62
-209
99
-24
-75
141
-69
40
16
-70
103
-64
-48
37
-116
0
108
-150
27
97
-58
50
62
-3
-85
34
63
-70
-50
73
-61
13
85
-84
99
99
-121
155
63
-217
170
-2
-116
124
-74
12
47
-83
4
-46
-10
5
8
32
-91
89
52
-103
52
-54
-68
7
-33
59
-38
-11
109
-27
-46
111
-7
-16
-8
-32
24
-64
17
8
-27
9
4
42
-10
-79
105
48
-39
49
-4
-44
33
-15
-23
56
-33
28
-5
-30
30
-67
45
116
-143
44
94
-107
110
-81
-111
129
-180
8
142
-151
117
-72
-48
163
-172
123
77
-234
152
-23
-67
171
-130
29
86
-121
35
7
-72
80
-9
-7
45
34
-4
-74
56
-8
-57
29
-11
11
12
-69
43
-22
-67
52
-71
39
35
-91
34
-30
63
15
-147
116
-40
-143
139
-6
-84
111
38
-41
20
39
-58
54
110
-90
53
87
-79
25
87
-103
26
37
-33
-82
-21
107
-105
-34
134
-40
-7
61
-34
-5
31
-23
-37
94
-30
-63
15
-67
32
134
-213
70
136
-105
93
-63
-1
103
-112
-15
16
-64
132
-44
-40
62
-81
-36
70
-75
-24
102
-54
-42
39
-36
0
-24
5
102
-106
29
48
-85
70
-37
-53
133
-83
29
48
-189
121
23
-91
58
-49
14
74
-61
49
-96
47
117
-190
23
41
-25
98
-118
18
182
-177
59
43
-2
21
7
36
-41
68
-41
-29
55
-12
-26
-47
-44
107
-22
11
-27
56
26
-124
101
-75
-53
87
-86
33
-3
-143
169
-69
-79
121
-55
61
-17
-10
84
-84
43
-50
-56
148
-196
81
102
-148
168
-72
-86
143
-93
-13
111
-86
-30
10
15
49
-21
-10
37
-32
39
34
-70
69
-51
41
98
-91
-11
39
7
2
-35
7
9
-81
33
68
-42
11
-48
26
-10
-98
91
-106
19
82
-128
75
58
-78
104
-93
11
143
-106
43
23
-51
70
-24
-33
116
-127
5
89
-133
35
119
-95
-19
49
-69
83
-44
-86
75
-82
64
23
-121
84
-22
-41
50
-33
67
-22
-78
138
-148
44
152
-151
76
-19
-57
103
-69
23
60
-41
34
-132
149
-19
-102
95
-101
77
72
-3
-19
54
-42
-18
20
28
-67
-11
73
-62
38
12
-46
93
-15
-201
142
8
-198
89
-48
-61
108
-60
-11
60
-44
-16
47
38
-57
-2
20
-78
110
-62
-30
40
-138
154
-40
-20
135
-157
97
17
-98
170
-48
31
62
-125
137
-74
-72
164
-140
51
61
-75
121
-69
23
58
-81
138
-86
-5
71
-136
65
44
-58
21
-37
-30
29
-74
-60
71
-128
32
7
-65
155
-204
113
38
-192
295
-193
-16
234
-294
226
-68
-130
216
-154
141
15
-105
121
-63
39
0
-102
112
-7
-44
31
-62
53
8
-38
54
-49
88
-21
15
90
-118
169
-66
-107
104
-120
47
-39
-5
4
-117
149
-70
22
120
-172
116
-118
-6
117
-199
105
-57
-52
140
-116
-24
55
-36
38
11
57
-14
-5
55
-109
-8
68
-32
43
-30
-32
86
-76
-81
110
-19
69
99
-186
137
3
-67
69
-124
64
21
-157
84
54
-118
103
64
-48
73
-49
-55
128
-69
53
4
-135
87
2
-89
22
-61
31
129
-199
44
143
-154
119
38
-124
123
-160
-29
234
-152
-51
119
-99
28
111
-117
20
13
-64
93
-86
-20
53
-35
62
-14
41
-16
74
-41
-130
219
-152
3
164
-165
139
-111
-1
191
-203
161
-97
-98
174
-195
65
48
-102
25
-71
77
56
-119
101
-15
-102
116
-77
46
-15
-94
136
-64
103
-106
-83
162
-93
228
-224
-86
365
-427
257
123
-312
251
-178
56
86
-107
143
-89
82
-47
-166
282
-151
-103
270
-194
38
102
-224
153
24
-76
49
5
42
-116
6
35
-39
46
-101
27
146
-109
-58
161
-77
-113
144
-105
-27
126
-278
157
133
-314
220
-34
-69
106
-103
79
-37
31
33
-151
169
-34
-71
178
-144
103
-40
-82
237
-196
-77
195
-28
-31
55
-32
-14
37
25
46
-68
-31
-12
-49
18
-23
46
41
-119
55
41
-27
25
-65
23
42
55
-92
-7
138
-105
-18
42
-69
20
30
32
-45
39
100
-166
89
109
-187
40
35
14
51
-115
38
68
-121
64
67
-85
45
7
-105
38
16
-69
27
-1
4
-5
-94
48
24
-118
113
17
-126
58
27
23
-42
-21
22
-54
87
-10
-44
12
31
-37
-40
147
-20
-131
204
19
-169
172
-69
-11
43
-151
188
1
-63
72
-160
67
46
-23
30
-66
125
-126
-6
196
-201
84
-116
-118
202
-28
-33
-62
21
-48
83
139
-182
12
88
-50
63
4
-38
-42
-40
10
82
16
-88
-2
78
16
-65
63
11
-14
27
-40
37
14
-43
-63
16
65
-68
25
0
-63
143
-145
6
154
-95
53
-46
42
-42
-70
155
-121
-106
149
24
-35
66
-71
-72
90
20
-15
-30
-13
46
-39
23
-31
2
76
-73
40
-11
-72
63
7
-85
106
-44
-64
142
-6
-63
-55
34
8
42
29
-93
-24
81
-16
7
43
-101
-8
68
17
32
-47
-26
1
-31
62
-2
-8
-63
-77
167
-92
-73
225
-163
5
145
-121
52
12
-83
49
-6
1
8
-110
54
45
-57
81
-20
-20
-7
-19
143
-55
-66
82
-47
8
31
-79
68
14
-21
-8
14
71
-122
29
131
-81
-101
69
14
-31
48
-30
-72
32
-14
14
80
-104
-11
88
1
-27
-41
-36
36
17
48
-50
-26
89
-65
10
-6
-53
86
-11
-38
89
2
-88
28
108
-198
93
103
-175
193
12
-177
108
15
-45
31
-116
-11
-10
91
-40
-20
75
-102
36
-1
35
54
-84
28
28
-18
23
-125
82
58
-69
26
-77
59
45
-101
78
16
-71
100
-36
3
33
-15
-15
25
5
-81
59
-4
-77
57
59
-129
-28
37
30
67
-62
-29
52
-19
-31
86
1
-53
-23
-51
47
-58
-18
6
-97
18
24
11
38
-27
28
77
-23
87
22
-47
33
27
50
-6
-21
0
15
30
57
-4
-38
-10
-59
87
0
-88
79
-130
-32
86
-64
-6
-15
-37
-2
25
-24
-29
-2
-12
31
6
-26
33
8
0
-15
3
56
14
16
6
-2
19
54
-5
-12
-46
-8
56
-57
18
26
-31
-15
-42
30
15
-35
64
-63
-40
32
-23
5
-41
-5
-13
-23
71
-23
-72
18
-9
33
4
-33
-4
-17
-42
-16
54
-40
-28
45
-46
5
8
-17
91
-55
-53
63
-64
-22
26
41
9
-70
-6
22
22
18
-31
55
3
-38
48
-16
7
-13
0
47
-19
1
-15
35
77
-43
88
46
-30
90
4
47
62
-1
47
1
20
32
-17
81
9
-27
24
-14
56
-17
-75
11
-31
-55
-13
-56
-40
-33
-52
11
-13
-79
-55
-4
-6
-3
-34
-4
-7
-62
-7
-1
-13
-27
-48
23
-21
-81
-1
-37
-71
-60
-73
-57
-73
-49
-32
-62
-78
-54
-19
-30
-46
-22
-8
-11
-7
2
52
52
40
84
73
82
99
56
96
105
97
133
130
152
125
148
152
102
162
141
154
205
158
172
129
123
163
113
117
63
87
155
75
116
140
74
96
101
80
97
99
64
49
62
24
17
3
-15
1
-54
-27
-4
-30
-7
-87
-114
-85
-157
-187
-339
-585
-693
-790
-817
-805
-919
-913
-855
-853
-781
-751
-646
-642
-701
-576
-435
-221
-92
-12
216
334
436
592
700
740
708
736
738
840
895
823
821
722
601
466
334
132
-138
-294
-416
-465
-431
-464
-467
-426
-519
-481
-329
-297
-251
-117
32
196
396
582
705
790
768
793
870
855
858
801
840
843
797
843
744
626
498
321
232
134
30
-14
-55
-63
-41
55
98
66
75
40
44
25
54
162
148
142
242
264
226
151
-40
-238
-500
-1006
-1590
-1975
-2158
-2201
-2241
-2417
-2479
-2274
-2138
-2108
-2050
-1944
-1762
-1511
-1195
-738
-115
391
739
1129
1466
1672
1780
1812
1821
1869
1888
1866
1884
1837
1577
1233
862
476
81
-356
-689
-902
-1065
-1070
-959
-906
-907
-941
-956
-946
-845
-660
-462
-136
196
549
969
1249
1387
1398
1353
1334
1284
1220
1103
1005
933
756
667
550
299
72
-163
-351
-431
-464
-499
-439
-311
-155
29
237
404
509
625
693
825
1011
1093
1173
1245
1263
1306
1249
1159
1014
759
531
309
99
-118
-368
-644
-918
-1117
-1347
-1718
-2367
-3352
-4079
-4197
-3971
-3800
-3826
-3545
-2869
-2304
-1803
-1394
-938
-547
-512
-121
753
1647
2236
2447
2741
3017
2980
2798
2493
2172
1659
1096
907
859
672
236
-352
-847
-1368
-1800
-1953
-2104
-2198
-2148
-1758
-1084
-528
-154
44
286
485
547
854
1363
1673
1794
1898
2132
2341
2208
1818
1344
925
480
55
-156
-345
-620
-891
-1074
-1055
-1031
-1028
-987
-897
-654
-366
8
426
826
1161
1449
1764
2031
2167
2185
2084
1869
1738
1681
1617
1442
1114
814
532
234
-118
-455
-721
-1156
-1411
-1400
-1441
-1392
-1439
-1540
-1597
-1816
-2164
-2856
-3568
-3766
-3544
-2951
-2559
-2360
-1821
-1236
-698
-428
-353
38
222
202
590
1376
2175
2392
2261
2171
2051
1752
1163
732
529
162
-148
-149
7
-2
-448
-1021
-1411
-1644
-1682
-1595
-1391
-1002
-525
49
665
1093
1217
1160
1126
1107
1144
1321
1608
1784
1652
1501
1370
1106
728
124
-378
-652
-977
-1162
-1161
-1078
-1013
-1012
-923
-727
-408
-128
59
420
815
1091
1390
1644
1877
2067
2066
2059
2027
1876
1633
1290
989
705
463
325
109
-121
-318
-515
-643
-845
-987
-1013
-1087
-949
-779
-643
-437
-366
-235
-342
-608
-803
-1649
-2760
-3293
-3211
-2665
-2379
-2534
-2244
-1627
-1307
-1236
-1206
-866
-570
-605
-322
643
1807
2185
1927
1910
1950
1754
1324
923
873
683
338
290
469
504
-31
-773
-1266
-1556
-1573
-1460
-1209
-769
-428
-16
595
1084
1260
1156
1026
1048
1229
1521
1753
1802
1622
1354
1211
886
332
-122
-537
-888
-1119
-1258
-1199
-1100
-1110
-1146
-1040
-739
-375
30
352
641
955
1121
1385
1654
1686
1717
1744
1766
1729
1596
1375
1058
798
525
281
206
115
-3
-105
-218
-311
-356
-453
-568
-530
-474
-298
18
103
157
283
40
-215
-544
-1045
-1821
-3403
-4346
-3939
-3103
-2553
-3010
-3233
-2411
-1931
-1828
-1708
-1100
-254
-294
-76
1163
2648
3226
2408
1930
2168
2055
1591
1066
1110
1153
464
-50
-53
50
-505
-1697
-2197
-1988
-1667
-1377
-1126
-537
19
279
656
1187
1723
1754
1473
1605
1949
2290
2393
2133
1697
1161
762
404
-73
-541
-1052
-1445
-1678
-1864
-1846
-1712
-1574
-1443
-1172
-578
121
674
1012
1255
1522
1705
1818
1914
2005
2013
1883
1777
1758
1630
1254
751
375
208
85
-41
-156
-191
-302
-474
-497
-604
-562
-505
-586
-415
-267
92
505
477
523
262
-61
-266
-895
-1223
-2508
-4394
-4659
-4089
-2943
-2757
-3917
-3540
-2522
-2017
-1757
-1562
-337
349
159
693
2059
3683
3457
2098
2034
2340
2282
1626
919
1200
862
-206
-698
-523
-300
-1266
-2403
-2458
-1872
-1162
-1067
-794
78
446
744
1284
1930
2454
2122
1770
1988
2350
2514
2162
1673
981
290
-97
-583
-941
-1389
-1974
-2197
-2298
-2121
-1763
-1498
-1196
-969
-385
505
1231
1720
1745
1853
2160
2178
2203
2145
2041
1937
1670
1550
1434
1185
700
123
-66
-219
-291
-311
-529
-500
-539
-619
-368
-355
-424
-314
-249
60
472
664
746
729
512
157
-203
-760
-1193
-1940
-3902
-5347
-5172
-3991
-2970
-3628
-4325
-3321
-2241
-1859
-1727
-921
535
807
594
1595
3523
4520
3267
2049
2388
2746
2183
1041
760
1014
172
-1031
-1308
-761
-905
-2255
-2994
-2465
-1498
-910
-814
-167
689
859
1071
1770
2577
2772
2273
2067
2354
2597
2310
1717
1172
383
-314
-776
-1102
-1322
-1891
-2471
-2550
-2297
-1934
-1578
-1149
-742
-284
456
1268
1984
2252
2084
2065
2144
2189
2117
1872
1739
1575
1326
1184
1024
740
273
-221
-340
-298
-285
-390
-534
-390
-333
-283
-222
-263
-124
-91
52
382
646
990
854
631
359
-198
-526
-1107
-1367
-2231
-4799
-6203
-5571
-3952
-2940
-4219
-4586
-2933
-1885
-1577
-1448
-196
1463
1191
827
2240
4509
5021
3047
2065
2570
2580
1643
383
523
788
-556
-1792
-1723
-934
-1321
-2870
-3220
-2265
-1127
-683
-570
404
1202
1218
1459
2261
3185
3134
2459
2256
2439
2540
2002
1238
502
-415
-1052
-1473
-1635
-1657
-2192
-2631
-2479
-2034
-1586
-1170
-627
-177
394
1110
1809
2502
2485
2130
2101
2058
2044
1896
1609
1470
1322
1158
994
816
551
1
-427
-514
-405
-349
-395
-347
-337
-215
-218
-373
-92
114
187
364
520
1023
1226
814
359
-149
-471
-873
-1317
-1914
-4115
-6178
-6052
-4595
-2993
-3493
-4711
-3584
-2146
-1583
-1406
-634
1263
1679
927
1666
3861
5278
3827
1871
1978
2454
1895
524
76
679
-124
-1791
-2229
-1424
-1060
-2371
-3370
-2547
-1131
-337
-347
195
1293
1566
1596
2162
3112
3523
2747
2073
2156
2340
2047
1171
419
-226
-905
-1475
-1879
-1875
-2078
-2554
-2701
-2448
-1768
-1187
-663
-18
388
1003
1752
2373
2780
2566
2255
2211
2177
1973
1624
1487
1334
1054
827
617
423
6
-515
-735
-631
-409
-329
-338
-232
-105
-62
-125
-100
254
426
578
923
1023
1209
1230
878
567
97
-533
-1223
-1574
-1788
-3279
-5703
-6953
-5824
-3787
-3405
-4448
-4381
-2713
-1500
-1455
-1052
634
2131
1788
1323
2985
5147
4966
2826
1646
2186
2285
945
-200
104
315
-1049
-2510
-2321
-1419
-1710
-2953
-3114
-1744
-416
-80
32
858
1719
1806
1863
2689
3495
3343
2622
2239
2288
2137
1418
474
-244
-818
-1322
-1664
-1800
-1907
-2249
-2494
-2317
-1808
-1214
-683
-204
221
795
1557
2229
2578
2443
2184
2167
2108
1925
1673
1438
1318
1207
968
735
501
95
-320
-544
-483
-242
-143
-133
-135
-119
-73
-64
110
391
589
662
737
877
852
741
609
277
6
-452
-1151
-1546
-1777
-2617
-4994
-7201
-6724
-4722
-3309
-3761
-4627
-3198
-1542
-1312
-1151
-113
1848
2368
1410
2198
4438
5390
3704
1674
1804
2273
1474
86
-356
254
-482
-2228
-2620
-1818
-1359
-2322
-3105
-2057
-590
88
36
448
1591
1986
2020
2585
3426
3757
2934
2154
2097
2126
1737
743
-120
-684
-1176
-1605
-2041
-2104
-2233
-2532
-2394
-1987
-1330
-726
-375
65
576
1178
1835
2360
2594
2436
2288
2205
2065
1927
1567
1307
1291
1116
869
596
243
-125
-463
-528
-470
-382
-338
-393
-244
-16
129
218
295
517
690
759
790
890
1090
960
624
213
-143
-578
-1411
-1963
-2247
-3214
-5516
-7452
-6551
-4370
-3292
-4088
-4914
-3101
-1283
-1200
-974
275
2279
2532
1482
2517
4769
5392
3468
1640
2143
2562
1405
-139
-470
180
-806
-2585
-2664
-1756
-1476
-2616
-3227
-1864
-454
24
-27
559
1819
2099
2160
2882
3722
3853
2798
2153
2250
2177
1621
492
-330
-806
-1373
-1801
-2104
-2116
-2319
-2676
-2408
-1865
-1223
-714
-398
219
903
1460
1931
2279
2479
2333
2214
2242
2186
2059
1599
1258
1271
1041
721
445
145
-132
-505
-629
-469
-261
-173
-256
-116
88
162
186
384
803
957
980
901
893
1105
860
640
513
-247
-1037
-1807
-2332
-2270
-3438
-6118
-7606
-6687
-4615
-3549
-4412
-4616
-2793
-1346
-1163
-820
824
2654
2525
1786
2998
5239
5537
3407
1902
2248
2371
1116
-299
-353
-78
-1273
-2886
-2874
-1826
-1844
-2980
-3260
-2009
-597
-111
3
869
1947
2247
2485
3222
3937
3854
2922
2327
2412
2412
1760
634
-287
-908
-1343
-1732
-2217
-2565
-2793
-2936
-2593
-1945
-1333
-768
-332
122
836
1625
2128
2354
2421
2373
2411
2522
2354
2004
1603
1269
1188
1036
794
587
208
-226
-488
-562
-435
-319
-378
-439
-401
-116
189
209
387
671
809
988
1123
1228
1049
779
565
302
300
-421
-1543
-2042
-2416
-2849
-4889
-7555
-7298
-5376
-3807
-3793
-4705
-3381
-1560
-1312
-1255
-201
2124
2901
1918
2546
4521
5762
4343
2033
2088
2526
1610
88
-606
49
-528
-2346
-3019
-2443
-1864
-2692
-3440
-2403
-968
-139
-49
381
1627
2234
2438
2966
3718
4098
3449
2740
2553
2493
2091
1013
-83
-783
-1186
-1476
-2006
-2544
-2851
-2903
-2687
-2286
-1786
-1343
-756
-143
392
1172
1837
2249
2535
2522
2539
2659
2588
2281
1830
1537
1449
1218
901
632
358
-39
-570
-780
-668
-487
-475
-632
-467
-244
-40
202
235
507
864
968
1099
1237
1263
1079
906
871
561
-130
-1074
-1879
-2005
-2175
-4131
-7017
-7821
-6268
-4215
-3793
-4896
-4330
-2388
-1687
-1699
-833
1281
2700
2072
1901
3846
5772
5038
2806
2271
2799
2307
792
-291
130
-18
-1799
-2927
-2548
-1924
-2483
-3482
-3094
-1664
-659
-478
-36
1076
1851
2176
2630
3397
4113
3888
3156
2813
2726
2436
1633
656
-228
-852
-1162
-1667
-2311
-2737
-3010
-2907
-2548
-2147
-1557
-1031
-640
-145
605
1564
2322
2590
2520
2559
2805
2861
2674
2268
1784
1543
1322
1071
931
659
169
-402
-742
-673
-529
-660
-713
-496
-283
-48
-28
13
426
680
839
1044
1206
1418
1216
911
920
726
77
-903
-1604
-1863
-2096
-3454
-6394
-7965
-6770
-4893
-3999
-4808
-5008
-3120
-1908
-1825
-1281
463
2327
2180
1699
3173
5277
5469
3496
2387
2917
2816
1473
83
98
379
-997
-2576
-2665
-1960
-2188
-3356
-3524
-2372
-1051
-554
-517
367
1521
2090
2508
3141
3926
4066
3440
2958
2926
2988
2337
1121
167
-469
-799
-1370
-2354
-2880
-3085
-3149
-2929
-2553
-1967
-1385
-957
-361
645
1656
2293
2628
2697
2799
3045
3068
2860
2504
2000
1624
1447
1307
1073
684
251
-161
-404
-490
-521
-581
-725
-671
-499
-304
-84
-124
47
398
516
840
1044
1150
1212
925
832
416
-439
-1144
-1887
-2034
-2749
-5346
-7269
-6877
-5041
-3768
-4648
-5257
-3750
-2198
-1899
-1851
-285
1861
2170
1510
2261
4497
5418
3757
2353
2751
3227
2172
435
153
602
-282
-2015
-2638
-1889
-1799
-2973
-3586
-2667
-1276
-921
-1040
-188
1178
1914
2067
2547
3514
3969
3475
2843
2878
3114
2601
1610
704
60
-339
-1064
-2018
-2494
-2767
-3096
-3019
-2588
-2102
-1528
-1074
-671
179
1192
1949
2468
2619
2607
2812
3016
2920
2627
2301
2031
1795
1525
1182
892
508
13
-302
-424
-388
-437
-696
-812
-615
-417
-335
-208
-85
99
371
527
895
1384
1259
900
716
208
-518
-1234
-1684
-1691
-2784
-5589
-7394
-6460
-4468
-3791
-4884
-5278
-3539
-2037
-2159
-1954
-85
1816
1857
1190
2388
4775
5237
3402
2294
3048
3355
2016
521
472
861
-246
-2033
-2394
-1683
-1937
-3199
-3606
-2519
-1263
-1118
-1322
-327
1130
1684
1847
2459
3360
3765
3309
2805
3047
3260
2618
1667
915
410
-108
-1039
-1891
-2357
-2723
-2881
-2868
-2572
-2085
-1677
-1125
-530
163
1001
1687
2248
2492
2537
2747
2887
2777
2473
2212
2132
2015
1713
1320
1011
687
279
-51
-275
-342
-389
-563
-579
-613
-723
-663
-550
-246
76
252
443
580
845
1023
911
632
-87
-739
-1040
-1380
-1930
-3808
-6179
-6575
-5426
-4061
-3944
-4888
-4384
-2900
-2240
-2186
-1407
440
1530
1253
1436
3198
4922
4323
2762
2554
3045
2757
1399
577
969
726
-726
-1925
-1906
-1605
-2315
-3248
-3082
-2020
-1288
-1368
-1041
135
1143
1574
1836
2543
3346
3449
3019
2803
3137
3104
2322
1480
821
432
-290
-1478
-2044
-2219
-2457
-2607
-2762
-2469
-1895
-1487
-1046
-461
350
1130
1679
2132
2454
2688
2733
2602
2508
2420
2401
2356
2136
1846
1514
1102
613
201
2
-99
-229
-442
-627
-667
-701
-764
-647
-436
-317
-78
115
332
808
906
839
790
116
-607
-1076
-1403
-1542
-2796
-5217
-6550
-5833
-4338
-3838
-4594
-4755
-3533
-2505
-2392
-1917
-314
1139
1263
1087
2234
4137
4560
3359
2640
3068
3129
2028
982
952
1123
202
-1289
-1810
-1565
-1888
-2809
-3149
-2517
-1692
-1485
-1395
-479
700
1279
1540
2023
2787
3271
3057
2828
3073
3203
2757
1982
1234
672
67
-769
-1444
-1838
-2108
-2348
-2499
-2429
-2253
-1871
-1327
-775
-109
593
1289
1877
2144
2282
2526
2752
2659
2394
2349
2434
2422
2106
1654
1348
996
460
30
-99
-116
-297
-629
-787
-694
-575
-721
-893
-587
-165
-60
50
269
579
953
856
275
-271
-828
-1136
-1264
-2382
-4547
-6129
-5878
-4511
-3838
-4466
-4840
-3742
-2688
-2682
-2360
-956
675
1147
840
1759
3703
4436
3523
2833
3241
3417
2445
1238
1064
1398
697
-737
-1375
-1242
-1561
-2596
-3264
-2821
-1955
-1725
-1762
-1030
159
952
1173
1480
2339
3101
3078
2764
2927
3291
3112
2371
1579
1083
627
-257
-1075
-1400
-1608
-1907
-2281
-2416
-2139
-1845
-1578
-1185
-578
190
849
1404
1779
2017
2214
2337
2411
2415
2405
2421
2409
2292
2024
1718
1382
897
443
193
32
-234
-528
-646
-778
-885
-829
-873
-837
-606
-483
-261
156
356
641
960
541
-164
-696
-1081
-1068
-1761
-3795
-5497
-5581
-4666
-4008
-4194
-4572
-3926
-2969
-2823
-2525
-1381
-9
702
677
1230
2845
3986
3699
3091
3185
3406
2847
1804
1252
1345
1047
-70
-873
-1014
-1208
-1961
-2887
-3031
-2447
-2042
-2000
-1563
-464
494
930
1221
1759
2504
2775
2655
2815
3150
3235
2818
2111
1513
1019
423
-303
-905
-1299
-1636
-1912
-2061
-2055
-1887
-1660
-1383
-965
-379
304
953
1361
1581
1816
2080
2237
2264
2299
2410
2506
2328
2064
1944
1703
1279
843
435
216
44
-254
-582
-774
-685
-771
-833
-808
-821
-555
-609
-412
171
411
773
694
125
-273
-755
-1063
-1352
-2522
-4399
-5605
-5252
-4264
-3821
-4212
-4410
-3501
-2775
-2717
-2224
-1015
197
493
463
1520
3189
3919
3501
3167
3460
3383
2504
1548
1310
1457
851
-239
-742
-758
-1154
-2125
-2856
-2847
-2450
-2282
-2256
-1482
-255
521
904
1235
1839
2438
2493
2465
2743
3057
3040
2599
1987
1611
1338
689
-77
-627
-1051
-1408
-1777
-1999
-1881
-1682
-1512
-1290
-938
-358
214
595
933
1286
1685
2005
2130
2222
2324
2432
2452
2305
2109
1901
1663
1293
889
597
354
61
-347
-604
-581
-743
-860
-868
-952
-713
-726
-803
-355
-37
291
449
225
-17
-496
-884
-1138
-1780
-3347
-5063
-5322
-4543
-3819
-3937
-4377
-3582
-2595
-2518
-2457
-1707
-343
314
90
560
2134
3571
3608
3143
3373
3602
3077
1956
1314
1555
1376
398
-382
-466
-440
-1167
-2194
-2739
-2615
-2365
-2544
-2247
-1204
-99
597
833
1318
2033
2388
2330
2270
2605
2910
2800
2448
2013
1758
1349
596
-3
-554
-1036
-1437
-1847
-1960
-1770
-1521
-1322
-1091
-755
-305
200
549
794
1178
1562
1811
1989
2165
2366
2477
2396
2185
2028
1815
1459
1127
872
681
379
24
-194
-382
-565
-835
-1058
-1019
-918
-747
-612
-566
-297
30
216
198
-140
-587
-886
-1058
-1451
-2370
-3655
-4595
-4612
-4160
-3899
-3957
-3827
-3117
-2529
-2287
-1900
-1070
-126
160
173
846
2060
2969
3132
3051
3267
3332
2771
2003
1615
1490
979
154
-347
-413
-510
-1072
-1796
-2191
-2187
-2200
-2348
-2027
-1206
-346
268
702
1345
2012
2287
2253
2227
2438
2526
2326
1985
1731
1711
1450
842
258
-238
-672
-1147
-1645
-1806
-1586
-1316
-1206
-1034
-561
-46
242
360
570
999
1308
1408
1594
1984
2342
2418
2250
2154
2122
1803
1367
1054
877
758
444
72
-92
-161
-310
-578
-807
-852
-763
-760
-868
-724
-354
-105
-37
-166
-427
-675
-927
-1252
-1766
-2760
-4020
-4580
-4340
-3910
-3798
-3962
-3547
-2687
-2225
-2053
-1579
-685
-65
-60
95
962
2151
2784
2846
3057
3374
3289
2656
2011
1802
1553
852
54
-280
-235
-426
-1040
-1626
-1873
-1982
-2244
-2422
-2111
-1451
-734
-164
428
1203
1891
2222
2196
2183
2298
2295
2031
1700
1682
1747
1551
1122
630
269
-99
-689
-1271
-1537
-1499
-1412
-1313
-1021
-511
34
284
322
528
809
912
976
1189
1580
1998
2243
2301
2355
2325
2022
1607
1220
959
760
435
102
15
21
-109
-294
-459
-554
-705
-952
-1046
-922
-714
-552
-461
-464
-661
-923
-1159
-1528
-2244
-3424
-4385
-4432
-4062
-3814
-3842
-3658
-2799
-2066
-1842
-1597
-951
-205
-58
-163
313
1335
2207
2440
2624
3134
3382
3051
2357
1920
1736
1192
390
-170
-242
-225
-566
-1053
-1325
-1465
-1731
-2064
-2208
-1889
-1248
-731
-258
451
1233
1848
2096
2130
2247
2259
2013
1683
1537
1563
1491
1257
945
682
417
-45
-552
-985
-1232
-1296
-1378
-1288
-926
-418
30
260
427
650
833
885
875
1058
1384
1688
1927
2114
2320
2324
2001
1627
1321
991
617
275
83
5
-72
-204
-283
-328
-443
-609
-793
-870
-843
-722
-548
-598
-690
-834
-1135
-1265
-1631
-2525
-3590
-4331
-4339
-3982
-3912
-3949
-3424
-2535
-1960
-1697
-1284
-481
148
33
-114
499
1490
2128
2347
2687
3244
3412
2955
2400
2136
1812
1102
285
-205
-308
-398
-721
-1076
-1251
-1353
-1607
-1960
-2052
-1756
-1293
-892
-461
208
966
1580
1957
2125
2321
2475
2220
1763
1627
1595
1343
991
647
525
476
57
-515
-853
-1002
-1145
-1338
-1373
-1058
-520
-182
23
422
772
937
927
879
1080
1375
1494
1578
1876
2188
2237
2017
1721
1528
1254
749
325
125
-38
-163
-334
-449
-394
-477
-632
-705
-790
-765
-694
-673
-625
-642
-839
-1100
-1225
-1377
-1978
-2969
-3708
-3884
-3797
-3822
-3911
-3630
-2884
-2202
-1826
-1416
-676
-13
79
-96
114
883
1567
1826
2160
2760
3190
3070
2645
2426
2285
1729
843
183
-71
-222
-567
-934
-1052
-1041
-1203
-1539
-1758
-1677
-1423
-1223
-997
-513
178
796
1199
1542
1918
2198
2237
2019
1817
1814
1652
1131
696
651
690
471
55
-353
-474
-580
-929
-1147
-1060
-784
-514
-348
-86
427
820
835
812
953
1095
1163
1229
1455
1777
1906
1844
1769
1693
1499
1186
792
469
266
-8
-283
-449
-499
-486
-528
-611
-568
-467
-488
-517
-517
-587
-765
-1044
-1326
-1444
-1615
-2327
-3213
-3634
-3662
-3644
-3857
-3949
-3400
-2677
-2270
-1890
-1230
-412
22
-35
-50
434
1162
1543
1744
2192
2754
2985
2768
2544
2567
2367
1666
881
375
80
-207
-618
-964
-1022
-1055
-1277
-1511
-1558
-1402
-1260
-1198
-987
-504
75
507
891
1350
1799
2095
2119
2044
1977
1805
1443
997
810
750
560
323
32
-149
-192
-402
-639
-704
-673
-592
-530
-381
-14
332
495
617
767
911
1047
1152
1287
1479
1563
1537
1530
1534
1480
1361
1155
878
627
327
32
-150
-305
-435
-520
-581
-550
-451
-427
-481
-504
-511
-634
-923
-1219
-1346
-1447
-1856
-2681
-3407
-3665
-3639
-3660
-3803
-3688
-3111
-2473
-2111
-1707
-976
-252
-27
-150
21
646
1214
1459
1763
2235
2610
2712
2595
2581
2636
2318
1574
868
421
110
-218
-623
-910
-990
-1090
-1256
-1361
-1351
-1224
-1142
-1086
-854
-473
-21
383
730
1157
1614
1914
2012
2035
2024
1891
1429
933
820
710
416
101
-113
-128
-187
-403
-524
-452
-329
-323
-389
-308
-18
255
362
444
678
935
1029
1135
1322
1465
1536
1478
1433
1479
1472
1342
1119
901
691
448
155
-119
-315
-498
-615
-643
-583
-479
-419
-408
-486
-609
-754
-975
-1185
-1403
-1706
-2265
-3042
-3510
-3553
-3486
-3554
-3604
-3329
-2829
-2329
-1893
-1450
-844
-289
-107
-115
160
806
1307
1482
1675
2075
2469
2581
2523
2586
2586
2174
1471
846
461
159
-264
-723
-950
-999
-1074
-1170
-1225
-1181
-1111
-1101
-978
-702
-390
-52
283
648
1082
1507
1759
1876
1972
1971
1722
1312
1002
832
654
346
5
-125
-93
-174
-294
-319
-286
-193
-210
-292
-150
102
225
269
410
616
823
1017
1151
1293
1383
1355
1338
1371
1377
1332
1211
1019
870
698
439
182
-64
-305
-453
-539
-608
-559
-487
-485
-448
-467
-597
-728
-939
-1196
-1398
-1742
-2404
-3099
-3403
-3416
-3385
-3471
-3512
-3133
-2577
-2174
-1821
-1266
-572
-187
-206
-180
270
888
1161
1271
1628
2109
2405
2452
2490
2617
2497
1929
1252
836
553
141
-329
-664
-779
-858
-1016
-1127
-1111
-1013
-976
-974
-839
-624
-393
-126
151
495
878
1265
1531
1677
1864
1893
1644
1257
930
795
617
258
-3
-56
-63
-150
-217
-157
-64
-43
-118
-195
-92
116
194
213
341
536
737
909
1031
1203
1282
1232
1240
1253
1241
1221
1112
931
760
597
397
169
-18
-188
-342
-440
-496
-485
-428
-393
-393
-443
-539
-704
-923
-1129
-1410
-1894
-2576
-3173
-3384
-3343
-3355
-3488
-3425
-2999
-2517
-2098
-1628
-997
-386
-155
-181
-41
431
904
1099
1269
1650
2121
2374
2376
2472
2575
2353
1828
1242
847
516
39
-454
-791
-948
-1032
-1112
-1141
-1056
-923
-864
-817
-723
-569
-303
-33
216
553
920
1259
1544
1747
1874
1893
1692
1297
989
793
574
271
-102
-254
-210
-228
-244
-189
-65
42
6
-72
-17
168
278
268
358
528
715
868
968
1135
1283
1327
1275
1232
1250
1207
1078
873
686
541
335
84
-136
-279
-371
-472
-527
-509
-481
-459
-488
-566
-664
-827
-1054
-1282
-1592
-2125
-2809
-3312
-3438
-3365
-3432
-3574
-3330
-2734
-2186
-1779
-1306
-672
-130
20
-6
248
744
1057
1137
1351
1800
2182
2287
2299
2443
2503
2158
1574
1069
696
303
-226
-686
-908
-1030
-1148
-1203
-1172
-1019
-801
-708
-674
-505
-248
4
244
505
817
1143
1415
1609
1812
1920
1792
1504
1146
917
743
395
7
-290
-394
-384
-432
-391
-261
-137
-54
-73
-38
157
314
287
290
458
680
854
960
1088
1238
1331
1346
1307
1277
1251
1153
950
742
578
392
188
-36
-252
-408
-539
-634
-643
-580
-465
-362
-351
-461
-613
-765
-952
-1204
-1541
-2119
-2876
-3343
-3441
-3438
-3517
-3565
-3291
-2776
-2297
-1842
-1275
-637
-178
-71
-51
286
803
1123
1243
1423
1846
2228
2346
2403
2528
2542
2186
1592
1082
648
190
-286
-741
-1038
-1159
-1225
-1218
-1114
-953
-780
-676
-584
-373
-131
70
333
636
907
1195
1490
1717
1903
2038
1958
1673
1282
828
556
316
-133
-481
-653
-707
-627
-568
-425
-147
-23
-34
36
164
320
415
408
478
688
862
1008
1172
1317
1405
1357
1251
1216
1212
1107
895
680
503
329
122
-125
-351
-525
-609
-631
-634
-555
-447
-352
-281
-323
-425
-574
-785
-1004
-1307
-1844
-2593
-3255
-3542
-3537
-3538
-3623
-3504
-3011
-2470
-2047
-1588
-946
-249
57
22
181
696
1156
1297
1454
1788
2190
2440
2428
2467
2590
2365
1737
1101
643
254
-195
-722
-1135
-1279
-1369
-1396
-1291
-1127
-853
-610
-478
-309
-49
242
483
694
915
1247
1609
1809
1993
2156
2188
2049
1588
975
542
245
-180
-723
-1083
-1148
-1061
-925
-740
-399
-48
139
233
273
392
591
643
579
611
834
1072
1185
1305
1452
1486
1354
1241
1222
1167
992
766
549
323
122
-117
-368
-527
-631
-689
-715
-666
-472
-276
-210
-207
-261
-436
-665
-865
-1091
-1619
-2553
-3374
-3693
-3725
-3765
-3922
-3842
-3324
-2705
-2209
-1739
-1007
-178
150
53
156
692
1239
1400
1463
1845
2333
2502
2443
2553
2706
2469
1811
1133
699
286
-260
-843
-1281
-1451
-1523
-1550
-1423
-1150
-856
-609
-380
-146
153
440
672
921
1152
1397
1721
1940
2092
2272
2299
2089
1679
1049
402
10
-413
-973
-1363
-1521
-1444
-1223
-994
-612
-138
80
159
358
564
729
845
814
837
1012
1153
1271
1398
1478
1514
1449
1303
1259
1244
1065
756
438
197
17
-162
-393
-610
-733
-848
-880
-734
-533
-352
-216
-161
-146
-229
-448
-642
-773
-1287
-2314
-3245
-3718
-3802
-3798
-4005
-4043
-3511
-2860
-2382
-1829
-1068
-254
165
67
121
680
1243
1426
1510
1790
2185
2470
2481
2529
2713
2569
1973
1228
655
238
-256
-929
-1468
-1679
-1719
-1626
-1470
-1209
-806
-444
-208
-16
264
614
910
1084
1224
1496
1902
2132
2186
2293
2317
2140
1715
1036
355
-177
-654
-1177
-1644
-1900
-1978
-1781
-1349
-829
-276
143
336
520
801
1017
1164
1185
1137
1172
1272
1357
1403
1485
1506
1370
1204
1083
1029
969
757
428
134
-78
-266
-451
-612
-767
-878
-897
-807
-588
-288
-35
117
123
21
-60
-241
-474
-877
-1931
-3177
-3832
-4035
-4031
-4161
-4430
-4062
-3269
-2696
-2145
-1366
-413
209
164
12
498
1323
1641
1574
1777
2295
2688
2703
2646
2840
2854
2226
1289
564
112
-368
-1027
-1649
-1906
-1896
-1871
-1712
-1336
-828
-424
-196
83
460
840
1139
1321
1488
1732
2023
2245
2296
2321
2348
2141
1659
1073
469
-170
-781
-1341
-1801
-2022
-2136
-2054
-1668
-1195
-620
-105
205
563
990
1248
1358
1430
1452
1459
1459
1425
1453
1527
1482
1341
1170
1050
990
883
656
374
137
-130
-375
-563
-729
-864
-962
-900
-701
-522
-275
13
226
375
353
186
-20
-300
-658
-1447
-2749
-3791
-4166
-4198
-4314
-4611
-4524
-3760
-2941
-2395
-1809
-876
72
387
213
373
1128
1745
1782
1779
2187
2716
2875
2732
2723
2832
2455
1441
471
-66
-444
-987
-1700
-2122
-2045
-1878
-1747
-1406
-900
-409
-40
209
578
1050
1440
1717
1878
2005
2209
2428
2459
2382
2320
2112
1610
998
279
-594
-1152
-1580
-2122
-2392
-2470
-2290
-1772
-1270
-705
-41
469
835
1153
1432
1693
1853
1703
1493
1487
1499
1491
1437
1346
1281
1107
904
796
717
578
344
63
-211
-426
-580
-739
-903
-943
-879
-736
-512
-229
199
593
730
717
568
241
-109
-430
-1166
-2513
-3783
-4444
-4583
-4573
-4885
-4992
-4246
-3342
-2714
-2047
-1101
26
589
377
365
1103
1944
2102
1966
2204
2728
3053
2833
2644
2754
2478
1473
306
-356
-661
-1154
-1939
-2447
-2339
-2064
-1830
-1458
-895
-219
239
474
891
1423
1813
2050
2183
2291
2433
2589
2578
2442
2336
2068
1590
856
-24
-932
-1763
-2232
-2630
-2970
-2910
-2664
-2123
-1320
-551
264
929
1313
1634
1941
2066
2106
2043
1755
1532
1470
1394
1304
1251
1150
931
724
530
460
470
233
-62
-279
-514
-671
-780
-917
-938
-857
-708
-417
8
505
927
1168
1169
996
752
339
-135
-837
-2341
-3989
-4843
-5028
-4966
-5227
-5449
-4775
-3619
-2746
-2090
-1138
69
801
672
428
1105
2120
2331
2130
2265
2826
3237
2954
2577
2562
2278
1213
-125
-946
-1236
-1595
-2303
-2848
-2694
-2191
-1828
-1414
-731
31
585
898
1288
1883
2348
2519
2550
2571
2661
2821
2788
2492
2193
1829
1305
628
-274
-1059
-1828
-2767
-3282
-3445
-3405
-2892
-2263
-1505
-452
558
1415
2069
2465
2647
2672
2443
2103
1890
1620
1286
1058
921
806
698
584
441
315
190
61
-51
-247
-459
-585
-774
-913
-854
-827
-743
-485
-129
311
740
1157
1515
1689
1534
1092
614
34
-677
-1943
-3899
-5230
-5451
-5377
-5564
-5865
-5350
-3984
-2808
-2104
-1294
26
1118
1135
726
1071
2198
2838
2519
2332
2851
3362
3132
2499
2136
1902
1062
-420
-1514
-1804
-2003
-2513
-3031
-3004
-2312
-1646
-1213
-582
258
993
1436
1756
2255
2776
3026
3021
2892
2807
2828
2720
2294
1754
1254
676
-47
-827
-1519
-2080
-2644
-3184
-3450
-3310
-2763
-2056
-1294
-383
584
1502
2157
2601
2967
3036
2772
2321
1854
1523
1247
899
591
442
338
235
206
165
81
-18
-179
-337
-481
-598
-680
-774
-786
-634
-463
-221
175
532
949
1372
1662
1839
1751
1319
733
43
-721
-1718
-3431
-5074
-5735
-5797
-5698
-5788
-5576
-4424
-3065
-2075
-1230
-152
1020
1506
1252
1173
1922
2765
2757
2445
2534
2907
2965
2354
1681
1300
615
-619
-1797
-2256
-2271
-2418
-2680
-2714
-2116
-1189
-487
126
805
1422
1853
2130
2476
2894
3110
3021
2808
2579
2342
2168
1773
1109
497
-98
-619
-1139
-1609
-1961
-2462
-2895
-2915
-2656
-2257
-1679
-936
-111
752
1632
2380
2897
3114
3042
2705
2202
1740
1278
723
249
11
-96
-180
-153
-30
42
-30
-106
-64
-104
-235
-325
-362
-427
-434
-221
1
238
560
819
1097
1408
1690
1840
1641
1152
579
-161
-916
-1604
-2941
-4797
-5887
-5989
-5683
-5480
-5495
-4755
-3203
-1910
-1000
-94
1024
1928
1838
1260
1504
2493
2910
2402
1934
2074
2284
1894
1049
447
18
-877
-1993
-2639
-2528
-2188
-2151
-2174
-1736
-737
186
783
1335
1877
2283
2486
2622
2850
3004
2863
2540
2202
1897
1614
1204
533
-172
-767
-1256
-1603
-1822
-1957
-2026
-1934
-1732
-1454
-1036
-551
-86
426
956
1468
1980
2265
2313
2337
2191
1851
1497
1032
543
217
-91
-312
-308
-269
-211
-126
-99
-63
49
70
-50
-188
-229
-162
-85
48
239
479
736
955
1211
1403
1441
1415
1150
739
292
-300
-930
-1469
-2272
-3750
-5169
-5686
-5398
-4951
-4993
-4961
-3847
-2229
-1045
-289
541
1591
2131
1708
1258
1731
2502
2356
1543
1237
1546
1660
1080
299
-140
-605
-1529
-2405
-2538
-2071
-1763
-1686
-1459
-660
430
1098
1545
1910
2213
2387
2408
2526
2675
2603
2345
2031
1665
1322
1002
511
-177
-804
-1271
-1501
-1536
-1595
-1573
-1359
-1088
-823
-541
-209
107
405
713
1004
1370
1704
1869
1906
1835
1713
1468
1000
491
124
-90
-296
-404
-288
-151
-35
54
81
174
247
72
-96
-121
-67
60
118
270
563
843
1024
1137
1244
1206
1078
858
469
26
-467
-926
-1313
-1855
-2920
-4283
-5111
-5145
-4755
-4584
-4582
-3951
-2600
-1295
-493
254
1203
1891
1839
1262
1215
1854
2099
1560
994
993
1209
1011
324
-247
-577
-1201
-1934
-2248
-1983
-1475
-1220
-1039
-493
383
1120
1540
1815
2012
2121
2136
2171
2262
2269
2093
1836
1570
1242
903
522
31
-463
-880
-1084
-1088
-1100
-1105
-998
-730
-454
-288
-172
37
285
518
803
1063
1291
1484
1516
1418
1302
1122
820
416
75
-123
-228
-263
-231
-125
-7
56
63
105
211
216
109
-14
32
217
281
367
551
721
834
829
771
751
676
528
279
13
-250
-682
-1090
-1315
-1672
-2583
-3821
-4567
-4509
-4138
-3965
-3890
-3292
-2102
-969
-259
313
1073
1577
1375
807
808
1379
1582
1182
764
817
1029
795
202
-273
-602
-1094
-1689
-1849
-1489
-915
-541
-334
162
867
1379
1572
1611
1673
1747
1818
1942
1980
2014
1986
1710
1347
954
520
82
-401
-846
-1113
-1194
-1244
-1213
-958
-701
-516
-282
-106
70
331
497
706
1026
1244
1431
1527
1392
1255
1088
749
389
72
-168
-255
-218
-94
59
183
330
420
404
375
281
125
-9
-22
105
223
354
503
690
880
932
916
850
677
470
242
-57
-361
-653
-989
-1460
-2486
-3858
-4580
-4523
-4203
-4142
-4225
-3530
-2110
-991
-429
214
990
1389
1143
573
684
1370
1527
1020
699
964
1180
789
64
-382
-616
-1233
-1882
-1898
-1342
-774
-588
-320
305
945
1205
1179
1303
1482
1501
1542
1755
2037
2159
1994
1698
1497
1198
713
161
-359
-639
-778
-861
-810
-691
-533
-403
-318
-273
-275
-179
-42
104
378
744
1091
1288
1327
1281
1182
956
559
228
-5
-132
-79
-32
94
311
387
362
329
272
228
137
-2
-66
7
179
345
468
579
708
716
630
613
505
343
274
154
67
-73
-250
-393
-732
-1304
-2450
-3737
-4326
-4283
-3985
-3916
-3804
-3010
-1826
-807
-280
215
763
839
534
184
445
1052
1209
1034
953
1150
1230
750
101
-430
-851
-1286
-1619
-1382
-841
-372
-32
236
663
1041
1050
975
927
1012
1221
1442
1830
2097
2151
1996
1731
1431
890
324
-252
-725
-870
-965
-849
-651
-524
-308
-225
-108
-91
-193
-95
14
242
590
963
1308
1399
1369
1244
1014
662
222
-90
-245
-231
-72
130
354
536
627
538
372
269
96
-93
-193
-156
26
286
554
723
836
799
632
524
392
240
180
114
19
-30
-125
-219
-438
-1105
-2408
-3671
-4162
-4041
-3846
-3914
-3670
-2823
-1831
-1044
-519
214
758
510
82
69
703
1249
1081
866
986
1212
1031
349
-89
-402
-978
-1550
-1670
-1107
-490
-280
-160
175
651
821
679
676
791
900
1111
1521
2013
2255
2133
1831
1616
1385
896
421
33
-247
-304
-301
-201
-84
-140
-214
-289
-352
-385
-451
-340
-93
166
511
851
1117
1147
991
780
566
397
114
-102
-89
57
207
224
246
323
280
171
56
-32
2
7
-2
68
214
389
466
496
478
425
400
362
312
301
290
340
415
276
75
-82
-199
-299
-649
-1438
-2506
-3240
-3397
-3240
-3123
-3223
-2942
-2225
-1529
-986
-657
-255
18
-126
-248
4
625
1012
857
736
876
1024
765
256
-157
-530
-829
-988
-791
-368
-68
47
94
255
475
544
473
469
543
758
1137
1572
1935
1944
1757
1542
1261
956
637
365
151
27
37
32
7
-35
-162
-296
-428
-439
-405
-366
-158
114
423
687
826
935
931
825
628
439
350
217
59
-5
75
224
259
224
252
262
160
-1
-37
38
117
86
88
269
410
443
400
386
434
427
310
247
310
310
275
224
80
-45
-97
-140
-364
-1168
-2307
-3146
-3250
-2915
-2905
-3112
-2952
-2205
-1390
-1066
-802
-355
-172
-379
-650
-276
541
845
686
573
785
964
623
183
-102
-400
-731
-913
-571
39
245
119
71
251
448
370
269
325
457
678
1054
1570
1910
1858
1568
1324
1183
943
715
539
331
238
207
245
247
67
-170
-420
-497
-478
-488
-309
-87
131
350
505
721
812
753
616
455
388
312
227
216
237
323
366
294
288
296
221
136
65
48
121
156
136
148
195
209
227
255
242
307
323
293
323
256
228
229
102
-31
-106
-147
-200
-218
-746
-1870
-2730
-2963
-2655
-2600
-2871
-2780
-2257
-1523
-1196
-965
-451
-314
-486
-750
-494
352
665
550
515
675
843
578
266
189
-66
-518
-773
-482
77
272
175
165
232
306
249
226
337
354
498
799
1249
1633
1627
1457
1278
1143
967
769
671
519
355
307
309
311
129
-107
-285
-417
-431
-458
-373
-158
-12
109
294
542
704
662
595
544
473
430
325
241
320
350
303
283
287
322
262
129
37
68
112
93
131
153
175
222
198
195
232
238
220
189
211
193
156
222
187
112
16
-19
-48
-134
-187
-939
-1953
-2581
-2762
-2310
-2265
-2532
-2480
-2169
-1430
-1038
-829
-610
-791
-774
-702
-362
172
295
477
628
598
535
346
322
227
-204
-498
-407
38
381
371
328
229
140
151
103
196
245
246
510
902
1291
1426
1391
1274
1068
924
832
900
871
620
546
516
419
269
22
-145
-260
-284
-267
-225
-132
-69
67
193
286
366
394
446
437
394
403
420
380
303
286
297
318
278
226
237
209
147
85
89
85
60
76
46
88
157
173
128
82
127
183
229
172
81
112
167
179
137
81
75
69
56
-394
-1255
-1977
-2380
-2178
-1949
-2142
-2298
-2281
-1736
-1153
-1041
-1004
-1159
-1070
-878
-839
-454
-89
233
466
316
265
366
431
413
89
-206
-159
136
443
526
426
385
337
213
175
179
225
246
326
526
868
1178
1221
1130
928
823
882
887
854
773
719
730
669
526
319
136
1
-82
-125
-149
-112
-65
0
65
82
143
208
271
282
240
290
335
380
343
270
329
347
356
335
291
287
264
226
125
75
96
118
125
75
47
12
-7
4
-32
-31
-13
-42
-89
-84
-50
-19
-11
-45
-38
-32
-56
-155
-430
-791
-1338
-1798
-1686
-1443
-1444
-1680
-1833
-1481
-1064
-923
-976
-1201
-1209
-1043
-952
-733
-467
-214
-50
-37
38
130
198
264
195
52
42
235
536
706
663
552
464
413
392
365
328
258
273
447
650
804
826
775
688
669
655
656
714
664
603
601
620
604
540
442
328
248
225
221
152
41
47
101
108
126
68
65
171
136
96
112
117
174
185
171
192
160
166
209
224
245
165
109
128
139
122
98
108
88
54
11
18
42
-7
-47
-104
-126
-96
-104
-92
-73
-60
-44
-18
-47
-90
-104
-235
-470
-696
-815
-753
-661
-765
-961
-1026
-978
-890
-853
-990
-1150
-1233
-1270
-1144
-979
-862
-813
-852
-792
-621
-471
-363
-364
-419
-310
-99
108
296
378
422
444
421
444
511
538
482
468
534
647
764
776
731
692
693
709
698
663
640
637
606
564
577
591
555
520
483
445
453
436
351
303
300
253
217
222
235
284
270
256
267
224
230
233
185
150
120
120
173
218
193
150
136
139
167
156
146
143
77
69
76
62
64
25
0
-39
-127
-186
-169
-154
-108
-97
-179
-139
-118
-201
-367
-620
-748
-722
-742
-794
-906
-1078
-1072
-997
-940
-1000
-1200
-1311
-1328
-1229
-1012
-910
-937
-939
-930
-832
-615
-458
-452
-471
-376
-211
-7
196
309
334
346
379
459
543
536
557
574
571
621
716
801
824
798
716
685
727
759
758
724
689
628
591
634
619
564
518
428
417
447
437
391
305
275
224
187
243
222
142
125
148
205
228
187
123
123
141
127
145
181
192
147
137
155
150
151
129
135
127
61
48
64
29
-27
-73
-112
-103
-79
-113
-135
-112
-151
-193
-182
-220
-253
-288
-412
-537
-632
-650
-620
-681
-795
-935
-1008
-927
-857
-876
-907
-1024
-1132
-1079
-955
-857
-835
-870
-867
-747
-610
-486
-406
-412
-395
-298
-144
79
258
270
282
325
363
449
503
503
518
551
579
668
721
697
686
685
693
724
757
726
665
596
573
583
585
584
529
454
447
454
426
441
381
295
269
252
274
260
225
207
192
182
179
202
184
188
208
150
140
148
134
160
140
99
83
86
108
95
62
37
39
44
4
-38
-54
-72
-90
-127
-148
-126
-148
-174
-173
-227
-238
-225
-281
-298
-325
-390
-455
-577
-652
-620
-644
-677
-727
-817
-834
-821
-807
-830
-908
-927
-888
-811
-721
-717
-724
-718
-680
-566
-456
-374
-328
-300
-195
-43
93
156
188
229
248
302
381
422
446
474
524
571
595
630
607
561
582
613
625
672
626
562
546
501
545
555
490
493
457
430
482
427
357
342
318
340
337
278
255
251
225
230
253
252
246
234
201
186
190
182
134
124
133
114
116
92
87
103
67
46
32
22
30
-3
-13
-25
-72
-87
-125
-163
-137
-171
-206
-210
-253
-264
-302
-342
-318
-325
-379
-440
-516
-538
-545
-585
-633
-705
-765
-763
-740
-756
-763
-825
-878
-841
-786
-715
-689
-707
-722
-670
-558
-476
-416
-361
-329
-260
-129
-35
62
161
193
227
286
353
382
400
424
473
528
565
623
634
633
651
639
629
630
583
559
555
545
571
552
508
485
458
444
444
430
378
318
313
322
343
340
279
257
237
206
233
230
214
204
176
200
197
167
184
158
120
134
143
141
132
79
56
81
71
40
15
0
-27
-41
-55
-106
-116
-130
-184
-201
-201
-238
-254
-286
-327
-303
-331
-384
-444
-521
-537
-530
-543
-589
-645
-701
-736
-754
-743
-748
-754
-778
-813
-760
-687
-666
-680
-670
-623
-530
-463
-396
-319
-291
-242
-181
-96
-16
29
84
148
216
258
298
354
386
416
428
434
474
526
556
570
574
561
554
566
554
515
492
492
499
509
491
473
478
457
415
386
346
331
339
330
325
318
324
296
247
243
226
230
242
198
202
217
201
197
151
127
160
136
123
138
129
134
91
43
56
53
14
-7
-36
-63
-88
-129
-143
-155
-178
-203
-249
-280
-293
-320
-330
-335
-367
-391
-432
-484
-497
-524
-555
-543
-543
-560
-609
-646
-621
-622
-653
-631
-611
-614
-611
-607
-569
-532
-515
-488
-423
-346
-306
-280
-222
-172
-118
-50
-9
32
92
130
170
230
253
291
333
351
396
412
429
469
486
484
475
465
462
465
446
464
465
428
448
440
404
403
387
360
383
399
366
343
343
325
300
307
303
309
324
292
275
283
244
205
226
225
207
210
193
196
167
120
88
59
50
43
15
-2
-1
-31
-46
-60
-112
-147
-166
-197
-215
-212
-251
-282
-265
-286
-320
-324
-341
-356
-363
-377
-382
-387
-392
-419
-459
-464
-469
-489
-491
-509
-514
-502
-534
-535
-527
-557
-514
-460
-426
-383
-399
-370
-316
-287
-205
-158
-183
-138
-85
-63
10
39
32
77
138
174
192
207
231
258
290
313
330
355
374
364
360
388
379
369
401
419
439
452
443
424
390
394
410
399
405
378
341
345
343
339
343
309
289
275
259
252
239
232
238
235
179
157
175
173
164
161
135
109
96
60
50
50
32
14
-20
-37
-51
-84
-103
-132
-162
-180
-216
-248
-237
-234
-248
-254
-289
-319
-336
-348
-330
-332
-350
-361
-387
-408
-413
-414
-422
-426
-420
-438
-458
-483
-476
-449
-445
-419
-429
-434
-382
-352
-330
-300
-276
-263
-240
-203
-161
-134
-137
-124
-102
-64
10
66
71
86
142
188
222
255
268
282
305
306
321
356
365
355
356
383
434
468
441
415
417
410
412
415
399
398
382
338
330
329
314
293
269
278
269
259
287
251
222
238
194
165
186
185
174
148
110
131
140
86
60
60
55
55
50
17
-9
-46
-91
-111
-112
-117
-158
-194
-207
-256
-287
-263
-268
-282
-283
-299
-288
-282
-324
-334
-295
-306
-352
-380
-382
-360
-378
-384
-359
-374
-379
-380
-403
-397
-389
-387
-361
-337
-322
-295
-288
-271
-254
-255
-223
-170
-140
-128
-116
-98
-45
12
21
43
87
110
140
181
217
225
237
247
253
285
274
297
342
314
301
318
338
369
367
340
353
368
345
320
318
326
320
308
294
295
292
257
267
267
238
236
217
227
232
202
179
179
201
182
137
141
139
105
105
87
78
86
44
37
28
-6
-32
-78
-87
-101
-133
-128
-146
-193
-221
-250
-248
-234
-249
-265
-292
-317
-318
-342
-357
-359
-351
-306
-283
-285
-297
-309
-320
-347
-346
-308
-284
-268
-275
-275
-256
-265
-276
-254
-232
-206
-181
-169
-123
-116
-125
-107
-101
-79
-55
-22
16
34
42
62
80
97
142
164
166
208
223
205
194
175
190
228
223
218
246
259
263
273
275
271
275
251
237
228
193
217
232
223
235
227
188
182
179
161
170
166
174
192
178
173
174
172
185
193
179
163
132
108
113
91
76
62
34
34
26
-8
-39
-62
-54
-72
-123
-140
-132
-143
-157
-180
-187
-184
-223
-254
-266
-273
-271
-235
-252
-283
-263
-251
-258
-269
-263
-242
-247
-265
-260
-243
-228
-224
-210
-179
-181
-193
-190
-171
-124
-109
-94
-54
-73
-99
-78
-46
-28
-27
-12
14
26
34
28
29
68
83
64
85
107
83
67
82
70
76
109
129
154
133
99
93
88
108
123
125
129
128
137
156
150
138
164
186
184
197
216
219
207
156
133
171
188
209
232
232
240
208
184
193
181
177
168
161
172
145
134
104
64
55
35
39
31
13
-3
-45
-67
-79
-105
-98
-105
-120
-110
-135
-154
-185
-225
-215
-214
-234
-223
-202
-206
-239
-253
-222
-236
-260
-247
-254
-257
-244
-234
-212
-214
-209
-193
-174
-149
-142
-128
-104
-102
-115
-103
-83
-86
-94
-57
-16
-23
-10
7
-1
5
19
39
61
67
63
64
65
68
49
43
74
87
99
99
98
112
105
96
78
58
60
71
92
99
117
116
87
81
99
123
149
152
151
170
155
150
177
199
193
186
200
218
204
174
172
161
156
162
153
163
149
103
107
103
78
62
40
37
20
7
26
25
11
-7
-22
-20
-46
-79
-87
-101
-93
-105
-156
-135
-137
-180
-180
-187
-192
-200
-217
-221
-211
-200
-210
-222
-218
-210
-208
-195
-164
-153
-140
-126
-149
-151
-132
-114
-95
-83
-72
-68
-61
-45
-50
-38
-26
-28
2
14
15
12
6
25
48
55
42
21
32
58
57
50
58
68
62
46
45
53
31
0
-4
18
43
31
8
25
37
46
55
58
66
83
74
82
120
113
129
158
164
175
169
153
148
135
99
90
133
153
136
132
116
103
89
47
39
39
28
48
72
87
76
49
38
52
42
36
33
5
2
4
-1
-20
-32
-44
-70
-90
-105
-90
-88
-110
-128
-139
-120
-119
-151
-131
-117
-141
-119
-98
-98
-90
-95
-98
-90
-105
-104
-89
-80
-67
-54
-53
-72
-90
-72
-75
-75
-54
-68
-39
-41
-69
-36
-16
-3
9
-5
-1
15
23
29
20
14
2
2
5
-7
-18
-34
-12
7
-32
-41
-2
11
-5
-18
-4
34
45
51
63
58
74
91
111
115
93
108
124
95
118
128
87
93
86
79
81
58
66
65
37
36
24
32
62
59
72
87
53
39
64
62
44
42
48
49
31
-5
-21
-22
12
8
-43
-45
-27
-32
-52
-49
-46
-60
-76
-86
-89
-48
-42
-69
-42
-45
-63
-60
-86
-75
-38
-40
-24
-25
-29
-14
-18
-18
-9
-9
-18
-9
-22
-25
-19
-37
-38
-38
-53
-68
-74
-49
-16
-28
-20
8
-6
2
-3
-26
-18
-17
-25
-24
-45
-45
-23
-36
-29
-8
-1
6
-2
-9
7
20
33
42
67
84
52
54
62
32
41
53
51
69
54
49
67
57
39
32
29
18
5
4
12
8
34
20
-30
-5
11
7
42
34
13
37
26
33
56
30
50
54
8
-15
-32
-16
-3
-32
-30
-20
-41
-55
-62
-64
-54
-64
-64
-51
-57
-45
-23
-25
-25
-21
-29
-6
3
-6
19
32
23
21
23
43
59
24
7
15
-7
4
20
-4
-34
-55
-17
-9
-27
-6
18
21
-7
-29
-17
10
3
-19
-42
-26
-6
-18
-21
-29
-17
-8
-19
-24
-20
-25
-4
18
9
36
45
49
78
71
55
42
33
24
34
52
63
35
17
28
-6
-19
-14
-26
-19
-36
-60
-33
-9
-25
-23
-1
0
-5
15
28
34
57
52
27
21
13
7
4
-3
-7
-11
-23
-19
-29
-35
-21
-51
-56
-49
-65
-67
-65
-57
-46
-46
-24
-20
-33
-15
-3
7
24
19
6
8
17
19
23
38
40
26
18
30
34
23
14
23
20
-1
5
17
24
26
31
36
27
18
9
-11
-20
-16
-21
-30
-34
-34
-28
-25
-29
-33
-27
-16
-18
-24
-23
-14
-10
4
20
26
45
44
43
55
50
20
11
28
19
-1
3
8
4
8
-10
-17
-3
-23
-40
-27
-21
-13
-10
-10
5
28
38
44
73
52
26
44
30
16
21
9
0
7
2
-3
6
-3
-17
-21
-41
-49
-47
-55
-40
-33
-40
-43
-35
-16
-11
-34
-32
-4
7
7
-4
-10
-4
-11
-5
8
13
25
29
35
18
-9
-8
6
5
-10
-22
-20
8
8
3
0
-10
4
0
0
-1
-5
-9
-22
-30
