35
31
23
26
25
22
25
24
27
21
24
27
32
47
36
33
49
61
69
71
88
101
97
104
105
110
114
94
82
90
90
77
52
27
26
29
26
13
1
-29
-66
-81
-93
-109
-130
-154
-162
-155
-165
-224
-310
-392
-403
-342
-271
-262
-341
-391
-379
-337
-268
-200
-141
-123
-165
-177
-66
76
142
145
159
196
219
244
280
313
317
281
264
295
288
219
158
121
96
86
73
44
-5
-81
-125
-116
-82
-63
-77
-99
-107
-97
-59
11
63
68
60
79
123
177
220
246
253
228
234
252
239
205
172
160
147
133
113
69
14
-39
-75
-85
-73
-67
-99
-140
-158
-160
-153
-144
-134
-122
-131
-163
-159
-102
-59
-64
-98
-100
-66
-39
-28
-25
-12
-16
-24
-3
7
-1
-23
-35
-29
-25
3
29
38
18
-6
19
47
52
52
64
66
63
91
116
115
78
30
39
47
50
66
49
9
-17
-25
-47
-71
-77
-87
-127
-206
-244
-256
-259
-229
-256
-312
-343
-356
-315
-271
-262
-229
-199
-205
-169
-115
-73
0
56
84
121
160
181
196
225
253
271
267
276
277
259
245
210
197
173
133
131
136
134
89
20
12
33
47
27
10
21
-8
-14
27
67
95
83
60
55
100
156
189
212
206
193
179
183
229
254
255
268
243
222
227
203
189
184
163
176
203
171
146
143
109
78
34
-26
-61
-101
-142
-173
-216
-301
-383
-489
-689
-884
-947
-834
-739
-847
-1024
-1106
-1067
-994
-917
-729
-571
-551
-584
-522
-268
-32
89
208
334
414
473
589
732
812
786
773
797
789
734
631
565
475
362
306
245
146
-13
-178
-248
-240
-217
-228
-269
-305
-340
-337
-250
-102
0
9
24
48
112
260
396
486
470
398
399
431
451
453
430
394
292
170
112
61
-7
-107
-183
-177
-229
-350
-419
-390
-319
-290
-269
-221
-189
-164
-108
-1
109
163
194
244
299
340
368
401
403
384
358
306
267
227
179
143
92
49
6
-51
-104
-143
-188
-191
-138
-125
-126
-131
-130
-102
-79
-36
22
33
-47
-248
-470
-573
-545
-476
-479
-607
-805
-968
-1026
-956
-830
-720
-679
-743
-779
-681
-502
-296
-133
1
141
219
309
475
643
745
779
834
924
963
919
856
785
708
621
544
438
285
113
-62
-153
-174
-202
-267
-381
-495
-567
-542
-437
-353
-291
-234
-192
-109
19
155
282
340
362
424
468
481
488
524
598
591
478
387
369
362
288
188
120
42
-39
-122
-181
-192
-209
-241
-253
-244
-246
-239
-198
-129
-69
-19
72
149
172
212
277
354
421
430
419
408
413
453
483
447
357
273
232
209
123
-19
-155
-253
-351
-449
-480
-552
-848
-1274
-1564
-1488
-1217
-1165
-1412
-1686
-1728
-1623
-1484
-1217
-868
-672
-731
-796
-555
-84
275
403
536
754
923
1017
1162
1342
1420
1364
1302
1361
1431
1322
1053
832
705
586
445
306
119
-145
-404
-559
-534
-507
-583
-716
-834
-867
-782
-612
-466
-362
-274
-188
-89
76
258
427
574
631
582
532
595
739
844
821
708
564
478
472
471
428
307
111
-51
-106
-121
-139
-224
-309
-320
-300
-286
-294
-247
-186
-174
-111
4
125
233
248
233
305
383
419
433
411
358
331
366
425
419
309
197
105
58
34
-18
-92
-207
-383
-564
-603
-540
-538
-732
-1144
-1613
-1834
-1601
-1164
-990
-1342
-1896
-2036
-1648
-1128
-828
-714
-639
-668
-757
-492
156
716
826
687
771
1080
1287
1302
1363
1518
1525
1397
1349
1390
1277
908
559
497
549
406
98
-219
-500
-698
-727
-597
-488
-593
-863
-1016
-914
-676
-388
-135
-38
-50
-64
47
366
722
830
724
613
684
951
1130
1005
742
613
675
774
701
489
245
15
-135
-119
3
-28
-304
-596
-688
-539
-345
-310
-366
-426
-444
-333
-83
160
278
298
229
224
382
587
697
673
562
465
496
571
604
539
396
244
151
113
42
-81
-257
-452
-556
-590
-645
-689
-815
-1168
-1782
-2323
-2215
-1480
-942
-1332
-2281
-2687
-2181
-1439
-1085
-951
-752
-743
-1053
-1046
-173
947
1200
753
647
1134
1584
1590
1583
1873
2066
1841
1538
1640
1801
1465
894
626
776
820
365
-193
-462
-573
-677
-730
-682
-692
-940
-1255
-1342
-1042
-619
-372
-323
-386
-373
-170
163
518
773
747
590
685
1039
1270
1107
824
823
1030
1130
946
690
467
198
68
144
239
123
-251
-592
-641
-459
-286
-242
-342
-486
-532
-391
-114
165
285
208
143
207
326
476
591
620
586
539
550
550
496
407
349
288
191
85
-34
-200
-408
-580
-579
-544
-714
-996
-1295
-1778
-2429
-2618
-1918
-1031
-1203
-2458
-3284
-2687
-1584
-1167
-1197
-937
-699
-1048
-1369
-554
962
1541
932
523
1105
1811
1808
1636
1997
2424
2151
1681
1769
2088
1840
1117
775
982
1035
509
-131
-430
-550
-730
-807
-737
-759
-1054
-1484
-1608
-1300
-831
-501
-431
-515
-578
-421
-75
319
660
868
944
905
872
946
1122
1308
1373
1356
1271
1107
890
643
536
560
508
312
18
-251
-395
-422
-358
-276
-272
-385
-533
-577
-450
-200
34
131
71
24
121
306
468
576
591
538
532
571
590
509
411
346
347
298
111
-62
-274
-518
-665
-648
-606
-884
-1722
-2806
-3221
-2466
-1339
-1245
-2499
-3657
-3438
-2422
-1794
-1596
-1202
-904
-1351
-1883
-1145
648
1596
1058
518
1049
1896
2016
1883
2329
2888
2673
2029
2027
2514
2394
1580
1058
1228
1368
865
64
-398
-527
-679
-828
-818
-801
-1108
-1657
-1976
-1737
-1144
-709
-644
-769
-835
-719
-437
-21
520
993
1109
847
653
874
1311
1595
1616
1552
1511
1319
1021
917
1013
1025
774
424
186
15
-142
-255
-242
-168
-217
-419
-561
-547
-434
-248
-76
14
22
48
104
143
258
449
588
593
491
408
427
480
457
441
454
327
37
-251
-441
-532
-637
-718
-889
-1768
-3197
-3673
-2388
-818
-1297
-3540
-4635
-3461
-2021
-1980
-2234
-1473
-943
-1876
-2613
-1055
1459
1851
382
-15
1435
2546
2103
1791
2741
3487
2839
2027
2473
3216
2650
1405
1143
1774
1909
981
-93
-491
-539
-720
-850
-781
-917
-1497
-2128
-2284
-1901
-1265
-865
-882
-1179
-1365
-1019
-433
16
415
811
1023
875
659
878
1507
1957
1919
1737
1704
1567
1249
1104
1235
1412
1202
643
212
40
0
-60
-73
-34
-137
-434
-773
-729
-311
17
4
-188
-224
-124
0
121
352
564
578
439
353
450
535
501
474
542
504
197
-217
-460
-574
-543
-535
-1213
-2676
-3735
-3099
-1437
-1101
-2918
-4683
-4353
-2851
-2285
-2549
-2123
-1396
-1868
-2870
-2109
436
1788
750
-237
754
2332
2490
2030
2567
3495
3287
2387
2490
3463
3454
2156
1311
1715
2200
1640
543
-125
-409
-690
-852
-780
-827
-1362
-2101
-2425
-2203
-1686
-1255
-1182
-1355
-1517
-1294
-686
-162
131
378
641
820
871
935
1166
1547
1863
1969
1940
1713
1402
1251
1274
1412
1485
1218
657
157
-41
49
218
233
44
-206
-522
-750
-536
-70
162
49
-141
-193
-84
4
113
446
775
667
363
321
402
450
478
551
628
386
-227
-675
-628
-380
-362
-1158
-2838
-3983
-3300
-1511
-1050
-2939
-4978
-4823
-3235
-2441
-2645
-2361
-1720
-2210
-3217
-2448
237
1836
762
-441
529
2287
2696
2274
2748
3719
3553
2681
2861
3921
3956
2585
1598
1976
2569
2048
795
-9
-296
-626
-948
-944
-935
-1431
-2286
-2848
-2681
-2004
-1461
-1438
-1782
-2013
-1680
-926
-351
-130
140
623
1005
1049
1009
1288
1815
2272
2428
2402
2263
1855
1506
1587
1922
1984
1508
818
329
118
124
208
242
67
-352
-753
-886
-578
-198
-89
-217
-295
-290
-252
-93
185
487
528
480
523
573
490
440
527
712
604
274
-122
-474
-518
-472
-990
-2532
-3936
-3534
-1577
-947
-3096
-5575
-5434
-3412
-2503
-3052
-2933
-2080
-2465
-3871
-3337
-179
1984
858
-873
-57
2118
2751
2196
2730
4003
3961
2765
2679
4033
4519
3186
1957
2301
2989
2391
1014
239
131
-150
-682
-853
-796
-1293
-2311
-3012
-2814
-2027
-1531
-1644
-2042
-2255
-2003
-1378
-640
-153
-26
58
339
769
1145
1386
1595
1904
2238
2426
2389
2087
1753
1672
1871
2052
1847
1330
769
353
268
444
590
452
-41
-541
-699
-490
-174
-1
-50
-233
-361
-375
-115
277
443
324
182
305
538
612
500
384
376
331
117
-67
-223
-416
-840
-1918
-3300
-3645
-2341
-993
-1836
-4471
-5898
-4609
-2745
-2598
-3156
-2772
-2365
-3212
-3884
-2239
746
1477
-266
-914
818
2497
2319
1953
3004
4091
3627
2681
3175
4279
3946
2634
2242
2952
3159
2010
640
282
326
-65
-528
-636
-851
-1637
-2571
-2884
-2391
-1705
-1538
-1831
-2182
-2331
-1899
-1161
-523
-99
-101
-196
52
649
1238
1531
1619
1682
1913
2247
2300
2074
1789
1725
1957
2054
1716
1248
832
482
421
613
801
602
-43
-604
-583
-133
171
133
-8
-179
-316
-267
-28
338
541
357
148
213
416
530
533
427
248
107
-42
-205
-335
-446
-905
-2191
-3712
-3795
-2123
-797
-2102
-4960
-5948
-4323
-2638
-2683
-3147
-2616
-2412
-3529
-3866
-1622
1171
1258
-617
-886
1075
2522
2231
2060
3272
4138
3386
2674
3444
4427
3815
2406
2241
3071
3030
1744
622
402
305
-189
-588
-556
-706
-1653
-2727
-2864
-2168
-1545
-1602
-2046
-2332
-2266
-1829
-1066
-370
-155
-352
-276
314
867
1128
1235
1496
1947
2255
2248
2116
1900
1768
1859
2063
2123
1783
1202
684
491
663
837
823
487
-117
-500
-433
-98
184
205
-3
-270
-427
-254
111
434
515
344
165
63
235
577
763
651
209
-159
-184
-165
-237
-430
-1218
-2863
-4215
-3587
-1446
-709
-3070
-5969
-5923
-3684
-2490
-3010
-3149
-2465
-2800
-4103
-3608
-492
1743
598
-1196
-337
2014
2791
2070
2347
3791
4126
3074
2836
4031
4519
3269
2170
2578
3324
2739
1276
466
388
114
-405
-493
-351
-953
-2243
-3008
-2637
-1807
-1461
-1741
-2154
-2356
-2219
-1589
-734
-266
-212
-142
141
437
624
911
1421
1883
2028
2089
2139
1912
1627
1677
2044
2305
1960
1249
801
721
726
753
819
683
220
-304
-461
-172
194
251
26
-60
-130
-172
-22
285
610
562
243
122
315
563
589
509
501
353
-13
-351
-411
-287
-519
-1731
-3526
-4170
-2728
-994
-1661
-4563
-6265
-4980
-3030
-2879
-3546
-3130
-2489
-3310
-4266
-2649
538
1402
-454
-1293
613
2615
2516
1874
2817
4175
3826
2778
3287
4639
4421
2820
2144
3037
3529
2372
920
522
560
80
-518
-515
-511
-1387
-2608
-2956
-2296
-1647
-1733
-2127
-2362
-2361
-2049
-1302
-451
-223
-635
-677
146
1013
1229
1029
1150
1677
2178
2410
2377
2133
1771
1625
1963
2401
2246
1473
765
588
791
997
943
623
77
-348
-322
15
250
195
-57
-295
-320
-103
275
487
339
-38
-150
188
581
720
575
221
-26
-135
-97
-79
-227
-699
-2149
-3932
-4127
-2211
-445
-1728
-5158
-6650
-4821
-2614
-2674
-3537
-3132
-2681
-3724
-4430
-2341
883
1271
-923
-1511
700
2684
2335
1692
2862
4173
3747
2807
3428
4704
4323
2751
2356
3340
3668
2366
866
564
743
397
-150
-285
-452
-1421
-2669
-2887
-2050
-1374
-1531
-2147
-2589
-2578
-2096
-1260
-614
-471
-509
-348
33
264
498
1089
1673
1920
1904
1948
2014
1842
1757
2031
2417
2340
1617
1011
955
1098
1140
1054
916
615
108
-190
-38
292
386
134
-104
-104
-190
-180
104
492
624
274
-69
65
409
624
540
336
163
-164
-310
-319
-214
-963
-3011
-4440
-3468
-1025
-543
-3503
-6499
-6019
-3414
-2397
-3379
-3579
-2714
-3099
-4632
-4099
-639
1719
188
-1987
-929
1870
2705
1677
1959
3829
4319
2967
2502
3968
4945
3754
2430
2852
3815
3248
1414
558
969
1038
318
-245
-371
-870
-2021
-2762
-2354
-1482
-1277
-1870
-2542
-2799
-2482
-1798
-1182
-714
-428
-379
-449
-393
49
916
1729
1966
1790
1753
1876
1913
1986
2245
2570
2506
1924
1264
1148
1392
1473
1355
1154
893
494
-27
-126
325
646
354
-158
-369
-242
-23
92
200
291
153
-7
72
338
497
423
308
129
-113
-367
-418
-407
-1365
-3315
-4103
-2607
-707
-1394
-4483
-6356
-5085
-3037
-2879
-3639
-3266
-2736
-3719
-4726
-3186
59
1063
-845
-1875
-148
1909
1970
1422
2435
3916
3778
2705
2890
4188
4390
3230
2664
3352
3825
2833
1326
911
1211
1048
431
-14
-260
-970
-1994
-2356
-1873
-1275
-1324
-1941
-2479
-2581
-2262
-1812
-1339
-761
-348
-370
-720
-820
-197
813
1535
1653
1516
1488
1522
1629
1925
2312
2459
2232
1814
1446
1401
1578
1653
1543
1275
924
611
355
239
429
633
580
242
-169
-294
-91
222
435
363
113
-201
-189
159
414
520
354
-7
-320
-559
-435
-504
-1977
-3856
-3895
-1686
-172
-2200
-5757
-6490
-4098
-2281
-2939
-3692
-3015
-2904
-4342
-4788
-2009
1190
670
-1877
-2024
486
2219
1653
1364
2828
3889
3033
2166
3228
4675
4177
2683
2512
3560
3762
2290
958
1009
1422
1100
340
-45
-325
-1149
-2045
-2084
-1337
-879
-1366
-2242
-2698
-2427
-1778
-1295
-1060
-852
-699
-774
-896
-609
306
1185
1364
1183
1178
1490
1765
1864
2042
2295
2270
1874
1492
1539
1805
1793
1562
1326
1142
905
558
389
582
835
730
249
-115
-179
-79
42
208
308
151
-146
-256
-53
247
319
236
211
102
-260
-688
-661
-788
-2058
-3524
-3313
-1480
-694
-2861
-5657
-5675
-3445
-2297
-3191
-3792
-3154
-3070
-4203
-4194
-1591
833
53
-1987
-1656
696
2008
1472
1360
2734
3616
2839
2246
3256
4453
3987
2713
2580
3440
3536
2212
1092
1245
1589
1161
348
-105
-327
-965
-1744
-1762
-1155
-919
-1525
-2306
-2566
-2118
-1586
-1541
-1384
-792
-483
-823
-1185
-747
452
1360
1364
1048
1208
1464
1546
1808
2272
2634
2342
1593
1284
1630
1980
1934
1679
1391
1071
810
583
559
801
829
512
174
-29
-158
-159
-26
244
367
225
-152
-354
-123
129
330
455
310
-77
-632
-849
-739
-1551
-3063
-3408
-1859
-609
-2191
-5168
-5863
-3863
-2304
-3039
-3841
-3135
-2853
-4048
-4624
-2432
469
353
-1823
-2089
61
1616
1254
1132
2547
3595
2839
1931
2796
4270
4130
2993
2776
3407
3412
2293
1282
1371
1849
1510
609
68
-212
-849
-1618
-1730
-1129
-763
-1294
-2157
-2579
-2383
-1899
-1563
-1282
-831
-558
-836
-1279
-1099
-120
1080
1608
1357
971
928
1203
1736
2387
2761
2574
1853
1245
1369
1932
2229
2025
1569
1211
942
654
542
755
979
797
317
-78
-229
-211
-61
194
395
227
-219
-514
-329
106
355
379
216
-12
-384
-680
-624
-1026
-2455
-3394
-2485
-765
-1027
-3757
-5719
-4719
-2617
-2322
-3356
-3384
-2863
-3581
-4629
-3584
-582
781
-1020
-2580
-1333
879
1474
989
1636
2942
2934
1962
2027
3474
4239
3410
2648
2936
3401
2870
1703
1346
1835
1988
1290
397
-64
-389
-914
-1291
-1140
-745
-877
-1727
-2449
-2517
-2089
-1574
-1268
-1023
-893
-1085
-1389
-1304
-610
356
1032
1082
782
771
1093
1567
2092
2398
2376
2100
1716
1600
1941
2335
2286
1909
1460
1184
1048
798
767
977
999
592
54
-160
-134
-129
-119
-34
105
32
-390
-650
-477
-118
174
311
164
-106
-481
-782
-789
-1245
-2348
-2825
-1814
-575
-1377
-3983
-5368
-4024
-2036
-2031
-3161
-3298
-2936
-3537
-4269
-3051
-406
374
-1427
-2604
-1207
839
1216
727
1394
2653
2593
1689
1889
3359
4040
3199
2458
2851
3407
2779
1610
1412
2027
2152
1375
537
184
-168
-796
-1165
-901
-480
-764
-1688
-2332
-2274
-1850
-1548
-1399
-1110
-869
-1137
-1596
-1490
-677
236
673
648
585
677
813
1178
1769
2289
2401
2006
1582
1542
1924
2315
2329
2056
1684
1389
1156
1002
1105
1306
1207
706
195
59
62
-20
19
132
123
-140
-650
-758
-319
97
169
-30
-220
-182
-333
-619
-955
-1837
-2743
-2619
-1197
-251
-1787
-4567
-5387
-3546
-1701
-2076
-3156
-3173
-3071
-3892
-4271
-2380
152
45
-2076
-2588
-668
977
824
564
1713
2756
2216
1444
2115
3599
3804
2836
2509
3139
3346
2375
1424
1683
2377
2122
1136
484
302
-105
-820
-1010
-494
-192
-879
-1912
-2373
-2101
-1684
-1547
-1362
-1053
-1058
-1590
-1995
-1519
-451
382
553
241
208
457
769
1296
1889
2251
2104
1632
1453
1772
2288
2458
2261
2007
1705
1448
1238
1190
1425
1535
1241
694
236
131
142
172
260
226
46
-366
-744
-621
-301
-49
-19
-196
-373
-374
-437
-573
-806
-1654
-2664
-2733
-1511
-433
-1495
-3979
-5018
-3662
-1937
-1993
-2895
-2971
-2866
-3541
-4040
-2685
-299
110
-1583
-2378
-1085
503
716
494
1421
2546
2236
1324
1692
3199
3775
3015
2434
2751
3134
2539
1671
1820
2442
2219
1188
490
500
370
-337
-857
-587
-166
-617
-1627
-2177
-1966
-1596
-1574
-1517
-1144
-972
-1511
-2103
-1777
-675
189
261
-58
-45
278
622
1132
1711
2051
1895
1504
1462
1833
2255
2380
2240
2070
1863
1675
1542
1423
1487
1541
1325
942
604
413
307
219
196
258
125
-327
-640
-595
-341
-172
-245
-264
-304
-412
-681
-811
-857
-1761
-2985
-2927
-1297
-62
-1541
-4422
-5177
-3424
-1809
-2109
-2865
-2564
-2570
-3849
-4429
-2468
273
364
-1807
-2485
-893
470
396
515
1929
2799
1812
751
1619
3427
3776
2772
2331
2848
3086
2292
1623
2050
2579
2039
1003
675
867
487
-515
-964
-390
144
-463
-1680
-2244
-2037
-1757
-1588
-1222
-849
-1174
-2022
-2374
-1581
-353
200
96
-131
-149
43
476
1249
1892
2006
1627
1260
1435
1909
2290
2436
2342
2126
1786
1531
1545
1659
1754
1650
1344
1034
682
378
284
315
371
249
-14
-326
-543
-540
-467
-389
-248
-159
-267
-590
-898
-902
-1269
-2474
-3186
-2138
-365
-469
-3041
-5105
-4379
-2340
-1679
-2409
-2537
-2348
-3396
-4622
-3636
-679
789
-795
-2477
-1858
-304
184
303
1444
2552
2012
679
913
2717
3727
3054
2427
2687
2935
2423
1744
1999
2613
2355
1447
980
993
735
-51
-637
-386
144
-41
-936
-1733
-2008
-1967
-1740
-1253
-817
-943
-1668
-2322
-2093
-1230
-435
-15
54
-159
-393
-273
466
1424
1866
1717
1383
1279
1463
1809
2266
2601
2470
2016
1615
1515
1631
1781
1859
1796
1477
938
544
444
501
580
508
315
-40
-445
-679
-554
-312
-289
-363
-379
-444
-668
-908
-774
-960
-2269
-3318
-2557
-458
15
-2431
-4978
-4744
-2517
-1379
-2050
-2481
-2307
-3008
-4283
-3912
-1236
845
-159
-2300
-2469
-856
315
562
1132
1993
1876
886
724
2100
3487
3339
2553
2315
2518
2498
2116
2080
2365
2279
1675
1139
958
833
320
-301
-373
-22
28
-635
-1535
-2036
-1965
-1571
-1093
-835
-1055
-1670
-2269
-2172
-1325
-456
-41
-154
-571
-661
-238
483
1187
1510
1528
1351
1218
1339
1723
2299
2589
2396
2079
1859
1765
1698
1699
1901
1979
1665
1101
696
579
540
556
592
480
142
-342
-671
-585
-353
-312
-326
-385
-585
-803
-932
-701
-888
-2222
-3322
-2644
-570
131
-2173
-4858
-4778
-2548
-1269
-1937
-2506
-2263
-2781
-4185
-4158
-1532
961
234
-2270
-2838
-1092
398
581
840
1767
1987
906
330
1642
3419
3565
2520
1970
2291
2551
2180
1935
2237
2454
1957
1248
931
809
510
19
-176
34
143
-385
-1275
-1882
-1800
-1233
-971
-1101
-1372
-1636
-1759
-1930
-1851
-1170
-359
-29
-418
-783
-483
168
779
1181
1460
1553
1299
1019
1268
2058
2650
2570
2115
1723
1645
1753
1877
2113
2235
1861
1213
747
613
771
875
802
577
110
-313
-511
-450
-295
-224
-275
-451
-657
-847
-827
-527
-915
-2471
-3580
-2633
-248
285
-2387
-5078
-4736
-2335
-1286
-2143
-2446
-1969
-2683
-4451
-4345
-1149
1395
67
-2645
-2864
-867
385
311
828
2035
2020
541
20
1730
3522
3413
2310
1927
2316
2368
1990
1979
2415
2481
1846
1181
872
812
622
187
-54
75
160
-272
-1208
-1878
-1771
-1274
-846
-769
-1056
-1564
-2190
-2372
-1624
-497
79
-262
-929
-1103
-663
198
1008
1402
1311
882
691
917
1490
2224
2552
2305
1783
1436
1576
1861
1991
2087
2005
1685
1197
779
770
999
1005
746
428
182
-100
-378
-435
-280
-147
-218
-404
-665
-883
-927
-553
-595
-1922
-3415
-3116
-809
557
-1393
-4499
-5035
-2850
-1250
-1811
-2341
-1825
-2153
-4017
-4714
-2043
1197
862
-1970
-3016
-1378
133
240
552
1803
2103
688
-195
1091
3111
3492
2496
1831
2013
2175
1956
1983
2344
2430
1882
1250
996
986
834
376
34
78
196
-24
-692
-1374
-1545
-1350
-1041
-798
-899
-1340
-1899
-2034
-1533
-910
-533
-485
-614
-689
-673
-230
529
964
984
861
921
1068
1182
1516
2041
2273
1933
1526
1560
1772
1785
1769
1933
1974
1550
987
786
934
995
806
625
421
54
-317
-432
-307
-199
-264
-332
-503
-846
-1049
-810
-178
-373
-2115
-3725
-3092
-543
716
-1356
-4268
-4656
-2676
-1399
-1900
-2041
-1399
-1992
-4051
-4571
-1792
1114
568
-1951
-2726
-1279
-122
-8
629
1862
1889
412
-309
1112
2919
3116
2287
1782
1924
2015
1867
2005
2284
2207
1650
1135
1105
1198
937
435
94
126
219
-23
-552
-1065
-1327
-1246
-924
-656
-775
-1243
-1705
-1757
-1308
-731
-365
-341
-601
-775
-556
50
637
807
725
637
742
917
1167
1601
1898
1816
1506
1407
1648
1792
1693
1639
1713
1641
1248
930
909
969
923
712
517
351
19
-251
-233
-129
-114
-256
-489
-671
-813
-812
-671
-277
-231
-1485
-3213
-3456
-1460
695
13
-2989
-4758
-3629
-1695
-1419
-1850
-1481
-1434
-2983
-4473
-3180
45
1219
-693
-2457
-1976
-572
-17
234
1175
1720
857
-162
413
2040
2723
2241
1737
1711
1742
1691
1952
2180
1953
1414
1175
1458
1470
976
550
347
222
107
88
110
-301
-1010
-1327
-999
-517
-528
-867
-1120
-1218
-1248
-1144
-682
-194
-187
-504
-591
-202
284
454
542
711
855
829
839
1188
1570
1643
1482
1419
1521
1550
1448
1461
1616
1550
1235
1016
922
856
744
605
521
391
102
-143
-164
-98
-158
-391
-549
-578
-660
-718
-679
-545
-382
-754
-1947
-3014
-2572
-643
517
-867
-3430
-4254
-2700
-1244
-1233
-1469
-1320
-1751
-3193
-3749
-1843
572
629
-1256
-2314
-1588
-514
1
574
1294
1242
350
-76
799
1949
2188
1897
1658
1520
1383
1485
1836
1907
1535
1135
1209
1373
1143
675
379
361
297
210
286
195
-377
-1016
-1108
-663
-216
-178
-509
-953
-1257
-1207
-701
-91
97
-159
-386
-405
-177
208
534
846
877
647
577
836
1205
1369
1320
1325
1392
1334
1199
1178
1350
1370
1173
976
909
891
687
408
349
420
355
90
-123
-158
-212
-432
-590
-494
-392
-474
-721
-815
-773
-757
-821
-1136
-1680
-2030
-1650
-818
-670
-1615
-2654
-2636
-1722
-1107
-1169
-1409
-1629
-2032
-2369
-1923
-783
-80
-426
-1156
-1317
-891
-295
353
835
776
309
99
514
1133
1409
1419
1405
1269
990
937
1304
1599
1414
1028
919
1039
1030
762
443
374
393
333
256
129
-173
-501
-527
-278
25
37
-305
-610
-670
-486
-181
46
70
-33
-115
-122
46
372
637
709
624
565
656
817
923
954
1029
1103
1108
1060
969
931
933
898
862
871
849
633
358
257
344
401
254
26
-120
-206
-322
-406
-393
-371
-411
-528
-623
-700
-756
-721
-579
-470
-729
-1331
-1820
-1653
-847
-378
-875
-1805
-2237
-1860
-1249
-933
-955
-1188
-1550
-1861
-1711
-1053
-529
-521
-750
-885
-853
-627
-238
182
370
209
63
293
736
917
784
772
922
997
1028
1066
1092
1063
920
816
945
1114
1061
764
421
280
362
501
495
311
67
-118
-170
-105
-5
90
69
-117
-243
-197
-86
14
87
158
206
203
224
245
341
467
541
614
650
696
687
638
704
899
1019
951
759
627
654
707
721
685
587
439
237
115
122
169
149
20
-121
-233
-325
-396
-412
-403
-437
-502
-573
-634
-680
-760
-772
-682
-622
-723
-1073
-1421
-1387
-935
-543
-702
-1254
-1672
-1575
-1102
-723
-642
-831
-1155
-1374
-1232
-821
-484
-400
-526
-691
-755
-602
-190
218
311
99
-84
4
325
617
709
686
646
668
678
743
871
923
842
728
749
811
784
704
621
545
491
462
459
421
297
167
168
219
206
207
193
149
82
1
26
187
339
277
141
116
187
348
483
525
464
355
299
356
522
654
663
584
452
391
441
518
590
534
413
279
135
125
173
201
119
-62
-143
-148
-152
-253
-472
-516
-432
-421
-456
-615
-775
-763
-680
-590
-586
-691
-733
-718
-661
-607
-677
-721
-722
-669
-558
-569
-573
-590
-674
-642
-532
-398
-319
-371
-515
-580
-448
-280
-204
-248
-330
-328
-252
-204
-116
-33
-54
-81
-128
-86
78
182
240
250
224
255
306
360
447
492
466
460
512
562
578
550
504
498
512
547
542
495
432
382
411
433
430
431
336
216
205
306
409
400
329
282
291
264
232
273
344
324
228
171
218
330
349
283
207
183
179
201
288
310
219
49
-58
35
118
50
-60
-193
-237
-187
-190
-197
-234
-362
-470
-445
-397
-381
-411
-459
-426
-414
-515
-556
-464
-371
-328
-360
-403
-408
-390
-345
-296
-245
-263
-338
-347
-324
-318
-307
-278
-237
-261
-306
-318
-312
-291
-278
-257
-270
-294
-282
-299
-290
-235
-196
-154
-151
-155
-118
-103
-54
35
73
143
204
199
233
279
317
359
417
463
466
467
445
440
439
444
481
492
455
410
384
357
358
365
359
349
307
238
221
256
275
289
331
282
181
157
176
198
217
219
225
226
188
144
105
94
91
95
83
39
26
-1
-59
-76
-85
-98
-119
-157
-179
-210
-234
-234
-204
-195
-255
-312
-294
-246
-257
-239
-217
-236
-227
-225
-229
-223
-217
-218
-213
-209
-201
-226
-274
-275
-221
-175
-181
-219
-230
-199
-189
-212
-202
-154
-144
-179
-217
-244
-226
-171
-114
-84
-81
-66
-75
-95
-81
-43
11
74
104
97
91
82
126
173
190
178
172
163
147
190
231
228
198
180
217
264
208
135
147
162
181
153
131
172
163
116
120
146
162
153
126
128
118
138
201
220
200
131
82
108
162
192
172
155
128
71
3
0
57
74
35
-36
-68
-71
-118
-147
-94
-46
-76
-158
-207
-169
-107
-73
-78
-98
-100
-111
-151
-168
-109
-71
-83
-108
-106
-56
-24
-68
-106
-120
-117
-112
-149
-121
-87
-119
-150
-163
-151
-111
-83
-126
-185
-184
-161
-133
-92
-49
-38
-60
-84
-59
6
44
60
82
95
97
103
106
110
126
126
107
126
155
135
98
83
90
113
105
95
85
41
25
34
66
99
67
7
-5
5
42
94
68
21
-10
-23
14
58
68
59
35
10
19
63
95
81
28
4
-11
-16
-8
-20
-2
-12
-39
-55
-45
-22
-57
-90
-98
-92
-64
-69
-68
-72
-89
-58
-42
-36
-5
-25
-46
-49
-25
35
31
10
-8
-30
-27
-26
-17
33
33
-24
-37
-29
-36
-17
-13
-33
-28
-55
-97
-99
-90
-60
-26
-8
-48
-95
-91
-41
27
26
5
13
31
56
89
108
129
127
91
96
112
141
169
139
130
131
143
138
86
83
91
73
57
64
66
30
8
7
15
31
9
-15
-17
-37
-24
3
3
6
-18
-52
-41
-35
-17
-5
-44
-35
-33
-70
-74
-58
-50
-70
-110
-119
-80
-39
-48
-86
-97
-106
-100
-84
-104
-101
-92
-111
-104
-104
-75
-45
-61
-53
-50
-50
-50
-46
-20
-13
0
-8
1
48
22
-14
4
17
35
28
-17
-28
-4
-8
-26
-6
0
-23
-46
-76
-45
11
17
25
0
-7
15
25
78
93
84
72
29
63
124
120
108
110
127
142
152
142
139
194
203
167
159
154
150
120
94
141
147
93
76
67
67
55
24
6
-5
11
-4
-39
-37
-2
-5
-64
-67
-77
-94
-69
-63
-65
-80
-99
-99
-78
-83
-103
-109
-123
-112
-70
-75
-96
-100
-112
-129
-133
-109
-104
-103
-93
-97
-99
-106
-100
-74
-54
-55
-53
-55
-65
-61
-51
-34
-28
-39
-15
-6
-20
-24
-19
6
19
10
-1
-6
-26
-55
-44
-19
-29
-40
-34
-37
-14
35
22
4
-6
-7
3
22
70
109
121
91
103
146
130
108
112
134
161
151
125
158
203
162
149
176
156
132
130
117
117
132
114
108
99
65
62
58
22
11
8
-10
-4
-5
-37
-53
-58
-46
-53
-74
-67
-66
-77
-86
-87
-61
-66
-93
-94
-93
-95
-109
-122
-109
-95
-92
-82
-106
-110
-86
-98
-94
-88
-106
-97
-77
-79
-50
-23
-54
-40
-9
-15
-15
-28
-13
8
7
32
14
2
25
1
1
3
-26
-39
-15
-9
-44
-50
-55
-58
-49
-49
-42
-21
-21
-33
-36
-25
-26
-29
1
20
53
84
62
98
123
99
111
100
112
148
154
161
155
140
166
172
143
139
151
152
138
108
85
85
67
55
47
30
44
48
5
-32
-48
-45
-33
-20
-26
-46
-53
-56
-61
-66
-47
-43
-79
-116
-113
-90
-95
-84
-88
-100
-82
-89
-102
-86
-89
-94
-74
-78
-77
-83
-84
-56
-60
-52
-33
-34
-17
-9
-34
-23
14
32
34
23
16
29
35
7
14
22
18
39
21
7
-3
-26
-28
-19
-14
-19
-48
-63
-25
-30
-42
-51
-55
-26
-42
-53
-14
20
32
11
3
42
55
48
70
95
104
97
102
122
122
111
100
105
125
136
152
169
151
126
108
107
122
109
92
87
59
31
35
34
6
-19
-41
-39
-28
-57
-76
-89
-91
-95
-110
-106
-82
-84
-108
-91
-83
-113
-125
-127
-115
-99
-105
-107
-97
-117
-128
-87
-32
-18
-51
-89
-76
-40
-39
-40
-16
21
22
-4
-23
-19
9
38
35
41
47
54
53
33
47
50
55
66
28
5
1
-17
-6
6
1
6
-2
-21
-38
-36
3
-32
-61
-31
-33
-3
10
-25
-23
-27
-31
1
35
43
55
93
97
83
90
91
99
140
150
142
146
136
123
110
110
131
138
123
113
102
76
57
51
37
44
35
21
19
-23
-20
1
-34
-87
-101
-103
-98
-93
-98
-93
-101
-119
-143
-142
-130
-155
-154
-127
-119
-112
-129
-135
-131
-128
-93
-76
-68
-49
-53
-69
-57
-48
-40
-25
-22
3
30
21
30
50
40
56
61
55
68
52
40
43
23
21
38
28
42
35
10
6
-10
2
0
-9
7
2
-14
-19
-7
7
-2
-19
-25
-15
4
12
23
24
23
34
25
35
53
64
67
56
70
92
99
104
101
104
127
134
117
106
99
125
125
116
131
94
58
66
85
89
82
61
14
-6
-11
-12
14
7
-39
-65
-85
-107
-99
-90
-94
-101
-131
-161
-172
-165
-174
-171
-141
-140
-145
-168
-180
-148
-134
-119
-119
-122
-106
-95
-71
-58
-54
-32
-10
-12
-6
16
12
25
66
59
49
65
79
79
62
55
61
74
77
71
63
60
56
26
16
9
9
14
11
32
17
-18
-28
-30
-14
-6
-31
-35
-7
6
-1
-11
-6
10
20
26
25
58
78
71
83
67
71
96
100
126
130
109
104
101
96
104
122
122
109
103
83
67
65
77
88
77
73
45
14
-5
-20
-5
-1
-17
-46
-70
-67
-71
-95
-111
-108
-104
-135
-167
-164
-163
-146
-126
-147
-172
-182
-190
-177
-153
-126
-102
-93
-108
-116
-94
-78
-61
-35
-4
13
4
0
19
50
67
69
64
64
69
64
74
87
94
83
58
35
19
31
53
49
26
2
-9
2
-17
-41
-36
-27
-18
-27
-48
-51
-45
-34
-21
-8
13
19
1
6
22
37
60
78
66
63
80
85
86
100
124
124
118
112
113
134
114
97
111
112
114
120
124
104
82
77
65
65
62
43
16
2
8
0
-18
-19
-36
-78
-73
-85
-100
-93
-116
-135
-134
-164
-186
-146
-139
-148
-145
-165
-168
-153
-158
-152
-122
-129
-125
-105
-102
-86
-57
-39
-31
-28
-30
2
41
39
44
62
68
71
79
79
93
105
97
83
74
71
67
60
49
48
36
21
9
-22
-12
-10
-39
-51
-67
-68
-43
-46
-66
-40
-33
-47
-34
-20
-14
6
22
13
45
75
61
81
76
69
105
120
116
127
133
111
98
105
103
98
97
89
94
94
74
89
90
54
17
26
61
58
43
18
-10
-21
-29
-28
-24
-43
-84
-95
-89
-79
-82
-101
-119
-120
-133
-143
-113
-111
-140
-154
-129
-105
-112
-122
-120
-109
-109
-99
-83
-77
-46
-38
-52
-14
26
27
29
37
45
43
38
56
107
107
66
78
91
83
58
56
76
80
62
48
57
41
13
2
-3
-5
0
-7
-25
-42
-58
-40
-39
-60
-74
-63
-34
-46
-43
-34
-27
-7
11
23
17
38
54
46
53
66
86
103
77
66
98
79
84
115
85
72
73
63
64
60
53
51
38
33
43
29
8
-8
-1
16
8
-3
-13
-25
-38
-50
-46
-42
-67
-81
-87
-94
-74
-80
-112
-122
-128
-120
-108
-109
-81
-80
-113
-106
-108
-94
-57
-42
-36
-40
-37
-4
2
-12
0
29
46
44
56
65
64
75
71
58
70
58
49
64
58
57
72
53
17
17
21
6
27
39
23
7
-6
-9
-22
-23
-30
-34
-28
-22
-6
-12
-30
-30
-11
-6
-9
-8
8
16
9
36
47
36
50
46
43
59
77
73
51
59
62
52
64
72
51
41
43
41
32
17
27
22
0
6
-1
10
10
-17
-8
-33
-85
-65
-40
-35
-33
-65
-104
-101
-81
-79
-78
-107
-105
-74
-112
-130
-111
-98
-75
-98
-105
-53
-42
-56
-51
-32
-1
10
-3
18
31
26
42
60
66
49
38
49
77
74
71
89
101
93
65
47
61
75
43
28
28
17
36
33
29
17
-12
-16
-25
-37
-8
20
13
-19
-47
-25
-16
-23
-17
0
17
22
19
14
26
26
8
27
34
31
38
25
38
59
40
14
25
27
28
46
39
24
19
2
-8
9
22
11
-6
-3
-16
-27
-29
-22
-8
-27
-46
-56
-33
-2
-24
-49
-67
-84
-71
-36
-28
-49
-70
-95
-110
-99
-97
-84
-69
-83
-95
-96
-85
-80
-53
-33
-27
-22
-21
-4
12
19
31
40
58
77
70
64
77
95
90
106
116
81
68
67
57
78
74
46
52
41
6
-12
-1
12
18
-4
-12
-5
-29
-27
-15
-18
-4
-6
-13
-12
-6
6
16
35
51
59
50
40
40
42
43
38
51
48
42
56
23
2
2
6
22
18
13
-8
-27
-28
-24
-15
-25
-24
-22
-35
-54
-64
-30
-22
-25
-21
-50
-65
-36
-16
-28
-42
-42
-46
-66
-80
-55
-32
-41
-50
-67
-66
-61
-75
-67
-50
-53
-82
-85
-50
-32
-41
-58
-58
-28
-1
-7
4
23
34
25
28
59
72
81
84
86
83
72
66
84
106
93
83
72
67
60
26
12
47
57
32
8
7
23
17
-12
-8
16
0
-8
-18
-17
8
-5
-13
-10
0
22
26
27
30
23
15
12
27
41
41
38
14
19
17
-18
1
29
15
20
14
-27
-27
-20
-16
1
-14
-35
-33
-33
-29
-15
-22
-36
-53
-67
-56
-29
-28
-35
-24
-44
-60
-46
-38
-29
-35
-44
-49
-64
-57
-40
-57
-58
-55
-57
-29
-36
-47
-8
-10
-43
-65
-67
-36
-9
8
15
23
28
13
16
28
50
71
57
51
59
61
70
71
67
69
54
30
38
51
52
57
47
37
41
9
-18
9
23
31
22
2
5
3
-10
-2
13
14
20
27
32
26
18
25
18
12
18
3
9
42
32
15
5
-4
15
21
8
-6
-9
3
9
11
-4
-18
3
1
-24
-35
-31
-10
-16
-26
-21
-43
-55
-41
-30
-25
-43
-53
-45
-56
-45
-24
-46
-55
-57
-65
-59
-71
-53
-18
-46
-59
-57
-57
-36
-38
-31
-22
-33
-31
-27
-19
-27
-10
15
16
15
17
37
51
42
43
65
65
56
52
51
57
61
46
38
51
36
27
36
30
19
29
17
-4
0
13
9
1
8
-90
-202
-162
-1
139
81
-86
-108
58
202
192
81
20
78
195
224
147
53
11
67
132
115
51
18
33
34
-14
-53
-79
-76
-33
-33
-80
-104
-91
-64
-74
-109
-132
-101
-36
-36
-43
-44
-54
-51
-58
-40
-22
-1
1
-23
-36
-37
-18
-7
0
-21
-67
-47
-34
-48
-25
-25
-32
-34
-48
-13
23
2
-33
-48
-49
-67
-54
-16
12
-61
-249
-307
-120
136
167
-93
-236
-59
153
245
181
88
114
219
292
201
55
-11
54
164
110
28
51
73
45
-55
-84
2
36
11
-28
-38
-17
-15
-60
-75
-18
28
54
56
34
72
121
103
96
61
62
127
122
79
28
-7
6
2
-13
3
7
-30
-61
-48
-48
-66
-71
-70
-53
-52
-55
-40
-41
-46
-56
-58
-23
-27
-37
-26
-23
-6
-31
-66
-70
-35
-20
-58
-47
1
-3
-59
-117
-106
-38
-34
-68
-68
-33
-27
-62
-63
-43
-36
-39
-13
6
-8
-12
-4
24
39
-2
6
50
39
40
43
35
27
4
1
20
34
11
-11
34
68
52
39
23
31
56
40
44
84
60
25
24
30
31
10
8
22
22
21
27
52
74
63
54
46
56
72
54
51
50
40
41
25
-5
-7
8
7
13
-2
-16
-12
-22
-25
-31
-26
-25
-19
-31
-55
-37
1
-3
-49
-60
-33
-29
-32
-22
-28
-34
-22
-32
-49
-42
-35
-27
-14
-36
-57
-32
-21
-36
-42
-39
-27
-21
-33
-41
-46
-48
-60
-58
-32
-14
-3
-12
-30
-5
3
-24
-9
1
29
56
27
20
20
15
19
16
34
49
60
65
37
27
19
6
39
46
9
-2
-11
-11
22
14
-17
-6
8
3
1
0
-6
24
42
27
19
16
31
44
37
19
24
13
0
39
49
39
16
0
16
28
21
20
44
28
-5
-12
-13
14
28
12
18
7
-36
-36
-19
-10
2
-31
-60
-30
-19
-25
-38
-49
-34
-28
-27
-8
-12
-27
-15
-11
-13
-18
-15
-29
-35
-38
-41
-9
-11
-17
-17
-43
-23
-18
-32
-12
7
2
-21
-32
-31
5
7
-9
23
36
34
28
19
33
53
38
16
21
19
25
32
-6
-23
