-19
-19
-25
-29
-26
-26
-27
-22
-24
-27
-24
-22
-22
-23
-24
-18
-13
-11
-11
-12
-13
-8
-5
-3
-5
-4
-1
0
1
-1
0
5
7
3
-1
-9
-17
-18
-26
-33
-43
-52
-50
-44
-44
-37
-30
-23
-15
-9
-1
3
5
3
7
17
22
33
43
48
53
62
71
75
76
77
75
73
67
61
57
52
45
37
36
38
35
36
34
33
31
23
22
17
9
8
2
1
2
-1
-4
-8
-14
-17
-16
-17
-19
-20
-18
-19
-17
-15
-17
-12
-11
-15
-9
-8
-7
-5
-10
-12
-6
-11
-11
-5
1
5
5
5
7
10
6
0
-4
-4
-5
-8
-13
-13
-11
-10
-12
-9
-11
-14
-18
-17
-16
-22
-22
-26
-29
-28
-28
-23
-19
-25
-25
-17
-18
-16
-17
-15
-11
-12
-15
-13
-13
-15
-13
-10
-9
-3
-1
0
-1
-4
0
-5
-20
-36
-43
-40
-42
-59
-78
-83
-69
-58
-53
-44
-32
-22
-13
-4
5
15
18
16
16
25
39
55
63
67
76
90
101
105
102
100
95
82
69
62
59
49
33
26
27
31
33
31
27
25
22
23
21
18
15
11
12
10
6
7
11
8
1
-4
-8
-7
-18
-36
-44
-44
-47
-50
-45
-37
-32
-31
-22
-8
-3
-9
-7
-7
-11
-11
-9
-4
0
2
5
17
27
26
24
22
16
9
0
-4
1
-10
-24
-28
-25
-23
-29
-29
-31
-39
-47
-48
-44
-39
-43
-53
-58
-56
-45
-42
-42
-39
-20
-10
-18
-14
-10
-12
-14
-13
-12
-14
-9
-4
-7
-9
-8
0
10
20
-5
-76
-138
-157
-147
-177
-251
-290
-272
-251
-228
-209
-190
-145
-111
-91
-55
-9
29
49
45
54
111
185
229
257
272
313
372
407
421
417
392
340
286
239
217
183
112
51
30
29
37
45
30
17
6
7
16
9
-4
-16
-21
-4
21
54
91
119
132
141
155
165
148
102
59
8
-54
-93
-126
-162
-189
-202
-191
-186
-170
-133
-115
-109
-93
-76
-64
-52
-42
-24
0
21
38
64
95
115
110
112
116
100
80
45
5
-6
-7
-16
-30
-76
-119
-126
-127
-159
-177
-185
-187
-174
-183
-163
-133
-130
-113
-96
-68
-23
-34
-29
4
10
19
3
-2
-11
-37
-44
-46
-35
-30
-63
-187
-356
-454
-509
-538
-645
-829
-882
-827
-757
-653
-542
-411
-259
-155
-47
107
226
285
321
353
432
568
692
754
774
811
882
944
955
909
842
731
556
382
246
125
-22
-196
-327
-350
-285
-238
-235
-199
-169
-114
-37
-11
36
99
118
133
177
275
395
447
480
533
578
595
571
519
398
238
95
-56
-208
-332
-408
-480
-562
-575
-532
-480
-432
-408
-380
-312
-227
-164
-110
-30
48
113
195
295
378
428
470
451
419
405
352
274
138
18
-32
-104
-176
-246
-319
-348
-411
-458
-438
-426
-436
-452
-438
-386
-333
-257
-185
-153
-84
-20
47
152
133
95
140
140
138
119
59
-14
-103
-284
-585
-884
-1070
-1215
-1403
-1672
-1867
-1811
-1653
-1432
-1209
-982
-662
-319
-7
267
549
787
903
962
1056
1220
1368
1466
1527
1547
1611
1704
1697
1578
1366
1117
834
477
129
-163
-419
-708
-959
-1037
-977
-847
-711
-563
-375
-192
-8
132
287
387
404
495
618
745
900
1017
1063
1107
1177
1214
1126
922
667
415
150
-144
-389
-646
-895
-1032
-1102
-1101
-1009
-920
-842
-696
-542
-378
-192
-42
87
181
290
456
603
721
808
852
846
820
803
699
546
361
139
-13
-175
-369
-518
-644
-728
-777
-792
-767
-753
-727
-711
-684
-605
-516
-394
-303
-259
-170
-46
71
165
220
240
266
288
252
146
10
-168
-492
-961
-1410
-1691
-1879
-2164
-2492
-2608
-2439
-2089
-1757
-1456
-1007
-483
-30
305
614
953
1189
1288
1375
1511
1694
1876
1998
2020
1982
2017
2076
1963
1668
1313
952
543
40
-447
-760
-993
-1254
-1412
-1377
-1159
-891
-650
-372
-68
257
534
705
829
910
952
1030
1112
1190
1274
1338
1335
1258
1200
1118
908
567
171
-188
-526
-897
-1187
-1321
-1394
-1406
-1324
-1170
-933
-687
-495
-251
-8
159
341
527
643
707
785
915
1003
988
991
996
906
754
598
429
191
-81
-322
-477
-631
-805
-911
-968
-979
-925
-862
-797
-720
-673
-570
-414
-303
-211
-84
31
165
309
363
404
458
411
298
84
-186
-467
-1007
-1736
-2341
-2584
-2586
-2784
-3193
-3269
-2785
-2103
-1512
-1053
-617
-113
349
732
1103
1423
1596
1633
1671
1807
2048
2283
2343
2188
1966
1884
1874
1614
1068
479
-8
-413
-822
-1173
-1341
-1443
-1536
-1458
-1083
-509
-58
214
478
808
1173
1449
1564
1534
1442
1411
1445
1443
1423
1356
1228
1022
795
659
480
108
-455
-937
-1216
-1446
-1598
-1676
-1692
-1565
-1338
-1019
-594
-215
35
278
513
746
970
1096
1083
984
970
1046
1064
986
846
689
550
404
233
34
-210
-458
-713
-832
-833
-880
-905
-889
-820
-691
-523
-323
-173
-131
-65
44
168
301
343
378
395
378
363
284
141
-73
-373
-719
-1149
-1747
-2409
-2910
-3125
-3340
-3651
-3750
-3492
-2904
-2256
-1681
-956
-158
487
1041
1552
1969
2208
2266
2248
2211
2162
2086
2004
1852
1591
1378
1239
1021
640
139
-293
-623
-1003
-1316
-1412
-1416
-1410
-1286
-933
-389
200
715
1155
1588
2001
2308
2468
2437
2234
1966
1665
1366
1069
805
569
285
16
-173
-334
-564
-855
-1146
-1347
-1448
-1527
-1533
-1445
-1221
-859
-493
-141
254
642
917
1074
1178
1275
1297
1176
1003
824
678
612
475
269
131
30
-65
-181
-308
-439
-529
-602
-697
-734
-674
-584
-488
-332
-150
10
139
264
404
484
485
461
422
370
315
189
30
-154
-395
-625
-888
-1166
-1509
-2057
-2811
-3401
-3581
-3550
-3580
-3709
-3637
-2974
-1948
-1068
-364
314
990
1597
2034
2312
2503
2484
2231
1910
1710
1580
1450
1224
855
508
308
200
15
-355
-799
-1078
-1233
-1307
-1266
-1090
-813
-498
-56
588
1318
1909
2262
2498
2698
2784
2677
2399
1956
1439
980
613
298
-13
-293
-517
-727
-867
-918
-955
-1069
-1225
-1280
-1197
-988
-773
-572
-287
82
483
837
1105
1266
1296
1250
1134
979
807
578
342
146
19
-9
-44
-97
-147
-196
-220
-261
-356
-437
-477
-482
-449
-415
-279
-93
81
253
402
573
709
696
613
557
376
209
143
-47
-304
-486
-739
-946
-1104
-1386
-1596
-1918
-2602
-3257
-3452
-3368
-3367
-3551
-3630
-3064
-2116
-1333
-564
255
979
1588
2052
2390
2648
2562
2177
1849
1542
1240
1029
797
437
62
-149
-179
-204
-440
-714
-856
-961
-979
-885
-671
-392
-150
245
861
1463
1986
2378
2606
2724
2694
2553
2280
1793
1203
663
273
-54
-427
-684
-845
-980
-997
-952
-900
-852
-847
-790
-670
-501
-302
-77
139
363
625
877
1083
1117
1005
885
765
619
463
271
98
-35
-136
-136
-46
38
56
10
8
21
-3
-42
-139
-226
-224
-163
-54
93
213
359
543
624
632
632
505
363
222
12
-145
-307
-590
-831
-1057
-1234
-1430
-1807
-2343
-2912
-3292
-3409
-3472
-3695
-3842
-3570
-2766
-1888
-1206
-490
418
1247
1821
2219
2524
2631
2380
1952
1604
1322
979
590
231
8
-155
-242
-250
-336
-481
-602
-635
-625
-628
-544
-373
-86
262
747
1400
1937
2237
2459
2656
2698
2521
2156
1690
1147
556
33
-306
-557
-839
-981
-984
-945
-707
-478
-395
-315
-283
-198
-50
26
125
269
387
488
635
804
848
797
685
535
390
214
10
-145
-216
-270
-209
-45
76
168
226
250
273
288
206
74
14
-31
-41
-1
79
195
288
377
447
469
444
383
308
128
-89
-245
-489
-785
-1020
-1208
-1334
-1551
-2061
-2666
-3091
-3228
-3195
-3322
-3557
-3510
-2952
-2107
-1328
-677
40
836
1486
1971
2302
2432
2269
1839
1427
1124
765
369
11
-245
-336
-370
-363
-305
-322
-385
-425
-428
-343
-172
-37
171
473
848
1363
1869
2243
2405
2440
2449
2323
2009
1540
987
427
-118
-505
-710
-858
-998
-1038
-897
-628
-337
-129
-8
63
116
223
369
438
420
434
488
528
633
665
578
475
284
123
66
-45
-187
-261
-244
-152
-25
54
123
206
251
240
227
227
164
98
58
69
149
208
281
396
456
487
470
347
240
151
-11
-172
-364
-646
-912
-1153
-1300
-1410
-1790
-2353
-2846
-3169
-3254
-3295
-3484
-3532
-3225
-2560
-1660
-841
-112
676
1347
1835
2202
2406
2397
2087
1563
1102
770
406
13
-320
-466
-528
-549
-443
-289
-197
-224
-259
-223
-85
111
301
503
761
1163
1632
2029
2283
2391
2381
2225
1893
1465
1020
473
-161
-682
-924
-957
-1000
-984
-814
-550
-167
126
312
469
535
566
547
513
475
409
346
293
276
270
288
242
107
26
11
-18
-70
-93
-89
-11
95
169
250
329
364
359
312
305
311
233
186
167
211
282
275
258
275
308
285
181
66
7
-48
-249
-670
-993
-1129
-1286
-1568
-2092
-2652
-3029
-3218
-3286
-3307
-3370
-3348
-2949
-2230
-1426
-637
18
684
1302
1704
2007
2133
2040
1721
1242
846
499
138
-140
-360
-499
-561
-537
-416
-219
-89
-75
-7
152
302
505
779
990
1213
1513
1855
2123
2236
2258
2138
1905
1545
1059
575
27
-482
-862
-1074
-1084
-1081
-1013
-760
-427
-13
315
522
645
673
743
784
737
628
507
475
476
414
357
325
290
188
40
-34
-54
-137
-189
-170
-125
-24
80
101
114
196
251
231
191
197
261
318
292
370
473
443
399
411
423
400
212
21
-108
-351
-677
-1018
-1288
-1519
-1830
-2366
-2904
-3290
-3467
-3452
-3428
-3522
-3363
-2746
-1902
-1120
-454
254
1081
1658
1885
2083
2198
2061
1577
1014
688
394
-72
-456
-673
-666
-671
-739
-630
-390
-201
-94
-25
127
382
671
919
1140
1395
1692
2061
2306
2318
2264
2167
1888
1435
932
488
-10
-520
-883
-969
-919
-893
-797
-566
-222
127
346
498
606
624
613
583
520
450
394
383
399
354
329
341
319
259
204
157
162
148
81
65
91
135
157
142
145
197
224
187
160
219
240
231
270
275
307
365
311
272
238
86
-22
-168
-406
-638
-953
-1253
-1425
-1675
-2216
-2821
-3267
-3453
-3447
-3525
-3560
-3319
-2824
-2052
-1230
-481
270
984
1569
1865
2034
2094
1942
1572
1020
548
276
-101
-470
-652
-666
-619
-677
-633
-399
-167
-51
-27
52
327
641
880
1086
1319
1595
1934
2177
2222
2147
1998
1706
1335
872
390
-20
-401
-675
-779
-687
-560
-445
-208
115
437
679
686
655
674
626
553
440
299
257
263
269
317
310
313
320
287
202
106
46
50
107
126
114
151
227
273
294
303
291
297
289
276
318
358
341
339
334
350
369
296
174
50
-89
-315
-570
-925
-1312
-1571
-1846
-2284
-2817
-3366
-3655
-3549
-3466
-3607
-3546
-3021
-2114
-1225
-652
57
913
1477
1725
1867
1967
1913
1449
849
475
218
-151
-497
-676
-701
-681
-733
-650
-367
-60
82
130
200
426
772
1025
1153
1288
1536
1869
2085
2100
1979
1832
1563
1176
765
361
-15
-386
-664
-726
-628
-524
-366
-121
222
550
757
843
892
880
778
656
578
512
388
296
319
383
368
278
227
283
306
199
93
86
141
142
65
77
147
196
175
159
237
309
307
288
342
415
435
413
437
451
405
292
195
133
1
-236
-560
-937
-1266
-1491
-1862
-2531
-3335
-3930
-4031
-3952
-4042
-4078
-3773
-2920
-1882
-1082
-268
627
1443
1892
1993
2111
2118
1820
1242
642
280
10
-341
-624
-672
-561
-566
-655
-521
-244
-35
-21
-97
62
399
737
1011
1180
1450
1813
2094
2222
2165
2014
1724
1336
942
594
218
-284
-611
-637
-566
-505
-408
-172
175
399
499
622
708
652
440
344
398
385
325
270
375
527
540
496
469
535
551
450
351
362
408
399
370
338
315
233
167
156
118
68
83
128
198
237
244
393
498
453
375
300
290
186
-56
-245
-514
-854
-1174
-1381
-1650
-2294
-3094
-3779
-3992
-3871
-3973
-4118
-3928
-3220
-2188
-1379
-627
292
1179
1712
1836
1910
2002
1819
1245
559
164
-13
-306
-553
-594
-449
-334
-381
-305
27
290
300
153
149
446
837
1057
1105
1302
1610
1905
2054
2027
1928
1626
1197
859
529
148
-278
-614
-624
-480
-364
-188
93
385
547
636
721
761
735
506
344
384
318
227
142
167
315
321
287
311
367
426
368
303
293
289
314
330
352
337
287
315
358
370
303
229
294
325
338
328
367
454
402
336
259
191
110
-75
-296
-639
-1036
-1403
-1710
-2080
-2884
-3794
-4319
-4179
-3930
-4111
-4170
-3516
-2310
-1282
-683
74
1152
1843
1873
1738
1835
1861
1286
446
21
-110
-289
-646
-795
-580
-411
-424
-451
-232
111
250
193
152
368
779
1210
1461
1582
1800
2089
2261
2238
2039
1639
1249
852
494
202
-138
-438
-595
-481
-295
-129
88
286
446
558
688
752
682
604
466
414
392
324
302
229
269
329
266
234
193
195
244
290
332
284
350
481
547
489
300
195
252
264
208
139
127
309
421
395
425
464
470
455
308
203
108
-84
-409
-820
-1116
-1437
-1693
-2099
-2794
-3414
-4051
-4233
-3999
-3989
-3963
-3781
-2893
-1575
-727
-73
740
1641
2080
1879
1785
1819
1583
911
102
-201
-278
-545
-765
-739
-559
-465
-538
-375
-30
169
171
98
283
670
1072
1383
1547
1744
1959
2160
2252
2126
1804
1347
942
596
284
-77
-421
-498
-377
-218
-92
31
284
530
617
642
696
789
763
600
491
461
486
409
296
325
357
353
296
243
256
276
316
316
315
398
418
493
479
307
270
249
236
216
183
239
304
410
448
502
620
556
488
454
258
112
-8
-352
-771
-1270
-1629
-1886
-2509
-3354
-4177
-4489
-4408
-4406
-4257
-4041
-3368
-2222
-1320
-348
543
1259
1895
1849
1712
1697
1447
1070
384
-89
-216
-381
-468
-570
-480
-380
-538
-505
-285
-79
48
-17
119
525
867
1279
1621
1903
2105
2090
2111
2160
1939
1400
859
592
412
110
-243
-345
-236
-143
-17
83
202
380
483
546
574
582
589
571
559
484
478
521
472
364
258
238
257
239
202
217
365
494
522
513
504
529
507
353
203
190
247
259
197
231
384
534
586
533
574
638
617
433
211
92
-55
-280
-664
-966
-1286
-1678
-2121
-2840
-3672
-4447
-4767
-4591
-4444
-4260
-3918
-2962
-1558
-560
224
981
1733
2048
1707
1466
1381
1158
617
-102
-275
-187
-265
-411
-450
-241
-202
-485
-542
-366
-246
-222
-212
202
761
1240
1668
1987
2290
2329
2165
2072
1921
1535
945
489
357
348
131
-252
-229
43
224
227
99
288
513
470
373
390
649
689
513
437
448
618
514
272
169
121
174
191
168
245
353
438
531
559
576
578
591
519
374
322
346
455
458
384
489
588
627
639
496
495
535
370
231
-4
-202
-227
-579
-1011
-1311
-1754
-2089
-2773
-3637
-4293
-4774
-4692
-4544
-4280
-3783
-3177
-1942
-849
21
885
1267
1703
1652
1304
1273
1023
734
306
-109
-17
22
-67
-178
-308
-271
-483
-699
-586
-419
-235
-106
190
849
1381
1783
2106
2294
2354
2103
1828
1677
1401
967
539
371
455
448
175
10
62
177
184
-12
-8
194
354
420
441
708
945
856
710
539
558
509
225
89
48
136
194
131
251
386
400
429
420
428
457
421
379
351
387
405
479
569
527
478
500
564
634
558
414
441
481
430
310
134
-109
-393
-863
-1182
-1551
-2099
-2747
-3559
-4154
-4671
-4855
-4579
-4309
-3852
-3355
-2616
-1271
-285
480
903
1129
1441
1269
1082
1054
911
689
263
141
273
188
27
-300
-570
-721
-873
-788
-455
-296
14
414
927
1574
1891
2133
2271
2190
2002
1727
1628
1519
1209
945
786
832
701
333
125
-28
-135
-201
-338
-201
77
259
422
629
848
928
892
799
613
449
348
219
219
191
198
274
257
316
298
188
221
273
304
362
416
519
594
590
626
627
554
469
359
405
401
436
484
454
687
675
489
293
51
-127
-523
-923
-1400
-1744
-1979
-2675
-3392
-3955
-4393
-4533
-4555
-4318
-3838
-3272
-2635
-1770
-735
139
660
895
1065
1167
1223
1053
888
874
661
434
265
154
127
-188
-621
-901
-940
-815
-608
-331
-14
405
845
1323
1720
1908
1990
2025
1936
1815
1757
1757
1620
1389
1159
969
864
506
71
-121
-250
-295
-295
-207
36
311
547
628
744
876
820
690
509
392
449
425
380
378
395
401
335
271
203
207
200
170
278
447
601
646
606
572
557
519
467
383
324
386
457
571
707
723
712
636
481
330
5
-316
-618
-1091
-1425
-1616
-1921
-2453
-3290
-4073
-4513
-4619
-4642
-4583
-4073
-3452
-2845
-1963
-1002
-32
546
585
722
940
1034
1066
1057
1150
1162
871
643
568
386
-99
-736
-1059
-1134
-1070
-753
-448
-39
388
681
1136
1465
1624
1720
1637
1624
1697
1789
1924
1902
1781
1543
1294
1086
624
261
70
-76
-50
-42
87
310
428
523
515
543
606
516
409
389
445
573
634
660
633
564
488
287
117
27
44
151
186
295
517
640
678
627
482
423
312
191
234
350
539
722
837
884
929
811
635
518
237
-93
-371
-815
-1083
-1235
-1601
-2050
-2604
-3312
-4084
-4721
-5004
-4778
-4339
-3968
-3534
-2788
-1920
-1022
-324
38
267
449
497
762
1181
1408
1489
1342
1163
1010
725
310
-146
-634
-1006
-1154
-1055
-722
-207
234
526
669
788
990
1266
1386
1356
1467
1683
1906
2057
2105
2042
1765
1333
962
711
520
301
156
198
336
467
463
421
455
364
225
224
286
359
499
652
774
773
723
629
531
396
167
58
65
159
286
392
531
602
542
476
344
248
190
130
172
295
470
654
617
677
807
758
710
433
395
284
-93
-297
-682
-932
-1180
-1746
-2129
-2854
-3765
-4420
-4939
-4785
-4517
-4311
-3744
-3158
-2478
-1779
-1221
-534
-202
-67
178
419
993
1453
1650
1825
1629
1328
973
532
231
-281
-755
-912
-886
-721
-387
-46
233
274
160
300
580
931
1133
1278
1728
2018
2146
2282
2213
2104
1737
1328
1176
1002
868
695
555
573
461
318
134
-16
56
18
-23
115
265
494
686
700
757
724
634
555
392
366
375
349
360
402
472
544
560
436
299
270
231
142
77
137
304
369
377
528
678
717
670
512
445
542
434
223
85
-250
-620
-996
-1352
-1701
-2331
-3216
-4034
-4519
-4721
-4653
-4302
-3909
-3579
-3167
-2613
-1986
-1380
-936
-585
-141
163
548
1175
1678
1931
1841
1528
1302
1026
647
350
34
-221
-391
-549
-464
-210
-73
-85
-197
-169
39
333
624
883
1264
1634
1774
1912
2124
2219
2079
1731
1513
1541
1444
1170
991
928
771
392
117
64
11
-104
-250
-151
99
200
288
389
510
554
489
518
636
692
674
685
731
747
727
702
679
550
385
293
280
244
143
96
90
141
167
231
351
440
463
374
390
445
334
356
248
56
-230
-731
-919
-1324
-1934
-2719
-3749
-4242
-4497
-4511
-4198
-4110
-3759
-3464
-3177
-2531
-2128
-1588
-1104
-852
-243
297
888
1557
1763
1883
1719
1453
1369
1140
963
702
394
308
105
22
81
-46
-264
-547
-588
-325
-42
169
423
770
1146
1415
1611
1895
2000
1845
1763
1843
1983
1907
1692
1592
1400
1073
694
438
367
145
-126
-196
-170
-102
-80
-101
-66
-55
-57
6
143
304
362
455
571
624
715
787
885
870
752
701
620
563
448
307
291
257
233
230
197
250
218
156
138
58
17
44
60
119
161
-77
-378
-584
-843
-1167
-1788
-2614
-3225
-3680
-3748
-3573
-3566
-3480
-3477
-3477
-3140
-2791
-2385
-2026
-1757
-1290
-787
-112
605
1071
1325
1280
1247
1440
1533
1609
1577
1378
1245
990
898
966
782
401
-41
-179
-87
-33
5
61
200
387
479
637
993
1193
1181
1165
1317
1579
1691
1686
1698
1630
1449
1250
1141
1076
834
545
345
249
247
170
73
45
-41
-136
-119
-96
-55
-28
5
134
195
282
423
511
524
529
549
522
496
441
326
255
256
204
146
105
36
-26
-106
-142
-212
-293
-285
-233
-172
-155
-125
-119
-234
-457
-678
-896
-1193
-1660
-2073
-2162
-2114
-2126
-2253
-2407
-2488
-2553
-2633
-2531
-2278
-2121
-2056
-1929
-1562
-1073
-729
-515
-345
-194
-5
245
602
920
1015
1023
1061
1188
1359
1373
1301
1173
1004
923
895
965
996
884
822
777
716
699
696
747
768
731
746
795
912
979
984
946
859
790
731
741
728
690
632
568
552
527
527
470
352
287
248
223
248
255
248
255
284
325
328
329
334
291
233
197
191
210
163
110
103
76
49
41
-1
-31
-58
-155
-141
-45
-10
15
18
6
11
3
-10
17
-7
-101
-239
-456
-649
-816
-1015
-1111
-1265
-1632
-1939
-2134
-2184
-2137
-2286
-2512
-2666
-2750
-2626
-2472
-2342
-2202
-2284
-2230
-1898
-1536
-1134
-913
-813
-630
-382
-22
336
568
702
766
844
1039
1338
1563
1601
1541
1453
1509
1690
1799
1848
1790
1652
1614
1669
1813
1968
1904
1713
1587
1571
1640
1679
1594
1439
1310
1274
1314
1341
1254
1073
872
733
686
647
527
318
202
133
75
24
-75
-150
-228
-343
-396
-390
-384
-403
-465
-514
-534
-534
-508
-488
-438
-360
-380
-419
-338
-248
-165
-114
-149
-82
-31
-38
47
71
1
-169
-477
-732
-836
-881
-978
-1268
-1655
-1955
-2129
-2135
-2093
-2232
-2529
-2801
-2852
-2615
-2332
-2228
-2251
-2345
-2288
-1886
-1364
-971
-872
-877
-714
-340
124
480
653
676
709
853
1166
1526
1710
1643
1521
1547
1647
1772
1855
1861
1752
1616
1612
1744
1922
1981
1826
1614
1542
1597
1682
1661
1503
1332
1227
1244
1327
1295
1183
992
752
676
674
619
482
232
37
-21
-16
-48
-147
-262
-378
-434
-439
-407
-387
-477
-554
-574
-552
-468
-418
-414
-375
-350
-348
-304
-253
-197
-173
-165
-102
-63
-14
57
58
41
21
-20
-19
-129
-481
-795
-967
-1005
-1005
-1296
-1708
-1955
-2075
-2049
-1982
-2073
-2252
-2547
-2707
-2466
-2126
-1879
-1879
-2019
-1862
-1490
-1085
-693
-559
-578
-480
-242
182
634
838
809
688
761
1101
1421
1612
1569
1363
1298
1355
1532
1725
1658
1445
1290
1285
1533
1796
1740
1488
1287
1289
1402
1481
1481
1334
1131
1044
1126
1260
1248
1011
765
671
693
692
558
413
295
181
105
72
46
-3
-118
-204
-199
-199
-195
-258
-318
-297
-277
-257
-280
-289
-222
-227
-272
-268
-293
-265
-243
-267
-221
-174
-181
-218
-233
-183
-82
-84
-173
-283
-560
-877
-1032
-1058
-957
-1079
-1626
-2041
-2145
-2034
-1801
-1866
-2189
-2515
-2726
-2464
-1940
-1636
-1667
-1993
-2068
-1607
-988
-528
-440
-557
-532
-289
224
749
914
827
655
654
1019
1399
1579
1582
1382
1235
1281
1424
1575
1598
1432
1252
1166
1269
1509
1644
1536
1259
1129
1227
1385
1465
1392
1212
1062
1014
1101
1227
1190
1004
757
633
713
755
639
449
271
164
103
79
68
-24
-129
-186
-248
-246
-235
-274
-316
-358
-377
-361
-307
-267
-300
-349
-359
-360
-348
-301
-283
-229
-216
-266
-253
-251
-200
-151
-201
-197
-247
-415
-682
-1034
-1149
-1052
-1011
-1220
-1713
-2059
-2037
-1802
-1589
-1742
-2144
-2456
-2493
-2071
-1506
-1320
-1530
-1847
-1813
-1258
-626
-347
-463
-663
-583
-163
408
790
724
476
413
617
1014
1286
1297
1202
1112
1117
1227
1355
1431
1413
1316
1272
1297
1366
1510
1569
1508
1431
1305
1258
1325
1439
1487
1361
1191
1105
1139
1205
1173
1019
845
708
624
621
619
536
365
167
57
41
63
64
-37
-178
-257
-305
-278
-225
-250
-318
-395
-412
-359
-285
-289
-329
-346
-380
-375
-337
-287
-234
-238
-279
-261
-210
-171
-173
-241
-291
-305
-493
-852
-1089
-1114
-940
-888
-1313
-1862
-2168
-2105
-1633
-1446
-1762
-2192
-2615
-2470
-1798
-1300
-1201
-1651
-2105
-1773
-1037
-406
-192
-561
-833
-644
-110
612
878
628
329
217
600
1161
1386
1308
1025
822
948
1223
1474
1544
1315
1143
1151
1233
1459
1583
1515
1377
1195
1169
1323
1427
1447
1339
1166
1096
1101
1198
1284
1200
1021
851
774
768
747
698
568
383
240
167
185
225
125
-38
-158
-238
-249
-226
-202
-201
-301
-398
-386
-323
-249
-271
-331
-367
-403
-359
-300
-275
-247
-300
-360
-335
-278
-237
-253
-293
-314
-336
-523
-896
-1141
-1151
-981
-872
-1239
-1746
-2044
-2009
-1558
-1334
-1553
-1972
-2423
-2299
-1660
-1176
-1046
-1468
-1943
-1764
-1122
-369
-114
-476
-760
-685
-171
512
761
603
263
110
478
962
1230
1246
965
739
776
968
1237
1333
1197
1070
1011
1088
1296
1436
1472
1340
1090
997
1124
1305
1395
1287
1095
976
927
1024
1184
1208
1055
829
716
739
816
811
670
490
313
222
279
334
285
151
-43
-126
-110
-66
10
-43
-185
-305
-337
-259
-166
-176
-293
-371
-369
-332
-287
-266
-288
-360
-383
-346
-287
-254
-300
-314
-333
-366
-342
-505
-822
-995
-1095
-992
-950
-1367
-1724
-1881
-1847
-1484
-1364
-1572
-1845
-2205
-2079
-1518
-1214
-1150
-1424
-1686
-1362
-879
-442
-210
-412
-553
-407
-64
499
748
541
346
301
539
907
1041
997
880
743
732
841
1018
1142
1020
862
849
947
1144
1220
1211
1193
1002
876
968
1103
1196
1107
915
862
914
1022
1078
1023
923
722
617
700
781
800
675
457
345
318
347
392
330
206
47
-44
48
142
165
113
-62
-169
-153
-111
-54
-85
-194
-249
-261
-229
-168
-163
-233
-334
-400
-353
-280
-279
-272
-299
-366
-372
-477
-740
-911
-942
-867
-834
-1101
-1473
-1655
-1601
-1403
-1381
-1560
-1732
-1934
-1934
-1623
-1335
-1227
-1409
-1600
-1407
-1054
-712
-534
-601
-590
-463
-241
142
362
398
360
333
516
710
827
906
874
832
792
764
870
1004
997
944
894
840
890
959
1011
1046
957
857
844
895
1010
1054
962
847
787
838
953
989
939
820
683
649
691
737
721
594
467
398
375
383
366
277
149
90
100
146
164
148
50
-68
-71
-34
31
62
-6
-87
-184
-193
-125
-103
-136
-239
-302
-292
-263
-248
-271
-273
-291
-376
-521
-715
-852
-861
-793
-823
-1076
-1374
-1496
-1429
-1285
-1240
-1418
-1704
-1898
-1800
-1443
-1194
-1205
-1436
-1606
-1396
-988
-694
-575
-641
-732
-613
-296
97
320
260
159
212
440
677
764
762
743
719
744
832
917
927
875
820
791
805
852
884
930
932
831
791
790
793
837
867
820
769
755
742
781
827
809
729
644
612
648
711
722
649
527
451
438
445
451
430
354
244
184
209
242
211
121
7
-5
38
67
67
22
-40
-120
-134
-100
-94
-121
-187
-238
-255
-245
-253
-270
-295
-342
-405
-518
-640
-773
-879
-905
-924
-991
-1147
-1318
-1408
-1356
-1239
-1227
-1319
-1464
-1559
-1455
-1269
-1131
-1069
-1201
-1284
-1103
-835
-590
-479
-554
-568
-441
-215
50
199
190
130
160
297
496
626
630
576
542
565
635
772
828
802
784
722
733
797
861
890
856
787
744
757
795
837
850
812
748
729
743
785
819
784
685
600
609
656
675
645
569
528
504
482
488
461
405
356
290
284
301
259
221
173
93
55
91
84
57
34
-13
-36
-52
-93
-144
-191
-239
-281
-306
-312
-332
-365
-398
-458
-529
-616
-748
-859
-862
-850
-905
-1028
-1207
-1282
-1259
-1241
-1224
-1262
-1357
-1397
-1352
-1223
-1080
-1094
-1143
-1129
-1067
-866
-669
-573
-506
-500
-452
-279
-91
83
166
169
216
303
422
511
530
556
580
603
649
685
741
764
699
668
677
692
734
763
768
735
699
688
708
724
718
715
719
685
666
724
751
721
670
628
610
598
610
627
608
544
483
450
452
472
455
400
337
271
255
263
238
194
124
86
86
64
29
-15
-48
-36
-55
-93
-103
-132
-149
-189
-260
-307
-351
-372
-385
-404
-436
-485
-582
-697
-745
-771
-823
-883
-964
-1064
-1129
-1116
-1088
-1069
-1100
-1209
-1251
-1208
-1114
-967
-915
-965
-966
-886
-746
-604
-505
-465
-434
-335
-191
-36
67
88
111
172
240
334
436
452
419
447
492
551
593
594
606
570
554
632
677
656
611
587
603
630
657
678
690
670
648
672
721
719
657
637
651
630
611
604
586
562
544
528
523
501
449
417
441
434
357
315
311
289
268
245
196
180
132
73
88
69
16
-12
0
-16
-69
-119
-158
-179
-226
-274
-317
-354
-360
-388
-411
-445
-532
-593
-620
-672
-750
-817
-852
-875
-936
-1010
-1018
-974
-987
-1049
-1078
-1058
-1004
-949
-905
-862
-830
-810
-759
-672
-577
-497
-452
-398
-297
-187
-114
-39
51
83
105
172
251
331
333
340
408
453
494
520
531
554
547
535
573
595
559
548
575
589
619
629
591
568
581
621
688
730
690
626
590
619
664
652
605
554
539
552
537
538
523
448
417
368
351
385
348
307
285
248
209
191
180
124
80
66
53
42
14
-45
-77
-75
-114
-150
-179
-234
-270
-298
-336
-376
-416
-441
-440
-491
-578
-639
-665
-675
-743
-816
-855
-899
-909
-886
-892
-918
-958
-967
-925
-876
-828
-805
-787
-748
-693
-615
-550
-550
-511
-427
-354
-270
-182
-123
-108
-88
-33
51
142
189
191
237
301
339
376
388
409
442
446
488
538
544
529
529
556
576
585
613
613
599
599
616
636
632
619
602
593
606
598
602
629
604
560
522
497
500
484
469
448
422
411
363
352
365
321
284
247
218
198
174
156
138
109
57
13
-1
-27
-56
-89
-157
-179
-163
-203
-270
-300
-325
-367
-397
-407
-431
-470
-526
-585
-593
-623
-671
-681
-726
-797
-836
-827
-779
-793
-849
-881
-862
-804
-757
-732
-725
-708
-709
-668
-587
-515
-443
-437
-410
-325
-250
-189
-155
-128
-83
-26
32
108
174
221
233
209
263
320
306
281
333
437
467
462
467
481
499
515
528
550
587
593
601
634
651
645
642
646
640
665
680
635
624
638
606
577
578
566
540
505
491
464
423
417
389
365
335
272
260
233
181
157
144
122
69
7
-23
-37
-80
-134
-158
-164
-202
-271
-286
-287
-330
-384
-432
-447
-452
-473
-508
-526
-536
-560
-581
-610
-627
-637
-653
-667
-684
-690
-686
-670
-667
-693
-691
-672
-653
-630
-614
-577
-563
-561
-506
-450
-402
-356
-345
-320
-277
-231
-174
-131
-77
-18
5
40
117
165
171
197
233
265
306
338
344
368
389
387
435
476
462
485
509
502
536
574
564
569
562
552
585
598
599
596
596
607
599
596
607
592
562
533
530
501
461
457
453
421
376
320
289
282
230
195
184
154
107
55
25
5
-39
-90
-119
-165
-204
-201
-203
-242
-282
-307
-342
-358
-357
-388
-426
-451
-481
-498
-512
-506
-510
-549
-571
-567
-603
-622
-597
-607
-584
-570
-587
-564
-564
-556
-512
-521
-524
-483
-459
-439
-418
-412
-417
-395
-353
-322
-282
-238
-206
-160
-142
-128
-64
-3
36
70
86
112
176
220
249
270
294
340
376
401
434
462
465
463
497
540
538
553
579
569
559
568
583
589
588
577
561
576
578
566
550
525
504
477
468
453
422
395
395
366
320
309
279
248
226
197
161
116
68
29
-23
-58
-76
-109
-128
-158
-182
-199
-258
-305
-301
-308
-345
-370
-384
-424
-450
-452
-475
-492
-515
-522
-521
-537
-540
-538
-534
-538
-528
-535
-540
-501
-495
-499
-485
-472
-441
-400
-389
-361
-334
-327
-311
-309
-283
-231
-200
-200
-180
-138
-107
-96
-93
-41
14
32
55
84
111
139
154
178
221
230
252
295
312
320
336
363
394
412
416
440
453
445
437
442
475
481
464
453
436
472
486
448
463
450
439
457
436
420
412
400
391
364
313
314
316
282
255
215
210
183
122
107
74
44
27
-31
-63
-81
-106
-122
-166
-204
-230
-242
-258
-281
-296
-318
-340
-376
-407
-412
-411
-438
-458
-453
-447
-432
-454
-483
-471
-474
-464
-465
-472
-444
-424
-417
-403
-397
-398
-369
-339
-331
-318
-303
-298
-288
-250
-218
-181
-158
-160
-122
-92
-67
-14
4
12
50
93
104
116
148
150
173
190
194
228
261
269
281
286
297
331
334
329
334
372
384
380
397
401
397
394
377
379
411
394
387
396
376
362
360
350
345
357
341
324
326
290
265
281
252
219
213
176
162
149
108
84
54
27
17
-7
-39
-73
-103
-118
-137
-175
-196
-208
-231
-278
-302
-297
-316
-335
-363
-377
-377
-399
-407
-405
-438
-452
-440
-444
-436
-436
-427
-394
-375
-359
-349
-343
-330
-322
-301
-278
-258
-212
-219
-230
-170
-163
-168
-129
-113
-74
-38
-40
-29
4
24
33
41
76
109
86
77
107
116
118
126
146
156
155
203
231
226
227
234
239
246
277
299
306
302
293
292
292
293
287
270
277
294
299
305
306
291
271
267
247
245
281
271
250
257
263
218
203
217
199
175
137
135
147
106
67
63
46
6
-16
-18
-46
-67
-96
-136
-139
-153
-185
-198
-215
-224
-240
-266
-280
-323
-335
-336
-374
-372
-360
-375
-387
-374
-358
-358
-349
-335
-303
-282
-262
-258
-260
-245
-243
-231
-199
-181
-176
-158
-126
-115
-112
-86
-66
-58
-52
-11
23
23
32
20
22
30
26
30
39
79
93
65
67
105
134
147
157
160
174
172
161
201
226
226
220
224
234
238
255
257
229
221
235
256
272
242
236
251
245
235
221
211
212
197
182
204
194
159
149
157
137
91
81
82
85
74
47
42
27
4
-11
-32
-49
-63
-86
-98
-110
-133
-139
-139
-171
-194
-199
-217
-235
-251
-249
-243
-235
-239
-245
-245
-264
-274
-270
-255
-230
-239
-234
-223
-223
-202
-203
-199
-168
-162
-145
-122
-143
-129
-94
-89
-67
-38
-31
-19
-8
4
-2
5
47
47
47
62
74
85
72
75
101
117
115
116
110
114
137
160
165
161
159
149
170
169
160
169
164
171
176
162
153
147
130
125
115
126
143
135
134
128
107
102
99
90
108
103
95
110
106
83
58
52
43
54
46
8
9
-1
-26
-29
-46
-65
-76
-86
-87
-98
-114
-126
-162
-175
-173
-188
-167
-161
-157
-136
-178
-192
-171
-180
-163
-146
-126
-131
-148
-119
-102
-110
-119
-110
-79
-77
-90
-66
-73
-81
-53
-47
-43
-18
-11
-13
-14
-26
-24
-2
9
22
48
27
16
47
48
46
46
29
62
87
62
83
108
97
108
107
95
115
127
123
132
132
110
119
140
133
118
103
98
113
107
87
101
95
74
91
97
91
81
68
55
28
28
45
54
44
14
0
-1
18
35
32
26
-2
-21
-14
-15
-27
-40
-39
-55
-85
-87
-80
-87
-100
-123
-143
-132
-149
-166
-131
-139
-147
-134
-150
-155
-160
-160
-154
-171
-179
-158
-128
-115
-111
-86
-80
-99
-72
-40
-19
-15
-25
-10
-8
-6
10
20
46
42
-3
30
60
57
87
72
59
70
49
55
91
99
107
107
81
86
110
94
93
119
85
92
135
117
107
113
98
92
97
102
128
138
124
110
110
104
74
75
82
85
90
66
59
49
40
15
4
21
15
20
26
11
0
-4
-17
-16
-31
-50
-40
-43
-44
-53
-58
-71
-107
-114
-104
-89
-86
-112
-132
-130
-141
-164
-139
-140
-166
-158
-154
-150
-154
-153
-156
-157
-143
-119
-107
-123
-96
-65
-79
-82
-89
-84
-55
-52
-60
-45
-31
-25
-25
-16
28
31
19
35
40
50
55
62
77
73
78
106
114
111
127
122
126
130
122
129
137
153
146
126
120
119
115
115
120
142
128
95
94
92
99
105
76
72
94
92
77
72
61
33
20
16
37
45
29
26
22
8
-2
-1
0
-11
-18
-15
-19
2
1
-26
-32
-37
-41
-60
-64
-53
-74
-73
-85
-115
-85
-95
-115
-105
-134
-140
-140
-158
-134
-146
-154
-155
-175
-166
-153
-149
-143
-128
-107
-100
-112
-98
-53
-57
-74
-43
-30
-25
-13
-17
0
-9
-33
-15
14
41
34
23
57
44
17
42
54
63
58
64
85
88
77
65
84
77
74
88
97
100
97
100
86
90
109
117
135
127
112
93
85
95
92
80
69
78
80
83
85
52
66
81
58
66
64
44
27
16
21
37
44
27
22
29
7
-14
1
-18
-39
-38
-29
-27
-49
-53
-37
-40
-48
-71
-88
-73
-73
-87
-98
-108
-107
-119
-117
-120
-127
-121
-122
-129
-152
-152
-134
-137
-127
-79
-81
-103
-77
-64
-76
-74
-54
-49
-38
-13
-14
-11
-5
-7
1
9
14
39
51
51
55
42
41
41
27
41
67
82
80
56
53
51
47
48
39
50
71
68
63
81
84
84
64
64
86
54
48
73
89
88
67
44
54
46
30
51
69
74
48
40
48
55
49
16
18
14
14
30
46
57
27
13
16
-6
-5
7
-6
4
1
-40
-50
-36
-47
-65
-72
-70
-60
-61
-91
-86
-70
-95
-91
-91
-91
-83
-109
-117
-105
-117
-115
-113
-110
-82
-80
-81
-67
-62
-67
-68
-39
-23
-31
-7
-6
-13
4
-15
-8
13
9
24
42
55
64
58
47
40
43
50
40
46
61
49
43
43
47
48
27
35
55
64
53
54
75
58
55
56
55
65
56
52
66
79
67
62
58
50
50
50
66
81
70
48
47
25
9
18
5
6
16
8
3
-3
-27
-32
-31
-40
-29
-21
-24
-20
-28
-50
-20
-13
-63
-62
-43
-52
-46
-46
-44
-53
-73
-52
-58
-78
-75
-85
-94
-85
-72
-76
-70
-57
-76
-97
-91
-97
-101
-69
-58
-51
-26
-33
-37
-28
-38
-35
-15
-5
6
13
15
24
32
34
40
44
51
61
60
73
69
37
33
40
53
67
63
86
102
82
59
47
57
67
52
45
56
69
73
53
67
48
40
56
31
59
65
49
57
45
26
15
24
41
46
29
17
25
27
-6
-18
-3
-16
-19
1
4
-11
-15
-33
-33
-39
-43
-40
-53
-38
-42
-42
-31
-37
-53
-64
-63
-68
-63
-50
-55
-54
-46
-76
-84
-74
-73
-53
-59
-61
-60
-66
-76
-70
-54
-57
-57
-28
-27
-39
-31
-26
-23
-28
-35
-31
-9
-10
-25
1
15
17
25
23
29
21
22
19
24
37
37
38
49
69
73
60
50
59
67
61
54
61
68
69
69
68
50
63
55
28
48
65
61
50
48
56
39
20
36
45
47
39
31
32
36
38
25
36
32
23
19
-3
-5
-1
-5
-4
-9
-17
-27
-40
-36
-33
-26
-22
-42
-35
-20
-45
-52
-22
-29
-39
-34
-36
-22
-43
-58
-51
-60
-71
-64
-49
-53
-61
-73
-82
-69
-69
-74
-72
-70
-75
-78
-68
-67
-58
-53
-55
-60
-47
-40
-34
6
-6
-22
-12
-17
-6
31
30
10
33
27
18
38
49
53
49
36
36
60
58
45
51
79
64
39
66
74
67
76
57
51
68
56
62
71
72
75
66
60
61
58
37
39
49
59
59
47
60
62
28
1
5
13
18
12
11
9
-4
-13
-41
-35
-17
-36
-16
-10
-21
-7
-21
-46
-24
-21
-73
-57
-15
-24
-22
-25
-45
-52
-56
-73
-61
-37
-44
-35
-36
-61
-60
-66
-90
-80
-58
-63
-76
-67
-57
-69
-68
-62
-56
-58
-66
-29
-28
-45
-32
-20
-21
-28
-30
-19
23
27
-2
3
7
12
11
22
20
25
46
41
34
41
65
55
60
57
55
66
66
61
72
75
70
84
68
71
85
70
66
66
47
51
60
43
59
56
30
27
29
28
32
21
-5
0
15
17
-3
-1
3
-5
-10
-11
18
3
-7
8
-6
-20
-24
-24
-25
-22
-29
-34
-40
-25
-16
-36
-36
-53
-45
-36
-51
-53
-60
-50
-53
-56
-41
-26
-45
-75
-48
-46
-70
-53
-33
-35
-46
-61
-61
-40
-37
-59
-53
-29
-32
-20
-8
-28
-21
-15
-23
0
13
9
10
14
21
32
18
16
34
36
41
47
53
52
56
50
41
38
40
33
35
51
57
63
65
54
44
43
40
53
51
45
65
55
35
13
2
13
4
-5
2
20
43
34
15
16
2
-7
-4
1
-1
-12
-6
19
10
-15
-14
-11
-5
-2
-6
-13
4
21
7
-25
-48
-34
-16
-16
-17
2
2
-39
-56
-55
-51
-39
-42
-31
-12
-34
-50
-61
-58
-53
-75
-64
-44
-52
-56
-57
-51
-35
-46
-57
-45
-27
-18
-17
-11
-2
-5
-26
-14
2
0
14
9
32
45
14
14
21
19
17
26
56
65
39
28
39
48
32
15
21
44
55
36
41
50
26
15
28
36
37
27
40
71
63
49
46
24
30
31
23
42
47
38
44
40
38
38
1
2
16
10
15
8
12
13
-5
-3
-8
-31
-34
-27
-38
-25
-19
-33
-21
-47
-53
-34
-41
-35
-57
-62
-36
-40
-50
-54
-60
-57
-63
-56
-35
-54
-71
-55
-44
-58
-62
-66
-48
-30
-47
-29
-12
-28
-20
-9
-16
-7
-21
-9
20
7
3
32
36
39
37
3
9
24
30
39
14
24
41
31
38
39
40
36
17
26
50
43
21
28
47
37
32
43
56
58
44
43
36
26
29
21
29
31
33
47
40
39
35
12
9
15
21
6
-8
14
29
15
-2
3
-10
-24
-17
4
-2
-22
-20
-18
-8
-11
-23
-14
-17
-27
-32
-34
-31
-26
-44
-40
-34
-42
-31
-36
-35
-37
-56
-53
-26
-27
-32
-33
-42
-35
-38
-48
-39
-38
-51
-43
-25
-37
-53
-32
-16
-13
-3
-14
-14
-12
-15
2
11
9
11
3
7
24
28
31
34
15
18
35
32
35
37
40
27
14
24
28
25
15
20
14
17
32
44
47
28
34
35
26
33
38
30
41
56
48
39
42
43
28
12
16
20
18
30
32
21
22
21
-3
2
18
-7
-9
-5
-13
-21
-35
-14
-2
-12
-20
-33
-25
-13
-21
-32
-31
0
-14
-39
-36
-38
-40
-54
-53
-35
-17
-19
-33
-28
-29
-34
-42
-43
-40
-46
-37
-32
-34
-32
-39
-36
-25
-23
-19
-28
-34
-6
-8
-15
-5
0
-4
-7
-7
0
10
11
8
8
16
15
19
21
22
27
25
29
41
39
20
32
43
40
46
44
34
25
32
21
15
36
35
27
26
31
50
47
21
31
31
19
20
21
35
24
16
21
18
17
16
6
12
