-2
3
0
3
13
-4
-9
24
8
11
18
-25
8
30
-16
4
-2
-26
30
2
-28
3
-5
4
1
-33
-6
11
5
10
-13
-30
-1
19
-6
-5
1
-14
0
17
0
-15
7
30
7
14
23
-8
-5
13
-8
-15
-7
18
-4
-44
17
22
-15
15
-18
-38
3
-11
-6
-5
-13
1
20
14
-6
-26
-10
14
-20
-6
12
-10
38
46
-21
-4
20
19
-2
-21
-17
7
33
1
-7
26
-11
-15
22
-5
-18
-25
-12
13
-24
-4
17
3
30
-39
-40
7
-11
-11
-39
-6
28
16
55
16
-56
-11
15
-9
22
-9
-80
-18
56
31
21
42
21
-8
-3
35
-19
-44
14
38
54
-23
-43
57
84
27
-45
-108
18
91
-40
1
24
-55
-33
29
21
13
-51
-30
53
-45
-66
15
-30
9
20
-33
58
46
-15
-3
-9
-8
33
15
34
-44
-67
68
-3
-68
14
-25
-33
48
9
-51
-25
25
34
-19
-81
-68
22
138
104
-30
-82
-91
25
125
16
-42
-76
6
160
0
-77
18
-59
21
38
-93
16
-4
-56
65
21
22
31
-52
43
53
-69
-17
-25
24
102
14
-17
-46
-5
124
0
-71
8
-84
-21
-3
-75
54
4
-85
83
6
-36
75
-38
-24
29
-88
26
51
-110
57
24
-58
89
-10
-54
48
-54
14
73
-52
-14
-9
15
71
-34
-87
-3
-49
3
89
-49
-22
59
42
39
-34
-2
69
-50
20
69
-75
60
99
-38
7
34
-5
8
6
47
18
-37
58
-61
-128
12
6
39
57
-35
-48
-10
23
19
-42
-41
-32
-27
69
-28
-50
85
-7
-30
32
-10
8
18
-77
-40
-16
42
82
17
-15
-39
33
-20
-15
-1
-68
-2
-6
-48
29
81
57
22
-80
-84
2
21
-37
2
-9
-71
56
49
-35
33
-23
-70
3
-8
-15
1
39
15
3
72
12
-33
38
-12
-16
8
27
40
-29
11
37
-9
4
-3
-63
-65
-46
-40
18
99
101
34
27
24
-22
-31
-12
20
32
-13
-66
-18
53
28
53
64
-35
-68
-43
-15
-9
26
-9
6
40
-7
-3
14
5
31
-22
-141
-41
40
45
26
11
-47
-21
35
64
51
-43
-28
2
-29
-51
-8
2
-4
-54
-61
18
59
40
8
-10
-32
-20
99
79
-70
-12
-14
-127
6
55
-56
73
56
-4
70
-20
-68
12
4
23
-16
-91
41
55
-27
34
137
19
-97
-141
-157
-5
127
72
-39
-23
18
61
102
46
-96
-69
19
-6
-26
-64
8
74
44
15
8
18
11
4
-40
-4
-8
-55
17
66
40
42
12
-60
-80
-46
-87
-111
-24
26
41
72
28
33
66
-37
-20
4
-44
-87
-54
29
155
155
-33
-56
54
44
-11
-27
-89
3
69
17
10
15
30
54
-34
-29
-21
-121
15
38
-48
54
68
-2
27
-2
-43
-36
-56
-50
34
18
-33
-14
2
42
53
21
-13
-38
-120
-103
-7
75
117
81
-5
-62
-48
-48
-11
50
-22
-23
49
-30
9
73
3
76
44
-106
-40
8
32
87
-14
-51
7
-18
20
33
-19
-28
-88
-49
19
3
50
38
16
80
22
-88
-89
-77
-13
66
-12
-19
19
18
99
97
16
5
-32
-93
-57
-35
-3
37
48
-7
-19
61
-10
-35
18
-85
-31
108
-11
-55
45
69
51
23
1
-74
-63
19
-42
-77
-14
39
31
13
74
87
16
-2
-106
-102
-12
-26
28
-11
-14
73
65
41
23
25
15
-26
-15
-46
-93
-9
31
42
60
-7
-22
-9
-16
2
-26
-71
-26
-12
-12
28
6
23
22
-10
72
65
-1
27
-5
-24
19
-69
-47
42
24
54
34
-74
-102
50
80
1
-22
-26
-17
9
-84
-144
-40
-17
51
48
59
95
35
11
-23
-2
8
-42
13
-14
-50
63
57
57
87
-11
-59
-55
-60
-40
-21
9
-68
-63
-1
20
100
-4
-75
7
-23
21
31
-45
12
46
59
77
43
17
51
7
-95
-82
-32
71
82
16
26
-5
-5
2
-28
-55
-68
-85
-46
9
2
33
11
-22
26
54
32
13
16
-11
23
97
42
25
19
-49
-67
-14
0
-88
-13
50
1
20
-37
-46
9
-21
-9
-22
-112
-44
-5
-25
54
88
69
59
31
-6
39
37
-37
-85
-54
35
94
34
-10
-52
-54
10
-7
11
3
-19
9
-3
36
83
-6
-52
-95
-46
32
-11
-28
11
52
61
81
69
30
-12
-21
-49
-97
-110
-48
4
42
77
37
95
101
37
28
-47
-66
-35
-96
-101
-15
24
42
34
32
70
79
59
-16
-29
10
-29
-31
-37
-37
-93
-127
-27
-6
-9
43
15
21
44
0
12
-11
-51
-44
-80
-110
-75
-22
16
58
37
32
17
-16
26
-29
-79
-77
-105
9
152
99
70
56
41
93
17
-43
-24
-70
-86
-33
-21
-13
38
85
105
57
-5
13
41
48
26
-20
-38
-26
-10
3
-53
-96
-32
-5
4
42
62
74
40
59
122
94
2
-45
-4
-6
-54
-92
-53
9
-22
-41
-30
-43
-23
-39
-87
-81
-110
-83
-50
-106
-98
-48
-62
-86
-155
-150
-65
-75
-65
-27
-44
-33
12
7
-5
-13
-32
-22
-29
-81
-64
-17
-48
-82
-46
-42
-33
28
38
86
122
96
148
236
258
305
313
251
248
240
244
280
245
178
163
147
199
212
209
240
176
197
264
214
185
175
140
164
143
119
141
75
41
105
117
110
77
112
118
67
42
20
3
-20
-58
-126
-87
-49
-100
-160
-138
-144
-181
-171
-210
-252
-220
-211
-227
-175
-152
-102
-3
14
73
154
231
351
233
-124
-496
-786
-925
-1128
-1658
-2168
-2375
-2411
-2346
-2291
-2149
-1743
-1349
-1051
-665
-253
162
491
617
669
760
921
1136
1243
1209
1231
1364
1522
1625
1673
1698
1626
1460
1256
1043
777
421
58
-271
-588
-881
-1005
-949
-881
-805
-642
-363
-18
307
614
880
1086
1247
1415
1580
1589
1519
1480
1418
1339
1235
1106
985
826
598
411
257
56
-147
-341
-495
-616
-745
-833
-821
-837
-867
-805
-687
-512
-330
-189
-36
123
274
435
566
673
723
710
656
580
490
362
164
-90
-290
-466
-626
-746
-799
-848
-932
-977
-986
-892
-953
-1490
-2142
-2595
-2705
-2790
-3569
-4439
-4574
-4226
-3744
-3506
-3253
-2347
-1256
-481
159
865
1625
2276
2483
2294
2272
2452
2638
2564
2067
1769
2007
2327
2380
2224
2165
2328
2297
1901
1407
1017
572
-117
-880
-1519
-1870
-2014
-2089
-2095
-2042
-1753
-1143
-526
-60
370
813
1332
1707
1826
2015
2268
2289
2101
1986
2025
2106
2002
1685
1440
1272
1033
796
497
144
-117
-363
-556
-680
-808
-861
-818
-826
-831
-647
-349
-135
-40
53
301
555
637
719
847
980
1035
937
853
836
751
581
292
-29
-238
-411
-687
-992
-1258
-1483
-1535
-1567
-1668
-1588
-1446
-1358
-1545
-2277
-2901
-3142
-3343
-3704
-4692
-5744
-5833
-5415
-4871
-4371
-3987
-3057
-1692
-488
504
1526
2572
3356
3584
3461
3520
3720
3714
3412
2753
2207
2354
2611
2584
2391
2106
2117
2088
1681
1111
507
-120
-1013
-1976
-2676
-3013
-3081
-3178
-3078
-2625
-1932
-887
192
1049
1781
2403
3035
3530
3686
3598
3269
2894
2539
2132
1882
1732
1473
1113
892
809
731
657
412
66
-230
-549
-783
-958
-1190
-1325
-1380
-1297
-1025
-637
-179
243
582
836
1147
1511
1668
1678
1636
1536
1416
1223
944
635
355
68
-247
-561
-848
-1050
-1229
-1456
-1661
-1929
-2023
-1850
-1798
-1756
-1663
-1435
-1023
-752
-839
-1400
-2052
-2382
-2581
-2920
-3759
-4864
-5298
-5030
-4501
-4119
-3919
-3211
-2080
-1043
-140
697
1621
2448
2717
2584
2562
2800
3005
2834
2339
1933
2064
2429
2588
2518
2284
2252
2309
2050
1621
1077
457
-255
-1147
-1918
-2310
-2420
-2498
-2502
-2265
-1719
-856
73
788
1351
1769
2210
2725
2906
2776
2524
2261
2050
1813
1582
1514
1512
1318
1034
982
1068
1067
864
473
144
-132
-449
-703
-946
-1096
-1146
-1133
-932
-595
-204
148
481
769
1043
1354
1543
1571
1435
1215
1148
1107
863
591
363
161
65
-112
-299
-356
-511
-724
-817
-975
-1071
-1035
-1214
-1377
-1458
-1614
-1715
-2099
-2944
-3777
-4420
-4879
-5279
-5878
-6466
-6619
-6167
-5284
-4274
-3299
-2252
-942
409
1651
2729
3516
4096
4335
4234
4108
3986
3807
3496
2946
2434
2179
2150
2140
1940
1584
1172
895
585
102
-514
-1282
-1992
-2596
-3089
-3258
-3114
-2828
-2384
-1794
-989
133
1236
2131
2816
3259
3619
3929
3932
3629
3213
2654
2199
1789
1295
959
705
428
225
56
-25
-5
-135
-455
-755
-933
-1020
-1048
-1157
-1217
-1043
-736
-309
203
673
1132
1524
1836
2102
2267
2337
2227
1955
1619
1257
957
620
213
-172
-468
-730
-956
-1048
-1171
-1291
-1390
-1492
-1461
-1326
-1239
-1322
-1338
-1171
-1240
-1569
-2332
-3375
-3916
-4294
-4897
-5687
-6619
-6874
-6271
-5447
-4584
-3756
-2628
-1039
531
1814
2844
3787
4536
4822
4679
4365
4276
4168
3647
2865
2071
1844
2021
1909
1604
1197
933
907
640
126
-553
-1337
-1962
-2575
-3157
-3475
-3532
-3291
-2893
-2343
-1509
-350
922
1927
2651
3220
3779
4269
4418
4180
3618
3014
2584
2168
1683
1156
746
452
154
13
-76
-215
-311
-536
-783
-910
-1020
-1137
-1287
-1385
-1318
-975
-447
38
521
965
1371
1846
2218
2487
2584
2421
2207
1948
1643
1320
868
333
-133
-434
-606
-815
-1032
-1230
-1340
-1288
-1260
-1222
-1187
-1191
-1158
-1168
-1326
-1725
-2455
-3402
-4234
-4906
-5577
-6269
-6950
-7300
-7008
-6287
-5291
-4119
-2880
-1421
151
1631
3003
4094
4843
5280
5322
5172
5003
4705
4227
3549
2847
2385
2184
2046
1782
1397
1017
720
391
-88
-737
-1475
-2252
-2990
-3515
-3812
-3891
-3765
-3429
-2819
-1897
-717
522
1648
2655
3448
4009
4490
4705
4570
4179
3538
2910
2434
1901
1325
776
266
-30
-144
-264
-376
-538
-792
-987
-1103
-1223
-1280
-1318
-1409
-1368
-1099
-643
-61
516
1039
1504
1987
2476
2806
2929
2834
2612
2351
1987
1601
1126
599
163
-300
-654
-904
-1103
-1255
-1399
-1476
-1435
-1283
-1204
-1375
-1474
-1563
-1938
-2492
-3484
-4468
-5001
-5639
-6505
-7436
-8011
-7557
-6555
-5729
-4942
-3807
-2074
-23
1686
2827
3830
4928
5727
6035
5858
5550
5419
5013
4167
3222
2591
2414
2261
1790
1189
774
673
494
-38
-775
-1623
-2290
-2831
-3414
-3840
-4150
-4192
-3824
-3222
-2414
-1377
-150
1109
2231
3104
3785
4485
4981
4962
4608
3996
3413
2970
2319
1566
860
303
-9
-196
-369
-555
-710
-800
-880
-952
-1068
-1166
-1158
-1177
-1117
-908
-591
-75
439
869
1355
1898
2470
2881
2988
2912
2831
2690
2421
1978
1416
860
358
-153
-572
-852
-1174
-1381
-1519
-1616
-1534
-1457
-1434
-1403
-1489
-1710
-2180
-3000
-4006
-4810
-5401
-6186
-7222
-8210
-8442
-7650
-6631
-5842
-5028
-3755
-1711
423
2024
3219
4286
5360
6144
6310
6116
5891
5620
5074
4116
3168
2670
2555
2307
1676
1007
644
622
482
-120
-999
-1869
-2482
-2949
-3468
-3984
-4379
-4375
-3935
-3318
-2485
-1382
-115
1232
2323
3230
4188
4987
5416
5291
4748
4201
3737
3141
2322
1400
562
3
-260
-486
-689
-868
-1002
-969
-942
-964
-977
-1034
-1095
-1106
-1015
-757
-355
70
474
943
1475
2068
2612
2942
3085
3107
2985
2833
2548
2033
1465
852
305
-178
-635
-1072
-1417
-1649
-1788
-1760
-1637
-1586
-1597
-1621
-1611
-1688
-2182
-3100
-4165
-4916
-5412
-6154
-7240
-8252
-8434
-7660
-6655
-5783
-4969
-3701
-1652
485
2139
3356
4405
5506
6294
6432
6164
5879
5698
5143
4147
3142
2516
2487
2346
1689
972
525
530
509
-62
-952
-1808
-2425
-2864
-3350
-3897
-4353
-4349
-3897
-3329
-2575
-1609
-365
1044
2194
3055
3917
4813
5373
5334
4773
4119
3720
3256
2426
1483
625
78
-180
-468
-695
-878
-1005
-932
-904
-947
-941
-958
-995
-1012
-988
-778
-366
29
419
867
1392
2013
2558
2886
3009
3023
2996
2883
2629
2212
1636
1080
531
24
-390
-876
-1292
-1495
-1575
-1600
-1548
-1595
-1698
-1714
-1894
-2196
-2811
-4012
-4959
-5508
-6140
-6933
-8142
-8924
-8434
-7423
-6387
-5510
-4599
-2799
-444
1614
3059
4076
5148
6300
7009
6890
6397
6113
5731
5030
3915
2767
2441
2352
1848
1041
291
223
356
-3
-793
-1749
-2377
-2757
-3199
-3678
-4209
-4491
-4260
-3660
-2880
-2101
-1112
265
1661
2764
3579
4469
5318
5637
5404
4748
4185
3797
3098
2148
1131
297
-158
-439
-721
-1031
-1260
-1302
-1187
-1072
-1178
-1266
-1215
-1151
-991
-872
-608
-80
404
879
1358
1887
2503
2981
3268
3324
3222
3146
2963
2610
2068
1380
887
447
-36
-507
-1043
-1323
-1396
-1531
-1637
-1757
-1897
-1917
-2018
-2353
-3014
-4056
-4982
-5537
-6179
-7043
-8005
-8718
-8491
-7639
-6784
-5897
-4852
-3300
-1233
782
2454
3830
4998
6036
6791
7011
6822
6542
6120
5373
4397
3398
2776
2463
1937
1196
498
154
66
-245
-813
-1508
-2159
-2675
-3110
-3493
-3938
-4287
-4242
-3869
-3214
-2416
-1499
-270
996
2125
3147
4076
4948
5435
5424
5085
4613
4144
3508
2653
1706
814
132
-272
-572
-903
-1221
-1419
-1397
-1276
-1247
-1279
-1199
-1130
-1079
-941
-684
-229
235
639
1139
1721
2276
2783
3136
3300
3354
3310
3144
2884
2457
1804
1157
647
249
-218
-767
-1112
-1339
-1472
-1512
-1757
-1942
-1950
-2192
-2519
-3133
-4316
-5215
-5772
-6437
-7188
-8278
-9106
-8766
-7841
-6912
-5968
-5018
-3460
-1206
908
2541
3842
4955
6112
7045
7245
6998
6754
6347
5668
4665
3552
2957
2649
1981
1111
370
22
10
-258
-922
-1704
-2316
-2750
-3089
-3444
-3970
-4380
-4340
-3892
-3210
-2486
-1638
-462
810
1932
2909
3886
4835
5418
5461
5102
4698
4334
3774
2946
1900
909
275
-68
-400
-855
-1295
-1459
-1364
-1232
-1248
-1364
-1378
-1264
-1109
-980
-713
-235
260
716
1137
1660
2308
2843
3194
3308
3315
3358
3290
3028
2525
1854
1290
901
506
-43
-640
-1052
-1200
-1258
-1549
-1932
-2082
-2230
-2479
-3123
-4435
-5453
-6016
-6650
-7290
-8378
-9381
-9219
-8412
-7407
-6391
-5527
-4094
-1934
228
2041
3527
4739
5979
7086
7413
7286
7219
6888
6271
5326
4097
3392
3058
2405
1539
595
11
-84
-289
-899
-1694
-2379
-2903
-3195
-3442
-3931
-4355
-4434
-4159
-3557
-2906
-2147
-1047
203
1418
2474
3427
4465
5212
5462
5330
5004
4709
4272
3529
2560
1592
803
236
-226
-746
-1231
-1469
-1526
-1466
-1475
-1563
-1510
-1411
-1251
-1063
-884
-482
22
476
967
1462
2030
2632
3089
3312
3409
3468
3434
3277
2886
2335
1814
1318
846
327
-314
-786
-1058
-1311
-1528
-1948
-2292
-2403
-2718
-3323
-4358
-5483
-6053
-6562
-7305
-8235
-9240
-9296
-8443
-7537
-6611
-5666
-4373
-2332
-96
1797
3269
4498
5707
6824
7437
7410
7251
7037
6464
5633
4571
3677
3207
2524
1614
755
125
-52
-264
-811
-1558
-2316
-2845
-3184
-3430
-3814
-4318
-4482
-4229
-3676
-3001
-2347
-1430
-226
920
2028
3102
4106
4903
5244
5222
5056
4880
4527
3885
3002
2044
1292
744
286
-244
-881
-1308
-1430
-1415
-1465
-1669
-1753
-1596
-1391
-1220
-1036
-689
-193
272
735
1229
1839
2472
2853
3068
3232
3317
3361
3284
2963
2466
1967
1566
1184
719
132
-460
-778
-975
-1353
-1736
-2077
-2490
-2939
-3790
-5086
-5932
-6458
-7096
-7832
-8957
-9635
-9212
-8394
-7410
-6420
-5462
-3851
-1676
471
2302
3712
4812
6000
7122
7610
7549
7310
6937
6393
5475
4400
3762
3264
2487
1532
654
213
34
-397
-1136
-1977
-2592
-3012
-3301
-3615
-4138
-4568
-4662
-4243
-3499
-2894
-2269
-1257
-1
1236
2292
3257
4263
4988
5181
5078
4987
4858
4470
3702
2738
1943
1320
755
242
-349
-960
-1330
-1418
-1389
-1521
-1792
-1878
-1686
-1444
-1301
-1098
-691
-155
367
803
1322
1985
2548
2926
3157
3274
3368
3391
3206
2909
2433
1913
1593
1252
800
299
-282
-634
-901
-1345
-1824
-2367
-2976
-4030
-5386
-6248
-6886
-7601
-8512
-9761
-10155
-9547
-8684
-7604
-6730
-5710
-3855
-1640
637
2551
3857
5030
6275
7366
7816
7818
7647
7225
6607
5589
4615
4146
3503
2546
1489
587
250
-30
-598
-1350
-2220
-2883
-3315
-3545
-3857
-4459
-4889
-4897
-4358
-3566
-3010
-2307
-1249
-15
1290
2462
3558
4553
5211
5519
5531
5529
5361
4778
3986
3002
2098
1400
736
63
-702
-1396
-1716
-1743
-1740
-1908
-2147
-2157
-1887
-1494
-1204
-1006
-633
-62
546
1080
1611
2195
2646
2953
3222
3400
3532
3492
3262
2973
2571
2133
1715
1310
825
256
-283
-671
-985
-1429
-2039
-2661
-3373
-4483
-5644
-6478
-7208
-7876
-8841
-9891
-9991
-9380
-8533
-7567
-6684
-5391
-3364
-1123
1027
2792
4058
5280
6587
7558
7934
7845
7489
7084
6495
5509
4605
3980
3220
2297
1296
558
239
-187
-873
-1634
-2363
-2961
-3373
-3621
-4045
-4595
-4955
-4906
-4235
-3520
-3023
-2249
-1160
134
1452
2575
3656
4608
5191
5495
5649
5686
5445
4835
4016
3105
2330
1624
856
101
-656
-1297
-1651
-1764
-1852
-2056
-2299
-2313
-1988
-1628
-1414
-1172
-782
-133
536
1043
1611
2171
2661
3051
3291
3502
3593
3526
3360
3017
2621
2265
1840
1413
966
479
46
-398
-791
-1241
-1887
-2612
-3771
-5130
-6085
-6963
-7804
-8819
-10054
-10595
-10276
-9551
-8588
-7714
-6678
-4875
-2539
-189
1778
3234
4525
6036
7386
8031
8121
7971
7688
7194
6268
5294
4669
3993
3050
1982
1085
607
241
-386
-1233
-2062
-2772
-3333
-3670
-4070
-4668
-5180
-5350
-4942
-4285
-3805
-3212
-2204
-892
471
1740
2953
4095
4980
5527
5858
6063
6025
5680
4999
4137
3308
2513
1733
903
-12
-844
-1390
-1632
-1844
-2217
-2563
-2686
-2484
-2111
-1833
-1585
-1223
-656
68
718
1308
1908
2440
2883
3241
3533
3716
3782
3669
3391
3029
2661
2348
1952
1453
943
425
-45
-479
-1088
-1782
-2745
-4112
-5326
-6344
-7372
-8304
-9505
-10724
-11052
-10655
-9842
-8866
-8054
-6786
-4709
-2321
47
1983
3430
4921
6550
7755
8319
8417
8198
7902
7349
6417
5480
4744
3961
2982
1906
1080
666
199
-582
-1546
-2417
-3072
-3535
-3890
-4437
-5117
-5597
-5567
-4996
-4401
-3995
-3337
-2224
-840
591
1879
3079
4238
5150
5681
6021
6239
6118
5672
4939
4100
3331
2545
1765
939
9
-815
-1300
-1520
-1761
-2154
-2537
-2665
-2394
-2030
-1869
-1675
-1278
-619
128
741
1333
1919
2510
2985
3276
3535
3715
3749
3630
3368
3026
2697
2379
1959
1410
950
496
-5
-457
-1069
-1853
-2829
-4125
-5381
-6416
-7428
-8371
-9511
-10560
-10774
-10337
-9541
-8553
-7659
-6447
-4512
-2136
228
2041
3362
4773
6362
7585
8047
8075
7968
7684
7129
6164
5294
4719
3886
2813
1781
1022
580
67
-727
-1603
-2388
-3089
-3608
-3948
-4491
-5155
-5537
-5464
-4901
-4320
-3902
-3185
-2017
-648
704
2000
3184
4234
5089
5620
5944
6118
5948
5455
4734
3875
3077
2330
1592
832
-41
-815
-1225
-1402
-1602
-1942
-2256
-2308
-2050
-1760
-1623
-1441
-1100
-518
133
699
1280
1812
2339
2800
3135
3451
3613
3617
3518
3241
2895
2562
2161
1716
1174
579
142
-198
-581
-1172
-1928
-2812
-3805
-4752
-5769
-6813
-7797
-8884
-9817
-10100
-9854
-9261
-8466
-7623
-6369
-4492
-2328
-216
1578
3075
4566
6044
7212
7758
7831
7707
7403
6884
6093
5288
4566
3690
2704
1801
1152
690
92
-689
-1480
-2139
-2709
-3252
-3755
-4357
-4969
-5338
-5307
-4879
-4391
-3971
-3259
-2182
-928
396
1664
2874
3971
4774
5358
5812
5981
5762
5222
4539
3818
3030
2208
1425
645
-130
-745
-1083
-1242
-1477
-1811
-2012
-1959
-1721
-1507
-1393
-1229
-911
-417
138
692
1225
1707
2237
2660
2999
3332
3493
3532
3427
3152
2889
2581
2207
1777
1177
514
175
-108
-609
-1172
-1926
-2784
-3686
-4726
-5625
-6470
-7601
-8712
-9595
-9886
-9561
-9080
-8453
-7568
-6282
-4467
-2402
-307
1561
3039
4377
5756
7014
7687
7760
7591
7271
6795
6054
5184
4506
3737
2757
1802
1123
798
272
-599
-1422
-2111
-2638
-3207
-3819
-4335
-4892
-5303
-5364
-5018
-4454
-3984
-3371
-2309
-923
448
1683
2911
4047
4885
5426
5781
5967
5802
5229
4417
3581
2833
1988
1102
353
-384
-993
-1307
-1453
-1567
-1805
-2028
-1969
-1705
-1421
-1270
-1085
-745
-316
208
686
1180
1778
2263
2682
3098
3409
3640
3693
3548
3355
3067
2631
2215
1728
1128
546
58
-332
-694
-1240
-1913
-2613
-3405
-4306
-5204
-6009
-6895
-7848
-8759
-9359
-9341
-8929
-8367
-7544
-6509
-5097
-3201
-1142
759
2285
3568
4987
6377
7271
7479
7343
7183
6887
6345
5471
4624
3979
3174
2262
1488
953
498
-195
-978
-1712
-2323
-2864
-3476
-3995
-4553
-5101
-5245
-5040
-4591
-4107
-3654
-2799
-1516
-134
1158
2294
3404
4397
5119
5530
5672
5615
5197
4582
3888
3040
2175
1329
575
-52
-659
-1110
-1352
-1471
-1545
-1682
-1754
-1642
-1405
-1194
-1135
-991
-620
-101
421
844
1329
1881
2397
2849
3214
3519
3687
3699
3586
3295
2922
2477
2005
1597
1036
376
-170
-611
-993
-1497
-2244
-3103
-4012
-5012
-5852
-6595
-7497
-8405
-9144
-9437
-9113
-8469
-7738
-6793
-5531
-3849
-1849
118
1830
3258
4539
5731
6683
7208
7302
7214
6884
6276
5589
4925
4302
3565
2677
1857
1253
791
226
-510
-1318
-2116
-2808
-3426
-3975
-4478
-5012
-5343
-5265
-4907
-4348
-3668
-2815
-1688
-425
799
2037
3253
4218
4830
5205
5416
5400
5088
4471
3744
2984
2209
1482
799
203
-324
-768
-1031
-1153
-1244
-1414
-1584
-1599
-1510
-1411
-1321
-1168
-891
-508
-47
477
1071
1646
2172
2698
3146
3536
3817
3829
3699
3500
3106
2640
2168
1601
1036
431
-171
-601
-1054
-1513
-1910
-2467
-3281
-4290
-5230
-5881
-6525
-7380
-8345
-9073
-9119
-8600
-7884
-7100
-6137
-4783
-3003
-971
972
2530
3752
4920
6069
6864
7141
7063
6811
6416
5733
4877
4224
3738
3116
2269
1425
926
641
157
-645
-1541
-2279
-2909
-3514
-4046
-4581
-5052
-5296
-5183
-4618
-3893
-3167
-2231
-1044
272
1499
2643
3721
4512
4938
5063
5051
4897
4479
3790
3001
2273
1580
993
496
14
-362
-628
-774
-776
-841
-1042
-1247
-1339
-1282
-1262
-1294
-1152
-854
-468
11
577
1204
1855
2469
2921
3318
3691
3849
3835
3585
3223
2847
2292
1728
1222
656
44
-576
-1057
-1336
-1694
-2273
-3132
-4156
-5074
-5746
-6386
-7192
-8131
-8993
-9238
-8692
-7806
-6962
-6142
-4976
-3135
-1049
839
2392
3665
4847
5879
6547
6805
6852
6674
6213
5549
4818
4278
3880
3292
2526
1727
1125
810
361
-415
-1409
-2421
-3150
-3701
-4228
-4790
-5338
-5538
-5260
-4636
-3890
-3009
-1924
-705
570
1754
2858
3869
4543
4799
4782
4620
4435
4054
3417
2669
1907
1327
918
610
274
-126
-412
-531
-532
-622
-889
-1198
-1393
-1475
-1490
-1450
-1302
-1023
-576
-20
591
1343
2101
2746
3209
3562
3870
4038
4019
3701
3192
2710
2176
1653
1140
543
-28
-560
-1001
-1301
-1680
-2291
-3206
-4229
-5132
-5894
-6628
-7528
-8416
-9067
-9174
-8618
-7701
-6686
-5591
-4277
-2466
-352
1513
2958
4113
5149
5957
6415
6561
6492
6225
5634
4906
4366
4023
3706
3180
2468
1798
1248
787
238
-597
-1639
-2729
-3632
-4270
-4793
-5269
-5665
-5684
-5214
-4435
-3429
-2249
-980
315
1513
2588
3560
4305
4676
4648
4383
4055
3709
3231
2638
1997
1408
994
747
596
396
68
-228
-379
-507
-735
-1078
-1442
-1688
-1785
-1784
-1649
-1332
-864
-261
432
1214
2086
2874
3453
3858
4117
4232
4187
3930
3434
2806
2203
1652
1139
654
150
-377
-842
-1168
-1415
-1894
-2794
-3867
-4817
-5575
-6381
-7342
-8244
-8830
-8933
-8630
-7914
-6823
-5527
-4122
-2522
-653
1203
2761
3961
4826
5470
5849
5888
5823
5628
5186
4591
4044
3834
3755
3433
2867
2294
1844
1332
586
-348
-1422
-2563
-3689
-4637
-5198
-5535
-5759
-5700
-5202
-4288
-3119
-1783
-430
839
1938
2786
3524
4114
4361
4218
3785
3313
2892
2459
2042
1682
1411
1167
983
927
836
621
255
-215
-626
-958
-1369
-1812
-2131
-2277
-2167
-1843
-1354
-690
92
901
1748
2565
3314
3853
4066
4090
4004
3827
3496
3014
2509
1981
1490
1104
737
413
58
-334
-702
-1098
-1729
-2736
-3897
-4933
-5877
-6841
-7841
-8667
-8984
-8800
-8205
-7276
-6026
-4586
-3074
-1456
203
1749
2952
3783
4387
4723
4813
4800
4725
4633
4427
4119
3995
4050
4100
3900
3383
2768
2117
1330
267
-971
-2257
-3493
-4528
-5299
-5720
-5777
-5538
-4965
-4058
-2956
-1696
-422
754
1723
2406
2888
3211
3355
3255
2987
2670
2411
2290
2215
2123
2038
1928
1818
1659
1375
1004
491
-178
-842
-1453
-1935
-2250
-2468
-2545
-2391
-1954
-1340
-597
231
1037
1788
2446
2932
3337
3657
3762
3686
3441
3209
2983
2670
2319
1959
1653
1404
1130
774
293
-205
-738
-1411
-2303
-3542
-4722
-5706
-6618
-7341
-7997
-8466
-8363
-7910
-7125
-5972
-4666
-3293
-1923
-546
794
1918
2710
3287
3765
4026
4108
4242
4390
4506
4494
4367
4331
4369
4228
3759
3016
2102
1069
18
-1066
-2218
-3323
-4314
-4951
-5112
-4975
-4608
-4020
-3267
-2384
-1443
-510
366
1113
1607
1899
2190
2438
2575
2642
2711
2759
2731
2731
2713
2621
2396
1936
1442
974
376
-245
-842
-1378
-1741
-2029
-2225
-2168
-1906
-1619
-1323
-890
-338
248
815
1287
1741
2248
2630
2953
3263
3462
3573
3515
3347
3236
2992
2552
2051
1537
1151
692
74
-477
-1029
-1528
-2083
-2982
-3990
-4931
-5760
-6407
-7021
-7569
-7771
-7577
-7111
-6305
-5153
-3870
-2573
-1290
-61
1141
2190
2932
3471
3833
3999
4117
4247
4385
4452
4339
4180
4056
3865
3512
2937
2121
1122
-20
-1124
-2071
-2927
-3745
-4417
-4728
-4645
-4259
-3668
-2970
-2214
-1443
-731
-45
617
1212
1660
1943
2218
2494
2713
2915
3021
3080
3082
2870
2576
2230
1755
1168
458
-187
-700
-1157
-1528
-1784
-1889
-1869
-1790
-1611
-1322
-980
-667
-362
34
482
984
1480
1962
2464
2922
3278
3598
3834
3871
3719
3411
2972
2500
1942
1310
793
353
-45
-416
-781
-1186
-1592
-2088
-2852
-3804
-4726
-5641
-6372
-6953
-7504
-7559
-7210
-6611
-5576
-4324
-2979
-1613
-465
582
1570
2297
2733
3015
3193
3351
3549
3744
4014
4262
4311
4257
4163
3829
3206
2334
1315
238
-931
-2105
-3044
-3611
-4005
-4221
-4096
-3716
-3130
-2463
-1844
-1252
-731
-323
33
386
778
1225
1668
2125
2615
3014
3275
3472
3517
3316
2846
2166
1463
777
88
-564
-1114
-1457
-1612
-1621
-1496
-1351
-1232
-1133
-1055
-959
-838
-675
-393
-62
411
1009
1616
2325
2991
3513
3867
3983
3928
3736
3420
2933
2276
1625
1024
583
257
-22
-232
-411
-591
-805
-1194
-1703
-2481
-3569
-4585
-5543
-6283
-6706
-6991
-6941
-6430
-5621
-4526
-3260
-1977
-903
-79
520
994
1466
1757
1981
2230
2475
2921
3508
4038
4430
4537
4409
4027
3412
2567
1566
533
-588
-1652
-2469
-2956
-3132
-3139
-3085
-2863
-2509
-2129
-1780
-1486
-1244
-1093
-930
-649
-146
491
1172
1839
2515
3093
3387
3499
3461
3169
2578
1747
936
366
-115
-504
-724
-870
-943
-887
-822
-739
-786
-1011
-1224
-1352
-1336
-1184
-868
-408
197
898
1610
2308
2937
3348
3552
3588
3432
3179
2876
2537
2139
1752
1362
1005
828
638
310
5
-353
-695
-923
-1367
-1957
-2596
-3485
-4300
-4832
-5257
-5464
-5636
-5698
-5313
-4668
-3917
-3045
-2163
-1443
-892
-407
202
875
1378
1694
2049
2444
2831
3284
3682
3851
3726
3401
3006
2550
1984
1283
593
-94
-820
-1367
-1697
-1912
-2090
-2297
-2439
-2384
-2263
-2078
-1775
-1479
-1206
-853
-399
204
845
1413
1896
2288
2548
2562
2495
2412
2106
1633
1096
595
349
182
-63
-216
-334
-520
-639
-703
-760
-829
-1047
-1223
-1172
-1014
-723
-286
183
665
1181
1649
2119
2570
2818
2870
2869
2766
2673
2577
2359
2085
1807
1405
1054
791
438
147
-292
-847
-1125
-1136
-1212
-1333
-1893
-2812
-3448
-3930
-4386
-4553
-4844
-5196
-5087
-4758
-4042
-2929
-1958
-1320
-832
-488
-17
639
1099
1332
1550
1717
1982
2513
3023
3426
3589
3295
2779
2335
1904
1422
839
93
-667
-1158
-1427
-1491
-1392
-1544
-1761
-1857
-1939
-1841
-1589
-1362
-1172
-946
-618
-110
597
1221
1686
2006
1983
1876
1924
1895
1696
1309
798
543
497
418
379
360
143
-174
-408
-584
-678
-747
-885
-1000
-943
-773
-375
213
555
846
1156
1268
1561
1967
2143
2321
2281
2153
2243
2198
2200
2152
1748
1340
1024
598
309
153
-71
-345
-584
-835
-1091
-1039
-1410
-2592
-3648
-4316
-4598
-4729
-5171
-5307
-4580
-3915
-3460
-2593
-1699
-992
-521
-441
-307
131
496
1020
1658
1966
2423
3000
3385
3576
3420
3090
2636
1943
1141
543
284
-32
-524
-781
-927
-1126
-1264
-1487
-1667
-1777
-2072
-2184
-1872
-1505
-1079
-538
-25
544
1107
1435
1662
1758
1597
1485
1407
1240
1133
1075
1044
1012
896
740
589
345
-71
-459
-697
-908
-1031
-1019
-896
-627
-381
-177
74
288
451
667
910
1161
1412
1690
1993
2314
2491
2450
2390
2231
2001
1683
1275
907
598
369
251
111
-26
-215
-385
-641
-864
-1125
-2052
-3230
-4048
-4483
-4513
-4434
-4542
-4369
-3915
-3367
-2590
-1728
-1324
-1183
-943
-620
-219
199
627
1228
1932
2445
2888
3107
3020
2900
2746
2331
1725
1161
769
572
346
48
-122
-237
-545
-967
-1392
-1772
-1952
-2016
-1959
-1783
-1527
-1124
-521
71
440
657
762
785
824
858
945
1067
1197
1330
1346
1362
1305
1130
968
738
323
-74
-327
-448
-443
-457
-441
-271
-140
-141
-149
-162
-138
-63
83
343
774
1188
1554
1922
2123
2175
2035
1816
1618
1429
1226
1019
903
823
783
702
504
351
97
-228
-546
-865
-1056
-1496
-2264
-2941
-3486
-3741
-3652
-3699
-3786
-3629
-3382
-2951
-2269
-1867
-1725
-1306
-777
-402
-42
261
604
1161
1738
2113
2334
2384
2250
2250
2286
2097
1782
1449
1175
946
701
405
138
-140
-456
-759
-1141
-1370
-1480
-1530
-1401
-1259
-1158
-965
-668
-443
-192
3
49
99
181
338
554
825
969
1003
1018
955
923
906
783
607
494
413
360
317
222
159
158
158
103
28
-65
-131
-55
109
324
544
740
923
1100
1182
1158
1071
977
927
923
948
900
861
812
751
672
498
270
21
-225
-396
-541
-657
-638
-615
-835
-1290
-1844
-2381
-2647
-2728
-2756
-2618
-2434
-2215
-1870
-1494
-1224
-1047
-870
-757
-607
-422
-258
-24
255
582
947
1234
1409
1511
1469
1287
1054
840
696
618
589
619
640
639
532
280
33
-198
-391
-524
-576
-523
-428
-317
-160
9
62
45
55
22
-58
-93
-55
-21
19
139
299
402
453
466
399
263
116
28
20
78
109
164
319
411
468
482
442
447
417
415
455
441
491
658
693
685
716
609
420
250
44
-117
-156
-254
-314
-274
-274
-261
-261
-365
-493
-527
-546
-587
-507
-373
-277
-218
-235
-292
-253
-199
-194
-164
-111
-51
5
79
123
138
162
131
87
50
-44
-87
-129
-216
-240
-262
-307
-298
-317
-368
-380
-409
-433
-428
-436
-425
-345
-235
-165
-116
-95
-72
-48
-55
-107
-125
-41
36
79
112
116
64
18
-10
-2
2
-15
-16
-54
-121
-135
-116
-117
-107
-67
-28
10
61
88
138
203
242
285
324
359
429
498
470
471
500
487
485
432
387
401
380
337
307
229
140
105
43
-42
-86
-108
-108
-97
-76
-58
-33
12
63
81
51
75
145
189
221
179
177
250
229
225
235
203
249
275
258
287
232
132
96
46
-7
-56
-101
-91
-86
-133
-209
-304
-386
-421
-429
-480
-504
-461
-433
-418
-415
-391
-343
-308
-310
-327
-301
-312
-328
-307
-322
-324
-297
-271
-254
-271
-258
-226
-242
-262
-304
-330
-301
-285
-260
-248
-254
-238
-241
-212
-166
-148
-89
-3
52
117
176
220
252
285
339
346
333
352
386
411
437
458
440
437
418
373
334
302
289
272
236
191
160
124
88
87
127
164
172
193
230
268
299
313
295
297
325
326
330
326
302
312
309
293
278
244
224
209
158
99
74
46
5
-30
-39
-56
-116
-187
-236
-254
-288
-347
-357
-330
-309
-300
-284
-271
-274
-266
-265
-243
-210
-207
-194
-188
-213
-187
-194
-217
-184
-207
-254
-264
-275
-296
-309
-319
-307
-314
-369
-414
-410
-404
-430
-448
-407
-346
-343
-341
-289
-220
-143
-91
-43
-2
16
58
120
139
160
232
279
306
287
269
321
350
326
316
335
347
342
309
251
219
202
135
84
109
138
178
196
184
201
218
210
243
266
289
276
130
30
-15
90
350
473
556
503
353
218
-145
-453
-525
-311
201
611
747
639
370
213
126
-14
-32
41
130
266
219
22
-57
-181
-189
-65
-58
-74
-163
-250
-215
-213
-200
-108
-115
-156
-214
-379
-447
-542
-674
-580
-407
-176
-3
-39
-154
-338
-540
-639
-658
-631
-504
-354
-224
-96
-100
-174
-239
-310
-344
-359
-319
-183
-50
40
83
63
66
40
26
55
43
63
123
149
179
248
256
226
145
56
53
86
96
95
30
-39
42
137
236
330
341
406
382
215
127
127
230
334
379
388
437
506
507
495
395
240
167
155
179
304
399
468
538
433
299
215
93
43
72
54
81
117
148
229
187
102
54
-58
-147
-168
-173
-53
34
-53
-105
-164
-262
-292
-374
-406
-351
-378
-387
-367
-422
-484
-548
-600
-602
-619
-604
-587
-663
-747
-764
-725
-605
-476
-389
-334
-338
-369
-413
-376
-300
-271
-190
-34
118
226
216
105
77
70
65
134
213
311
367
363
359
352
297
224
180
163
161
154
155
176
222
277
303
323
354
335
289
289
289
336
425
459
503
527
494
456
432
412
409
393
401
449
449
455
462
420
399
379
338
337
302
201
114
57
49
62
7
-7
-2
-41
-67
-140
-235
-253
-248
-270
-241
-233
-274
-329
-426
-502
-502
-484
-477
-479
-473
-449
-478
-539
-627
-679
-675
-690
-698
-709
-709
-709
-714
-618
-514
-511
-529
-528
-478
-425
-423
-398
-286
-144
-13
62
78
68
40
46
63
86
128
201
256
309
385
382
348
313
268
244
229
245
272
287
300
320
367
398
385
389
393
365
349
352
401
503
562
576
597
573
531
508
479
491
537
514
479
477
477
489
493
500
478
439
371
279
218
187
165
165
181
167
148
122
58
-29
-93
-160
-245
-272
-303
-281
-259
-316
-359
-416
-487
-543
-556
-539
-525
-545
-550
-515
-510
-572
-623
-664
-734
-768
-772
-767
-719
-691
-691
-687
-686
-647
-616
-613
-601
-553
-499
-453
-407
-342
-267
-212
-163
-133
-68
2
9
10
71
164
235
281
328
376
392
363
331
301
300
297
300
368
394
434
496
493
468
444
429
440
469
459
459
486
518
565
549
531
548
538
511
460
441
451
446
483
528
535
529
524
503
459
388
341
313
266
237
232
249
251
204
170
117
63
32
-53
-109
-125
-158
-204
-260
-289
-321
-363
-433
-468
-466
-491
-513
-504
-513
-545
-566
-569
-546
-550
-582
-625
-681
-746
-796
-813
-755
-695
-644
-608
-584
-508
-493
-540
-539
-524
-488
-410
-336
-288
-232
-178
-172
-159
-134
-99
-55
-26
21
95
147
189
195
201
227
245
259
267
293
332
360
384
395
367
376
412
438
471
511
517
520
522
497
488
480
470
471
474
493
496
464
440
437
426
402
414
444
455
449
441
430
422
394
352
311
276
240
202
214
238
192
127
82
46
30
-10
-53
-94
-137
-173
-199
-246
-309
-341
-367
-402
-413
-421
-426
-448
-467
-464
-487
-508
-513
-534
-527
-491
-503
-536
-544
-552
-546
-542
-518
-495
-502
-474
-451
-430
-424
-443
-421
-371
-328
-319
-321
-298
-258
-219
-163
-139
-102
-41
-20
29
81
89
91
102
137
194
237
271
287
287
300
298
300
299
311
344
359
363
351
348
349
367
385
364
343
343
315
302
346
364
376
390
386
404
424
406
382
405
431
446
442
439
467
453
407
369
334
304
243
192
182
149
105
80
41
-14
-68
-103
-113
-160
-227
-268
-279
-258
-278
-320
-325
-326
-340
-370
-375
-376
-402
-401
-393
-392
-376
-376
-353
-333
-362
-395
-407
-418
-434
-442
-424
-393
-384
-402
-415
-380
-337
-349
-337
-290
-279
-227
-178
-165
-130
-110
-101
-76
-56
-71
-64
-19
32
103
134
139
155
159
186
210
197
176
180
202
238
223
183
207
226
236
234
190
180
188
164
187
240
263
312
315
299
343
333
291
299
326
338
343
357
378
398
412
401
367
345
321
324
348
300
251
251
219
207
185
103
50
9
-37
-53
-91
-142
-140
-143
-146
-150
-193
-208
-221
-259
-310
-327
-301
-294
-283
-254
-263
-286
-299
-328
-352
-379
-388
-369
-350
-329
-318
-316
-314
-321
-335
-330
-313
-293
-264
-240
-205
-187
-156
-121
-114
-98
-105
-111
-77
-69
-58
-10
20
43
81
89
73
75
43
40
76
85
113
140
131
132
143
124
108
95
61
53
56
55
106
141
153
190
197
189
209
197
177
208
248
282
314
332
342
342
330
313
300
278
265
289
292
270
242
227
231
204
161
113
57
25
-6
-48
-70
-75
-67
-65
-76
-92
-114
-125
-133
-148
-173
-172
-128
-113
-119
-118
-112
-114
-148
-183
-196
-195
-201
-191
-187
-213
-221
-229
-222
-190
-230
-256
-230
-245
-240
-242
-258
-206
-165
-172
-154
-125
-124
-120
-87
-63
-49
-26
12
54
74
86
65
69
85
66
76
105
102
90
81
67
62
50
14
-5
-9
-30
-43
-58
-51
-13
2
8
50
87
87
104
140
172
206
220
250
285
283
272
268
272
273
271
268
257
230
184
143
140
136
80
35
40
46
32
-17
-73
-73
-74
-98
-117
-143
-142
-133
-126
-106
-93
-74
-59
-49
-36
-38
-41
-17
-24
-23
-27
-64
-55
-51
-96
-111
-92
-113
-128
-130
-141
-127
-145
-160
-149
-161
-168
-155
-143
-126
-121
-132
-128
-94
-67
-71
-37
-22
-26
9
12
2
29
47
55
75
97
109
104
80
72
79
55
11
-11
-11
-4
-12
-34
-32
-32
-34
-32
-21
-2
-7
-11
15
55
90
118
141
163
176
198
201
201
223
224
208
189
182
188
185
161
131
102
67
31
-1
-33
-25
-5
-30
-56
-81
-124
-149
-154
-155
-149
-134
-120
-107
-107
-97
-60
-35
-32
-38
-34
-20
-4
11
17
19
23
16
-4
-15
-19
-31
-60
-101
-115
-94
-99
-108
-90
-75
-80
-103
-125
-108
-101
-106
-87
-78
-68
-47
-29
-23
-2
23
27
51
59
58
75
79
89
114
127
107
85
53
42
51
6
-16
1
3
-3
-23
-52
-67
-67
-69
-71
-60
-49
-28
12
62
77
85
121
157
184
182
170
201
238
224
195
187
205
204
159
111
102
80
21
-16
-48
-64
-80
-120
-149
-164
-153
-146
-177
-185
-168
-168
-178
-149
-122
-104
-66
-29
-27
-29
-9
-2
19
34
27
39
54
49
25
-2
-19
-46
-80
-85
-85
-89
-90
-105
-114
-103
-98
-119
-113
-106
-125
-109
-73
-45
-12
-5
-2
44
70
65
89
115
139
143
138
153
168
168
152
136
121
98
79
57
22
-1
-7
-28
-57
-74
-91
-89
-88
-108
-108
-79
-42
-28
-14
20
46
63
76
100
129
164
197
206
211
204
182
169
170
169
152
115
93
64
8
-18
-53
-89
-110
-130
-143
-173
-171
-165
-184
-170
-167
-154
-136
-130
-97
-81
-77
-41
8
21
14
17
35
40
13
8
51
54
13
-22
-49
-61
-67
-87
-101
-88
-99
-149
-157
-128
-143
-156
-136
-135
-117
-98
-98
-98
-75
-43
-22
1
31
56
86
99
97
138
172
184
189
175
166
163
157
157
144
134
108
74
36
0
-6
-22
-38
-59
-48
-48
-62
-60
-65
-44
-21
-9
17
50
64
85
115
139
153
172
205
203
211
209
181
155
123
90
89
83
34
2
-29
-49
-64
-110
-117
-85
-112
-154
-154
-160
-139
-127
-132
-122
-114
-98
-86
-71
-45
-23
-30
-29
-22
-19
-29
-34
-23
-20
-33
-47
-46
-55
-89
-108
-103
-121
-134
-138
-137
-119
-109
-124
-122
-107
-87
-87
-92
-65
-46
-46
-40
-13
21
35
51
89
100
117
123
115
140
165
177
180
162
148
120
84
61
47
40
34
23
-8
-23
-44
-51
-49
-57
-40
-28
-17
-1
11
18
28
48
80
109
121
127
158
179
168
157
152
155
149
145
127
130
99
34
21
5
-4
-2
-16
-31
-42
-51
-85
-107
-109
-121
-104
-91
-94
-114
-108
-61
-53
-48
-35
-36
-5
-6
-40
-36
-38
-36
-35
-46
-50
-60
-68
-81
-96
-104
-108
-128
-141
-130
-133
-122
-114
-118
-102
-118
-132
-107
-79
-72
-54
-36
-16
14
29
51
99
116
104
108
110
118
127
109
107
130
121
103
80
76
64
1
-26
-25
-34
-28
-30
-52
-53
-69
-98
-83
-53
-27
16
11
2
29
52
63
90
127
144
152
154
157
179
202
178
143
131
133
118
95
95
90
70
56
39
10
-24
-53
-75
-82
-81
-86
-79
-60
-65
-74
-89
-98
-67
-39
-33
-34
-39
-49
-29
-22
-47
-42
-45
-44
-25
-45
-77
-84
-76
-76
-85
-108
-116
-93
-94
-113
-141
-134
-97
-100
-108
-90
-73
-39
-9
-9
-4
7
0
10
20
39
58
68
90
106
105
99
123
131
104
80
79
101
90
41
17
16
-4
-19
-41
-42
-40
-65
-68
-66
-73
-53
-39
-42
-6
0
-12
0
10
49
76
61
80
103
104
100
86
107
116
102
89
88
96
92
74
54
57
41
12
4
0
4
-6
-26
-28
-25
-25
-19
-28
-46
-44
-54
-56
-44
-49
-57
-57
-48
-45
-48
-37
-24
-33
-33
-31
-43
-55
-58
-56
-47
-48
-55
-57
-51
-57
-74
-59
-39
-44
-38
-28
-19
-18
-29
-31
-23
16
34
14
25
32
36
49
38
41
64
56
61
64
43
32
29
34
26
5
8
7
-8
-21
-22
-27
-63
-77
-61
-40
-28
-29
-25
-17
-2
-7
-6
29
29
35
34
17
53
72
56
70
81
72
78
58
38
58
65
53
55
55
35
20
6
1
21
14
-15
-16
-18
-17
1
4
12
15
-21
-34
-11
-28
-36
-16
-32
-43
-42
-36
-24
-19
-35
-66
-63
-35
-40
-70
-80
-79
-58
-56
-69
-56
-26
-14
-30
-32
-34
-10
11
5
6
2
12
30
30
21
22
39
49
38
36
45
34
37
34
34
61
57
24
9
11
-2
-15
-12
-19
-27
-43
-56
-43
-41
-50
-70
-51
-22
-19
3
-7
-5
25
11
-11
9
49
60
55
50
62
63
27
42
68
