0
-1
-1
3
6
5
7
6
9
9
4
4
5
7
-1
-8
-7
-4
-6
-11
-12
-5
-2
-3
-3
2
8
7
5
2
5
11
8
4
1
1
3
-4
-6
-1
3
3
6
11
16
16
12
5
-7
-17
-21
-47
-124
-204
-218
-180
-184
-220
-185
-89
-25
3
74
184
250
248
236
240
236
216
175
117
65
44
50
41
35
59
89
85
61
63
88
84
26
-43
-84
-101
-120
-154
-180
-185
-175
-166
-143
-102
-55
-28
-33
-36
-22
9
17
-15
-42
-45
-39
-39
-34
-17
-1
1
-5
5
24
38
29
-3
-32
-37
-38
-43
-59
-67
-54
-44
-36
-21
6
34
40
32
42
60
68
60
42
35
36
39
41
50
56
50
47
47
56
65
63
48
38
31
26
20
6
-6
-12
-13
-11
-9
1
10
13
7
5
13
16
7
-6
-9
-7
-6
-9
-8
-8
-8
-5
-6
-6
-1
0
-7
-19
-24
-21
-23
-28
-37
-43
-42
-39
-39
-41
-34
-32
-32
-29
-20
-12
-11
-13
-8
0
2
1
0
5
11
9
11
17
25
28
26
21
19
21
28
28
23
17
15
15
11
7
3
-1
-5
-8
-7
-8
-9
-7
-8
-8
-5
-2
1
4
8
9
3
1
6
9
7
-1
-2
9
11
3
0
2
3
-3
-6
-6
-8
-5
-7
-9
-12
-16
-18
-20
-23
-26
-24
-20
-18
-12
-9
-11
-9
-5
-2
-4
-6
-7
-10
-17
-20
-17
-20
-21
-17
-15
-21
-28
-30
-36
-41
-46
-50
-41
-32
-22
-5
14
39
66
84
96
100
104
104
101
92
78
65
52
44
45
52
53
59
79
100
115
125
132
138
132
115
95
73
48
22
-7
-33
-46
-46
-54
-62
-61
-57
-50
-49
-50
-53
-59
-68
-84
-97
-108
-118
-133
-144
-150
-156
-160
-165
-170
-170
-175
-183
-190
-192
-187
-186
-184
-179
-167
-148
-131
-113
-92
-68
-46
-32
-19
-3
12
28
40
51
67
82
94
104
115
131
138
141
142
144
146
148
146
142
139
142
146
145
154
164
171
175
175
176
176
178
174
172
178
188
187
189
202
213
213
206
203
197
184
163
135
106
74
49
25
2
-15
-25
-27
-31
-34
-38
-47
-57
-71
-82
-96
-115
-136
-163
-182
-199
-213
-219
-232
-247
-254
-259
-266
-275
-280
-281
-289
-292
-296
-300
-303
-296
-288
-288
-289
-286
-283
-282
-281
-279
-279
-275
-267
-254
-238
-218
-191
-160
-120
-82
-47
-9
30
66
103
136
164
185
210
240
257
270
288
303
310
317
325
333
333
332
337
332
330
330
329
324
319
316
313
306
301
294
292
294
285
281
279
271
269
271
263
249
240
229
211
184
153
127
98
71
51
31
0
-24
-39
-57
-67
-83
-102
-117
-135
-149
-162
-184
-209
-224
-239
-257
-273
-286
-291
-299
-314
-321
-316
-315
-324
-333
-341
-338
-337
-345
-348
-349
-346
-341
-341
-331
-316
-305
-305
-306
-309
-316
-333
-355
-369
-375
-378
-376
-365
-335
-292
-238
-178
-116
-51
15
73
119
159
194
223
242
252
265
285
300
311
328
345
362
382
400
413
418
421
421
410
405
407
397
381
371
373
372
370
364
364
360
351
344
331
321
313
298
280
266
257
259
260
254
247
244
232
206
171
132
92
43
-4
-44
-72
-92
-111
-125
-133
-138
-141
-149
-157
-174
-199
-229
-260
-278
-297
-317
-331
-340
-346
-347
-351
-353
-347
-343
-347
-351
-356
-360
-356
-358
-356
-349
-343
-335
-325
-310
-294
-280
-271
-257
-251
-255
-270
-309
-362
-412
-444
-465
-489
-500
-481
-431
-370
-293
-196
-94
1
84
150
205
250
280
292
293
294
310
334
355
384
419
441
449
453
467
467
436
404
378
358
351
342
332
329
343
361
370
381
398
404
395
375
351
331
308
288
276
279
285
272
256
260
262
236
216
195
175
177
169
141
105
80
55
10
-28
-46
-57
-77
-93
-101
-116
-136
-165
-194
-199
-204
-230
-247
-244
-255
-281
-304
-319
-324
-326
-336
-343
-348
-356
-357
-356
-359
-365
-369
-368
-362
-357
-354
-342
-332
-318
-296
-287
-282
-269
-250
-230
-213
-194
-169
-152
-143
-143
-162
-212
-282
-343
-382
-424
-472
-501
-486
-442
-385
-303
-193
-74
26
111
193
256
302
334
351
352
354
374
408
433
458
489
507
509
517
534
530
501
453
401
345
298
282
278
265
258
281
314
345
374
398
409
383
343
323
310
279
254
243
217
193
203
210
203
208
207
204
189
169
153
126
99
72
40
23
12
-20
-56
-74
-86
-105
-132
-157
-185
-210
-216
-229
-248
-241
-233
-239
-259
-276
-281
-301
-326
-347
-357
-364
-385
-391
-374
-367
-363
-352
-342
-331
-324
-314
-301
-303
-307
-301
-295
-286
-274
-261
-258
-256
-240
-215
-185
-161
-145
-114
-81
-69
-58
-64
-134
-244
-333
-382
-433
-514
-565
-553
-505
-455
-366
-214
-58
61
154
243
314
366
399
410
395
382
403
437
469
504
554
594
606
632
678
697
657
588
516
451
376
284
209
182
180
174
187
236
310
371
394
395
398
395
368
303
215
156
138
114
92
114
148
151
162
173
171
165
134
60
7
-8
-43
-66
-56
-50
-53
-37
-36
-67
-66
-53
-98
-170
-216
-230
-263
-307
-316
-303
-295
-286
-265
-243
-247
-270
-302
-339
-348
-355
-380
-397
-394
-378
-357
-344
-341
-331
-314
-302
-308
-313
-297
-288
-295
-301
-285
-261
-243
-235
-221
-201
-188
-167
-132
-104
-80
-45
-18
-5
6
-20
-116
-247
-329
-366
-444
-556
-608
-559
-486
-427
-313
-125
55
157
227
322
406
457
479
475
456
450
480
516
530
551
595
644
672
701
745
768
737
650
561
490
421
335
230
118
68
100
149
179
217
292
347
341
327
354
363
293
182
94
76
87
69
64
108
139
134
125
118
104
84
35
-26
-78
-84
-61
-74
-93
-82
-77
-85
-112
-117
-127
-187
-235
-261
-265
-263
-260
-273
-322
-325
-307
-317
-323
-308
-285
-286
-325
-350
-357
-352
-363
-398
-396
-374
-362
-345
-320
-296
-296
-294
-276
-252
-249
-256
-234
-220
-231
-218
-184
-169
-167
-165
-150
-128
-122
-108
-77
-48
-14
16
42
57
-16
-187
-327
-354
-366
-488
-634
-634
-525
-466
-428
-260
-16
139
201
285
419
515
546
559
542
517
548
606
619
625
675
742
755
740
772
819
804
720
620
535
467
386
305
231
140
63
34
45
104
162
181
189
215
264
307
286
211
158
150
130
87
77
97
80
29
22
56
67
60
28
-9
-12
-39
-82
-100
-106
-97
-106
-151
-151
-120
-111
-116
-168
-218
-236
-280
-340
-380
-388
-367
-364
-372
-344
-299
-290
-314
-321
-326
-355
-367
-356
-352
-355
-368
-384
-366
-335
-321
-316
-303
-276
-235
-210
-224
-230
-210
-206
-211
-202
-183
-161
-150
-141
-131
-118
-87
-51
-39
-31
7
48
72
80
28
-148
-359
-442
-426
-513
-707
-777
-661
-559
-522
-378
-89
141
216
278
428
556
596
626
626
574
568
649
729
742
772
857
901
880
890
944
930
810
664
559
483
387
284
197
117
53
21
22
33
70
115
130
143
186
253
286
248
205
201
206
174
123
110
117
94
60
49
62
71
62
45
-2
-46
-59
-87
-104
-110
-125
-89
-72
-109
-138
-147
-174
-242
-268
-242
-248
-308
-326
-325
-363
-369
-371
-389
-373
-354
-360
-387
-405
-378
-354
-378
-412
-438
-434
-397
-402
-436
-433
-405
-357
-340
-345
-300
-248
-243
-269
-274
-237
-228
-250
-242
-191
-149
-137
-123
-97
-66
-39
-21
-9
18
33
34
-1
-143
-358
-518
-547
-562
-713
-878
-839
-666
-552
-470
-245
74
287
360
454
625
754
786
765
740
754
821
896
934
964
1032
1101
1110
1094
1116
1118
1011
849
701
575
455
322
198
83
2
-26
-46
-61
-25
50
113
124
134
214
307
321
271
249
264
246
183
144
148
131
99
72
51
65
55
-6
-60
-92
-98
-112
-120
-112
-126
-127
-134
-157
-147
-120
-141
-236
-335
-387
-410
-434
-458
-443
-431
-468
-498
-465
-411
-400
-419
-429
-436
-438
-436
-444
-456
-444
-421
-435
-482
-498
-443
-371
-373
-422
-386
-284
-256
-291
-286
-244
-236
-266
-274
-245
-223
-204
-179
-173
-166
-132
-95
-88
-97
-65
-24
-39
-155
-380
-616
-748
-742
-785
-998
-1125
-962
-706
-577
-439
-72
336
508
556
742
1003
1107
1067
1021
1017
1030
1084
1168
1216
1245
1316
1389
1379
1335
1351
1323
1148
906
704
557
374
151
-29
-149
-192
-196
-192
-170
-122
-29
53
80
139
289
420
403
332
373
464
449
359
297
271
227
146
83
76
115
106
18
-57
-102
-99
-84
-119
-140
-117
-98
-137
-206
-226
-248
-341
-457
-531
-536
-536
-587
-618
-563
-487
-451
-418
-405
-408
-393
-376
-407
-443
-442
-474
-559
-657
-715
-678
-633
-621
-588
-519
-438
-411
-417
-391
-330
-307
-377
-457
-462
-420
-416
-458
-454
-389
-321
-273
-245
-218
-168
-117
-99
-122
-144
-173
-364
-741
-1044
-1057
-973
-1128
-1358
-1263
-911
-654
-493
-132
375
699
806
936
1180
1366
1405
1378
1317
1264
1312
1457
1541
1544
1601
1716
1737
1655
1605
1575
1421
1112
797
543
307
81
-103
-252
-383
-423
-331
-219
-166
-100
19
100
121
200
372
507
524
529
634
751
793
780
752
662
504
360
245
114
-23
-134
-236
-308
-311
-246
-187
-192
-202
-169
-133
-171
-250
-296
-355
-475
-591
-641
-648
-646
-638
-620
-583
-521
-442
-394
-384
-386
-389
-409
-473
-552
-618
-701
-805
-851
-832
-809
-797
-762
-693
-632
-599
-567
-532
-521
-524
-514
-488
-494
-562
-609
-568
-494
-440
-434
-425
-360
-307
-300
-311
-318
-329
-516
-952
-1368
-1468
-1367
-1468
-1752
-1747
-1342
-927
-673
-278
346
876
1099
1235
1534
1839
1945
1897
1793
1701
1717
1844
1935
1927
1929
2028
2095
2009
1900
1849
1690
1332
884
506
248
-11
-307
-551
-659
-626
-552
-447
-267
-70
63
167
301
444
583
683
711
728
817
961
1050
1057
1055
1034
929
768
618
470
246
-44
-314
-476
-555
-600
-596
-576
-533
-463
-369
-282
-262
-286
-332
-413
-511
-570
-568
-590
-659
-657
-548
-437
-377
-315
-264
-270
-302
-341
-426
-537
-627
-713
-835
-958
-991
-964
-950
-948
-901
-810
-745
-715
-708
-683
-658
-704
-777
-805
-812
-828
-778
-715
-697
-667
-610
-546
-522
-571
-624
-692
-967
-1474
-1895
-1956
-1842
-1968
-2205
-2019
-1434
-914
-529
9
761
1370
1622
1796
2131
2415
2440
2297
2143
2052
2040
2092
2137
2112
2086
2137
2137
1995
1823
1659
1379
927
418
12
-304
-619
-872
-970
-952
-881
-677
-346
-35
205
451
729
970
1137
1255
1362
1412
1402
1423
1478
1484
1413
1303
1158
937
697
488
246
-43
-294
-448
-538
-593
-588
-488
-368
-315
-254
-152
-104
-145
-232
-313
-404
-527
-602
-604
-595
-555
-459
-365
-283
-211
-178
-201
-306
-472
-628
-755
-904
-1097
-1257
-1304
-1255
-1239
-1230
-1105
-963
-958
-1008
-961
-893
-924
-1015
-1095
-1139
-1146
-1100
-1023
-947
-900
-866
-806
-759
-768
-809
-897
-1190
-1750
-2274
-2435
-2340
-2346
-2498
-2420
-1872
-1129
-492
125
899
1658
2089
2258
2479
2783
2882
2668
2346
2158
2124
2133
2123
2088
2040
2018
1984
1880
1698
1453
1133
682
167
-277
-612
-832
-926
-984
-1014
-852
-455
-5
319
596
957
1256
1413
1591
1822
1925
1873
1794
1744
1725
1670
1539
1329
1057
768
505
253
-24
-302
-521
-668
-759
-772
-633
-433
-333
-251
-67
126
221
240
231
191
94
-16
-84
-148
-192
-197
-229
-285
-287
-233
-219
-340
-563
-703
-718
-783
-1008
-1236
-1300
-1322
-1471
-1557
-1412
-1268
-1346
-1444
-1311
-1139
-1164
-1275
-1278
-1212
-1224
-1269
-1238
-1122
-1033
-1043
-1082
-1104
-1133
-1192
-1372
-1854
-2542
-2954
-2892
-2756
-2861
-2896
-2426
-1603
-853
-170
695
1639
2280
2532
2694
2971
3194
3081
2672
2295
2137
2097
2029
1930
1865
1826
1749
1601
1401
1206
949
545
44
-398
-671
-817
-871
-868
-795
-569
-218
185
585
1009
1446
1748
1870
1990
2188
2298
2215
2029
1852
1721
1554
1319
1076
820
520
206
-66
-253
-387
-518
-640
-695
-651
-497
-294
-151
-31
145
326
445
518
585
611
524
369
246
165
51
-98
-213
-284
-351
-413
-454
-489
-584
-695
-723
-739
-876
-1091
-1243
-1286
-1331
-1383
-1350
-1303
-1320
-1335
-1275
-1193
-1188
-1227
-1251
-1278
-1316
-1317
-1254
-1274
-1358
-1378
-1414
-1554
-1708
-1808
-2067
-2707
-3395
-3572
-3261
-3095
-3202
-2962
-2108
-1112
-349
447
1482
2377
2781
2898
3100
3336
3300
2948
2486
2122
1928
1842
1758
1612
1468
1370
1258
1080
857
632
346
-35
-434
-687
-699
-583
-449
-244
128
617
1057
1412
1668
1776
1808
1856
1886
1807
1664
1581
1534
1444
1348
1310
1259
1078
815
548
327
112
-154
-426
-580
-615
-600
-500
-312
-89
97
247
399
525
623
684
658
560
497
497
447
300
156
70
-24
-185
-345
-441
-517
-643
-800
-909
-918
-880
-908
-1032
-1046
-929
-910
-1004
-1025
-988
-1017
-1052
-996
-955
-1091
-1249
-1283
-1318
-1396
-1442
-1454
-1460
-1548
-1666
-1715
-1768
-1894
-2047
-2424
-3228
-3921
-3878
-3375
-3221
-3439
-3036
-1767
-609
59
919
2159
3028
3138
3039
3277
3513
3202
2523
1959
1645
1511
1421
1292
1152
1036
936
844
681
462
271
-7
-398
-694
-722
-470
-122
145
443
970
1638
2130
2343
2430
2441
2287
1896
1402
1009
794
703
523
265
306
675
864
774
753
799
685
407
139
-24
-114
-206
-328
-341
-113
218
367
380
508
669
650
539
472
421
364
320
250
205
249
237
44
-194
-291
-377
-600
-828
-908
-892
-884
-874
-817
-725
-560
-439
-415
-400
-430
-540
-698
-839
-972
-1139
-1275
-1391
-1570
-1702
-1619
-1510
-1643
-1707
-1527
-1504
-1833
-2162
-2233
-2329
-2820
-3632
-4190
-4102
-3588
-3192
-3047
-2511
-1258
-3
771
1469
2428
3198
3285
2951
2810
2894
2656
1994
1415
1199
1162
1069
972
962
871
671
530
415
143
-136
-258
-386
-532
-428
62
657
1046
1418
1947
2436
2674
2700
2608
2266
1687
1133
812
582
286
114
138
249
378
579
814
862
709
516
334
156
28
-42
-141
-198
-75
183
424
564
673
726
646
513
398
300
174
9
-104
-58
120
269
330
333
253
87
-133
-365
-598
-795
-932
-999
-969
-766
-463
-277
-207
-71
19
-127
-387
-494
-537
-858
-1212
-1226
-1068
-1115
-1287
-1282
-1237
-1375
-1559
-1587
-1575
-1773
-1998
-2131
-2316
-2539
-2609
-2652
-3185
-3943
-3960
-3120
-2528
-2639
-2331
-1043
190
709
1241
2300
3110
3042
2667
2655
2775
2476
1852
1299
931
767
722
652
504
386
365
316
170
62
89
87
-59
-79
191
640
1140
1569
1890
2170
2507
2766
2711
2349
1965
1589
958
277
-10
-34
-184
-414
-335
78
418
514
618
787
768
576
430
396
374
281
219
262
368
514
647
647
513
400
331
181
-53
-214
-216
-232
-280
-138
175
380
371
328
310
181
-80
-340
-512
-699
-877
-834
-615
-444
-318
-78
70
-67
-213
-145
-166
-549
-917
-917
-972
-1287
-1369
-1128
-1107
-1431
-1615
-1539
-1491
-1607
-1835
-2052
-2204
-2279
-2309
-2474
-2914
-3544
-3935
-3728
-3106
-2722
-2606
-2003
-825
248
971
1683
2505
3030
2928
2537
2442
2518
2163
1354
705
611
679
482
293
387
424
242
112
155
181
111
45
67
210
555
1123
1666
1985
2238
2589
2939
3027
2779
2391
2026
1524
788
209
-46
-290
-712
-991
-913
-783
-667
-300
182
385
441
769
1125
1138
1036
1063
1033
827
678
605
471
290
79
-96
-189
-232
-282
-349
-348
-296
-226
-115
34
159
245
364
415
314
189
57
-175
-414
-509
-510
-547
-557
-444
-291
-114
32
17
-56
-30
-2
-256
-640
-881
-1043
-1263
-1438
-1375
-1383
-1572
-1669
-1583
-1495
-1631
-1785
-1800
-1911
-2248
-2511
-2566
-3065
-3971
-4308
-3632
-2751
-2648
-2577
-1419
208
1094
1426
2095
2949
3149
2561
2024
2046
1992
1373
578
236
439
645
468
254
336
432
264
17
-55
-1
-5
-30
202
670
1185
1769
2353
2757
2924
3064
3193
2969
2328
1672
1289
828
180
-247
-272
-338
-849
-1150
-723
-335
-666
-947
-323
455
481
401
1027
1666
1625
1448
1477
1395
1114
711
177
-289
-431
-465
-730
-944
-676
-223
-131
-192
1
296
359
185
47
171
353
238
-20
-23
120
14
-249
-304
-179
-137
-166
-170
-189
-173
-51
-73
-363
-497
-356
-390
-845
-1181
-1043
-956
-1232
-1533
-1471
-1319
-1409
-1617
-1689
-1593
-1608
-1866
-2137
-2283
-2428
-3073
-4029
-4334
-3706
-2950
-2848
-2719
-1596
74
1119
1479
2053
2891
3114
2498
1903
1876
1775
1096
326
110
324
463
412
325
301
296
241
95
-94
-139
-18
152
398
834
1490
2178
2692
2979
3118
3234
3222
2828
2089
1371
814
201
-412
-758
-742
-648
-629
-462
-93
266
423
408
410
532
587
463
444
670
890
862
764
843
879
647
332
102
-138
-402
-592
-694
-675
-502
-312
-205
-87
123
257
190
72
48
65
22
-20
-18
-1
35
37
19
24
41
20
-40
-41
-44
-115
-270
-412
-485
-562
-533
-527
-716
-929
-996
-924
-1002
-1187
-1267
-1329
-1506
-1716
-1693
-1671
-1765
-1844
-1939
-2090
-2353
-2890
-3619
-3938
-3515
-2926
-2774
-2556
-1456
79
1012
1462
2090
2800
2949
2405
1848
1691
1459
802
140
-35
169
337
306
259
319
375
342
200
19
19
194
363
610
1145
1845
2415
2783
3044
3197
3149
2900
2426
1720
1026
496
-24
-473
-658
-586
-566
-723
-635
-198
190
212
135
318
632
784
796
933
1045
1010
977
954
845
585
229
-164
-478
-579
-583
-675
-781
-628
-301
-112
-25
92
188
153
68
44
55
63
53
83
194
308
332
217
47
-57
-97
-124
-174
-255
-238
-144
-129
-223
-290
-293
-362
-482
-628
-773
-978
-1064
-981
-1027
-1232
-1374
-1361
-1403
-1574
-1720
-1792
-1887
-2057
-2190
-2478
-3278
-4094
-4082
-3279
-2725
-2822
-2420
-930
565
1159
1478
2224
2861
2609
1833
1473
1519
1246
548
-25
-7
402
554
318
107
200
288
59
-219
-182
113
311
486
992
1772
2444
2836
3087
3208
3100
2849
2497
1909
1155
615
314
-148
-581
-494
-40
37
-282
-170
165
21
-357
-241
241
335
280
592
1099
1338
1283
1241
1122
920
626
168
-322
-656
-765
-894
-986
-797
-434
-188
-165
-52
165
236
77
-127
-124
-41
-9
46
243
483
553
474
315
142
31
-79
-338
-614
-566
-235
-85
-181
-130
27
6
-188
-191
-182
-494
-858
-1058
-989
-954
-1095
-1309
-1450
-1425
-1594
-1864
-1932
-1903
-2083
-2512
-2816
-3240
-3906
-4095
-3461
-2665
-2462
-2137
-895
576
1373
1581
1986
2469
2368
1737
1182
1088
981
514
19
-58
329
568
349
36
19
168
-22
-340
-246
195
543
758
1323
2153
2738
2973
3103
3167
2895
2449
2069
1590
946
422
251
48
-295
-301
2
110
-141
-242
-42
21
-79
18
351
614
786
930
1004
1060
1074
953
645
359
204
-5
-290
-421
-346
-295
-353
-372
-269
-144
-170
-288
-329
-284
-241
-227
-166
-39
110
235
322
407
490
507
370
150
-37
-163
-218
-300
-361
-306
-157
-29
-9
-66
-218
-374
-398
-338
-523
-787
-828
-769
-825
-1011
-1004
-1009
-1287
-1598
-1768
-1849
-1946
-2052
-2144
-2424
-2960
-3689
-4020
-3559
-2908
-2614
-2456
-1574
-152
886
1341
1667
2178
2309
1805
1238
1082
1133
770
157
7
323
596
454
173
68
9
-138
-350
-291
32
383
753
1248
1953
2582
2959
3112
3038
2797
2442
2056
1599
1052
648
443
319
189
-11
-156
-148
-78
-161
-438
-473
-145
164
288
552
1070
1403
1444
1359
1095
717
457
285
-101
-490
-487
-305
-290
-325
-107
47
-139
-294
-270
-255
-338
-369
-313
-220
-19
196
272
261
323
405
329
192
176
164
13
-211
-267
-161
-128
-167
-135
41
147
58
-123
-231
-275
-345
-376
-509
-719
-831
-810
-835
-1076
-1329
-1469
-1672
-1944
-2025
-1957
-2017
-2219
-2454
-2867
-3519
-3863
-3510
-2901
-2582
-2304
-1417
-138
781
1231
1596
1945
1936
1520
1061
837
788
624
305
118
294
616
592
205
-70
-71
-148
-405
-385
85
615
984
1430
2117
2721
2960
2945
2800
2515
2109
1741
1410
1069
814
707
671
510
314
241
130
-141
-396
-374
-210
-128
9
399
802
685
515
752
867
559
205
261
365
288
268
325
300
178
170
-1
-342
-434
-408
-598
-784
-578
-243
-183
-170
43
245
229
152
190
213
216
303
399
409
372
313
158
-107
-261
-290
-331
-293
-203
-45
24
27
19
-60
-133
-395
-639
-775
-820
-793
-914
-1173
-1373
-1518
-1716
-1820
-1862
-2005
-2282
-2469
-2737
-3433
-4178
-4076
-3155
-2536
-2423
-1845
-516
623
1040
1194
1534
1743
1479
938
624
751
924
768
392
350
685
744
236
-285
-377
-349
-510
-520
-45
653
1182
1583
2096
2579
2803
2780
2595
2280
1934
1734
1645
1451
1217
1161
1164
944
498
151
-33
-266
-569
-695
-477
-189
-151
-80
400
995
1179
1033
1074
1110
815
462
327
267
93
31
5
-153
-235
-167
-273
-624
-720
-515
-484
-582
-440
-138
-31
-47
77
177
115
53
64
50
111
322
465
429
351
283
141
-56
-227
-328
-359
-229
-47
53
94
92
-19
-198
-227
-198
-412
-720
-766
-739
-894
-1143
-1220
-1380
-1758
-1872
-1696
-1646
-1931
-2110
-2246
-2922
-3844
-4057
-3376
-2726
-2520
-2093
-1026
137
769
1002
1228
1365
1214
819
518
604
889
964
762
675
851
901
513
-19
-294
-407
-575
-533
-37
628
1132
1540
2036
2406
2432
2346
2318
2141
1767
1559
1717
1863
1685
1488
1449
1274
775
260
21
-134
-382
-501
-359
-19
101
-322
-548
-66
590
600
311
532
793
695
647
912
877
353
94
49
-186
-385
-350
-453
-775
-692
-344
-361
-507
-339
-180
-356
-350
13
127
-7
138
461
493
404
547
649
394
137
41
-76
-222
-297
-239
-219
-77
113
131
82
69
79
-80
-314
-443
-547
-593
-675
-854
-1016
-1122
-1192
-1480
-1734
-1763
-1730
-1863
-2119
-2237
-2621
-3506
-4150
-3769
-2892
-2465
-2282
-1495
-272
443
546
765
1158
1150
723
441
635
985
1093
956
878
940
856
433
-55
-240
-268
-451
-547
-100
681
1171
1363
1700
2125
2222
1963
1863
2060
2094
1889
1833
2053
2156
1911
1572
1265
872
362
-47
-240
-289
-370
-446
-270
150
531
601
584
317
-70
-30
312
444
251
409
685
518
292
372
326
-245
-598
-438
-447
-567
-365
-111
-231
-322
-115
-182
-463
-424
-204
-272
-318
44
335
280
337
605
594
329
189
76
-96
-155
-155
-219
-202
68
247
166
109
166
32
-257
-300
-199
-195
-391
-510
-587
-668
-810
-1136
-1409
-1713
-1823
-1827
-1806
-1794
-1922
-2191
-2952
-3904
-4130
-3503
-2847
-2666
-2218
-1048
-73
252
403
824
1032
710
366
376
765
1180
1287
1108
1033
1157
952
230
-306
-246
-157
-438
-415
349
1157
1366
1327
1635
1960
1844
1547
1606
1972
2112
2078
2188
2385
2333
1983
1578
1107
620
234
6
-83
-69
95
211
230
198
91
96
-76
-488
-554
-139
342
350
392
765
813
505
308
354
127
-246
-241
-177
-265
-212
-64
-221
-516
-454
-429
-704
-735
-403
-209
-254
-72
268
347
254
316
396
348
322
306
194
130
158
14
-173
-148
15
10
-10
136
82
-13
-38
-7
-160
-402
-344
-494
-702
-858
-959
-1110
-1492
-1464
-1539
-1690
-1683
-1741
-1773
-2293
-2976
-3696
-4007
-3398
-2781
-2422
-2022
-1144
-231
-77
-10
259
526
449
186
353
790
1297
1396
1176
1149
1174
875
151
-196
0
56
-125
-80
584
1164
1218
1164
1303
1554
1474
1360
1570
1959
2228
2195
2257
2379
2241
1865
1411
1101
797
522
385
343
394
327
150
-90
-286
-302
-240
-151
-26
217
429
482
470
445
368
216
159
161
125
78
96
85
-67
-192
-245
-347
-465
-469
-419
-436
-422
-321
-255
-242
-218
-162
-148
-101
20
143
256
374
446
353
231
134
61
-31
-147
-132
-90
71
223
232
127
-130
-187
-256
-367
-386
-380
-337
-581
-851
-941
-1058
-1263
-1580
-1608
-1519
-1655
-1815
-1936
-2229
-3069
-3804
-3607
-2918
-2540
-2419
-1768
-781
-323
-369
-301
103
332
197
105
412
1051
1398
1286
1142
1272
1260
582
-56
15
361
252
-52
312
1009
1198
950
968
1319
1304
1017
1123
1658
2060
2076
2095
2252
2271
1984
1624
1374
1127
921
791
746
758
746
635
352
83
0
-80
-267
-330
-117
162
-52
-371
-85
292
186
-219
-109
234
72
-171
-72
123
21
-106
-15
-35
-141
-173
-268
-425
-408
-248
-366
-524
-320
-74
-170
-314
-94
123
91
84
240
307
159
71
115
150
129
91
110
171
249
262
166
94
58
-50
-159
-199
-167
-281
-607
-756
-834
-1102
-1461
-1572
-1448
-1507
-1721
-1730
-1691
-2254
-3216
-3644
-3206
-2667
-2593
-2371
-1529
-709
-584
-789
-592
-124
-43
-255
-107
557
1102
1105
962
1164
1431
1094
384
130
440
548
242
256
859
1246
971
717
961
1182
901
691
1084
1623
1747
1708
1938
2181
2055
1721
1521
1423
1266
1121
1120
1193
1211
1101
837
509
292
141
-68
-250
-259
-37
-33
-300
-391
-196
-89
-362
-479
-185
54
-46
-109
164
347
182
20
48
32
-159
-290
-255
-228
-259
-314
-356
-385
-362
-367
-447
-455
-328
-163
-82
29
207
259
147
53
94
133
61
37
137
242
243
162
112
18
-85
-78
-29
-29
-165
-280
-357
-563
-777
-919
-1011
-1105
-1234
-1253
-1251
-1338
-1460
-1725
-2237
-2783
-2905
-2570
-2299
-2179
-1811
-1194
-905
-1074
-1073
-686
-426
-585
-596
-61
512
687
692
911
1138
997
676
574
715
746
616
644
950
1254
1228
1031
1007
1068
949
732
787
1112
1287
1258
1339
1583
1659
1443
1270
1289
1279
1098
1010
1171
1313
1254
1092
972
826
598
395
292
262
154
33
52
157
167
-31
-201
-231
-285
-383
-351
-166
-59
-72
-58
38
48
-115
-239
-245
-267
-347
-403
-374
-349
-406
-481
-534
-568
-622
-673
-661
-607
-556
-538
-518
-448
-386
-391
-419
-421
-410
-380
-325
-261
-209
-200
-209
-165
-71
-25
-41
-60
-55
-48
-32
5
20
-17
-84
-113
-77
-60
-110
-160
-202
-228
-245
-286
-374
-504
-659
-752
-783
-762
-711
-768
-889
-972
-989
-922
-857
-864
-900
-898
-854
-758
-602
-472
-414
-417
-374
-213
-22
116
172
220
290
396
550
681
753
764
755
804
923
1047
1083
1053
1022
1049
1119
1155
1168
1145
1092
1059
1069
1110
1116
1056
976
923
911
894
850
778
694
618
571
535
446
322
199
162
173
142
85
-10
-126
-189
-178
-141
-155
-232
-309
-331
-324
-314
-337
-439
-525
-530
-496
-453
-434
-449
-492
-479
-409
-330
-290
-312
-334
-341
-303
-240
-200
-214
-235
-203
-171
-150
-147
-147
-152
-150
-124
-105
-98
-97
-90
-76
-63
-66
-103
-158
-186
-191
-197
-205
-252
-320
-372
-433
-526
-648
-770
-827
-812
-806
-832
-918
-1004
-1027
-973
-888
-868
-895
-932
-920
-829
-683
-554
-495
-485
-431
-283
-112
20
80
109
168
279
429
569
655
672
676
732
840
948
982
962
945
982
1049
1099
1133
1128
1087
1059
1074
1097
1098
1054
1000
971
942
917
887
824
751
695
645
605
515
366
265
253
259
231
139
4
-79
-105
-84
-69
-138
-238
-305
-327
-289
-267
-335
-445
-517
-501
-438
-398
-409
-460
-502
-462
-370
-304
-288
-321
-348
-318
-237
-172
-180
-211
-206
-183
-139
-99
-108
-146
-167
-125
-53
-26
-45
-77
-98
-74
-35
-35
-83
-146
-182
-180
-162
-169
-204
-273
-333
-335
-342
-389
-509
-678
-789
-801
-746
-722
-799
-926
-1026
-1011
-907
-837
-849
-900
-937
-906
-755
-570
-481
-484
-492
-408
-239
-60
62
86
87
151
303
472
589
637
623
637
716
842
936
936
912
901
959
1045
1099
1111
1055
992
989
1039
1084
1076
1017
947
910
906
902
856
752
647
586
544
483
427
363
280
243
222
158
65
-29
-64
-80
-115
-127
-159
-230
-274
-273
-272
-312
-377
-422
-437
-421
-389
-382
-405
-418
-404
-368
-326
-293
-299
-319
-290
-228
-191
-187
-193
-205
-199
-156
-132
-139
-155
-153
-123
-87
-66
-81
-107
-121
-111
-97
-106
-127
-156
-179
-179
-166
-167
-188
-221
-263
-303
-344
-377
-444
-573
-687
-721
-701
-681
-720
-817
-893
-925
-887
-809
-793
-811
-826
-817
-729
-593
-475
-428
-436
-392
-267
-120
9
77
102
143
232
374
501
560
570
575
622
726
837
892
886
869
898
962
1009
1022
997
951
939
968
1018
1029
995
948
902
873
857
828
761
678
595
509
469
466
429
367
287
182
87
44
39
5
-72
-147
-174
-192
-198
-191
-237
-312
-363
-380
-367
-358
-365
-398
-430
-410
-358
-329
-323
-322
-330
-325
-278
-220
-208
-242
-266
-255
-224
-184
-162
-183
-218
-209
-162
-102
-64
-75
-113
-132
-108
-80
-77
-94
-124
-157
-175
-151
-122
-144
-194
-237
-256
-259
-267
-293
-359
-469
-584
-636
-637
-623
-617
-686
-775
-822
-808
-732
-691
-713
-740
-739
-689
-587
-471
-405
-399
-399
-330
-184
-52
23
52
78
147
254
366
453
490
503
531
609
724
805
826
822
834
876
918
945
939
903
887
912
961
989
959
905
861
830
806
773
721
658
585
527
508
472
389
298
229
186
153
117
60
-21
-73
-78
-85
-111
-145
-190
-252
-279
-268
-280
-318
-352
-360
-358
-337
-313
-329
-345
-335
-304
-270
-236
-213
-221
-243
-239
-213
-197
-193
-196
-201
-191
-160
-152
-157
-145
-139
-130
-124
-118
-111
-124
-126
-113
-122
-147
-169
-184
-195
-198
-192
-199
-227
-270
-296
-297
-318
-374
-473
-575
-620
-601
-569
-577
-639
-722
-758
-727
-659
-607
-613
-636
-645
-594
-466
-361
-329
-328
-321
-249
-121
-5
64
77
88
156
269
375
441
444
441
489
581
682
746
747
733
742
787
848
879
872
849
836
857
895
903
869
812
762
727
712
694
653
596
517
446
411
395
363
306
225
148
107
98
95
64
-8
-62
-78
-93
-100
-125
-178
-225
-259
-255
-240
-247
-273
-305
-320
-297
-267
-262
-266
-266
-266
-252
-233
-228
-242
-250
-237
-220
-202
-187
-189
-191
-169
-152
-147
-141
-136
-131
-130
-122
-125
-142
-160
-169
-182
-190
-193
-211
-226
-224
-222
-227
-259
-296
-301
-302
-326
-395
-498
-555
-559
-533
-511
-542
-624
-696
-697
-622
-547
-532
-553
-575
-553
-450
-337
-286
-297
-318
-268
-149
-27
58
70
70
116
213
332
412
427
412
427
505
617
677
673
659
670
720
784
827
826
787
767
785
817
827
805
753
709
689
689
679
623
560
512
470
438
388
311
243
205
191
178
136
64
-3
-46
-42
-26
-54
-112
-161
-192
-191
-179
-194
-238
-286
-295
-272
-247
-233
-254
-280
-277
-246
-207
-198
-214
-231
-233
-210
-165
-149
-166
-186
-186
-163
-135
-122
-136
-157
-165
-145
-122
-121
-141
-179
-199
-194
-171
-169
-191
-204
-215
-210
-202
-218
-248
-281
-302
-298
-292
-318
-396
-494
-543
-519
-476
-474
-521
-598
-637
-599
-510
-454
-458
-490
-508
-466
-371
-280
-243
-259
-260
-185
-67
36
90
90
88
138
236
341
396
400
402
422
488
580
629
631
613
621
672
730
756
742
707
688
706
740
754
734
683
632
605
606
588
537
480
420
369
330
311
284
250
211
164
117
75
62
46
7
-23
-43
-66
-89
-103
-105
-135
-177
-203
-209
-203
-195
-203
-231
-238
-225
-207
-198
-201
-203
-213
-202
-175
-163
-170
-177
-175
-177
-157
-137
-141
-154
-154
-148
-147
-145
-155
-175
-186
-189
-195
-208
-212
-212
-213
-218
-220
-225
-247
-264
-276
-276
-274
-284
-300
-322
-362
-406
-446
-472
-463
-459
-471
-483
-510
-517
-479
-436
-411
-403
-413
-402
-360
-294
-216
-178
-172
-146
-89
-8
62
98
108
127
180
260
330
365
377
382
412
475
541
569
563
558
587
628
669
683
659
632
621
637
654
649
622
581
544
528
515
488
451
392
332
300
296
295
272
218
160
111
94
106
112
70
16
-21
-44
-37
-27
-49
-105
-152
-158
-146
-132
-129
-156
-187
-195
-169
-144
-147
-172
-202
-210
-184
-147
-137
-160
-183
-195
-191
-167
-151
-158
-177
-178
-167
-156
-153
-168
-194
-212
-209
-205
-208
-212
-223
-227
-228
-235
-241
-257
-269
-273
-279
-289
-295
-303
-314
-330
-363
-392
-406
-404
-393
-389
-397
-411
-415
-399
-371
-349
-345
-342
-328
-292
-236
-187
-165
-145
-110
-63
-13
35
68
85
116
173
237
283
311
334
355
389
432
460
477
488
505
531
556
579
579
563
555
560
566
565
551
527
509
498
489
464
425
381
342
327
335
328
286
237
201
180
176
172
142
83
36
21
24
20
0
-42
-87
-99
-84
-75
-93
-120
-142
-151
-133
-115
-120
-137
-160
-166
-155
-140
-135
-149
-169
-173
-163
-151
-140
-154
-176
-183
-180
-180
-184
-193
-210
-229
-239
-233
-231
-234
-233
-234
-240
-239
-241
-255
-264
-273
-276
-269
-266
-268
-276
-289
-291
-295
-304
-312
-324
-329
-325
-321
-322
-329
-325
-308
-294
-285
-272
-257
-243
-221
-189
-160
-138
-116
-85
-41
4
40
75
104
133
183
222
247
275
293
324
358
389
417
428
436
455
473
483
485
475
462
464
474
473
463
443
424
413
409
397
374
345
323
313
310
305
286
253
224
215
211
194
172
143
112
93
80
73
55
29
15
-1
-5
-5
-22
-38
-57
-65
-69
-82
-94
-106
-118
-123
-120
-120
-135
-153
-160
-168
-172
-175
-187
-203
-210
-212
-219
-230
-247
-262
-270
-269
-266
-263
-266
-279
-284
-285
-282
-280
-281
-291
-292
-289
-290
-283
-277
-284
-288
-291
-298
-302
-299
-297
-292
-283
-274
-272
-273
-263
-245
-229
-214
-203
-196
-180
-155
-118
-89
-73
-61
-36
-2
32
67
88
103
128
162
196
227
247
261
283
311
343
363
368
377
387
395
410
424
427
421
420
427
430
420
408
399
388
377
368
358
344
329
324
322
315
299
279
260
251
244
225
201
175
151
135
124
107
87
67
51
40
27
2
-24
-45
-62
-72
-89
-108
-128
-144
-152
-154
-162
-181
-201
-220
-229
-232
-240
-256
-271
-286
-292
-289
-293
-305
-314
-321
-326
-324
-316
-309
-312
-319
-314
-308
-306
-304
-304
-309
-305
-297
-291
-287
-277
-270
-270
-265
-253
-240
-229
-219
-206
-200
-194
-173
-156
-135
-115
-104
-92
-75
-52
-27
-9
9
30
53
80
103
118
130
145
165
189
210
229
239
249
265
288
310
320
325
334
346
361
376
376
365
357
356
368
374
369
356
341
329
329
328
313
290
268
257
253
245
238
223
208
196
191
187
173
154
135
119
109
92
75
56
33
19
13
-3
-23
-48
-69
-82
-96
-109
-125
-146
-164
-173
-179
-181
-201
-226
-244
-258
-261
-269
-279
-290
-302
-306
-305
-302
-305
-309
-316
-324
-322
-314
-302
-303
-308
-304
-298
-285
-271
-266
-265
-267
-258
-237
-226
-219
-212
-213
-196
-173
-162
-152
-147
-146
-131
-110
-96
-78
-66
-48
-26
-2
18
30
44
55
83
110
127
145
153
165
187
209
222
229
232
239
255
270
280
283
285
292
304
316
324
320
318
319
324
329
332
330
324
322
320
316
311
298
284
272
267
256
242
227
217
205
190
181
163
145
134
120
105
85
57
35
13
-6
-22
-45
-74
-94
-112
-129
-141
-160
-180
-202
-214
-221
-231
-243
-257
-270
-278
-286
-290
-298
-307
-313
-313
-307
-306
-310
-313
-320
-320
-303
-296
-300
-305
-305
-290
-272
-261
-252
-258
-248
-226
-204
-183
-180
-181
-174
-152
-127
-110
-104
-102
-87
-63
-33
-16
-8
1
9
29
53
69
83
89
100
115
129
141
153
162
174
192
201
213
220
227
238
246
255
265
271
274
280
282
282
282
283
281
281
279
276
269
259
261
256
253
253
247
241
231
219
214
202
187
173
155
142
130
119
107
90
74
62
47
32
16
2
-14
-30
-48
-66
-83
-100
-119
-138
-156
-171
-181
-194
-207
-219
-227
-239
-250
-254
-258
-265
-272
-277
-273
-273
-274
-272
-272
-278
-276
-269
-260
-253
-249
-243
-241
-236
-225
-217
-210
-198
-191
-185
-170
-158
-146
-132
-116
-97
-86
-77
-58
-46
-36
-26
-23
-13
9
27
48
58
65
75
89
112
129
135
136
136
146
163
176
182
179
180
188
203
216
219
210
206
213
223
232
229
221
213
212
213
211
210
202
192
189
189
188
184
177
168
163
160
157
151
142
138
134
122
107
98
85
69
57
45
35
22
12
6
-4
-14
-22
-34
-43
-50
-62
-78
-91
-105
-120
-128
-136
-147
-160
-175
-184
-190
-201
-212
-220
-225
-227
-231
-234
-235
-236
-230
-222
-217
-213
-215
-213
-209
-201
-195
-189
-185
-178
-167
-156
-144
-137
-131
-122
-111
-103
-95
-84
-73
-66
-52
-39
-26
-11
-4
4
13
25
37
41
48
57
64
77
91
99
108
115
123
134
145
159
166
166
166
168
176
184
185
183
181
178
178
179
185
183
176
175
171
176
171
163
157
149
142
134
128
121
111
102
98
99
93
89
81
75
70
65
61
52
42
33
25
17
5
-6
-17
-25
-31
-38
-44
-52
-63
-69
-73
-78
-90
-95
-99
-107
-115
-120
-125
-131
-136
-138
-137
-141
-153
-161
-164
-166
-168
-172
-180
-183
-181
-174
-166
-164
-162
-159
-150
-136
-129
-125
-123
-124
-120
-111
-99
-89
-87
-79
-64
-51
-42
-32
-27
-18
-8
1
10
14
21
27
34
45
54
64
74
77
83
88
99
103
101
108
118
122
120
123
123
131
138
139
142
140
139
141
143
142
137
128
123
121
120
120
116
105
99
97
98
99
93
79
69
63
61
59
51
42
24
21
23
23
17
5
-5
-12
-15
-13
-12
-18
-28
-33
-35
-36
-47
-60
-67
-74
-77
-77
-77
-82
-89
-91
-89
-91
-92
-94
-103
-102
-100
-102
-101
-102
-101
-96
-90
-88
-92
-95
-93
-89
-88
-85
-83
-83
-80
-74
-73
-67
-61
-59
-51
-41
-35
-32
-32
-30
-19
-13
-5
6
11
15
19
25
29
32
38
39
47
55
53
58
59
60
68
72
68
68
66
66
73
78
75
72
68
65
68
68
67
67
66
68
68
70
69
61
59
62
59
57
47
38
34
30
34
29
21
18
7
5
6
2
-2
-8
-12
-9
-12
-17
-18
-21
-22
-19
-21
-26
-25
-27
-29
-31
-31
-35
-37
-35
-34
-38
-46
-46
-44
-48
-46
-46
-49
-50
-43
-35
-31
-31
-35
-33
-31
-25
-24
-22
-25
-27
-22
-18
-9
-8
-14
-12
-7
-5
2
7
4
2
0
0
4
5
6
3
-1
5
7
3
6
6
6
9
11
16
13
13
17
18
22
23
22
22
21
18
16
13
13
10
8
10
8
5
6
5
4
5
6
2
2
0
-1
0
-3
0
-2
-2
3
5
5
8
10
8
5
2
3
3
4
7
5
2
2
2
2
-1
-1
3
2
-1
1
0
1
2
5
7
6
4
4
7
6
1
-2
-5
