13
-7
-10
-5
19
-3
-19
13
23
-7
-35
0
31
-15
-24
44
6
-33
16
3
-8
18
-21
3
29
-14
-17
6
32
6
-23
8
18
9
14
-17
-10
33
-21
-16
17
-39
11
30
-48
-7
29
-22
1
11
-3
32
-2
-31
62
17
-22
21
2
-18
-12
5
-3
8
-51
-21
69
-33
-47
62
-5
-12
0
24
13
-37
7
31
-6
-16
16
22
15
-25
19
32
-40
7
3
-36
79
-69
-61
73
-42
-57
16
-13
-48
-8
-20
0
-15
10
19
-30
35
21
-53
62
-1
-45
18
-28
12
33
18
-14
-41
36
30
-89
53
25
-116
38
61
-39
26
-15
15
45
-31
-66
16
89
-73
38
68
0
34
-20
33
-22
-68
128
-13
-77
56
-35
55
-2
-62
68
-37
-33
30
-29
46
-3
-29
42
-20
-75
62
24
-94
48
17
-25
116
-62
-15
121
-105
89
37
-82
22
-75
78
-56
-171
163
-77
-73
152
-40
-38
33
65
-79
130
49
-280
217
-22
-242
274
-97
-51
135
-226
56
142
-117
5
144
6
-83
13
-62
19
93
-173
5
131
-140
-26
49
-35
85
-12
-73
16
100
-21
-97
74
-24
-12
52
-5
-61
46
38
-100
119
-85
-111
232
-120
-3
119
-165
94
35
-67
78
-26
-28
18
-81
68
35
-127
57
49
-92
-51
30
-10
-54
110
-48
-85
97
-108
55
79
-121
-9
-3
-31
153
-47
-177
259
-14
-148
164
-43
-18
-19
83
21
-214
224
-104
-132
260
-199
83
99
-200
205
41
-206
145
-1
-161
349
-57
-293
351
-57
-220
304
-102
-142
205
-108
-12
17
-126
43
-39
89
18
-74
66
-68
79
-73
52
173
-314
212
97
-197
212
-127
57
96
-157
74
67
-4
-63
-25
59
-107
55
59
-103
93
-28
-164
158
-33
-27
174
-152
-2
57
-27
-115
92
44
-161
67
-101
42
140
-284
75
168
-228
-110
147
38
-215
148
7
-79
32
-131
81
104
-95
-150
183
89
-206
118
42
-53
39
-130
130
168
-185
-87
209
-71
-165
318
-35
-207
102
-39
6
27
-96
95
165
-254
-151
228
-56
-98
40
53
9
-48
36
3
79
-86
-23
137
-92
-43
57
45
-129
22
184
-172
101
108
-212
269
-41
-217
478
-179
-317
378
-22
-159
143
-28
-98
191
-57
-66
220
-38
-257
125
34
-113
129
-109
90
3
-240
227
15
-280
166
63
-169
189
19
-150
114
24
-123
83
77
-221
135
48
-58
-15
-87
83
13
-12
-32
13
45
54
-93
25
10
-5
60
-126
48
-80
31
95
-248
155
59
-175
132
-65
-34
74
-98
17
43
-8
-71
-140
75
-26
-71
-36
-7
90
-145
150
-49
-177
203
-35
-28
16
-108
131
-20
-123
152
0
32
-68
76
29
-87
269
-100
-197
332
-88
-94
341
-274
-83
308
-295
-104
367
-357
85
338
-438
288
107
-380
344
-153
-173
475
-220
-131
254
-169
-66
269
-113
-31
271
-288
61
102
-262
255
-93
-65
75
-173
270
26
-121
224
-76
-24
67
-192
87
67
-96
2
-5
-78
92
116
-255
101
8
-242
239
-74
-85
170
-209
-8
-13
-79
192
-311
177
130
-316
362
-228
-49
219
-298
187
101
-250
104
225
-215
-76
225
-221
150
121
-406
327
30
-272
319
-147
2
225
-249
160
85
-255
205
15
-132
46
-24
61
-90
151
29
-195
95
-16
-35
-67
-47
12
-7
26
-198
-15
176
-94
-98
220
51
-350
272
-51
-132
263
-289
203
131
-410
257
155
-172
128
127
-11
-64
40
27
13
-30
41
-28
-25
-16
56
-35
-42
-11
-57
169
-91
2
21
-126
270
-201
-56
301
-467
321
25
-267
279
-337
193
-36
-288
499
-285
-29
407
-503
254
13
-269
421
-198
-147
336
-191
24
271
-104
79
-88
-117
176
-20
-59
75
-19
144
-96
-151
153
55
-235
87
68
-189
174
-245
186
144
-574
412
-165
-360
536
-485
254
184
-483
379
-134
-88
-65
38
239
-358
177
108
-253
400
-273
-133
424
-292
23
290
-180
47
70
-46
-75
-22
162
-190
301
-10
-305
312
-105
60
177
-150
2
-98
8
-100
85
61
-240
280
-251
-32
207
-341
227
-85
-112
70
-252
392
-192
-269
348
-141
148
-39
-172
354
-84
-157
303
-64
-146
143
126
-217
-44
64
-163
358
-166
-203
513
-254
-89
305
-155
-17
-13
37
-105
6
99
-200
223
-48
-82
278
-160
127
72
14
29
-165
217
-32
-231
100
61
-117
14
-41
44
55
-161
0
-19
-33
8
-59
42
-13
15
53
70
-46
-171
94
-10
38
-79
-116
252
-99
-39
20
-106
91
-2
69
-21
-133
58
25
-62
-54
136
-103
3
24
-164
221
-155
-118
115
-59
56
-96
-110
129
-23
-15
32
6
49
71
-27
71
25
-132
167
80
-153
89
83
-218
296
-81
-137
250
-358
189
89
-177
287
-224
171
118
-326
178
-26
130
-58
-41
170
-252
-21
6
-47
95
46
-13
38
-55
-206
185
-65
-96
49
-118
141
-25
-96
1
230
-90
-120
131
-113
56
-19
-10
51
-99
219
-33
-31
153
-141
-74
104
124
-173
69
142
-203
88
58
-166
102
51
14
-77
-63
-27
20
-59
-103
107
-18
-32
-13
-9
-15
72
-114
-6
83
-14
52
-51
-97
123
-83
-97
193
-192
85
171
-217
5
167
-105
157
36
-140
115
19
-37
155
-66
-86
209
-109
-28
26
50
-159
142
110
-211
169
-75
-99
168
-35
-20
-48
64
-50
-166
129
-169
189
-8
-120
200
-210
-153
315
-92
-347
316
-133
-199
180
-132
23
112
-4
-119
92
194
-262
86
213
-127
17
152
-35
-63
188
-242
-38
309
-430
221
261
-418
300
72
-358
269
133
-378
332
6
-490
435
-65
-394
301
14
-133
50
-176
38
179
-36
29
-142
12
97
-93
-20
19
-35
-83
46
-15
46
83
-137
82
66
93
-14
-50
183
-133
77
-56
-80
273
-260
138
181
-192
181
-123
-29
113
-136
19
44
-148
96
46
-130
92
-86
-63
114
-8
-21
-5
127
-196
67
274
-249
230
-131
-113
227
-268
98
-10
-79
171
-32
28
-54
-118
11
-54
146
-12
-197
170
37
-175
85
-45
12
129
-163
119
-40
-57
26
-245
158
143
-211
120
75
-139
26
-84
-24
40
-100
-96
79
176
-188
44
159
-221
173
53
-79
255
-114
-69
321
-69
-116
37
-69
140
-136
-271
347
12
-137
149
-60
107
-45
-49
142
-116
41
-147
-138
251
-151
-71
216
-171
-38
208
-50
63
-155
-97
222
-221
-25
85
-226
63
33
-267
160
116
-207
162
112
39
155
45
-21
54
-21
-75
33
-31
-55
140
-157
-3
150
-245
237
19
-78
210
-183
152
-100
-100
201
-322
296
47
-335
412
-136
-146
146
-199
229
-191
-58
391
-261
-22
-27
-82
64
-248
214
26
-238
240
-262
95
196
-513
365
264
-405
236
18
-162
207
0
-14
108
-67
-90
163
-164
16
56
-238
291
-270
-43
423
-303
42
48
-162
233
-148
-134
305
-125
-79
162
-190
129
40
-240
177
19
-192
82
9
-176
200
11
-53
72
-18
29
47
-172
-139
138
-34
-40
170
28
-210
219
-115
-81
206
-108
196
142
-183
-26
102
-19
-107
-87
37
82
118
-68
-123
168
-64
-149
355
-118
-93
203
-198
16
52
-147
19
-60
42
108
-135
156
-60
11
87
-132
62
-79
23
101
-139
91
65
-184
103
36
-88
68
48
-88
-5
73
-115
37
31
-110
51
-30
36
45
-68
61
60
19
-5
-35
30
-171
-6
278
-415
27
138
-317
353
-92
-105
215
-129
124
56
-94
14
-5
-29
-97
94
-4
-81
133
81
-112
84
98
-98
125
-17
-134
117
45
-176
30
-92
-37
129
-167
99
104
-130
177
-83
61
132
-336
184
31
-57
143
-361
80
123
-229
202
17
-47
72
-145
137
-20
-157
198
-158
22
72
-198
267
-69
-160
240
-31
-128
72
-33
-4
240
-201
-20
251
-233
72
0
-154
261
-132
-111
99
-129
109
-127
20
177
-113
95
-31
3
99
-163
31
38
-96
178
-14
-132
153
-96
-100
271
-151
-126
209
7
-106
23
-7
-6
20
-231
27
216
-103
-50
11
-60
110
-49
71
19
-140
14
140
-72
-25
65
-104
215
-150
-50
168
-100
14
51
25
-27
-45
-69
50
-14
-48
99
-73
66
18
-33
-56
20
164
-155
153
17
-147
50
-97
-27
136
32
-155
108
66
-126
-23
44
118
-70
-98
88
-39
26
-135
48
134
-249
156
-1
-54
101
-111
116
-17
-9
66
-86
110
6
-141
100
82
-182
103
-23
-50
39
-129
137
-44
-107
230
-56
-112
146
-107
77
51
-148
61
56
-107
-9
0
-69
-84
137
85
-137
59
97
-108
67
43
-235
243
-30
-151
312
-160
-129
195
-164
122
103
-289
231
46
-273
285
-87
-179
240
-160
-30
182
-92
-45
109
-202
53
174
-287
193
1
-169
201
-249
53
179
-108
90
-125
84
166
-153
52
-8
-77
42
-85
145
-121
-148
359
-238
72
115
-256
316
-141
-74
164
-100
77
-60
42
-95
-46
128
-114
58
-46
12
129
-155
29
46
-115
169
-85
-39
163
-256
115
172
-244
45
53
-40
-13
39
53
-132
57
-57
48
51
-82
97
-25
16
-50
67
25
-54
24
-123
139
2
-221
101
65
-49
70
65
-110
77
-47
-15
94
-134
124
-70
-67
81
-78
197
-76
-101
225
-190
-45
148
-94
113
-44
-197
241
-143
-70
228
-143
112
-135
-81
275
-214
47
109
-170
134
-104
-76
234
-150
-47
236
-118
4
27
-48
107
-33
-15
-64
95
-21
-82
140
-150
37
18
-35
54
-102
102
-3
-15
13
-31
-58
-31
42
6
61
-120
44
44
-109
68
-75
99
87
-265
108
203
-202
-56
162
-73
71
-18
-104
258
-176
-111
217
-113
36
37
-111
171
-20
-221
173
65
-201
161
10
-104
50
-42
72
73
-144
-35
168
-116
-74
88
-61
74
-17
-2
-2
-35
143
-138
57
-17
-100
217
-54
-167
33
16
39
94
-169
85
135
-156
177
-88
-151
178
-122
30
36
-129
74
45
-137
-46
148
24
-24
33
3
-84
90
-18
-173
213
-73
-56
235
-232
-86
160
-56
70
54
-126
31
112
-164
-7
133
-107
38
53
-65
42
53
48
117
-91
-24
92
-21
33
-24
79
-51
-97
106
-25
44
71
-57
82
-37
-126
21
31
-49
-91
49
55
-111
-31
42
-94
71
-3
-82
73
-110
-7
106
-135
-27
3
-94
44
35
-111
33
95
-180
41
75
-71
99
-62
-102
43
-26
-31
3
-35
12
50
36
-40
-57
105
-15
21
47
-83
70
-77
-48
96
-51
11
-18
16
77
-39
94
46
-15
103
-13
33
73
22
78
-2
21
46
23
99
-17
25
98
-81
86
-22
-64
185
-69
-60
68
-72
-3
32
-41
-7
62
38
-46
6
7
34
-14
-99
-46
-83
-86
-59
-124
-123
-161
-248
-129
-163
-212
-208
-262
-205
-291
-302
-193
-273
-261
-154
-184
-217
-172
-105
-82
-29
-63
-24
88
55
65
171
211
163
265
314
259
294
350
307
337
376
271
416
430
272
440
411
252
425
363
267
463
323
272
405
227
196
275
195
171
150
105
97
156
153
6
38
161
87
127
56
-34
125
32
-61
15
-14
-2
-1
-38
39
-27
-110
-164
-234
-202
-440
-710
-791
-1012
-1031
-1003
-1180
-1179
-1241
-1318
-1326
-1398
-1331
-1355
-1404
-1337
-1182
-931
-794
-586
-386
-251
-28
148
430
639
743
934
1173
1436
1489
1514
1602
1528
1372
1272
1150
1079
980
802
716
619
472
313
79
-188
-337
-462
-612
-722
-759
-770
-781
-761
-678
-552
-459
-383
-243
5
186
332
599
754
825
918
979
1102
1079
1046
1149
1122
1049
951
878
768
557
498
393
195
121
4
-79
-129
-176
-135
-200
-188
-55
21
144
114
118
289
233
175
291
336
379
256
230
514
451
243
179
-140
-403
-567
-1332
-2154
-2559
-2793
-2535
-2642
-3244
-3145
-3088
-3167
-3107
-3155
-2922
-2806
-2760
-2317
-1432
-685
-479
-31
452
691
1133
1572
2155
2465
2436
2808
3304
3544
3362
3152
2969
2466
2067
1864
1674
1420
970
497
262
52
-318
-798
-1209
-1559
-1820
-1763
-1663
-1429
-1239
-1334
-1243
-1012
-683
-428
-403
-190
36
300
729
1129
1453
1430
1385
1542
1825
1911
1686
1654
1431
1176
1219
991
831
546
109
216
105
-46
22
-157
-172
-251
-254
74
170
146
194
313
492
682
876
815
724
737
673
819
857
684
712
512
356
308
44
-108
-423
-759
-1186
-1654
-1857
-3042
-4261
-4716
-4901
-4283
-4592
-5012
-4503
-4280
-3900
-3878
-3454
-2743
-2795
-2371
-1394
189
1296
1454
2294
2827
2945
3253
3604
4322
4231
3827
4162
4502
4471
3576
2802
2345
1173
326
-227
-547
-596
-1437
-1947
-1914
-2161
-2417
-2925
-2984
-2833
-2714
-2108
-1536
-603
21
125
642
1149
1638
1951
1995
2241
2519
2779
2965
3005
2849
2330
1946
1708
1435
1191
709
296
-65
-428
-605
-889
-1092
-1240
-1333
-1072
-832
-599
-311
-220
-51
241
608
1063
1390
1619
1864
2095
2226
2172
2067
1806
1472
1169
898
794
525
240
-56
-563
-826
-1230
-1606
-1632
-2267
-2808
-3081
-3838
-4856
-5960
-6178
-5478
-4978
-5106
-5119
-4083
-3248
-2987
-2493
-1819
-1089
-955
-422
1258
2759
3314
3387
3792
4115
3881
3669
3907
4019
3393
2732
2809
2934
2149
970
59
-652
-1591
-2550
-2653
-2301
-2410
-2847
-2889
-2248
-1840
-1893
-1686
-1135
-373
203
905
2058
2937
3065
2892
3052
3267
3224
2940
2551
2410
2056
1459
1205
870
124
-679
-1198
-1372
-1415
-1507
-1630
-1594
-1558
-1626
-1274
-782
-587
-299
179
804
1394
1776
2095
2316
2353
2292
2393
2548
2423
2200
1979
1737
1460
1059
582
84
-508
-1022
-1160
-1246
-1489
-1553
-1547
-1698
-1655
-1658
-1614
-1286
-1106
-1277
-1484
-1539
-2225
-3458
-4362
-4561
-3671
-3089
-3667
-3519
-2744
-2326
-2293
-2532
-2020
-1368
-1469
-968
707
2347
2664
2457
2788
2956
2774
2546
2868
3515
3110
2529
2778
2952
2163
754
22
-502
-1509
-2142
-2017
-1365
-1348
-2104
-2060
-1494
-1238
-1246
-987
-130
518
836
1474
2480
3118
2748
2383
2528
2523
2470
2198
1884
1499
681
159
-19
-301
-881
-1496
-1542
-1492
-1404
-1094
-945
-831
-868
-742
-103
473
743
958
1377
1769
1978
2196
2266
2179
1903
1645
1685
1623
1381
1121
833
586
270
-159
-534
-787
-1070
-1264
-1227
-1106
-981
-814
-620
-706
-704
-597
-412
33
280
365
13
-651
-1128
-2019
-3488
-4976
-5398
-4471
-3938
-4256
-4586
-4077
-3371
-3613
-3663
-2831
-1801
-1237
-581
1224
3102
3624
3335
3412
3800
3718
3526
3958
4531
4191
3250
2721
2500
1571
9
-1091
-1714
-2336
-2914
-2907
-2422
-2477
-3055
-3190
-2486
-1601
-1055
-413
514
1370
2010
2635
3352
3793
3661
3400
3467
3654
3524
2979
2301
1453
433
-308
-735
-1092
-1546
-2059
-2277
-2236
-2169
-2035
-1865
-1757
-1557
-1057
-271
497
936
1275
1724
2137
2353
2479
2667
2630
2346
2100
1958
1875
1499
907
484
170
-185
-730
-1239
-1519
-1653
-1773
-1686
-1435
-1237
-1138
-1091
-776
-491
-413
-153
283
824
1165
658
97
-259
-875
-2027
-4079
-5439
-5128
-4383
-3947
-4442
-4861
-4181
-3992
-3979
-3351
-2267
-1136
-722
258
2312
3898
4259
3822
3926
4263
4009
4110
4548
4649
3787
2362
1809
1362
153
-1189
-2127
-2535
-3193
-3733
-3308
-2801
-2903
-3326
-2972
-1591
-435
424
1340
2221
2816
2981
3573
4301
4383
4124
3829
3832
3608
2871
2144
1123
-145
-1273
-1874
-1865
-2085
-2441
-2643
-2747
-2711
-2698
-2206
-1461
-1107
-655
114
1042
1728
1921
2168
2446
2553
2541
2637
2860
2631
2032
1463
1152
911
280
-320
-534
-645
-935
-1329
-1668
-1927
-2031
-2027
-1683
-1070
-699
-457
-232
105
554
703
738
913
1223
1412
1268
903
410
-275
-1210
-2576
-4414
-6060
-6442
-5575
-4797
-4944
-5515
-5127
-4129
-3580
-3051
-1982
-583
389
1215
2962
4904
5570
5081
4525
4569
4600
4397
4375
4134
3172
1622
426
-169
-1033
-2240
-3305
-3916
-4200
-4300
-3800
-3016
-2660
-2525
-1976
-602
999
2166
3077
3651
3972
4247
4594
5098
5049
4374
3702
3078
2471
1703
779
-280
-1664
-2719
-3128
-3126
-3069
-3232
-3150
-2923
-2703
-2136
-1269
-266
371
668
1365
2277
2883
2938
2812
2936
2859
2589
2473
2420
2093
1214
326
-85
-294
-664
-1106
-1257
-1281
-1493
-1782
-2021
-1992
-1697
-1416
-1047
-305
309
680
807
985
1419
1327
1081
1068
1383
1830
1180
-61
-652
-1284
-2358
-4068
-6221
-7328
-6868
-6014
-5307
-5223
-5459
-4728
-3900
-3158
-1863
-467
825
1804
3014
4712
5919
6104
5441
4866
4525
4083
3956
3772
3013
1578
-122
-1145
-1853
-2754
-3550
-4117
-4425
-4460
-3986
-2963
-2114
-1735
-1281
-250
1390
2897
4025
4762
4917
4849
4740
4856
4883
4328
3508
2553
1789
1206
339
-774
-2198
-3450
-4076
-4215
-3926
-3537
-3041
-2622
-2357
-1675
-714
277
1103
1550
2152
2870
3422
3626
3399
3104
2693
2314
1980
1604
1286
640
-195
-829
-1231
-1354
-1504
-1776
-1768
-1513
-1382
-1423
-1489
-1415
-1133
-807
-78
945
1475
1570
1434
1527
1850
1753
1560
1456
1193
762
-39
-857
-1512
-2283
-3088
-4236
-6077
-7701
-7810
-6540
-5302
-5081
-5245
-4571
-3206
-2090
-929
597
1823
2537
3263
4679
6278
6620
5790
4862
4191
3681
3204
2868
2174
641
-1126
-2395
-2887
-3207
-3724
-4030
-4195
-4244
-3791
-2703
-1386
-653
-311
543
2036
3676
4805
5342
5373
4899
4425
4281
4325
3978
2968
1773
768
73
-514
-1432
-2504
-3511
-4198
-4084
-3594
-3128
-2644
-2248
-1747
-1035
-128
981
1886
2386
2617
2958
3391
3424
3141
2655
2185
1806
1313
940
597
-2
-774
-1351
-1572
-1605
-1640
-1679
-1609
-1308
-1046
-1023
-739
-561
-484
4
507
1198
1668
1653
1895
1918
1763
1704
1238
762
355
43
-350
-1301
-2205
-2761
-2814
-3354
-5321
-7039
-7717
-7100
-5466
-4586
-4147
-3695
-3144
-1898
-720
455
1734
2575
3287
4027
5221
6230
5923
4789
3477
2770
2548
2053
1569
732
-700
-2149
-3181
-3354
-3343
-3565
-3598
-3580
-3101
-2193
-1153
15
479
772
1720
3053
4525
5263
5283
4931
4215
3752
3468
3187
2650
1492
415
-305
-866
-1328
-2162
-3088
-3721
-3862
-3400
-2819
-2216
-1721
-1389
-915
-136
973
1944
2398
2595
2741
2961
3062
2811
2477
2027
1513
1093
718
476
96
-509
-1104
-1436
-1477
-1449
-1356
-1274
-1159
-811
-604
-505
-254
-81
95
435
968
1426
1670
1751
1647
1633
1270
729
628
244
-122
-752
-1591
-1938
-2547
-2906
-3397
-4988
-6794
-7868
-6865
-4792
-3989
-3903
-3742
-2774
-1480
-803
522
2081
2718
3041
3713
5226
6109
5259
4028
3107
2570
2015
1509
1518
695
-1047
-2537
-3210
-2948
-3067
-3419
-3236
-3094
-2751
-2002
-771
470
756
985
1965
3470
4803
5222
5145
4631
3791
3249
2997
2981
2467
1249
113
-717
-1147
-1590
-2310
-3118
-3748
-3730
-3248
-2540
-1923
-1589
-1183
-740
10
1171
2117
2683
2876
2837
2912
2962
2708
2239
1815
1361
924
584
248
-90
-692
-1360
-1618
-1579
-1437
-1273
-1111
-872
-649
-540
-397
-204
-25
195
591
1109
1518
1726
1676
1523
1505
1393
987
405
-141
-294
-550
-1329
-1997
-2412
-2650
-3300
-4925
-6695
-7522
-6778
-5183
-4103
-3733
-3516
-2800
-1673
-758
245
1448
2397
3165
3989
5035
5788
5369
4167
3036
2410
2193
1901
1452
618
-712
-2015
-2857
-3104
-3131
-3201
-3202
-3097
-2590
-1738
-828
-26
388
886
1898
3195
4453
5092
5019
4453
3671
3235
3134
2956
2343
1417
447
-503
-1087
-1428
-1999
-2823
-3534
-3671
-3127
-2441
-2026
-1706
-1335
-871
-123
950
1976
2536
2591
2516
2678
2826
2566
2109
1718
1381
1024
630
313
-34
-700
-1462
-1682
-1301
-983
-1009
-1008
-822
-612
-484
-319
-11
166
256
536
1003
1510
1645
1522
1449
1280
1194
1090
774
440
-88
-571
-1101
-1831
-2324
-2646
-3094
-4209
-6033
-7366
-7148
-5647
-4311
-3964
-3890
-3381
-2261
-1187
-187
1099
2123
2850
3595
4571
5589
5554
4450
3400
2704
2443
2278
1829
1140
-79
-1543
-2606
-3062
-3095
-3144
-3142
-3054
-2806
-2119
-1281
-469
110
482
1366
2714
4038
4893
4989
4604
3949
3426
3267
3189
2811
1979
942
-13
-758
-1270
-1836
-2627
-3290
-3495
-3270
-2776
-2260
-1960
-1664
-1244
-645
389
1414
2059
2422
2469
2471
2553
2479
2258
1979
1617
1235
895
548
206
-204
-753
-1109
-1107
-1003
-924
-909
-782
-506
-358
-281
-157
-18
207
497
895
1344
1428
1369
1360
1404
1511
1211
704
331
-72
-711
-1592
-2224
-2386
-2505
-3330
-4940
-6510
-7479
-6997
-5418
-4203
-3753
-3800
-3255
-1823
-631
312
1348
2368
3165
3733
4705
5652
5521
4252
2954
2518
2466
2085
1475
709
-451
-1855
-2926
-3092
-2968
-3169
-3348
-3186
-2491
-1669
-1002
-337
219
835
1767
3088
4418
5041
4901
4259
3677
3481
3297
2984
2391
1537
581
-386
-1023
-1510
-2174
-2968
-3599
-3580
-3179
-2730
-2227
-1908
-1558
-1035
-288
774
1755
2377
2639
2737
2784
2728
2530
2287
2082
1809
1432
991
553
113
-449
-1037
-1257
-1199
-1138
-1030
-1022
-987
-699
-490
-471
-309
-60
195
666
1138
1462
1689
1461
1445
1684
1366
1094
784
473
205
-818
-1654
-1985
-2424
-2834
-4054
-5922
-7384
-7674
-6240
-4613
-4236
-4425
-4107
-2856
-1595
-545
788
1899
2676
3184
4260
5830
6078
5094
3887
3107
2956
2614
2229
1680
390
-1151
-2443
-2962
-3014
-3283
-3474
-3548
-3371
-2774
-1988
-1045
-470
-76
812
2122
3614
4613
4870
4651
4120
3729
3601
3530
3172
2328
1364
414
-355
-898
-1568
-2341
-3152
-3672
-3565
-3109
-2495
-2037
-1839
-1524
-900
100
1129
1846
2272
2490
2640
2741
2765
2648
2346
2001
1657
1338
991
474
-127
-645
-952
-969
-908
-957
-1051
-986
-824
-699
-588
-476
-215
68
318
743
1174
1343
1313
1323
1595
1691
1378
995
708
330
-587
-1441
-1928
-2183
-2582
-4121
-6144
-7572
-7498
-5871
-4688
-4603
-4730
-4305
-2927
-1682
-613
880
1972
2442
2956
4303
5893
6079
5005
3937
3453
3218
2686
2232
1582
255
-1268
-2443
-2789
-2971
-3507
-3835
-3973
-3748
-3025
-2091
-1144
-657
-220
827
2286
3687
4555
4917
4787
4312
4065
4068
4013
3481
2427
1408
550
-114
-708
-1554
-2598
-3568
-3995
-3845
-3301
-2663
-2344
-2049
-1576
-825
248
1154
1785
2229
2574
2985
3207
3071
2770
2390
2053
1757
1399
1028
537
-97
-703
-921
-800
-867
-1083
-1264
-1231
-920
-739
-701
-576
-423
-272
200
924
1305
1336
1367
1629
1852
1717
1499
1158
537
-243
-1166
-1368
-1329
-2114
-3150
-4988
-7207
-7815
-6801
-5049
-4314
-5149
-5086
-3736
-2422
-1309
-72
1244
2027
2365
3370
5258
6361
5554
4309
3775
3572
3305
2753
2167
1196
-519
-1894
-2414
-2658
-3085
-3800
-4197
-4078
-3593
-2631
-1656
-1151
-887
-152
1317
2883
4085
4699
4803
4616
4288
4345
4467
4001
3123
1988
1023
440
-140
-837
-1965
-3309
-4018
-4009
-3554
-2994
-2708
-2482
-2096
-1407
-405
619
1370
1805
2228
2782
3213
3304
3024
2672
2416
2119
1878
1590
1094
446
-238
-681
-749
-758
-1025
-1319
-1333
-1078
-843
-816
-787
-687
-598
-201
558
1170
1418
1362
1351
1830
2097
1791
1465
749
1
-564
-1206
-1369
-1741
-3170
-5590
-7968
-8151
-6399
-4985
-5014
-5661
-5253
-3944
-2750
-1613
-163
1202
1722
2168
3787
5819
6608
5699
4410
4011
4002
3819
3420
2564
1269
-427
-1775
-2317
-2649
-3086
-3874
-4633
-4715
-4018
-2854
-2025
-1677
-1226
-254
1198
2587
3883
4768
4819
4567
4500
4811
4945
4270
3265
2342
1457
645
-49
-691
-1824
-3240
-4073
-4174
-3798
-3454
-3190
-2817
-2421
-1724
-697
422
1316
1750
2177
2841
3341
3442
3262
3123
2939
2557
2162
1754
1261
576
-174
-555
-604
-784
-1194
-1448
-1375
-1231
-1138
-1112
-1032
-886
-772
-197
686
1119
1199
1332
1616
1889
1900
1663
1418
1101
279
-636
-935
-1160
-1655
-3113
-5878
-7956
-8021
-6495
-4874
-5065
-5978
-5379
-3900
-2672
-1660
-410
1024
1732
2043
3564
5958
6931
5862
4459
3993
4227
4079
3348
2726
1685
-78
-1596
-2378
-2635
-3082
-4002
-4768
-4808
-4140
-3186
-2441
-2023
-1502
-538
765
2229
3672
4638
4876
4654
4583
4902
5007
4475
3556
2648
1808
1031
272
-628
-1678
-2870
-3741
-3958
-3833
-3471
-3121
-2963
-2570
-1857
-965
21
845
1563
2216
2734
3054
3202
3199
3099
3039
2828
2514
2207
1673
988
319
-229
-501
-813
-1193
-1362
-1375
-1291
-1244
-1289
-1336
-1269
-1003
-390
413
852
1120
1332
1578
1936
1946
1632
1148
625
170
-365
-809
-1294
-2552
-5100
-7668
-7956
-6265
-4861
-5328
-6375
-5630
-4065
-3270
-2520
-997
724
1215
1240
2895
5524
6699
5822
4666
4446
4488
4112
3549
3148
2368
694
-835
-1644
-2101
-2693
-3752
-4679
-5044
-4730
-3681
-2752
-2307
-1851
-1025
177
1427
2740
3978
4620
4630
4590
4982
5309
4907
4069
3173
2441
1746
842
15
-881
-2025
-3039
-3686
-3854
-3617
-3344
-3133
-2795
-2204
-1465
-710
-14
714
1539
2156
2621
2947
3111
3224
3162
2986
2716
2447
2139
1584
962
436
-36
-521
-1030
-1369
-1414
-1426
-1485
-1487
-1443
-1396
-1407
-1079
-263
441
793
1123
1561
1951
1966
1487
1195
1070
506
-143
-547
-957
-2381
-5164
-7201
-6946
-5670
-5219
-5964
-6262
-5236
-4152
-3587
-2826
-1387
-9
492
1081
2947
5192
6012
5471
4882
4813
4890
4482
3890
3432
2684
1457
115
-816
-1348
-2115
-3302
-4454
-5041
-4732
-3986
-3421
-2964
-2264
-1316
-440
478
1685
2991
3865
4119
4380
4959
5330
5059
4294
3521
2964
2291
1375
561
-188
-1121
-2143
-2983
-3349
-3308
-3238
-3198
-3002
-2507
-1790
-1174
-659
-11
711
1393
1930
2386
2887
3198
3193
3037
2886
2790
2561
2058
1503
1103
660
102
-433
-848
-1082
-1371
-1607
-1637
-1667
-1644
-1476
-1115
-548
-81
217
598
1065
1317
1191
932
648
403
222
-89
-982
-3061
-5344
-6069
-5370
-4614
-5049
-5990
-5654
-4462
-3654
-3233
-2525
-1423
-758
-495
585
2829
4784
5182
4726
4442
4624
4708
4268
3751
3273
2589
1669
781
294
-125
-1163
-2666
-4032
-4541
-4182
-3694
-3390
-3013
-2287
-1502
-879
-37
1075
2032
2446
2713
3524
4528
5026
4735
4068
3582
3142
2423
1675
1119
494
-347
-1319
-1914
-2048
-2334
-2795
-3057
-2938
-2454
-1900
-1405
-803
-216
183
537
1001
1579
2148
2506
2731
2962
3117
3144
2899
2410
1874
1473
1039
528
146
-155
-500
-902
-1216
-1550
-1820
-1938
-1907
-1561
-1068
-609
-141
267
429
380
256
188
128
1
-173
-1035
-2860
-4397
-4632
-4011
-3901
-4795
-5305
-4656
-3771
-3292
-2944
-2152
-1256
-1107
-1035
83
1894
3216
3654
3774
4088
4474
4461
4114
3680
3066
2377
1661
1131
990
813
141
-1104
-2477
-3338
-3530
-3514
-3491
-3166
-2444
-1671
-1118
-518
354
1084
1358
1543
2106
2994
3684
3870
3833
3772
3480
2954
2298
1669
1100
335
-472
-945
-1158
-1359
-1731
-2103
-2208
-2100
-1958
-1798
-1472
-1009
-470
37
546
1104
1554
1873
2079
2275
2519
2713
2764
2632
2378
2083
1702
1189
707
347
50
-299
-717
-1031
-1232
-1437
-1617
-1679
-1493
-1129
-923
-734
-518
-492
-552
-609
-679
-949
-1957
-3386
-4055
-3764
-3318
-3468
-3951
-3961
-3402
-2785
-2388
-2008
-1481
-1124
-1090
-827
240
1605
2476
2882
3040
3293
3578
3574
3417
3145
2655
2057
1492
1161
1094
962
453
-410
-1394
-2119
-2442
-2648
-2812
-2707
-2302
-1712
-1013
-310
398
820
815
827
1222
1833
2334
2683
2945
3146
3081
2699
2334
1976
1391
569
-242
-554
-544
-682
-998
-1340
-1463
-1424
-1434
-1388
-1208
-992
-792
-524
-82
548
1172
1525
1724
1919
2173
2354
2282
2144
1996
1775
1500
1283
1163
1055
805
310
-266
-717
-937
-1074
-1146
-1230
-1285
-1166
-1150
-1134
-1103
-1164
-1148
-1307
-1759
-2513
-3434
-3880
-3721
-3338
-3264
-3444
-3217
-2639
-2131
-1846
-1552
-1174
-964
-842
-510
266
1259
1879
2110
2278
2559
2881
3034
2993
2721
2296
1882
1469
1146
1008
929
683
123
-490
-965
-1344
-1684
-1963
-1994
-1866
-1653
-1307
-755
-91
355
563
725
955
1216
1380
1491
1670
1934
2141
2206
2219
2098
1712
1224
685
232
-53
-311
-510
-654
-712
-675
-660
-722
-804
-860
-859
-743
-486
-156
241
662
985
1297
1599
1798
1872
1786
1675
1554
1349
1144
968
900
830
610
389
174
-120
-381
-646
-918
-1064
-1133
-1089
-980
-957
-929
-934
-1091
-1458
-2228
-3219
-3860
-3871
-3527
-3348
-3416
-3306
-2757
-2121
-1746
-1453
-1084
-852
-871
-842
-389
442
1175
1614
1967
2310
2656
2863
2792
2575
2276
1916
1545
1252
1136
1193
1174
830
262
-149
-372
-699
-1114
-1414
-1476
-1438
-1401
-1187
-669
-144
96
146
244
462
661
739
821
1002
1188
1304
1362
1508
1693
1624
1245
844
595
440
261
61
-33
-8
17
-14
-36
-107
-241
-407
-553
-502
-219
115
323
476
692
944
1154
1226
1172
1087
958
726
610
662
688
693
563
360
226
136
41
-149
-353
-477
-575
-618
-622
-648
-685
-784
-1101
-1641
-2268
-2879
-3241
-3383
-3499
-3555
-3450
-3077
-2576
-2165
-1836
-1504
-1253
-1155
-1114
-890
-344
217
632
1017
1446
1945
2296
2455
2577
2574
2307
1914
1618
1448
1351
1259
1120
930
693
473
296
62
-264
-584
-838
-985
-1000
-867
-643
-488
-388
-242
-66
79
170
213
312
455
531
651
884
1062
1099
1029
931
935
943
807
651
523
398
364
316
269
307
233
54
-40
-106
-152
-128
-142
-69
124
278
443
599
698
702
600
507
467
443
424
352
270
291
279
202
124
36
-42
-104
-185
-214
-201
-243
-275
-348
-460
-511
-685
-1116
-1639
-2103
-2387
-2553
-2762
-2904
-2827
-2576
-2273
-2020
-1777
-1496
-1339
-1352
-1362
-1168
-834
-537
-264
114
625
1136
1523
1796
2029
2095
1938
1709
1517
1443
1405
1299
1187
1092
993
928
816
673
514
287
47
-225
-386
-398
-380
-307
-247
-219
-134
-78
-71
15
162
235
212
246
324
382
470
491
536
562
471
448
467
499
514
456
410
423
421
354
270
196
162
105
17
24
71
117
177
215
292
371
385
361
320
273
242
229
193
165
131
96
80
60
69
84
37
-35
-123
-187
-173
-162
-156
-109
-71
-69
-133
-380
-795
-1277
-1730
-2036
-2153
-2264
-2347
-2236
-2030
-1807
-1620
-1453
-1275
-1198
-1269
-1338
-1264
-1095
-890
-627
-309
52
463
830
1101
1336
1457
1402
1302
1234
1192
1170
1198
1171
1062
1012
1003
968
934
827
679
546
328
160
128
126
98
35
3
41
107
179
251
309
269
209
256
319
317
179
49
63
102
108
94
143
264
297
311
359
376
395
301
171
110
26
16
44
-6
15
98
152
221
317
320
241
215
204
150
141
147
135
197
137
41
77
61
58
52
-5
-3
5
-43
-91
-114
-121
-124
-77
-22
21
20
-114
-367
-712
-1107
-1415
-1636
-1846
-1995
-2012
-1872
-1713
-1594
-1448
-1262
-1097
-1095
-1153
-1098
-1032
-960
-919
-830
-530
-168
185
540
869
1136
1225
1162
1113
1123
1115
1054
1013
991
971
977
978
959
919
811
695
599
505
434
360
313
273
183
140
153
181
202
212
266
311
344
339
254
196
109
-24
-77
-58
-21
28
86
192
276
321
332
281
222
111
32
28
-10
-34
4
-52
-32
79
108
225
309
277
274
216
201
221
160
139
132
125
88
42
35
61
73
25
-30
-5
-14
-91
-139
-159
-116
-86
-89
-43
-10
5
-38
-191
-412
-753
-1092
-1351
-1560
-1744
-1895
-1878
-1718
-1552
-1354
-1160
-1010
-896
-900
-977
-1009
-953
-903
-859
-731
-483
-130
238
575
871
1068
1133
1112
1085
1083
1060
1026
990
955
887
815
782
757
771
755
697
652
622
573
418
260
176
95
68
101
148
229
275
289
315
338
327
237
130
37
-22
-13
-12
-21
41
97
94
162
235
289
312
252
168
78
12
-13
-41
-55
-25
9
87
173
241
292
266
233
155
94
110
73
88
72
26
51
5
3
26
-4
39
4
-36
19
1
-21
-50
-115
-87
-86
-99
-28
35
49
-126
-446
-798
-1086
-1327
-1581
-1755
-1882
-1861
-1697
-1535
-1303
-1114
-968
-900
-947
-954
-897
-814
-784
-762
-641
-388
-67
293
653
984
1179
1235
1277
1251
1183
1120
968
831
764
703
726
762
775
779
735
677
595
514
451
345
204
80
44
49
66
97
109
145
227
262
280
300
249
161
43
-26
-50
-28
8
24
72
116
233
362
374
341
250
138
69
27
25
-49
-40
6
-21
94
186
187
232
250
231
210
123
77
146
134
71
50
37
63
65
73
108
122
81
28
81
74
-25
-104
-145
-134
-92
-45
-32
5
-100
-408
-735
-1087
-1303
-1480
-1744
-1887
-1924
-1883
-1742
-1562
-1358
-1122
-971
-951
-930
-864
-805
-791
-756
-653
-460
-136
248
689
1113
1379
1472
1453
1440
1393
1274
1127
950
820
753
691
685
730
711
662
618
538
487
432
307
130
-22
-133
-205
-201
-167
-109
-19
68
155
264
339
344
293
165
46
-28
-63
-11
41
54
124
210
324
420
427
381
285
177
93
27
-5
-34
-90
-52
-10
64
222
268
281
283
227
230
211
243
257
173
189
191
178
210
202
198
160
69
71
78
56
24
-42
-95
-103
-94
-78
-49
-57
-209
-519
-873
-1253
-1531
-1756
-2047
-2296
-2373
-2244
-2021
-1805
-1519
-1248
-1062
-969
-945
-823
-697
-630
-586
-437
-144
247
662
1080
1474
1746
1855
1818
1772
1692
1519
1288
1042
845
714
616
554
511
438
342
310
281
214
167
51
-117
-322
-497
-522
-484
-418
-303
-146
38
190
374
538
563
484
343
214
115
77
90
142
234
288
368
518
567
520
451
318
205
113
11
-30
-53
-83
-78
-21
85
180
250
280
279
251
260
334
337
328
330
266
262
289
266
277
227
140
96
77
144
156
97
48
-15
-26
-31
-110
-178
-325
-648
-1048
-1520
-1906
-2161
-2469
-2776
-2952
-2876
-2568
-2213
-1903
-1539
-1201
-986
-835
-721
-518
-273
-150
-31
272
676
1117
1548
1904
2199
2347
2331
2252
2103
1851
1504
1105
728
412
196
48
-23
-40
-119
-195
-222
-239
-300
-435
-548
-664
-746
-720
-597
-403
-193
44
323
598
855
1006
1073
1053
870
657
516
422
361
305
284
314
347
413
468
438
313
133
-54
-210
-287
-309
-301
-270
-219
-121
34
238
400
470
507
568
640
673
705
686
635
570
502
499
458
398
294
169
151
125
119
131
82
44
-25
-122
-249
-403
-665
-1229
-1917
-2528
-2941
-3157
-3437
-3770
-3843
-3598
-3152
-2594
-2022
-1448
-924
-628
-426
-126
223
513
680
850
1198
1685
2170
2631
2982
3133
3049
2774
2450
2082
1563
955
309
-267
-689
-938
-1020
-1016
-1006
-1028
-1000
-919
-833
-768
-744
-713
-654
-521
-181
261
683
1033
1313
1607
1868
1994
1962
1801
1471
1032
623
270
-11
-221
-433
-548
-528
-469
-332
-230
-253
-264
-353
-444
-368
-303
-230
-57
150
433
742
993
1204
1315
1306
1265
1219
1143
1052
924
783
601
400
249
155
80
-96
-240
-294
-247
-94
-93
-71
6
-54
-178
-410
-609
-932
-1744
-2735
-3491
-3818
-4005
-4393
-4650
-4444
-3815
-3162
-2537
-1723
-925
-367
-168
71
656
1172
1389
1489
1808
2351
2807
3115
3433
3679
3560
3075
2520
1997
1313
440
-464
-1179
-1690
-2070
-2181
-2025
-1863
-1761
-1588
-1251
-866
-620
-418
-143
185
439
726
1245
1836
2237
2443
2645
2805
2737
2454
1971
1341
641
-74
-660
-1073
-1420
-1657
-1692
-1582
-1326
-1007
-692
-393
-247
-183
-83
60
283
504
722
983
1305
1620
1835
2000
2087
2048
1875
1614
1395
1154
840
559
270
-20
-205
-380
-578
-672
-740
-724
-578
-470
-239
-45
15
115
-43
-275
-554
-1373
-2548
-3661
-4440
-4778
-5026
-5481
-5625
-4967
-3944
-2974
-2127
-1246
-256
309
436
811
1457
1911
2043
2113
2545
3283
3737
3899
4081
4022
3462
2573
1686
937
50
-1122
-2078
-2616
-2964
-3050
-2903
-2556
-2042
-1701
-1335
-668
-51
348
663
1000
1411
1859
2292
2812
3244
3397
3419
3304
2992
2449
1682
757
-215
-1098
-1836
-2252
-2395
-2479
-2374
-2108
-1714
-1225
-767
-258
179
385
553
825
1170
1473
1663
1864
2107
2297
2371
2400
2372
2229
1928
1525
1237
1010
619
213
-109
-435
-730
-1034
-1230
-1233
-1154
-1008
-753
-421
50
442
485
489
418
51
-507
-1559
-3123
-4431
-5150
-5584
-5993
-6441
-6319
-5235
-4010
-3034
-1937
-786
165
624
707
1234
1992
2199
2276
2698
3324
3980
4378
4537
4639
4228
3172
2081
1099
-14
-1245
-2412
-3187
-3520
-3759
-3705
-3062
-2340
-1830
-1313
-686
67
635
900
1289
1839
2326
2810
3307
3809
4103
3903
3549
3186
2514
1530
433
-682
-1710
-2497
-3008
-3112
-2977
-2836
-2446
-1831
-1188
-521
-13
407
797
960
1142
1570
1965
2147
2253
2390
2542
2619
2504
2357
2270
1957
1520
1189
900
582
118
-373
-609
-837
-1183
-1411
-1425
-1266
-1034
-780
-338
314
771
942
960
949
759
76
-1292
-3115
-4651
-5647
-6278
-6754
-7107
-6947
-6077
-4740
-3314
-1985
-799
113
668
1019
1492
2122
2608
2837
3056
3529
4204
4763
4931
4715
4165
3139
1833
536
-732
-1997
-3145
-3962
-4363
-4277
-3874
-3236
-2459
-1779
-1166
-517
250
1026
1613
2056
2565
3152
3647
4037
4392
4525
4148
3409
2612
1729
676
-579
-1837
-2784
-3378
-3648
-3576
-3188
-2637
-2011
-1374
-696
29
571
1010
1396
1609
1836
2101
2329
2480
2506
2488
2442
2366
2268
2040
1775
1556
1263
918
638
364
28
-361
-768
-1078
-1323
-1486
-1458
-1221
-799
-292
216
836
1500
1785
1646
1374
816
-95
-1474
-3568
-5453
-6417
-6940
-7336
-7689
-7493
-6218
-4603
-3203
-1843
-556
474
999
1204
1688
2497
2989
3167
3604
4307
4920
5182
5119
4738
3848
2410
798
-550
-1773
-3060
-4057
-4564
-4583
-4289
-3812
-2980
-1962
-1201
-629
130
1007
1748
2271
2757
3352
3940
4330
4513
4577
4399
3755
2683
1538
371
-1015
-2415
-3443
-4023
-4268
-4224
-3762
-2996
-2108
-1194
-325
578
1356
1819
2098
2335
2452
2367
2266
2288
2267
2074
1890
1815
1762
1663
1510
1329
1198
1026
721
411
138
-91
-489
-956
-1209
-1293
-1295
-1133
-671
-48
565
1281
1812
2092
2341
2021
1340
467
-921
-2719
-4874
-6660
-7388
-7658
-7880
-7842
-7155
-5631
-3719
-2209
-1055
222
1127
1431
1686
2267
3094
3509
3493
3795
4402
4838
4692
4106
3341
2202
597
-1057
-2169
-2991
-3981
-4659
-4561
-3935
-3220
-2495
-1505
-393
310
749
1394
2259
3013
3320
3488
3949
4378
4411
4161
3803
3176
2019
695
-459
-1543
-2721
-3825
-4492
-4633
-4354
-3802
-2965
-1835
-701
202
1114
2034
2648
2875
2857
2798
2675
2355
1990
1797
1581
1270
1056
953
1038
1126
972
884
957
859
525
179
-127
-402
-723
-961
-973
-763
-494
-138
447
1094
1705
2149
2361
2503
2217
1374
429
-715
-2005
-3819
-6001
-7408
-7774
-7676
-7682
-7629
-6678
-4826
-3083
-1799
-483
905
1809
2073
2259
3025
3767
3776
3587
3789
4163
4138
3506
2703
1901
541
-1226
-2496
-3158
-3690
-4226
-4372
-3752
-2820
-2078
-1286
-182
833
1382
1752
2417
3244
3671
3702
3802
4087
4090
3583
3015
2442
1491
176
-1069
-1927
-2517
-3114
-3789
-4038
-3641
-3074
-2428
-1658
-862
8
724
1418
2206
2714
2892
2881
2751
2551
2262
1789
1322
1030
733
480
513
660
774
824
773
771
684
360
2
-310
-536
-606
-576
-429
-50
328
648
1163
1740
2193
2415
2385
2163
1669
906
-20
-1123
-2428
-4169
-6182
-7574
-7889
-7671
-7573
-7436
-6468
-4572
-2586
-1123
99
1440
2360
2560
2618
3156
3784
3724
3260
3116
3296
3153
2387
1441
559
-585
-2058
-3231
-3585
-3627
-3784
-3649
-2848
-1663
-660
117
1026
1939
2378
2507
2781
3299
3613
3394
3183
3187
3054
2492
1584
775
21
-1017
-2029
-2571
-2808
-2998
-3053
-2665
-1921
-1120
-439
212
903
1359
1543
1703
1925
2012
1845
1653
1595
1496
1195
905
767
623
450
333
383
641
838
813
867
985
846
483
159
-7
-159
-253
-215
8
410
786
1081
1418
1793
2044
1932
1645
1280
646
-56
-894
-1865
-2926
-4535
-6274
-7136
-7152
-6890
-6750
-6615
-5547
-3501
-1770
-515
800
1924
2547
2578
2557
3125
3514
2995
2371
2247
2333
2131
1321
478
-116
-1177
-2484
-3105
-3064
-2962
-3013
-2759
-1750
-475
340
885
1652
2302
2406
2261
2423
2884
2984
2557
2303
2381
2274
1728
1007
384
-227
-1073
-1820
-1956
-1947
-2045
-1892
-1417
-743
-178
157
551
965
1092
1050
1158
1321
1409
1353
1236
1289
1239
951
734
606
466
323
281
440
710
840
817
872
933
817
509
224
84
3
-44
52
333
633
904
1099
1275
1550
1639
1469
1180
701
213
-302
-1072
-1976
-3053
-4545
-5984
-6791
-6958
-6640
-6399
-6171
-5077
-3127
-1283
29
1037
1966
2614
2614
2406
2628
2875
2585
2043
1759
1844
1744
970
53
-590
-1412
-2463
-3059
-2944
-2601
-2391
-2024
-1085
101
862
1224
1693
2220
2368
2146
2136
2534
2716
2409
2136
2149
2080
1553
728
79
-425
-1091
-1591
-1632
-1489
-1338
-1205
-837
-216
189
277
387
644
722
712
894
1158
1312
1292
1294
1304
1163
874
545
371
280
168
196
489
880
1073
1082
1091
1066
824
394
73
-39
-66
-37
97
394
714
975
1147
1314
1464
1337
1075
844
512
99
-566
-1357
-2019
-3117
-4808
-6238
-6743
-6497
-6244
-6304
-5800
-4121
-2168
-797
270
1325
2177
2315
1953
2070
2591
2533
1902
1606
1795
1832
1199
370
-83
-704
-1875
-2879
-2945
-2457
-2213
-2050
-1291
-82
716
940
1249
1780
1970
1704
1578
1987
2487
2487
2283
2313
2337
1954
1216
565
102
-482
-1149
-1347
-1095
-877
-704
-522
-247
37
103
133
244
298
236
368
805
1187
1375
1402
1401
1310
948
539
296
176
103
139
350
798
1190
1239
1259
1225
957
504
17
-208
-281
-299
-108
253
641
908
1031
1129
1271
1256
976
750
641
401
53
-508
-1178
-1930
-3413
-5349
-6547
-6728
-6455
-6305
-6194
-5159
-3107
-1318
-241
731
1629
2085
1859
1472
1787
2242
2102
1765
1734
1974
1833
1021
128
-508
-1407
-2594
-3089
-2717
-2185
-1875
-1477
-495
585
1019
1029
1190
1495
1513
1321
1487
2156
2677
2676
2583
2629
2421
1707
757
73
-359
-924
-1296
-1196
-897
-562
-280
5
239
240
96
31
181
277
372
729
1129
1412
1519
1489
1355
961
410
66
-30
-59
67
385
837
1318
1494
1387
1255
967
462
-107
-440
-418
-255
-82
180
613
945
1073
969
987
1010
790
613
442
439
331
-96
-626
-1245
-2312
-4267
-5982
-6595
-6535
-6210
-6112
-5457
-3822
-2020
-666
214
1073
1600
1500
1093
1177
1855
2014
1866
1915
2074
2145
1468
467
-341
-1102
-2116
-2959
-2807
-2181
-1683
-1338
-671
343
898
827
693
829
974
1043
1226
1871
2696
2997
2910
2750
2608
2025
1003
147
-501
-867
-1098
-997
-567
-228
-28
-35
42
48
-127
-223
-188
132
422
771
1278
1641
1736
1474
1181
807
333
-57
-193
16
322
680
1087
1509
1665
1447
1075
706
373
-82
-416
-413
-134
184
515
866
1010
1079
940
610
506
529
450
392
475
525
341
-248
-1135
-2190
-3900
-5782
-6778
-6719
-6131
-5709
-5231
-3863
-1829
-454
4
423
924
1021
683
622
1419
2252
2298
2079
2219
2342
1705
420
-696
-1367
-2149
-2889
-2761
-1784
-979
-694
-364
239
682
367
-89
-6
382
723
1096
1993
3054
3443
3139
2731
2430
1812
777
-72
-398
-534
-644
-462
41
366
267
-47
-303
-422
-569
-624
-337
176
662
1089
1561
1846
1694
1276
778
385
8
-245
-110
246
726
1105
1344
1597
1634
1246
688
340
118
-129
-217
-69
218
472
563
641
768
598
281
154
177
458
568
638
973
1075
737
-174
-989
-1844
-3464
-5342
-6610
-6421
-5540
-5090
-4787
-3961
-2338
-1141
-867
-507
63
427
327
412
1371
2467
2753
2464
2314
2283
1642
423
-507
-1007
-1561
-2314
-2326
-1310
-548
-460
-540
-358
-82
-371
-742
-537
168
767
1127
2026
3087
3505
3084
2327
1942
1496
771
281
195
293
356
261
263
381
199
-334
-924
-1045
-912
-645
-84
422
1010
1352
1407
1475
1260
994
523
122
103
157
449
721
955
1177
1166
1152
1039
833
618
366
247
237
294
342
391
431
399
312
287
248
198
235
341
602
781
953
1077
870
307
-553
-1274
-2108
-3576
-5204
-6060
-5708
-5023
-4732
-4493
-3690
-2332
-1476
-1304
-845
-98
320
364
635
1650
2566
2619
2354
2184
1953
1179
128
-416
-731
-1265
-1842
-1697
-883
-485
-621
-787
-626
-573
-891
-854
-229
605
1003
1298
2147
2970
3030
2406
1838
1606
1241
739
580
784
881
659
285
39
-45
-268
-602
-849
-805
-520
-158
351
787
1050
1089
888
773
693
682
639
485
466
541
711
876
956
939
879
880
861
822
843
811
651
477
357
251
178
162
159
237
212
239
344
435
681
652
548
611
679
582
67
-613
-1188
-2035
-3528
-5067
-5623
-5168
-4670
-4699
-4629
-3641
-2154
-1457
-1415
-868
-233
-16
-25
465
1741
2481
2351
2152
2202
2085
1118
107
-217
-423
-995
-1583
-1142
-384
-359
-689
-832
-603
-718
-1257
-1119
-207
543
859
1251
2153
2830
2514
1887
1659
1673
1306
833
1009
1386
1340
818
442
266
-190
-617
-880
-789
-631
-611
-235
346
780
702
603
736
596
481
465
697
886
654
648
839
938
909
789
840
980
909
710
778
943
744
404
270
226
150
19
-15
218
341
308
316
439
712
600
433
611
704
630
151
-473
-775
-1672
-3432
-4903
-5376
-4784
-4385
-4607
-4337
-3364
-2144
-1842
-1835
-1147
-760
-565
-524
237
1778
2258
2217
2188
2206
1987
905
131
2
-183
-684
-960
-438
4
-346
-865
-886
-768
-1018
-1462
-1086
-80
489
839
1300
2151
2537
1923
1481
1481
1617
1369
1099
1362
1489
1233
727
411
273
-141
-543
-700
-524
-285
-149
84
364
482
407
446
449
391
382
459
681
765
738
725
771
789
721
771
922
1070
1015
940
958
850
638
358
202
138
26
-27
102
233
219
214
218
308
441
358
352
579
703
710
383
-185
-550
-1556
-3129
-4459
-4930
-4275
-4026
-4209
-4017
-3287
-2236
-2191
-2239
-1676
-1306
-947
-783
164
1641
2038
1915
1791
1916
1806
903
408
436
265
-177
-459
21
355
-307
-956
-1045
-896
-1024
-1329
-781
19
356
518
917
1792
1969
1438
1233
1393
1659
1501
1412
1670
1572
1162
588
347
338
-79
-409
-440
-307
-182
-175
10
229
212
62
111
365
516
573
676
814
824
764
761
830
853
827
921
1085
1173
1082
984
976
832
560
312
195
146
103
105
137
242
259
176
97
148
193
158
185
330
610
597
175
-253
-968
-2348
-3964
-5003
-4609
-3610
-3390
-3612
-3464
-2640
-1966
-2090
-1961
-1563
-1339
-1150
-636
847
1959
1911
1584
1357
1430
1087
462
524
551
177
-219
22
591
308
-527
-1058
-994
-881
-1080
-907
-91
413
426
597
1216
1836
1575
1040
1066
1363
1537
1465
1604
1717
1262
741
491
528
324
-185
-364
-281
-227
-256
-204
34
33
-171
-70
202
412
373
320
540
645
580
622
843
1001
905
915
1143
1290
1233
1112
1057
1031
822
480
381
394
257
124
113
200
209
14
-93
-30
69
63
16
191
400
414
297
54
-174
-866
-2321
-3486
-3846
-3435
-3126
-3531
-3608
-3190
-2706
-2566
-2658
-2102
-1647
-1710
-1430
-551
711
1204
918
1076
1321
1230
1016
989
1314
1084
400
255
615
667
51
-461
-407
-414
-762
-900
-570
-189
-307
-397
188
903
1129
934
971
1325
1393
1261
1367
1599
1520
1090
942
1136
1064
654
261
204
200
-78
-200
-21
76
0
-84
22
128
48
8
107
223
240
285
527
728
748
753
880
1122
1152
1074
1121
1120
1063
967
822
666
509
361
304
283
227
154
129
85
-37
-46
-91
-85
12
75
85
-6
-31
-186
-965
-2346
-3390
-3367
-2859
-2883
-3297
-3288
-2857
-2625
-2684
-2465
-1943
-1864
-2018
-1606
-553
407
540
494
816
930
786
841
1212
1422
936
422
618
1016
817
251
-28
-63
-317
-662
-526
-140
-178
-514
-406
274
745
597
497
775
986
909
885
1220
1448
1141
895
1068
1280
1158
820
673
667
606
449
396
503
418
235
191
114
69
35
-13
31
30
61
192
312
385
437
525
670
787
891
977
1011
1042
1008
920
790
649
590
561
480
382
336
286
135
-48
-123
-171
-218
-195
-164
-122
-181
-248
-158
-579
-1655
-2720
-3019
-2387
-2181
-2597
-2844
-2757
-2314
-2330
-2428
-2021
-1910
-1993
-1988
-1372
-320
36
55
135
177
209
370
899
1235
945
461
597
1178
1264
850
494
411
201
-72
32
307
256
-180
-351
93
570
501
220
164
245
327
386
640
893
827
724
772
981
1097
951
815
710
673
701
732
867
837
661
558
446
354
266
207
186
137
99
115
179
260
276
209
227
294
373
554
651
605
579
536
470
385
291
256
226
170
156
167
123
-16
-130
-90
-75
-117
-104
-14
79
55
-35
-175
-442
-929
-1319
-1261
-1063
-994
-1151
-1401
-1463
-1498
-1503
-1376
-1444
-1688
-1952
-1964
-1475
-1036
-1007
-1172
-1395
-1293
-845
-444
-180
-328
-593
-480
-119
323
504
329
223
238
396
674
774
674
467
362
545
801
900
838
604
423
408
436
506
519
536
581
610
684
719
678
573
459
497
595
659
736
790
852
850
709
609
623
641
614
561
554
585
602
619
565
509
430
329
344
364
386
409
394
404
359
269
231
202
190
192
168
207
229
208
206
166
147
121
41
80
179
193
95
-280
-618
-717
-684
-614
-880
-1410
-1748
-1795
-1579
-1390
-1620
-1990
-2313
-2378
-1990
-1649
-1623
-1861
-2164
-2027
-1483
-960
-730
-911
-1133
-1005
-555
-52
171
111
51
134
430
774
891
865
741
655
812
1041
1184
1166
975
823
820
908
931
815
723
735
816
881
882
876
803
681
652
647
680
739
740
736
744
730
723
662
594
549
467
431
417
457
518
489
370
311
306
273
258
206
162
158
155
202
272
296
247
200
176
184
226
249
243
214
192
232
270
243
187
98
38
-222
-554
-662
-659
-607
-776
-1200
-1501
-1637
-1574
-1434
-1598
-1892
-2156
-2254
-1926
-1567
-1466
-1592
-1900
-1900
-1488
-1076
-826
-883
-1011
-856
-508
-61
234
160
54
89
292
691
856
799
752
724
775
873
986
982
791
649
683
777
837
815
794
812
705
592
642
731
807
746
638
661
677
658
655
596
527
467
429
516
610
576
458
294
236
338
432
393
303
248
245
333
390
441
388
225
185
225
312
382
383
385
399
415
421
425
387
299
220
175
193
233
167
86
-111
-488
-716
-798
-810
-894
-1187
-1419
-1504
-1475
-1335
-1377
-1607
-1796
-1939
-1784
-1401
-1236
-1298
-1494
-1573
-1260
-863
-648
-679
-839
-764
-495
-183
103
131
30
62
213
456
599
550
499
470
542
672
698
700
655
557
491
501
504
471
474
495
496
440
459
552
548
474
419
431
517
598
662
683
602
467
398
455
556
591
509
410
374
424
522
546
487
398
402
425
462
509
464
401
372
400
447
470
414
308
270
330
360
405
466
387
285
244
197
186
166
61
-156
-454
-597
-586
-569
-720
-1056
-1308
-1414
-1378
-1245
-1277
-1466
-1649
-1735
-1521
-1209
-1156
-1212
-1336
-1376
-1118
-823
-616
-597
-728
-655
-386
-148
20
15
-54
-26
86
305
422
413
399
378
431
469
446
443
425
375
344
383
416
412
423
408
361
319
315
390
477
490
448
406
429
535
615
604
528
450
450
535
592
569
477
393
423
483
513
545
490
440
456
488
567
565
450
342
340
413
446
415
385
351
312
287
271
235
155
110
96
90
106
102
28
-101
-292
-441
-471
-514
-603
-768
-976
-1065
-1058
-1018
-969
-1088
-1292
-1437
-1362
-1085
-945
-952
-1063
-1143
-967
-716
-563
-500
-602
-651
-504
-280
-35
64
5
-39
-45
70
258
311
259
198
225
326
367
377
363
303
265
216
225
296
289
290
275
203
205
275
375
427
380
367
388
410
491
498
455
439
370
410
520
555
567
490
417
436
450
493
517
426
372
393
431
484
459
392
363
381
401
368
327
320
315
296
216
180
212
205
148
56
8
-28
-102
-176
-319
-473
-484
-492
-546
-635
-807
-893
-913
-922
-855
-862
-987
-1059
-1036
-922
-788
-792
-849
-862
-780
-577
-431
-389
-427
-459
-333
-159
-59
-22
-39
-49
-11
50
106
105
106
144
165
182
218
208
154
129
130
185
220
205
219
246
280
298
287
281
317
371
370
372
394
403
440
461
463
475
437
383
413
473
486
438
349
339
413
442
431
390
335
339
334
327
336
295
256
240
245
265
243
203
215
195
131
90
86
107
86
48
10
-9
-12
-91
-187
-287
-386
-471
-543
-583
-645
-732
-780
-771
-734
-728
-801
-880
-896
-816
-685
-626
-633
-673
-695
-590
-417
-294
-249
-308
-299
-160
-47
38
54
38
78
96
133
156
133
144
175
202
217
189
155
122
87
96
111
106
72
43
99
185
220
204
189
247
307
330
348
335
346
369
384
411
443
461
445
446
454
459
433
359
317
323
332
315
297
295
297
294
243
194
201
208
221
207
168
125
92
104
117
97
72
63
35
-5
-39
-74
-84
-75
-95
-153
-219
-322
-398
-420
-441
-480
-587
-699
-741
-710
-643
-618
-675
-723
-718
-666
-574
-518
-516
-538
-504
-405
-285
-186
-164
-175
-162
-110
-19
49
67
83
77
99
146
176
205
198
179
175
170
165
154
127
113
106
118
136
141
131
128
175
196
186
185
208
239
262
295
336
351
334
339
342
332
337
330
337
350
339
343
348
328
310
278
257
252
229
205
184
178
179
179
161
124
115
106
88
58
20
17
28
19
-6
-34
-42
-68
-74
-57
-74
-89
-108
-139
-183
-237
-320
-382
-380
-390
-446
-515
-599
-623
-556
-519
-526
-579
-627
-606
-525
-442
-409
-431
-443
-391
-273
-170
-141
-128
-128
-90
11
61
56
65
69
109
154
161
163
153
154
168
178
178
158
120
110
117
126
140
126
140
156
157
176
177
183
205
222
259
287
297
304
302
330
352
336
323
305
294
312
303
274
271
263
266
259
226
203
171
155
142
105
113
86
36
51
67
71
41
-40
-86
-62
-41
-53
-72
-83
-73
-49
-42
-79
-113
-128
-124
-110
-123
-145
-155
-176
-200
-249
-279
-293
-339
-380
-415
-430
-419
-418
-431
-449
-469
-456
-417
-371
-352
-364
-350
-302
-258
-210
-150
-99
-86
-98
-53
24
86
96
65
63
93
121
130
138
141
151
166
169
162
143
127
128
128
126
144
151
144
167
194
217
219
197
207
254
297
294
263
263
269
287
294
254
247
249
225
212
210
219
232
209
160
132
112
103
96
81
87
98
67
20
-1
5
21
2
-35
-36
-18
-24
-37
-44
-56
-57
-76
-93
-95
-107
-104
-85
-86
-85
-71
-94
-112
-126
-146
-143
-155
-216
-251
-236
-245
-291
-350
-381
-373
-350
-337
-369
-373
-351
-356
-342
-321
-297
-264
-259
-257
-210
-153
-87
-46
-69
-60
-16
43
100
92
79
106
121
141
168
181
173
162
148
148
172
171
139
124
134
137
158
181
193
186
146
149
181
211
214
195
199
209
232
244
218
194
201
225
215
196
189
188
186
171
147
143
143
100
75
88
104
126
97
42
25
23
18
15
17
6
-10
-32
-71
-82
-60
-37
-33
-68
-90
-74
-61
-73
-95
-112
-122
-116
-105
-96
-82
-69
-97
-172
-190
-169
-202
-236
-259
-293
-294
-270
-279
-289
-309
-337
-306
-274
-275
-257
-244
-229
-196
-171
-153
-147
-146
-118
-68
-17
-8
-10
9
17
49
82
79
97
97
61
71
102
127
124
81
83
96
88
102
109
109
98
72
109
164
183
179
158
152
160
200
229
201
188
185
173
183
194
196
197
179
177
210
236
229
170
141
154
160
172
145
131
129
100
83
56
48
52
27
13
3
3
23
-10
-51
-41
-38
-65
-70
-61
-54
-45
-79
-105
-72
-64
-113
-116
-125
-113
-96
-153
-179
-184
-189
-175
-198
-225
-236
-259
-260
-256
-245
-225
-259
-282
-250
-224
-184
-177
-211
-207
-193
-170
-145
-116
-87
-76
-82
-67
-36
-26
-28
-43
-46
-24
-2
5
18
5
8
24
7
22
48
46
81
84
66
91
97
106
135
147
164
183
171
179
201
206
210
221
219
229
252
255
232
214
221
232
216
194
199
231
249
216
203
184
143
145
154
141
128
104
95
95
68
50
42
20
-4
-12
-26
-35
-49
-61
-69
-85
-104
-103
-111
-127
-107
-130
-145
-137
-151
-140
-128
-153
-146
-134
-143
-167
-191
-175
-164
-153
-149
-160
-162
-157
-169
-162
-146
-162
-174
-194
-209
-189
-172
-172
-177
-170
-152
-132
-150
-179
-151
-125
-112
-82
-81
-68
-66
-89
-64
-27
-15
-16
-18
-1
40
55
48
28
23
59
99
148
151
131
155
175
150
160
187
204
243
222
204
235
229
205
199
200
207
208
221
250
245
223
209
199
193
191
193
187
200
175
130
153
147
110
79
27
48
81
33
-7
-14
5
-6
-59
-87
-78
-45
-54
-81
-91
-100
-97
-82
-107
-149
-142
-128
-120
-142
-159
-134
-123
-146
-178
-169
-155
-137
-122
-145
-123
-117
-165
-151
-152
-167
-154
-167
-175
-148
-135
-157
-168
-159
-164
-180
-175
-159
-153
-139
-119
-124
-138
-119
-93
-74
-71
-96
-79
-59
-71
-65
-34
2
19
26
34
47
54
76
114
129
146
168
196
199
179
168
182
204
218
225
206
180
181
192
208
220
205
203
228
221
200
201
209
201
182
174
172
174
171
166
166
133
93
82
59
57
69
48
61
56
21
14
-9
-30
-38
-58
-49
-45
-58
-50
-59
-76
-79
-97
-97
-101
-125
-146
-146
-129
-118
-104
-106
-126
-135
-152
-172
-160
-144
-141
-153
-170
-164
-142
-140
-156
-165
-173
-171
-184
-198
-172
-164
-171
-182
-182
-150
-142
-146
-142
-126
-115
-138
-154
-144
-119
-79
-70
-68
-40
-35
-38
-16
2
20
34
40
58
70
89
103
94
104
113
111
130
149
145
164
205
214
229
239
214
217
239
226
228
238
224
223
229
221
230
227
201
197
185
173
165
156
142
137
150
138
117
117
98
75
75
50
18
30
58
55
17
-20
-29
-38
-58
-59
-49
-60
-96
-110
-101
-101
-100
-105
-127
-134
-144
-161
-144
-147
-174
-161
-148
-166
-159
-168
-192
-185
-181
-149
-139
-164
-150
-144
-163
-174
-178
-169
-168
-185
-167
-149
-154
-152
-160
-170
-184
-194
-172
-142
-130
-117
-98
-87
-67
-58
-72
-53
-30
-23
-10
7
22
54
67
55
60
91
117
125
141
149
171
182
167
173
189
206
211
207
220
222
216
205
176
174
186
190
202
208
204
190
174
191
200
179
184
185
174
171
159
154
142
127
133
126
92
74
59
54
51
9
11
24
-8
-27
-44
-55
-46
-55
-82
-69
-76
-100
-103
-124
-124
-113
-118
-132
-142
-129
-120
-132
-142
-144
-140
-138
-146
-152
-147
-156
-173
-191
-203
-209
-203
-184
-186
-211
-226
-225
-212
-194
-203
-204
-183
-174
-167
-153
-118
-98
-102
-101
-90
-70
-57
-50
-40
-25
-18
-24
-13
7
40
56
54
68
81
97
115
120
132
143
145
141
144
152
165
184
181
171
188
197
195
194
174
178
209
222
205
180
189
201
178
145
133
134
133
132
126
123
126
128
128
117
86
68
82
81
72
69
62
46
38
22
14
25
-7
-23
-12
-43
-44
-30
-56
-58
-47
-53
-64
-90
-104
-96
-102
-120
-127
-135
-138
-156
-182
-178
-180
-185
-177
-186
-206
-204
-200
-213
-211
-206
-213
-215
-194
-180
-174
-156
-154
-158
-150
-162
-152
-100
-76
-75
-48
-45
-59
-44
-37
-39
-18
16
38
58
49
33
69
76
44
66
104
125
131
108
118
132
125
133
150
176
163
153
174
176
160
143
143
162
165
163
152
138
139
125
104
98
90
83
82
85
91
93
87
68
59
55
55
74
66
46
60
62
39
39
37
41
36
13
18
20
17
5
-14
-17
-34
-62
-61
-41
-45
-72
-105
-113
-106
-125
-134
-118
-121
-138
-152
-161
-152
-163
-183
-178
-181
-187
-176
-186
-185
-154
-155
-162
-147
-139
-111
-95
-99
-91
-74
-53
-38
-38
-43
-19
6
2
6
13
31
37
42
46
39
50
58
49
52
61
73
102
112
100
109
108
91
94
85
99
136
134
127
129
116
97
93
86
79
78
83
88
80
80
80
64
61
46
36
57
61
51
46
40
51
58
44
46
52
39
32
36
43
63
56
37
30
13
4
9
-4
-28
-35
-47
-59
-60
-68
-70
-91
-105
-82
-93
-121
-116
-121
-135
-132
-137
-139
-112
-103
-132
-138
-115
-118
-121
-130
-133
-94
-70
-80
-86
-77
-61
-68
-80
-48
-20
-24
-28
-29
-8
11
-3
6
24
22
19
28
43
70
86
79
71
71
72
58
76
100
82
76
87
90
73
57
53
63
83
80
67
78
105
99
88
90
74
67
75
64
61
82
74
52
57
47
44
52
36
47
63
59
65
56
29
38
38
23
18
7
18
28
-1
-32
-33
-45
-69
-72
-66
-55
-44
-64
-76
-79
-92
-103
-108
-97
-107
-117
-98
-100
-112
-105
-107
-124
-123
-120
-124
-113
-115
-124
-107
-107
-112
-90
-78
-63
-42
-34
-25
-26
-2
27
25
25
28
30
32
16
11
32
43
29
37
54
51
48
54
54
45
38
47
73
90
84
64
69
67
52
66
74
76
80
78
84
92
96
99
91
74
82
96
100
112
103
82
67
64
77
74
57
47
45
53
51
32
33
35
8
-23
-34
-19
-11
-26
-38
-38
-41
-60
-66
-66
-77
-82
-83
-83
-76
-82
-87
-71
-69
-88
-97
-91
-87
-93
-90
-75
-70
-86
-89
-75
-83
-91
-78
-68
-78
-88
-94
-102
-84
-75
-79
-47
-33
-50
-48
-33
-20
5
15
17
21
19
9
11
33
43
33
29
27
34
41
44
53
43
43
45
49
49
45
71
89
79
59
57
58
51
60
82
79
76
70
80
119
124
104
113
116
95
96
96
96
120
111
80
64
53
46
53
45
22
25
24
-10
-24
-36
-41
-25
-31
-35
-24
-49
-74
-68
-69
-74
-78
-78
-74
-79
-83
-75
-63
-65
-55
-41
-60
-73
-62
-72
-63
-56
-73
-58
-55
-62
-71
-93
-107
-99
-81
-74
-77
-76
-64
-55
-78
-106
-89
-53
-24
-19
-18
-24
-4
18
2
-5
-1
9
15
9
11
30
49
46
30
25
28
49
56
57
83
76
59
63
50
53
70
68
67
64
62
65
80
83
80
97
97
77
96
106
97
107
92
86
96
85
78
69
60
46
38
40
23
20
13
-4
-5
-32
-53
-22
-19
-30
-31
-55
-37
-29
-56
-58
-68
-77
-66
-72
-80
-84
-76
-55
-50
-58
-58
-47
-37
-32
-45
-44
-29
-37
-54
-56
-50
-50
-61
-67
-53
-58
-77
-77
-79
-82
-87
-91
-79
-58
-58
-59
-49
-31
-17
-21
-14
-3
-5
2
9
16
20
20
23
24
31
37
51
58
42
38
31
29
42
47
79
95
82
93
93
85
80
58
53
65
76
73
88
107
88
76
76
80
86
80
76
78
72
50
38
46
45
40
36
25
9
-4
-12
-11
-16
-44
-38
-35
-53
-40
-38
-48
-47
-45
-52
-60
-47
-43
-44
-35
-43
-45
-30
-31
-38
-37
-52
-53
-60
-69
-52
-47
-46
-46
-69
-84
-69
-64
-75
-72
-75
-74
-63
-89
-88
-61
-82
-80
-67
-75
-53
-21
-20
-30
-26
-20
-8
-5
-2
15
32
45
36
44
67
55
63
75
66
66
53
49
63
53
54
81
80
68
65
58
71
84
65
57
67
67
64
75
78
78
80
64
52
48
48
54
65
72
54
28
26
32
40
40
14
4
18
9
-15
-20
-21
-22
-32
-32
-40
-46
-36
-40
-37
-36
-49
-46
-40
-45
-40
-42
-43
-32
-39
-42
-46
-51
-45
-61
-60
-48
-62
-60
-52
-58
-71
-84
-80
-71
-70
-77
-69
-72
-81
-68
-70
-81
-74
-64
-68
-62
-48
-31
-19
-31
-29
-7
12
41
36
10
26
42
54
61
52
62
58
49
58
54
61
79
60
42
54
61
79
84
60
48
50
58
61
55
65
62
42
43
53
67
79
63
40
51
71
82
77
62
54
48
39
41
38
36
37
17
3
17
24
11
-10
-16
-20
-27
-25
-23
-24
-24
-42
-65
-65
-78
-68
-43
-58
-61
-55
-60
-57
-70
-79
-57
-61
-68
-50
-52
-62
-60
-64
-71
-65
-65
-69
-58
-43
-48
-48
-58
-63
-62
-81
-60
-39
-55
-51
-43
-40
-29
-30
-23
7
14
7
19
28
27
30
34
38
45
50
58
67
67
58
63
66
58
55
51
42
38
54
71
73
71
76
66
45
45
44
40
53
45
37
35
31
49
53
54
63
55
52
38
32
52
46
26
19
24
21
21
16
5
7
-2
-16
-17
-34
-28
-4
-12
-27
-30
-43
-36
-31
-53
-57
-57
-54
-35
-48
-68
-60
-58
-55
-56
-81
-77
-51
-52
-46
-48
-61
-46
-46
-53
-53
-70
-55
-47
-65
-53
-47
-46
-34
-47
-58
-57
-56
-40
-29
-24
3
5
5
16
26
39
41
29
30
41
49
49
42
50
59
70
68
59
51
59
60
55
53
51
70
76
62
53
44
44
56
54
38
26
29
27
22
14
20
25
16
20
36
41
53
44
33
48
43
26
23
19
1
-4
-13
-18
-7
-11
-22
-28
-31
-29
-29
-28
-34
-52
-55
-45
-39
-39
-43
-55
-56
-50
-57
-59
-61
-46
-28
-30
-27
-36
-27
-17
-34
-39
-37
-29
-11
-11
-30
-38
-28
-21
-25
-44
-50
-40
-38
-40
-29
-18
-22
-24
-25
-20
-18
-20
-9
15
23
9
2
15
42
35
29
47
46
43
51
48
47
47
45
41
41
52
46
43
57
43
43
61
47
41
36
26
27
20
16
12
