-2
3
2
-2
-1
0
-1
1
-2
-1
3
-2
0
3
-4
-3
6
1
-7
-3
7
4
-10
0
11
-3
-6
3
-2
-1
1
-8
4
11
-9
-9
18
2
-15
0
6
2
1
-3
-3
3
6
7
-12
-8
8
2
-9
-8
0
5
11
2
-9
2
8
-8
-11
0
11
6
-11
1
9
-3
-3
1
6
-7
-27
20
53
-16
-48
12
42
-11
-31
-6
22
21
-28
-18
50
36
-53
-14
42
12
-25
-27
23
11
-43
-1
55
-32
-45
19
39
-17
-55
20
66
13
-39
-40
35
75
-53
-76
64
48
-73
-5
57
-11
-31
9
21
-12
-25
30
38
-40
-46
25
61
7
-73
-14
94
-39
-113
40
79
1
-1
-5
-18
-19
-2
1
-16
26
-14
9
76
-15
-87
6
32
-23
-56
27
104
-23
-71
17
25
-31
0
9
-48
-11
49
-10
-5
-2
-16
34
5
-26
-14
-12
32
29
-27
19
9
-2
13
-45
0
31
-31
-15
21
19
-12
-25
37
-42
-68
80
-19
-55
108
-12
-138
105
101
-140
-9
100
-60
6
90
-67
-23
73
10
-57
-1
32
-27
-24
19
5
4
37
-38
-13
25
-29
5
20
8
-6
-17
24
3
-4
40
-24
-32
81
-24
-44
55
9
-43
7
53
-11
-64
5
42
-28
20
-8
5
67
-71
-56
111
-36
-66
40
-29
29
55
-56
-15
45
-33
-12
25
-22
-6
10
-10
24
12
-31
15
-12
-57
15
23
3
-7
-20
50
21
-78
12
48
-61
14
65
-78
-45
104
4
-97
48
65
-62
-46
46
29
-23
7
20
-70
-29
66
25
-6
0
-17
55
-7
-63
84
6
-66
18
-2
47
38
-120
14
53
-88
3
104
-28
-91
6
75
21
-50
2
-36
-46
74
47
-68
13
79
-43
-69
46
62
-18
-75
8
96
-41
-111
59
55
-75
-16
22
38
-19
-42
78
4
-37
56
-38
19
66
-138
31
68
-72
67
-26
-10
93
-97
48
46
-134
79
26
-92
85
2
-86
64
9
-41
39
19
-35
-35
-2
40
37
-9
-24
-15
55
-2
-122
154
46
-256
173
162
-267
18
119
-101
3
36
13
-27
30
30
-162
72
100
-243
52
188
-108
-79
111
49
-148
-13
78
-112
6
147
-42
-42
-7
82
20
-142
102
56
-125
14
72
38
-61
-76
136
-24
-106
109
-44
-74
111
70
-105
-25
142
-83
-134
129
64
-142
-29
154
36
-139
1
86
-53
-42
35
53
31
-50
-70
55
102
-73
-99
110
51
-82
6
43
-2
-21
-78
78
91
-133
2
104
-104
18
123
-132
-85
146
73
-162
-15
162
-84
-120
141
21
-118
16
32
24
-2
13
13
-2
53
-81
-70
127
-15
-125
166
13
-187
100
135
-179
-30
199
-60
-131
26
106
0
-111
14
88
-68
-14
-1
-23
43
-80
11
113
-70
-63
31
7
13
-42
-43
-9
-5
107
-25
-128
104
135
-172
-81
206
-74
-149
170
30
-120
27
6
-15
-20
22
39
-55
47
47
-109
59
70
-108
30
23
-117
110
62
-195
59
191
-94
-134
73
68
6
4
-31
-18
124
23
-232
90
239
-239
-93
327
-65
-205
191
85
-184
-1
125
-64
-27
64
-22
-26
-22
11
77
-39
-49
82
-19
-62
64
24
-92
77
91
-140
-7
166
-143
-166
266
49
-271
68
251
-132
-155
136
45
-142
38
90
-105
-34
-30
16
99
-63
-105
102
50
-122
-30
70
-35
-14
35
-57
10
19
-65
59
57
-130
19
110
-19
-30
-66
11
141
-31
-157
28
131
1
-210
17
242
-194
-86
278
-110
-181
127
31
-105
10
104
22
-118
35
147
-113
-47
89
-54
-57
125
59
-170
53
236
-117
-249
165
189
-149
-81
77
2
-73
56
87
-120
42
134
-84
-83
76
72
-75
-45
155
0
-125
89
8
-111
28
112
-6
-60
-45
37
29
12
-63
14
113
-120
-50
133
12
-146
-23
132
-13
-161
142
121
-197
48
61
-117
104
58
-177
41
108
-98
-21
47
63
-67
-144
166
70
-182
56
87
-88
2
44
17
-127
-47
223
-71
-132
115
5
-99
19
-19
67
48
-177
115
109
-207
3
136
-106
2
42
20
-33
-55
106
-54
-47
17
8
103
-30
-200
217
72
-219
80
107
-74
-101
76
74
-84
-73
204
-55
-164
149
86
-197
7
173
29
-146
-59
254
-114
-252
248
137
-319
31
263
-50
-307
79
309
-217
-180
296
44
-217
25
77
-2
-95
17
125
-52
-119
104
82
-97
16
124
-60
-147
14
84
48
-76
18
56
-175
33
106
-87
54
44
-59
88
-6
-100
71
30
-54
-65
118
2
-147
89
108
-151
-53
143
-39
-149
89
169
-88
-110
72
133
-133
-163
189
116
-194
39
-18
-11
169
-104
-110
138
-57
-24
129
-129
20
57
-40
61
-26
-82
32
79
7
-133
30
159
-128
-115
196
60
-102
-59
40
95
-54
-143
60
192
-137
-152
181
12
-116
12
-6
68
44
-91
-34
136
32
-154
25
155
-146
-144
135
78
-5
-77
-56
100
61
-81
-19
20
39
-44
-27
59
-48
-82
111
79
-245
-9
116
21
-4
-20
-46
43
92
-60
-77
56
57
-61
-7
53
-34
-67
154
32
-227
95
202
-238
-31
208
-57
-158
125
124
-189
-97
206
78
-236
-36
158
53
-90
-89
59
93
-93
-55
39
135
-46
-143
149
67
-210
56
183
-144
-94
53
158
-44
-99
73
14
7
66
-29
-67
30
69
-61
-99
110
73
-81
-112
81
154
-227
-176
306
43
-219
19
66
22
-140
-34
191
8
-72
14
20
-19
-75
90
108
-208
30
274
-158
-136
75
2
37
-38
-30
105
83
-129
-33
200
-84
-267
257
180
-341
-11
224
-20
-147
-56
169
32
-159
-52
67
112
-68
-118
184
129
-292
26
335
-238
-197
358
-79
-249
202
33
-238
50
121
-24
-199
43
140
-196
157
127
-219
26
122
-64
-5
40
76
-54
-63
106
-132
-92
198
-17
-41
64
-34
-21
-68
-47
79
25
10
-23
-50
108
0
-139
136
53
-209
46
180
-18
-55
-18
-131
49
59
71
-2
-117
65
26
-42
123
-72
-86
193
-86
-124
64
85
-19
21
-28
-35
27
1
-31
-1
24
9
46
-23
-6
-94
77
154
-150
-125
230
74
-220
-6
171
-19
-176
37
23
-13
35
-66
-165
111
205
-242
-76
351
7
-303
190
136
-278
37
159
-102
-135
93
83
-97
-107
85
49
-61
34
18
31
-45
-47
150
7
-244
84
182
-114
-107
128
43
-119
24
101
-77
-80
114
-120
-31
206
-115
-114
231
-24
-102
55
54
11
-129
-4
172
1
-139
5
70
44
-108
-5
99
55
-113
-77
169
51
-152
-56
149
69
-107
-66
130
62
-176
-31
144
-69
-81
23
14
25
-20
-44
-9
-57
145
30
-110
141
-79
-72
245
-73
-207
221
38
-217
37
164
-194
-99
258
-86
-190
200
135
-255
45
180
-161
-106
138
-41
-151
168
43
-79
-66
-6
72
24
-86
6
139
-143
-121
167
60
-136
-6
131
1
-213
86
183
-162
-4
119
-76
83
22
-224
129
213
-138
-208
56
191
-66
-137
115
160
-102
-148
163
149
-156
-72
183
-98
-63
120
-62
-85
113
74
-189
4
192
-62
-232
167
57
-173
85
87
-111
19
144
-77
-84
50
-20
-44
94
-22
32
13
-82
91
5
-79
57
16
-34
12
-23
-8
40
-6
-51
8
17
-48
-12
45
-13
-5
-72
-30
142
-63
-86
125
-12
-166
112
100
-149
41
126
-187
-87
205
-16
-45
95
-1
-58
-32
5
47
-29
-24
-7
31
86
-84
-61
80
11
17
-10
-69
57
50
-126
50
142
-63
-156
119
164
-258
-11
300
-104
-193
126
-36
-58
83
29
-69
-41
202
-21
-268
116
196
-221
-134
190
86
-162
14
123
-74
34
-39
-52
210
-56
-233
125
57
-79
9
131
27
-245
43
201
-171
-65
224
-29
-108
14
13
-54
35
29
-17
25
74
-43
-111
80
44
-116
18
182
-92
-193
110
196
-96
-148
35
68
55
-109
-99
241
3
-221
156
-2
-176
99
83
-27
-109
13
181
-137
-47
193
-184
-67
218
-55
-153
105
104
-161
-29
149
-36
-32
-52
-61
204
-71
-148
198
16
-193
32
169
-33
-109
7
27
7
31
-64
-23
102
70
-45
-85
127
75
-270
-14
323
-119
-269
279
118
-318
10
178
-88
-11
86
-61
-14
26
-64
-7
81
-60
45
131
-143
-89
269
-19
-319
113
244
-172
-181
233
94
-298
60
282
-199
-180
248
-7
-207
160
86
-185
-9
207
-73
-168
105
161
-215
-168
324
91
-293
-4
175
-51
-97
79
97
-127
-44
83
-3
-58
-61
17
74
-15
6
23
-57
103
29
-170
64
139
-89
-30
74
-4
14
-6
-134
-49
193
42
-271
-45
246
-25
-59
42
3
100
-73
-111
138
-37
-75
161
-111
-44
54
-77
124
28
-162
43
68
-26
-27
-53
121
75
-122
-141
118
104
-158
42
91
-39
45
-61
-76
153
-26
-102
118
33
-124
-77
115
64
-148
1
134
-84
-133
123
26
-57
137
-5
-93
49
43
-5
-30
-4
22
6
-7
-31
33
22
-80
-61
-13
65
130
-171
-18
163
-103
-2
42
-27
55
-35
-92
102
3
-102
88
-4
-77
142
-61
-67
251
-135
-204
179
-18
-14
38
-167
79
143
-172
26
94
4
15
-139
-15
245
-99
-216
305
60
-300
29
187
-107
-60
88
-44
-53
132
-40
-170
104
57
-81
36
32
-6
-10
-72
61
73
-83
-39
92
-41
-88
184
-60
-193
256
-22
-242
167
104
-133
-35
17
20
21
-12
-26
11
102
-139
-60
227
-73
-148
118
24
-85
92
65
-133
22
98
-152
116
133
-224
15
145
-101
-75
113
76
-126
-111
94
-27
51
40
-107
39
0
15
44
-69
-13
96
-16
-9
30
73
-73
-84
195
-43
-194
176
19
-277
126
167
-132
-75
130
-88
-111
191
20
-86
108
-40
-86
87
20
3
-80
-5
136
-70
-78
94
-48
-30
-8
11
38
-36
-6
5
28
5
-36
-17
-37
-7
79
-2
37
7
-99
25
21
15
93
-70
-49
79
-17
-40
-12
-10
-45
-28
28
55
-2
12
-8
-82
22
92
-4
-31
85
22
-69
41
0
-115
-19
29
1
75
34
-129
-99
66
78
-69
39
127
-60
-67
28
3
-54
-30
68
47
-48
7
22
-13
-39
-31
77
-15
-95
129
79
-162
19
91
-42
-48
42
110
-98
-119
129
64
-135
-13
86
28
-71
40
142
-92
-93
109
-41
-105
155
13
-170
25
105
10
-31
-41
-16
-30
28
40
-28
27
36
-76
2
80
0
1
-33
-42
32
40
-60
3
49
-75
-87
40
19
-27
17
53
35
-39
-25
-34
-17
70
49
-12
23
26
47
-44
-71
64
14
-88
19
53
-16
-10
-33
-30
-32
-15
47
79
-10
25
29
-64
-13
17
-32
-9
40
26
33
-27
-27
65
-21
-59
29
-42
-4
68
-72
-35
80
-7
-75
-20
91
1
-80
91
56
-104
-4
30
-45
8
10
-22
12
35
-21
9
53
-12
-76
-55
12
9
51
19
-75
-2
3
-111
-1
39
-87
-15
33
15
5
6
-19
-23
57
4
-23
120
52
-92
-15
16
-17
41
78
-16
-78
52
58
-18
94
65
-13
72
66
48
65
34
8
-4
80
79
10
80
63
-65
-50
36
57
28
-35
-51
-23
-60
-79
-11
-18
-83
-68
-75
-70
-44
-95
-118
-78
-76
-124
-119
-56
-88
-158
-181
-133
-71
-104
-126
-142
-136
-125
-151
-89
-34
-113
-129
-66
-40
-31
-9
-2
-7
11
7
28
103
118
63
60
154
192
115
139
195
156
164
184
204
218
190
168
180
226
210
172
223
255
200
190
228
256
208
152
158
204
229
198
215
228
124
48
74
128
193
159
114
124
69
9
-37
-8
58
-2
-42
4
-51
-140
-151
-176
-208
-210
-189
-203
-203
-200
-290
-428
-615
-810
-836
-648
-491
-528
-615
-638
-723
-858
-885
-730
-568
-559
-550
-422
-258
-208
-300
-339
-237
-156
-30
217
449
527
429
372
435
507
568
659
789
843
809
790
789
742
601
486
502
555
573
553
501
389
148
-65
-83
-19
-41
-107
-122
-154
-291
-459
-509
-451
-427
-415
-338
-206
-142
-200
-254
-232
-161
-90
20
213
345
350
366
408
466
506
544
654
746
750
696
664
676
621
522
513
564
564
501
420
316
183
73
-1
-25
-31
-72
-158
-213
-295
-480
-631
-659
-631
-642
-636
-699
-964
-1389
-1703
-1703
-1380
-1101
-1128
-1273
-1361
-1443
-1544
-1461
-1216
-1013
-940
-851
-618
-269
-91
-160
-197
-95
115
429
823
1154
1203
1040
925
969
1146
1299
1402
1474
1437
1342
1266
1208
1089
875
690
637
691
722
627
431
142
-176
-374
-382
-282
-275
-386
-475
-533
-610
-681
-708
-688
-648
-593
-486
-348
-228
-174
-257
-337
-208
-2
130
228
295
338
343
396
500
577
603
547
536
669
750
726
692
670
627
564
599
662
618
488
371
354
405
341
232
152
61
-11
-14
59
86
14
-99
-174
-214
-204
-211
-306
-435
-539
-577
-572
-588
-851
-1339
-1784
-1977
-1801
-1360
-1168
-1410
-1727
-1991
-2085
-2000
-1668
-1280
-1125
-1141
-1129
-856
-443
-324
-348
-224
32
438
851
1241
1436
1285
1060
1039
1358
1775
1930
1952
1868
1648
1455
1364
1388
1319
1087
915
860
860
732
429
120
-208
-470
-508
-387
-310
-459
-738
-943
-1019
-989
-914
-801
-695
-654
-617
-513
-424
-382
-316
-155
73
215
313
478
579
524
487
562
729
839
844
847
843
794
692
643
716
728
641
618
626
602
474
335
261
171
128
151
188
207
44
-162
-205
-166
-55
40
38
26
-21
-172
-263
-337
-370
-345
-324
-407
-532
-582
-862
-1469
-1946
-2036
-1718
-1260
-1277
-1559
-1789
-2041
-2290
-2295
-1815
-1280
-1153
-1207
-1191
-901
-580
-608
-542
-173
256
619
921
1313
1460
1214
1034
1134
1594
2065
2170
2139
2004
1718
1468
1347
1430
1457
1314
1155
970
821
592
223
-106
-340
-447
-415
-374
-454
-683
-970
-1192
-1262
-1128
-886
-713
-657
-655
-624
-527
-454
-439
-295
23
326
509
544
488
415
416
561
800
1048
1104
938
778
700
659
675
725
759
716
635
568
512
445
331
212
182
222
248
244
196
56
-151
-274
-206
-22
184
284
176
-47
-257
-324
-232
-149
-142
-210
-300
-443
-695
-790
-918
-1397
-1911
-2126
-1836
-1292
-1244
-1681
-2128
-2395
-2435
-2302
-1757
-1159
-1040
-1215
-1435
-1258
-728
-417
-223
36
368
758
1003
1246
1359
1259
1266
1389
1772
2279
2417
2224
1821
1462
1421
1516
1635
1617
1398
1111
714
400
287
157
-48
-312
-479
-450
-483
-699
-979
-1195
-1247
-1193
-1015
-725
-586
-677
-832
-813
-514
-200
-41
58
168
302
389
490
690
758
662
660
849
1134
1196
984
747
614
634
716
791
840
660
333
143
176
364
448
353
200
29
-58
-27
51
99
-47
-187
-134
-26
99
163
96
-89
-237
-145
23
60
-45
-306
-437
-432
-605
-716
-628
-845
-1536
-2138
-2124
-1663
-1341
-1488
-1936
-2175
-2251
-2381
-2203
-1579
-1162
-1271
-1477
-1363
-905
-485
-320
-178
156
537
808
1092
1422
1482
1351
1371
1630
2062
2364
2311
2052
1745
1545
1524
1601
1655
1487
1179
874
540
341
256
85
-172
-433
-538
-538
-653
-901
-1118
-1184
-1140
-1058
-867
-663
-654
-790
-823
-592
-221
1
60
116
225
340
423
592
839
949
886
852
938
1060
1010
868
804
814
811
707
600
519
350
187
141
218
344
322
196
38
-102
-157
-160
-58
82
68
-60
-187
-177
-35
51
37
41
80
76
-20
-127
-197
-194
-236
-374
-493
-543
-600
-997
-1688
-2160
-2106
-1608
-1264
-1514
-1938
-2261
-2438
-2488
-2256
-1581
-1086
-1171
-1492
-1594
-1121
-577
-397
-154
246
669
902
962
1226
1438
1441
1493
1709
2230
2559
2347
1984
1679
1580
1647
1698
1807
1713
1308
821
392
262
290
180
-4
-245
-440
-589
-847
-1043
-1123
-1114
-1012
-942
-832
-723
-799
-906
-871
-607
-172
129
234
211
78
54
265
673
1029
1046
858
742
778
906
956
946
955
865
734
643
604
544
333
116
99
242
376
324
133
-36
-193
-250
-171
-23
125
91
-94
-200
-197
-171
-102
52
166
115
-34
-165
-200
-132
-138
-160
-189
-282
-516
-623
-642
-1057
-1755
-2162
-1960
-1371
-1114
-1527
-2066
-2383
-2458
-2493
-2095
-1263
-881
-1215
-1747
-1803
-1123
-479
-212
27
347
654
673
714
1093
1430
1591
1636
1777
2227
2436
2184
1811
1603
1708
1873
1934
1955
1715
1263
721
330
403
597
540
235
-211
-511
-714
-935
-987
-896
-810
-848
-1010
-1018
-957
-1004
-1005
-857
-492
-155
-76
-61
-83
-133
2
353
792
1025
960
777
608
641
839
1021
1172
1141
885
641
525
522
537
509
467
371
294
244
148
76
27
-56
-83
-112
-99
-43
-55
-163
-320
-391
-237
-28
111
87
-134
-287
-240
-173
-195
-149
-82
-151
-342
-603
-725
-665
-984
-1672
-2072
-1702
-1007
-939
-1631
-2230
-2317
-2202
-2181
-1804
-1036
-779
-1331
-2021
-1871
-937
-239
-68
20
248
403
300
460
1051
1536
1640
1524
1625
1983
2060
1886
1747
1760
1899
1933
1915
1853
1570
1164
769
625
798
901
711
282
-205
-497
-640
-686
-599
-535
-617
-889
-1174
-1170
-1048
-967
-882
-725
-505
-440
-516
-520
-405
-192
11
193
456
597
555
451
480
709
899
986
1021
984
926
763
645
710
778
761
618
479
444
374
293
249
230
210
56
-114
-148
-100
-57
-135
-249
-262
-270
-251
-203
-124
-39
-135
-316
-385
-292
-155
-104
-176
-238
-413
-551
-573
-858
-1365
-1730
-1614
-1055
-766
-1164
-1757
-2124
-2214
-2247
-1789
-822
-439
-1078
-2026
-2248
-1382
-472
-90
118
240
82
-371
-294
628
1476
1670
1390
1172
1363
1509
1571
1764
1963
2001
1807
1647
1705
1649
1447
1186
1010
1078
1092
944
660
235
-110
-304
-346
-242
-211
-365
-718
-1139
-1269
-1100
-869
-675
-644
-694
-808
-963
-907
-689
-404
-116
14
61
17
-64
39
308
643
876
857
795
706
626
686
829
1030
1106
921
676
513
503
582
601
633
626
446
179
-57
-117
-18
63
89
-39
-239
-377
-469
-435
-240
-73
-62
-236
-411
-427
-398
-321
-255
-267
-264
-283
-369
-398
-695
-1336
-1717
-1468
-774
-388
-692
-1327
-1950
-2239
-2099
-1558
-625
-252
-908
-1817
-2238
-1779
-878
-162
253
129
-369
-768
-704
79
972
1379
1361
996
722
820
1122
1600
1916
1913
1754
1456
1355
1459
1567
1624
1483
1317
1243
1081
899
724
564
445
229
105
133
29
-229
-556
-756
-725
-697
-649
-596
-660
-852
-1078
-1117
-924
-675
-479
-476
-575
-567
-529
-364
-45
228
334
294
236
283
464
697
806
846
870
780
690
708
811
907
903
816
722
651
568
439
365
357
314
232
123
-6
-125
-285
-366
-300
-230
-253
-396
-485
-530
-564
-527
-506
-502
-446
-499
-623
-615
-495
-356
-672
-1327
-1622
-1261
-568
-321
-685
-1107
-1454
-1726
-1708
-1201
-314
-31
-740
-1543
-1739
-1236
-548
-104
199
120
-390
-813
-675
139
913
1084
886
549
360
466
821
1398
1747
1576
1176
871
952
1281
1499
1590
1480
1227
969
749
832
1066
1061
827
475
270
247
182
139
120
20
-180
-461
-535
-387
-345
-449
-606
-696
-699
-749
-699
-590
-628
-699
-691
-544
-324
-223
-253
-282
-211
-18
173
364
490
449
381
430
557
774
925
952
786
338
269
653
705
505
398
109
-118
-87
6
129
164
-32
-299
-426
-423
-392
-326
-224
-218
-368
-549
-541
-396
-341
-336
-264
-254
-375
-474
-420
-248
-68
-58
-161
-388
-822
-1107
-801
-149
164
-123
-695
-1082
-1197
-1077
-687
-19
235
-369
-1131
-1380
-1017
-435
-10
165
30
-441
-878
-807
-165
502
694
536
214
-99
-74
333
886
1239
1129
742
439
460
793
1181
1390
1312
1018
714
577
742
1094
1247
1057
700
402
322
399
542
645
509
155
-203
-299
-121
37
26
-124
-377
-620
-735
-625
-369
-234
-311
-532
-683
-644
-493
-307
-123
-59
-141
-254
-223
-58
145
274
301
278
99
-1
221
453
472
445
302
106
30
104
237
283
231
105
-29
-135
-203
-172
-71
-71
-157
-253
-317
-367
-360
-316
-342
-316
-267
-354
-459
-427
-350
-338
-330
-268
-287
-351
-275
-217
-201
-137
-97
-113
-193
-303
-412
-338
-48
100
-21
-182
-312
-394
-375
-215
43
144
-57
-342
-481
-401
-195
-20
99
59
-165
-351
-334
-121
126
255
229
101
-40
-48
122
390
579
538
397
300
321
458
629
765
781
645
496
454
539
675
707
621
492
350
274
296
381
443
346
161
26
-24
13
86
123
75
-55
-195
-241
-184
-89
-47
-93
-172
-235
-255
-215
-130
-82
-94
-142
-178
-169
-130
-72
-27
-46
-79
-91
-78
-22
20
24
18
-6
-12
15
30
54
47
-6
-30
-24
-23
-9
-13
-80
-142
-165
-194
-221
-223
-223
-248
-302
-330
-352
-376
-345
-327
-351
-341
-328
-340
-316
-256
-218
-207
-169
-121
-97
-51
-18
8
53
57
36
35
63
95
95
84
99
100
67
20
11
43
43
-6
-38
-52
-79
-100
-95
-90
-91
-96
-131
-195
-215
-143
-36
39
68
66
50
43
97
207
336
416
389
333
290
269
312
386
428
423
356
291
282
303
343
363
331
279
210
162
174
197
208
169
98
48
18
17
21
25
22
-18
-72
-85
-73
-54
-44
-45
-52
-84
-83
-69
-56
-23
-8
-12
-12
-23
-26
1
14
8
-1
-14
-32
-49
-75
-94
-91
-119
-157
-157
-154
-184
-225
-226
-229
-256
-249
-243
-253
-239
-238
-258
-247
-212
-188
-174
-162
-151
-134
-117
-102
-87
-63
-43
-41
-40
-29
-14
-6
1
-7
-9
2
-3
-15
-25
-30
-40
-48
-46
-44
-42
-48
-56
-56
-38
-11
0
-3
6
23
43
60
86
106
113
119
134
152
159
169
185
198
208
210
209
214
209
189
171
157
153
149
128
106
81
56
43
35
27
5
-21
-37
-49
-64
-66
-61
-61
-59
-58
-50
-49
-35
-19
-15
-4
25
52
63
57
58
72
88
109
131
147
147
118
95
100
107
113
108
91
57
20
3
2
14
19
-11
-53
-84
-104
-102
-95
-91
-94
-111
-129
-138
-134
-111
-99
-97
-87
-87
-88
-74
-62
-49
-42
-34
-20
-13
-12
-18
-31
-29
-23
-31
-29
-31
-54
-73
-75
-81
-88
-88
-96
-103
-113
-120
-118
-113
-99
-89
-99
-99
-84
-67
-47
-33
-22
-12
-7
-7
1
10
23
46
60
65
64
63
60
59
62
72
84
91
83
66
51
32
39
57
58
52
35
21
14
11
17
37
45
36
20
11
19
28
41
56
55
46
49
50
47
50
52
57
65
63
51
44
43
44
40
43
47
40
30
19
14
11
14
16
10
-6
-18
-19
-10
-3
6
17
11
7
9
10
13
18
24
31
33
26
14
1
6
19
27
26
22
7
-17
-23
-19
-18
-18
-27
-42
-59
-76
-84
-78
-64
-59
-64
-75
-81
-78
-77
-79
-73
-63
-53
-50
-61
-62
-51
-50
-40
-26
-18
-10
-8
-15
-8
6
13
24
26
25
10
-1
2
13
17
11
2
-10
-15
-21
-23
-17
-8
-10
-17
-32
-40
-27
-9
2
3
-1
-4
0
5
9
19
26
21
12
11
12
17
26
27
25
21
13
5
7
8
6
7
10
8
-2
-4
1
12
20
13
2
2
7
15
27
31
26
22
24
31
37
54
76
75
67
64
67
80
91
84
73
63
52
45
40
36
30
21
15
7
-7
-14
-27
-41
-42
-42
-49
-58
-66
-74
-75
-71
-72
-70
-62
-58
-52
-40
-23
-12
-13
-11
-6
0
1
4
14
16
11
7
14
14
9
12
18
25
25
19
14
9
8
4
-10
-14
-12
-20
-20
-23
-32
-33
-25
-26
-32
-37
-30
-20
-18
-24
-26
-20
-15
-11
-8
-7
-5
-1
-6
-6
3
-2
-5
1
12
11
2
6
7
2
0
0
-5
-4
-4
-7
-4
-2
-11
-24
-26
-20
-11
0
8
8
-5
-9
2
8
15
28
30
31
32
28
33
42
51
51
53
51
47
42
38
34
32
32
31
27
20
13
0
-7
-7
-4
-7
-11
-14
-23
-35
-40
-32
-20
-18
-25
-36
-36
-30
-28
-24
-19
-16
-12
-11
-11
-13
-12
-2
4
3
8
13
21
23
12
4
6
13
18
17
11
8
2
1
4
5
4
-2
-2
1
1
1
2
4
5
1
-3
-2
-1
-1
-1
-3
-2
-4
-9
-11
-13
-7
-4
-3
-3
-5
-3
-5
-3
0
-3
-3
-4
-8
-10
-11
-12
-12
-12
-15
-15
-13
-14
-10
-13
-9
-7
-10
-6
1
3
6
6
3
3
10
15
18
19
12
13
19
19
22
23
19
17
11
10
17
16
11
1
-6
-5
-2
0
1
4
2
-3
-10
-13
-8
-4
-5
-1
-4
-10
-17
-16
-13
-11
-5
-4
-12
-17
-18
-14
-9
-6
-3
-5
-5
-8
-13
-8
-1
3
6
11
11
6
3
7
13
18
19
18
19
19
15
11
13
17
16
8
7
4
-1
-1
-6
-15
-12
-9
-7
-4
-12
-19
-21
-16
-9
-5
-3
-2
-5
-10
-6
-2
3
7
5
7
4
2
1
2
3
3
6
0
-4
-2
4
7
6
4
-2
-5
-4
-4
-2
-3
-6
-9
-7
-3
0
-3
-2
-1
-2
-1
0
5
8
5
3
2
0
2
5
6
7
7
6
9
10
6
1
-4
1
10
12
12
5
-1
2
0
-2
0
-1
-4
-11
-12
-12
-11
-10
-13
-12
-10
-6
-7
-4
2
0
-3
-1
3
7
10
7
2
2
4
10
15
13
6
3
3
5
9
12
12
5
-3
-4
-6
-4
0
-1
-2
-4
-8
-10
-14
-12
-11
-11
-11
-9
-10
-13
-14
-16
-12
-8
-9
-7
-10
-13
-11
-5
1
3
1
0
0
-1
2
8
10
9
7
2
5
12
15
14
17
13
9
9
13
20
17
8
5
10
14
14
14
14
13
8
6
8
12
10
0
-8
-10
-11
-10
-9
-8
-8
-10
-14
-15
-13
-13
-15
-14
-13
-13
-13
-15
-15
-17
-16
-12
-8
-4
-4
-5
-5
-2
1
3
8
10
8
8
7
10
13
16
17
17
18
14
13
14
13
15
16
17
16
13
10
7
5
4
-1
-4
-5
-4
-9
-13
-13
-16
-15
-16
-17
-17
-17
-17
-18
-21
-24
-22
-20
-19
-15
-12
-11
-12
-15
-11
-4
2
7
4
1
-3
-4
2
10
12
9
7
8
11
12
15
17
16
16
17
16
16
19
15
11
8
4
8
8
9
13
7
2
3
2
6
8
5
2
1
-2
-2
-1
-3
-4
-5
-5
-6
-8
-8
-11
-10
-10
-10
-11
-12
-12
-14
-13
-12
-15
-12
-7
-8
-8
-7
-7
-3
0
-2
-1
-1
-1
0
2
5
8
8
10
9
8
6
7
10
11
11
8
1
1
3
2
6
10
8
3
2
4
9
8
5
1
-2
0
3
3
2
-4
-8
-11
-8
-3
-4
-5
-9
-16
-18
-14
-10
-3
-6
-11
-13
-14
-10
-4
-1
-4
-6
-9
-9
-6
-5
1
3
2
-1
2
7
4
11
16
30
49
15
-21
16
36
26
73
39
-8
33
-28
-41
60
30
6
58
-14
-33
19
-28
-8
30
-17
-15
-3
-27
-14
-3
-9
-7
-23
-24
-20
-21
-4
-13
-21
-10
-14
-23
-12
-11
-21
-5
-12
-18
-11
-17
-11
-6
-4
-1
-2
-4
0
1
-3
5
-6
-9
-2
-7
3
-4
-5
-3
-4
-5
-5
4
8
8
2
-1
9
13
12
8
13
11
13
16
13
19
16
18
21
16
12
13
17
19
24
14
10
11
5
10
12
10
10
11
1
-7
-3
-9
-5
-8
-10
-8
-12
-13
-17
-19
-18
-17
-19
-13
-12
-17
-13
-14
-13
-4
-3
-5
0
1
-1
3
1
6
13
14
18
19
16
16
14
15
18
19
20
17
12
10
6
3
5
3
1
0
-7
-11
-9
-9
-8
-8
-9
-13
-14
-15
-14
-13
-14
-15
-14
-14
-18
-15
-12
-9
-9
-14
-16
-14
-15
-14
-15
-11
-11
-12
-11
-9
-8
-8
-7
-8
-7
-5
-4
-3
-3
-2
-1
0
2
3
6
7
8
10
13
19
23
20
17
18
17
18
25
27
28
25
18
16
18
20
23
27
19
10
8
9
10
13
9
8
3
-7
-5
-5
-8
-6
-12
-12
-7
-9
-9
-10
-14
-18
-19
-18
-10
-5
-7
-5
0
1
-6
-7
-2
-7
-7
-1
0
3
8
8
12
18
13
12
8
-1
1
3
2
4
5
1
-6
0
9
6
-2
-2
-8
-23
-24
-16
-16
-14
-10
-16
-22
-15
-9
-5
-4
-3
-4
-9
-15
-24
-30
-25
-21
-22
-11
-5
-5
2
8
9
14
7
0
6
-6
-17
-6
-7
-9
-3
4
10
14
16
23
22
12
13
8
-1
0
2
5
13
17
15
17
21
19
12
7
9
12
8
6
17
17
1
8
18
10
5
6
4
-3
-9
-7
-4
5
8
4
2
4
-1
-16
-25
-21
-14
0
6
11
30
24
4
7
2
-8
-3
-12
-4
13
3
7
18
11
15
13
-1
5
6
-4
-11
-15
-13
-23
-27
-14
-16
-6
5
-12
-13
6
-3
-24
-29
-24
-39
-49
-30
-26
-33
-10
4
-4
-2
10
1
-31
-30
-19
-43
-39
-7
7
25
22
5
14
4
-9
-9
-28
-11
1
-21
9
46
33
35
42
27
11
-2
0
11
15
37
43
15
20
27
-1
11
31
18
23
27
24
33
41
42
23
5
-14
-47
-38
-31
-37
16
41
32
37
18
19
5
-35
-19
-17
-43
-32
-27
-11
3
26
51
17
2
18
-5
-34
-25
-9
-8
-20
12
26
-7
42
73
-2
6
25
-46
-47
-12
-51
-34
29
26
-5
20
44
-31
-35
10
-68
-82
-29
-80
-69
3
12
15
38
10
-28
-20
-49
-67
-19
-48
-33
43
-10
-10
46
3
-36
-21
9
-1
-50
9
30
-16
36
44
16
32
-1
-58
-50
8
11
-2
90
82
-2
68
41
-55
-25
9
-17
13
50
2
22
94
44
21
68
15
-29
-93
-94
-19
6
86
100
70
127
34
-69
-22
-136
-135
6
-86
-9
139
49
86
145
33
-26
-69
-107
-142
-127
66
9
-14
229
111
39
128
-82
-78
-50
-182
-58
-49
-25
111
41
81
157
33
24
-47
-143
-79
-110
-96
-12
22
104
138
71
99
20
-142
-32
-52
-185
-72
-25
-54
48
146
66
-16
42
-39
-179
-63
-32
-86
27
-17
-35
93
18
-41
-7
-67
11
95
-19
-37
6
-104
-55
53
-45
47
125
11
-9
30
16
-51
-108
49
110
-80
18
109
6
-21
63
48
-144
30
128
-153
24
256
9
42
80
-135
-121
-40
60
4
58
158
-37
46
134
-148
-5
43
-181
6
10
-77
68
122
128
-13
-103
64
-95
-70
113
-124
-111
53
18
149
136
-41
65
106
-199
-232
137
66
-126
114
53
-115
133
98
-162
15
103
-72
-48
-70
-86
146
79
-83
67
4
-140
-54
77
31
-121
-55
128
-1
-160
34
98
-218
-168
94
-81
-7
267
33
-66
-61
-191
43
-3
-181
67
-9
-88
115
-13
-9
185
30
-51
-119
-75
-48
-80
165
-1
-55
255
-27
-133
279
-54
-230
29
-12
-40
65
146
103
4
0
51
-38
-66
-30
-80
13
123
6
21
107
54
36
-24
74
-55
-240
114
-19
-101
177
140
-78
25
147
-145
-151
187
-136
-87
234
-327
120
314
-214
64
36
-103
113
-12
-105
63
201
-41
-232
83
-52
-142
243
119
-57
124
178
-56
-291
-128
93
22
-97
83
242
-57
39
217
-251
-272
-66
-155
-29
88
167
233
-58
-128
-75
-19
-106
-214
-48
105
57
42
36
5
-152
-287
96
-43
-56
308
111
-235
-125
-82
-95
-27
20
88
98
377
196
-223
-243
-234
-138
68
111
163
209
112
-43
-86
112
-13
-286
-34
198
14
-48
211
109
-168
-61
239
53
-157
162
-149
-318
335
-29
-360
353
50
-63
298
-64
-168
-64
11
-153
-71
237
46
105
362
-177
-265
36
-176
-108
171
291
-7
-252
56
72
66
104
-318
-3
268
-171
-102
395
46
-377
-9
182
-93
-133
106
107
100
-114
-112
272
108
-425
-102
267
-51
-81
-4
197
-8
-287
174
59
-191
219
-266
-261
241
-152
22
55
130
170
-484
-89
548
-432
-243
313
-248
-129
198
392
73
-335
-114
-32
-158
78
-229
245
354
-366
125
160
-65
193
-150
-67
258
-248
109
88
-131
313
-12
-157
70
44
-32
77
69
-251
-75
303
-396
29
760
-399
-289
343
-83
-40
-78
-161
255
43
-64
76
-58
141
-147
-324
147
-59
-219
449
257
-285
31
17
-462
-185
302
210
291
203
-208
-297
-52
-89
-114
187
194
-55
-38
244
-125
-147
208
-125
-273
274
171
-224
250
109
-253
120
157
-246
-129
26
-73
-25
198
13
-225
-90
100
64
-250
11
116
-201
64
159
-47
459
-52
-585
357
62
-384
126
171
-61
-109
94
52
-120
-9
-85
-279
243
198
-231
122
-13
-76
278
131
-151
-80
-31
42
-44
-34
311
182
-259
-66
376
-167
-474
314
265
-424
51
288
-87
57
204
-132
-254
51
-71
-49
289
37
-103
66
-173
-96
92
12
-83
-116
60
-51
-204
376
160
-576
63
226
-312
21
301
-201
-40
269
-114
-64
274
-154
-385
349
254
-223
175
253
-217
-106
-107
28
229
-166
-169
268
295
-117
-225
66
68
-388
-111
422
143
-240
109
7
-243
134
-41
-172
154
-138
-210
260
108
-76
-172
103
110
-261
142
133
-326
24
50
8
177
11
73
32
-70
-57
-64
55
-57
-85
221
-86
-68
275
87
-275
-210
347
57
-271
238
-114
-100
583
-199
-267
372
-78
-154
-48
43
118
-131
-32
67
39
222
-238
-98
412
-185
-299
176
-7
-25
110
-75
71
85
-133
-270
217
310
-344
-350
198
-6
-139
255
174
-172
-210
7
-80
42
161
-190
25
166
-165
98
276
-159
-151
177
4
-150
54
170
-202
-122
241
-57
-65
284
-67
-93
184
-176
-283
206
17
-228
319
323
-161
-129
185
-233
-370
215
-42
-183
310
157
-171
100
62
-204
-29
-124
-179
102
185
-29
138
72
-12
27
-279
39
77
-90
175
-53
-168
217
-76
-33
187
-61
269
-177
-462
268
-20
-385
145
160
283
142
-191
150
-175
-345
-122
-33
331
101
-126
322
134
-81
24
-180
-187
-63
-11
133
167
238
-15
-135
-45
-197
46
115
-8
-3
-247
-225
405
121
-221
348
19
-339
210
-1
-516
124
262
-253
58
546
116
-445
90
90
-405
98
143
-210
105
87
-31
407
80
-294
-203
-120
87
93
-69
2
83
-23
245
-69
-169
-60
-84
-184
-72
174
121
-39
-82
280
-73
-148
104
44
-34
-132
-167
192
153
-67
263
38
-140
-16
-206
19
144
-146
-30
12
-41
71
122
115
-55
-148
62
-179
-190
141
6
28
158
-62
39
341
-141
-430
115
209
-390
-4
240
-94
186
99
-222
106
7
-449
-18
167
-134
13
327
70
-164
168
165
-335
-132
189
35
-29
-46
27
58
5
148
75
-185
-54
-191
-182
291
115
-165
249
75
-204
279
100
-407
-90
138
-117
161
394
-23
-335
-22
176
-52
27
115
-213
-196
296
53
-106
310
48
-358
66
194
-152
-216
67
75
-17
201
90
-236
-82
204
-248
-148
211
83
-225
-37
286
33
-90
-76
-225
-205
142
88
147
153
-132
-17
-15
-218
-134
207
66
-300
52
305
-131
31
165
-78
65
-151
-11
-44
-135
226
-9
-101
361
26
-327
56
8
-93
-65
128
9
-243
145
23
-197
339
278
-208
-269
-38
19
-61
110
118
16
19
67
150
25
-290
-59
87
-46
-48
-32
404
84
-189
149
-17
-150
-51
-179
193
285
-177
20
-159
-84
106
37
254
-16
-424
-1
-55
-144
200
69
317
9
-59
70
-372
6
156
-316
298
212
-392
399
25
-323
301
73
-251
-295
-47
161
-196
94
389
-200
-97
190
-299
-295
171
164
-122
53
370
-94
-207
270
18
-295
93
151
-70
56
-17
-300
45
213
-130
80
134
-212
-43
-3
-108
147
-30
-126
192
-70
-135
298
149
-263
-64
87
-146
12
101
8
-80
161
235
-339
-83
201
-347
-59
266
-115
-16
141
-105
-102
9
147
-17
-4
236
-167
-42
171
6
85
-49
59
313
-137
-150
219
26
-267
-105
274
-42
-154
295
-85
-196
245
-144
-201
174
-93
-101
33
-24
44
47
96
-7
67
25
-153
-23
12
-137
83
114
-107
151
111
-67
-83
-39
-29
-148
-117
101
85
-39
85
86
-49
-113
-39
7
-205
-58
217
-30
19
179
-85
-96
-2
-18
6
-94
-61
94
-4
30
43
-194
136
207
-249
71
172
-213
31
0
-148
172
104
-42
6
11
40
-227
-58
244
-158
-137
297
28
-158
116
95
-146
-52
170
-109
-102
130
42
62
65
19
54
-114
28
-62
-168
273
22
-94
226
-297
31
329
-455
89
278
-306
-41
127
46
55
-116
36
108
-131
-35
17
53
2
-44
131
-4
-15
108
-57
2
44
-57
-29
-31
73
25
-148
148
73
-138
156
-87
-163
71
-55
-10
22
15
130
-31
-41
23
-49
8
-184
9
194
-176
7
157
-174
-55
107
-139
-57
197
-118
-291
317
60
-467
262
172
-368
135
269
-199
18
248
-192
-174
227
-73
-193
266
151
-134
24
58
-77
-68
27
-33
-127
129
52
-150
167
162
-180
-43
41
-92
-33
4
52
91
-15
1
70
-67
-65
-24
81
14
-109
157
63
-191
77
94
-127
103
-29
-52
147
-91
-164
142
138
-133
-5
197
38
-25
149
-84
-167
104
7
-143
64
167
4
-91
14
-13
-80
-55
-8
32
36
-5
64
72
-9
11
67
-60
-18
57
-14
11
-94
32
104
-99
-136
110
25
-89
-80
10
24
-124
-25
24
-1
41
25
-26
84
11
-236
3
103
-194
57
160
-183
56
108
-147
6
24
-107
-47
152
10
-135
209
127
-292
81
109
-90
103
-69
-68
153
8
-134
38
176
-39
-217
104
132
-105
15
-9
-45
73
-100
-70
134
19
-105
3
45
59
-113
-56
225
-95
-129
223
-31
-136
188
2
-133
127
68
-129
2
171
-121
-119
290
-15
-213
148
20
-134
80
39
-47
76
36
-82
73
55
-140
-38
108
-38
-124
116
130
-156
0
61
-245
21
128
-99
47
140
-22
-159
-28
145
-104
-29
178
-189
-19
200
-192
-20
135
-158
47
94
-131
41
98
-94
-59
45
51
-44
-50
83
-27
-106
117
14
-89
62
20
-82
-40
83
1
-84
106
143
-170
55
124
-189
-22
130
-11
-68
92
-1
-79
113
50
-165
73
81
-168
58
168
-78
-147
40
54
-70
41
32
-85
71
-58
-155
119
50
-102
40
-11
-63
90
60
-48
-67
57
63
-87
-13
119
10
-77
24
-8
8
86
-88
-71
130
-7
-76
82
14
-65
46
22
16
53
-52
-23
73
-61
-55
110
-20
-91
35
15
-21
-31
-5
60
2
8
-9
-32
90
22
-201
59
194
-63
-96
95
70
-84
1
-74
4
78
-107
-23
115
5
3
-52
-29
69
-139
-29
109
-12
55
18
-47
32
-11
-44
-39
-30
-33
-14
32
9
87
43
-131
29
63
-129
16
47
-19
4
-1
26
57
42
-36
-104
9
-40
-100
48
-23
40
70
-48
-7
45
-11
-15
-46
-1
16
-63
30
94
-62
-19
122
-20
-58
72
-41
-137
49
24
-79
99
137
-98
-11
116
-66
-67
15
-22
22
-51
-24
148
48
-15
67
37
-40
-72
23
34
-66
41
91
18
-5
16
34
-82
-14
73
-91
-25
45
-1
46
-51
54
130
-92
-44
21
-83
-18
-43
62
44
-57
78
-60
-21
96
-111
-64
7
-49
86
-63
12
175
-71
-59
74
-7
-31
24
-24
-111
19
88
-88
79
104
-133
25
15
-175
-17
126
-57
-110
121
109
-156
47
107
-177
28
51
-152
26
105
-74
1
63
-2
-11
-12
-106
-20
112
-84
-61
123
26
-56
37
46
-9
-44
29
-59
-97
104
29
-48
60
41
5
42
-35
-47
16
-14
-41
0
82
30
2
27
7
-11
-52
-4
32
-27
-40
28
109
22
-73
57
6
-93
25
-7
88
149
-89
-68
27
4
30
-34
37
99
-38
-45
-20
-38
68
-2
-112
31
33
28
20
-50
11
42
-35
-13
55
9
-19
-19
5
25
-2
-31
-27
82
13
-101
-7
31
5
-37
-56
52
46
-65
21
28
8
-30
-91
59
-12
-119
89
-6
-104
73
2
-73
38
8
-119
-14
41
-41
4
29
-11
5
-6
-4
-31
-70
61
0
-59
94
-26
-25
93
-23
-44
30
32
16
-15
34
32
-22
47
36
-23
-32
-16
3
33
4
-14
33
-6
-60
29
5
-12
81
-49
-82
66
-19
-39
55
47
15
-49
-5
5
-43
11
29
33
90
-13
-42
41
-34
-24
8
-12
37
12
-19
23
36
0
-4
-16
15
19
-61
-12
39
-11
16
20
17
77
-14
-82
-13
-32
-33
39
54
36
40
31
-18
-30
-21
-32
2
-5
-37
4
22
60
9
-7
32
-53
-57
14
-52
-43
18
11
11
-17
42
30
-67
-38
-33
-61
-8
-41
-39
32
20
52
39
-23
-12
-37
-72
-38
-14
-6
30
62
66
42
19
-5
-31
-39
-28
-26
-24
14
40
25
33
6
7
21
-53
-53
-18
-73
-26
64
29
59
75
-3
-1
-13
-59
-41
-16
28
10
22
85
17
-20
51
17
-29
-39
-18
12
-50
-16
65
53
34
43
38
7
-41
-52
-15
-13
-17
47
60
26
49
30
-22
-9
-12
-47
-44
-15
35
41
-7
35
41
-3
2
-16
-19
-52
-58
-14
-2
32
23
2
46
20
-57
-38
-23
-34
-32
-30
9
38
40
-10
-4
16
-51
-54
-23
-52
-39
3
14
-2
16
50
11
-13
-5
-35
-44
-29
-31
-8
30
45
39
49
26
-30
-34
-46
-65
-19
24
33
42
53
29
-13
-7
-10
-38
-18
-12
-15
12
30
41
26
7
29
25
-10
-7
-21
-22
6
9
32
49
36
23
30
19
-27
-38
-17
-24
7
50
27
45
43
-13
-18
-18
-41
-21
4
0
-3
15
13
-10
22
13
-46
-26
11
3
-11
-3
14
7
-8
20
10
-9
1
-1
0
-1
-7
-2
-2
-23
-24
12
15
-12
-2
-19
-34
6
-9
-31
-12
-2
-3
1
16
16
-10
-20
-16
-31
-10
4
-2
19
20
2
-10
-8
-11
-11
12
9
2
5
7
10
20
18
-8
-9
-7
-13
-2
10
-5
-10
5
-10
-16
6
-2
-10
9
1
-29
-12
15
-17
-20
22
10
-11
10
15
12
17
-3
4
11
-4
13
33
35
31
22
3
-8
-7
-9
5
8
11
8
-9
0
7
-9
-11
-10
-18
-11
-15
-9
11
15
-4
-7
8
2
-14
-5
6
-2
0
3
0
5
19
23
12
16
17
10
6
0
7
21
14
10
9
2
2
-11
-22
-18
-15
-13
-4
-11
-19
-22
-39
-37
-23
-25
-25
-6
-9
-16
-20
-19
-1
4
-2
-4
1
5
7
11
20
15
6
3
2
7
12
12
11
5
4
2
6
4
-2
-7
0
2
-9
-7
-5
-9
-6
-2
3
-4
-7
-3
0
6
-5
-8
14
16
11
18
20
21
11
10
14
8
10
18
12
7
11
14
9
4
3
-5
-8
-6
0
3
3
11
11
1
-14
-16
-14
-15
-16
-7
7
12
12
8
-8
-9
-3
-6
-3
0
-2
-3
-1
2
4
-1
-1
-3
-7
-7
-14
-6
0
0
10
18
15
5
-3
-6
-17
-30
-23
-16
-12
-6
-3
-1
-7
-22
-30
-25
-26
-28
-12
-4
0
12
2
-10
-5
-7
-10
-4
1
9
18
20
25
25
18
11
6
6
8
