-5
-6
-6
-12
-1
-4
-14
-10
-17
-14
-7
-16
-5
6
1
4
1
0
13
6
7
10
-2
10
9
14
29
15
10
19
24
20
-1
-10
-6
-12
-15
-13
-19
-15
-14
-24
-18
-15
-11
-12
-15
-5
-2
-3
3
-1
2
1
-1
-2
1
10
2
1
9
7
9
7
3
3
-2
-2
-4
-3
4
1
3
-3
6
10
-5
-1
-4
1
26
2
-1
17
-2
1
-13
-12
26
15
-6
-22
-10
38
9
-18
9
-8
-18
-5
20
58
9
-29
-3
3
1
-21
-16
43
2
-69
-28
-35
-36
-28
-75
-56
-41
-47
-14
-62
-96
-8
-15
20
66
-12
53
70
69
131
18
43
146
102
175
146
69
157
45
-68
-18
-34
-4
-8
-153
-71
-65
-98
50
-86
-97
-148
-306
-156
-120
-222
-284
-230
-2
104
65
140
169
157
241
194
179
304
242
222
170
170
230
57
49
52
-55
-10
-24
-46
-20
-66
-161
-255
-165
-206
-306
-225
-194
-132
-83
-73
37
73
24
83
104
57
58
51
56
81
-2
-65
113
92
-22
76
-47
-25
53
-72
-23
-49
-32
1
-135
-2
-4
-107
59
26
1
90
33
30
-43
-94
110
49
-62
78
97
-40
-18
21
-49
0
-49
-33
-31
-110
-15
-74
-212
0
-114
-239
18
-8
83
127
-4
97
87
99
145
95
163
12
25
121
115
109
-40
36
97
3
76
-3
-133
-28
-80
-146
-13
-39
-71
-6
-143
-53
64
-30
26
13
-79
18
35
-66
59
87
-87
74
82
89
220
-12
64
98
-17
52
-27
5
70
-62
-79
-73
-145
-89
-39
-98
-63
-83
-165
-28
-32
-94
-12
-46
52
85
3
15
43
59
-4
71
166
100
86
17
25
127
-15
16
-1
-121
25
-63
-116
-12
-73
-62
-81
-79
25
-30
-52
-10
-25
16
6
-2
17
38
118
38
-6
40
-16
19
-9
-38
30
46
40
7
23
49
24
18
-2
4
-25
-70
2
-7
-35
-36
-54
15
39
-68
-73
-49
-7
73
-2
-26
41
3
9
58
31
42
37
15
-14
20
32
-29
8
-7
1
-39
-105
-3
-3
-29
-5
-35
-23
-2
-28
0
76
48
18
46
47
52
24
-20
-2
5
-13
11
20
15
11
-39
-20
37
-6
-65
-45
12
14
-21
-23
11
10
-5
24
53
37
10
11
42
62
1
-61
-54
-47
-31
-30
-46
4
34
19
-14
-28
8
-24
-35
13
42
28
-12
-2
13
32
3
-42
-16
-6
-19
17
33
33
42
28
13
-28
-34
9
22
-6
-33
-29
7
13
-11
-27
-15
38
2
-18
24
4
-30
-82
-57
35
55
23
-10
23
48
-11
-37
-11
-33
-76
-58
-30
14
39
22
28
43
21
9
-15
-20
3
12
44
18
-14
4
10
-27
-49
-18
-18
-47
-27
20
37
22
-23
-28
-8
-44
-26
-7
-56
-42
-1
64
112
79
83
70
19
-4
-17
1
20
22
19
49
85
81
66
26
-11
12
-5
-2
19
5
23
30
55
63
32
7
13
10
-8
-27
-47
-39
-18
1
2
7
-10
-21
-24
-53
-49
-15
13
-10
-52
-20
-5
-80
-75
-27
-22
-79
-117
-69
-49
-43
-41
-52
-42
-71
-91
-68
-95
-134
-181
-183
-110
-45
-46
-116
-135
-120
-111
-95
-88
-67
-79
-89
-42
25
95
87
-12
-44
21
69
77
80
112
136
140
153
183
234
226
140
131
193
225
190
166
208
204
164
163
201
217
169
106
141
196
186
163
174
207
191
143
153
184
175
132
103
119
141
125
95
68
4
-5
-13
-43
-46
-90
-115
-104
-151
-187
-196
-188
-172
-222
-244
-209
-190
-201
-214
-178
-139
-141
-150
-138
-71
-53
-95
-92
-61
-153
-409
-594
-581
-516
-637
-855
-821
-750
-830
-980
-1049
-891
-823
-957
-961
-796
-644
-606
-529
-330
-234
-261
-227
34
348
466
512
648
824
942
1022
1111
1181
1183
1131
1126
1169
1144
1102
1055
950
848
806
818
741
572
450
421
417
374
347
357
343
295
290
347
410
427
396
387
416
415
417
444
426
348
268
215
201
183
112
15
-67
-162
-240
-285
-293
-320
-398
-410
-429
-466
-488
-558
-557
-485
-447
-427
-423
-358
-361
-471
-523
-522
-374
-326
-361
-322
-379
-461
-526
-476
-551
-1129
-1657
-1807
-1808
-1881
-2195
-2271
-2109
-2186
-2283
-2170
-1836
-1658
-1737
-1597
-1270
-819
-490
-243
149
411
632
942
1139
1348
1605
1734
1761
1737
1837
1981
1955
1781
1546
1480
1435
1215
1065
987
905
793
636
604
633
583
448
353
407
491
540
576
709
901
977
1022
1135
1251
1309
1280
1243
1208
1150
1070
893
729
664
530
357
192
43
-22
-90
-249
-390
-465
-526
-577
-601
-527
-448
-405
-387
-302
-210
-167
-136
-120
-79
-40
-54
14
66
-43
-194
-275
-266
-450
-668
-800
-932
-997
-1193
-1316
-1281
-1358
-1435
-1931
-2949
-3511
-3502
-3215
-2996
-3253
-3274
-2839
-2505
-2312
-2207
-1872
-1386
-1278
-1137
-519
386
1020
1121
1214
1496
1803
2050
2161
2320
2487
2488
2391
2362
2412
2303
1952
1487
1062
834
669
388
134
19
-4
-47
-83
-86
-14
54
-24
-54
160
489
795
949
1017
1197
1342
1403
1580
1764
1814
1805
1777
1754
1670
1474
1268
1098
864
621
511
397
205
10
-182
-335
-468
-561
-590
-584
-458
-317
-276
-229
-230
-267
-203
-66
32
111
162
99
91
82
-65
-143
-279
-457
-547
-737
-893
-1100
-1287
-1350
-1456
-1564
-1600
-1601
-2440
-3941
-4642
-4452
-3699
-3433
-3924
-3717
-3250
-3041
-2843
-2389
-1548
-1385
-1734
-1423
-226
1197
1554
1427
1718
2018
2303
2527
2948
3387
3217
2922
2963
3114
3121
2701
2329
1959
1231
614
212
-32
-331
-795
-1016
-1094
-1118
-1080
-1054
-931
-970
-1014
-713
-184
371
650
837
1133
1335
1569
1899
2222
2419
2512
2522
2470
2466
2408
2229
2008
1738
1504
1338
1093
835
476
71
-298
-655
-796
-782
-715
-673
-735
-778
-802
-764
-702
-670
-450
-340
-284
47
159
184
191
13
1
-15
-139
-237
-370
-442
-559
-697
-813
-1119
-1187
-1243
-1431
-1931
-3255
-4439
-4835
-4425
-3555
-3448
-3871
-4079
-3956
-3278
-2719
-2515
-2469
-2444
-1934
-1108
-92
788
1172
1521
1678
1759
2196
2724
3286
3650
3603
3487
3495
3664
3692
3428
2951
2183
1588
1308
1048
763
326
-153
-505
-802
-1009
-1252
-1552
-1819
-2032
-1920
-1524
-1048
-612
-368
-188
-8
331
823
1265
1661
1909
2108
2332
2467
2599
2613
2510
2485
2446
2441
2340
2042
1756
1371
913
466
130
-19
-144
-277
-455
-695
-951
-1155
-1179
-1177
-1199
-1094
-879
-676
-674
-743
-612
-477
-447
-473
-570
-484
-355
-365
-407
-497
-555
-633
-799
-899
-983
-1044
-986
-1087
-1575
-2364
-3064
-3158
-2717
-2370
-2506
-2832
-2859
-2472
-2027
-1949
-2136
-2305
-2272
-2033
-1628
-994
-325
111
275
321
455
747
1091
1408
1704
1952
2229
2638
3042
3236
3161
2822
2437
2222
2140
2145
2198
2104
1783
1418
1152
976
744
376
-46
-357
-489
-557
-611
-677
-720
-764
-730
-547
-290
-9
190
359
574
698
766
847
902
989
1054
1032
919
780
724
738
728
593
483
391
300
323
285
235
172
-6
-182
-336
-479
-604
-649
-608
-523
-470
-561
-618
-586
-592
-624
-757
-949
-992
-934
-855
-770
-755
-788
-784
-756
-747
-774
-757
-704
-642
-489
-380
-321
-261
-215
-158
-79
-44
-49
-75
-158
-206
-214
-259
-256
-227
-232
-237
-280
-276
-269
-350
-468
-595
-634
-625
-593
-510
-477
-450
-403
-409
-351
-287
-318
-292
-233
-156
-72
34
190
365
463
453
371
329
376
378
364
385
442
539
604
668
683
600
544
515
560
621
694
768
804
867
886
905
943
915
860
840
861
883
903
923
933
920
862
772
730
723
654
565
495
372
283
251
239
249
178
84
11
-93
-209
-266
-289
-335
-377
-391
-416
-463
-495
-549
-594
-587
-612
-635
-614
-605
-603
-582
-576
-608
-603
-569
-529
-521
-518
-520
-546
-502
-456
-447
-449
-469
-505
-521
-517
-543
-541
-511
-517
-575
-599
-616
-671
-703
-738
-726
-702
-701
-683
-704
-723
-719
-703
-639
-511
-359
-260
-246
-217
-194
-189
-128
-36
54
131
224
308
389
422
408
420
448
542
635
633
663
738
787
824
831
870
911
922
912
931
967
971
979
979
1037
1041
987
949
885
848
781
727
703
640
625
639
585
536
465
392
351
277
220
204
201
172
150
114
53
-22
-98
-161
-192
-193
-258
-291
-286
-322
-360
-400
-439
-478
-556
-598
-589
-602
-590
-588
-590
-585
-586
-582
-586
-593
-569
-544
-554
-547
-507
-405
-341
-341
-309
-327
-388
-413
-395
-351
-328
-377
-426
-414
-400
-421
-490
-564
-604
-628
-681
-733
-723
-676
-657
-660
-639
-592
-533
-478
-437
-403
-324
-230
-164
-80
0
38
98
184
243
269
267
160
-2
121
499
840
896
765
871
1117
1211
1087
873
811
862
862
874
950
1013
1001
954
926
875
833
823
758
712
712
730
790
774
665
593
467
141
-92
63
468
531
53
-230
71
448
361
-109
-380
-357
-306
-307
-370
-350
-296
-333
-393
-416
-468
-499
-459
-414
-420
-472
-526
-729
-845
-571
-137
1
-393
-688
-378
69
83
-285
-431
-242
8
117
71
101
131
121
29
-243
-532
-696
-594
-393
-415
-567
-658
-616
-608
-837
-1136
-1279
-1330
-1403
-1531
-1534
-1204
-902
-860
-1000
-1144
-1058
-938
-827
-626
-301
97
269
297
503
845
1150
1243
1137
1123
1288
1522
1707
1829
1803
1586
1452
1427
1386
1345
1317
1224
1061
842
621
609
688
550
307
182
191
215
44
-129
-93
-101
-304
-450
-358
-180
-149
-318
-347
-231
-254
-323
-347
-269
-231
-334
-264
-58
15
152
214
129
128
-4
-121
17
264
447
293
52
237
538
441
130
68
216
272
107
-3
71
150
-20
-281
-343
-343
-300
-291
-253
-168
-253
-323
-290
-192
-86
-190
-164
7
23
6
-148
-496
-898
-1378
-1643
-1508
-1274
-1222
-1432
-1695
-1794
-1802
-1895
-2097
-2170
-2020
-1920
-1832
-1587
-1143
-696
-565
-587
-517
-162
370
791
1177
1581
1879
2062
2152
2327
2648
2791
2703
2575
2517
2523
2479
2353
2221
1990
1643
1299
1036
835
560
228
-51
-341
-654
-958
-1186
-1250
-1316
-1518
-1725
-1780
-1649
-1412
-1227
-1098
-1007
-907
-758
-509
-143
154
389
584
715
833
975
1140
1231
1228
1262
1381
1535
1620
1600
1497
1238
963
778
646
515
386
278
105
-110
-290
-426
-608
-765
-761
-789
-866
-886
-841
-714
-674
-754
-692
-584
-490
-396
-371
-249
-150
-137
-54
-16
-17
-137
-652
-1241
-1546
-1525
-1411
-1529
-1753
-1847
-2007
-2225
-2463
-2534
-2230
-2084
-2185
-2181
-1956
-1472
-1109
-1052
-877
-557
-189
154
546
1142
1619
1804
1859
2004
2358
2694
2931
3097
3027
2868
2755
2625
2572
2444
2269
2164
1893
1470
1064
829
704
328
-191
-467
-597
-721
-944
-1153
-1238
-1450
-1918
-2348
-2284
-1807
-1358
-1200
-1257
-1166
-930
-691
-325
146
632
903
881
951
1202
1476
1607
1548
1600
1800
1971
2106
2099
1980
1746
1390
1177
1142
1086
1001
742
373
20
-391
-651
-804
-879
-901
-1070
-1203
-1191
-1120
-1054
-1105
-1085
-999
-918
-800
-666
-618
-567
-417
-216
-214
-477
-1000
-1529
-1825
-1925
-1674
-1403
-1508
-1951
-2495
-2649
-2349
-2262
-2361
-2484
-2381
-2107
-2045
-1880
-1356
-855
-656
-802
-655
91
818
1206
1335
1546
1914
2112
2223
2543
3011
3290
3067
2698
2548
2586
2686
2656
2459
2251
2000
1666
1335
1002
677
388
65
-227
-474
-607
-660
-849
-1326
-1914
-2275
-2209
-1853
-1506
-1296
-1249
-1318
-1307
-1097
-604
-26
418
630
705
896
1138
1362
1501
1575
1682
1865
2102
2387
2549
2512
2237
1884
1672
1646
1695
1701
1491
1049
514
9
-307
-410
-501
-673
-892
-1095
-1166
-1253
-1308
-1269
-1316
-1360
-1424
-1485
-1285
-1040
-827
-701
-905
-1289
-1877
-2295
-2283
-2166
-2037
-2191
-2456
-2437
-2529
-2635
-2611
-2544
-2294
-2340
-2497
-2232
-1773
-1341
-1150
-1091
-722
-266
129
472
869
1339
1581
1669
1918
2303
2714
3027
3074
3005
2822
2718
2669
2652
2610
2430
2225
1975
1658
1338
1104
887
585
156
-177
-321
-421
-677
-1135
-1424
-1602
-1968
-2109
-1910
-1442
-1035
-1283
-1545
-1334
-890
-324
8
327
782
894
847
995
1432
1820
1817
1755
1884
2183
2451
2469
2494
2508
2322
2057
1864
1850
1769
1407
1034
661
335
110
-132
-306
-512
-780
-1041
-1184
-1184
-1170
-1233
-1318
-1380
-1387
-1426
-1339
-1158
-1037
-1201
-1651
-2008
-2342
-2764
-3047
-2851
-2300
-2112
-2650
-3347
-3524
-3097
-2749
-2714
-2660
-2328
-2018
-2083
-2130
-1664
-856
-266
-170
-109
462
1169
1566
1691
1884
2229
2607
2870
3177
3467
3495
3208
2847
2666
2644
2779
2859
2645
2147
1602
1219
1015
716
431
160
-86
-386
-858
-1182
-1470
-1749
-1944
-2231
-2196
-1877
-1682
-1516
-1557
-1569
-1326
-940
-314
270
615
790
802
953
1278
1667
2005
2107
2176
2236
2258
2407
2593
2751
2768
2571
2375
2172
1978
1712
1362
1088
802
466
195
-83
-310
-558
-862
-964
-1056
-1109
-1200
-1338
-1382
-1387
-1354
-1327
-1358
-1197
-1303
-1629
-2025
-2550
-2794
-3112
-3200
-2897
-2585
-2512
-3169
-3862
-3760
-3259
-2651
-2582
-2696
-2492
-2428
-2342
-1951
-1142
-241
32
-8
247
836
1459
1734
2018
2463
2851
3143
3353
3570
3607
3316
2982
2895
2969
3138
3056
2715
2216
1624
1203
1037
970
640
184
-250
-599
-959
-1268
-1632
-1916
-2006
-2204
-2257
-1905
-1693
-1720
-1828
-1792
-1272
-798
-395
-13
240
512
674
903
1321
1702
2008
2043
2049
2290
2557
2784
2870
2889
2914
2744
2533
2409
2265
2080
1724
1302
1055
687
309
15
-284
-421
-683
-851
-917
-1173
-1405
-1491
-1509
-1411
-1522
-1617
-1520
-1288
-1266
-1892
-2678
-3128
-2948
-2819
-2942
-2996
-2988
-3080
-3494
-3840
-3534
-3002
-2689
-2789
-2901
-2608
-2348
-2133
-1748
-1123
-429
-8
214
585
1014
1384
1625
2016
2560
3044
3289
3460
3591
3466
3228
3160
3352
3361
3068
2625
2348
2170
1813
1422
1170
980
549
-25
-464
-710
-1067
-1493
-1749
-1772
-1864
-2248
-2361
-2020
-1714
-1689
-1821
-1729
-1216
-785
-545
-273
142
541
709
900
1301
1694
1853
1890
2160
2518
2740
2798
2800
2844
2874
2793
2720
2627
2383
2039
1646
1315
1100
877
586
248
-102
-301
-565
-858
-1013
-1096
-1290
-1410
-1464
-1470
-1525
-1648
-1541
-1349
-1595
-2307
-3033
-3195
-2806
-2619
-2821
-3352
-3642
-3549
-3394
-3237
-3193
-3146
-3049
-3040
-2868
-2538
-2228
-1798
-1488
-1191
-774
-216
388
734
929
1204
1738
2332
2739
2903
3101
3315
3389
3317
3266
3472
3561
3260
2715
2449
2495
2465
2071
1507
1118
914
571
28
-358
-629
-841
-1361
-1954
-1958
-1762
-1686
-1917
-2179
-1986
-1790
-1653
-1481
-1281
-858
-618
-426
-35
417
784
798
910
1354
1778
2117
2279
2383
2612
2687
2722
2853
2977
2945
2774
2523
2327
2079
1836
1578
1164
892
647
380
146
-117
-483
-719
-967
-1135
-1165
-1301
-1417
-1502
-1670
-1577
-1462
-1679
-2142
-2984
-3419
-3226
-2804
-2475
-2900
-3822
-4340
-4109
-3274
-2793
-2961
-3249
-3426
-3269
-2903
-2483
-1846
-1319
-1240
-1252
-859
51
800
966
952
1332
2048
2653
2931
3052
3127
3200
3217
3345
3728
3833
3525
2935
2484
2454
2587
2552
2129
1502
936
506
255
45
-235
-542
-927
-1354
-1746
-1832
-1683
-1643
-1774
-1905
-1787
-1607
-1603
-1576
-1326
-872
-423
-155
40
272
416
546
824
1315
1818
2002
2068
2138
2244
2420
2606
2698
2720
2586
2403
2245
2140
1980
1734
1493
1144
936
740
427
125
-136
-264
-370
-620
-796
-981
-1064
-1220
-1360
-1320
-1234
-1236
-1889
-2883
-3351
-3195
-2649
-2347
-2840
-3579
-4423
-4588
-3749
-2864
-2648
-3307
-4033
-3821
-3092
-2520
-2146
-1875
-1498
-1403
-1278
-502
459
1008
895
861
1661
2638
3060
2967
2909
3149
3306
3458
3797
3980
3728
3084
2629
2762
3009
2878
2336
1650
1120
642
325
300
300
-118
-868
-1461
-1588
-1423
-1434
-1666
-1858
-1928
-1856
-1748
-1670
-1521
-1394
-1202
-855
-397
-37
36
32
247
700
1263
1649
1772
1813
1828
1956
2310
2668
2826
2719
2449
2243
2234
2258
2157
1918
1573
1243
980
790
634
366
-16
-237
-390
-555
-631
-841
-958
-1080
-1281
-1236
-1179
-1236
-1725
-2589
-3191
-3320
-2850
-2271
-2429
-3310
-4384
-4610
-3886
-3171
-2844
-3051
-3546
-3795
-3700
-3158
-2261
-1612
-1556
-1701
-1471
-748
38
469
675
1052
1682
2304
2743
2976
3012
3043
3184
3540
3984
4146
3913
3382
2950
2861
3057
3132
2758
2095
1393
830
603
598
476
77
-516
-1192
-1572
-1502
-1366
-1422
-1733
-2025
-1996
-1881
-1861
-1859
-1741
-1465
-1131
-728
-389
-279
-307
-213
237
913
1413
1613
1573
1528
1727
2104
2490
2712
2681
2470
2307
2248
2327
2406
2259
1920
1567
1312
1084
899
650
434
144
-81
-260
-467
-639
-837
-979
-1050
-1060
-1146
-1490
-2165
-2879
-3416
-3362
-2756
-2304
-2720
-3894
-4835
-4706
-3769
-2967
-2951
-3536
-3970
-3924
-3470
-2831
-2202
-1797
-1715
-1718
-1288
-537
163
530
730
1170
1873
2580
2904
2957
2870
3053
3521
3961
4142
3983
3561
3141
3009
3123
3297
3158
2607
1775
1087
789
843
885
541
-152
-851
-1188
-1219
-1145
-1141
-1347
-1641
-1866
-1906
-1782
-1716
-1755
-1641
-1344
-945
-613
-548
-557
-457
-113
422
925
1227
1276
1181
1289
1623
2085
2409
2427
2253
2059
2095
2258
2358
2267
2003
1725
1541
1331
1190
987
748
479
223
105
-61
-350
-510
-685
-818
-892
-1037
-1032
-1512
-2224
-2873
-3403
-3109
-2430
-2341
-3095
-4399
-4975
-4406
-3425
-2895
-3381
-4066
-4214
-3912
-3388
-2839
-2254
-1914
-2018
-1909
-1269
-407
218
393
567
1286
2155
2674
2772
2722
2945
3354
3875
4244
4256
3969
3534
3234
3305
3592
3615
3151
2346
1573
1232
1291
1261
910
213
-408
-760
-976
-1007
-1104
-1334
-1580
-1815
-1889
-1821
-1762
-1789
-1844
-1639
-1181
-854
-739
-738
-640
-318
133
604
961
1064
1029
1083
1418
1906
2200
2281
2179
2073
2085
2160
2278
2248
2138
1903
1628
1456
1332
1187
934
676
373
211
58
-130
-361
-574
-639
-732
-834
-982
-1458
-1948
-2637
-3389
-3277
-2540
-2054
-2813
-4582
-5547
-4711
-3070
-2458
-3626
-4891
-4738
-3686
-3039
-3039
-2944
-2349
-1925
-1994
-1639
-700
276
348
79
788
2189
3072
2805
2279
2517
3510
4210
4261
3986
3770
3621
3504
3566
3727
3701
3279
2514
1799
1606
1690
1629
1105
333
-190
-428
-570
-791
-1045
-1188
-1323
-1545
-1771
-1859
-1840
-1869
-1958
-1703
-1236
-986
-968
-1073
-941
-415
19
272
477
634
805
971
1286
1730
2056
2114
2008
1918
2056
2265
2383
2356
2138
1936
1759
1582
1492
1351
1145
901
612
438
210
8
-167
-375
-532
-616
-740
-925
-1307
-1775
-2183
-3015
-3447
-2963
-2146
-2263
-3911
-5462
-5279
-3612
-2367
-3083
-4630
-5033
-4186
-3296
-3077
-3025
-2599
-2196
-2177
-1966
-1141
-166
222
75
414
1588
2588
2739
2299
2264
3024
3903
4317
4146
3855
3613
3486
3566
3798
3869
3487
2797
2053
1824
1928
1866
1420
666
105
-117
-310
-514
-756
-962
-1090
-1336
-1593
-1732
-1710
-1682
-1797
-1739
-1426
-1151
-1053
-1143
-1072
-640
-209
39
257
471
614
773
1021
1386
1739
1922
1886
1769
1843
2050
2230
2267
2191
1977
1769
1653
1595
1470
1366
1144
811
497
280
198
36
-152
-401
-556
-565
-688
-1043
-1564
-1972
-2566
-3237
-3119
-2372
-1967
-3113
-4919
-5294
-4044
-2824
-3063
-4228
-4608
-4091
-3771
-3761
-3365
-2377
-1946
-2439
-2552
-1565
-332
39
-250
99
1388
2265
2266
2076
2356
3001
3450
3753
4026
4064
3681
3262
3295
3729
3935
3572
2924
2350
2018
1918
1880
1648
1111
473
0
-201
-363
-540
-686
-885
-1094
-1341
-1573
-1583
-1550
-1589
-1497
-1299
-1120
-1031
-1048
-960
-647
-298
-31
137
336
484
554
763
1150
1532
1774
1787
1630
1626
1815
2007
2100
2060
1930
1746
1516
1375
1416
1492
1285
925
584
317
257
140
72
-105
-375
-443
-591
-846
-1275
-1681
-2198
-2985
-3087
-2453
-2019
-2714
-4482
-5308
-4336
-2963
-2803
-3983
-4814
-4468
-3820
-3642
-3532
-2912
-2275
-2312
-2578
-2066
-871
-136
-203
-127
835
1914
2249
2038
2071
2691
3312
3747
3983
3980
3718
3344
3379
3842
4077
3698
2994
2466
2205
2105
2037
1738
1256
748
309
12
-258
-439
-556
-706
-837
-1078
-1356
-1562
-1632
-1550
-1426
-1265
-1138
-1146
-1146
-1065
-802
-364
-41
114
218
307
510
799
1086
1349
1550
1625
1533
1496
1667
1880
1965
1980
1853
1656
1501
1364
1297
1333
1242
983
670
343
234
126
-14
-73
-249
-406
-667
-929
-1159
-1449
-1864
-2697
-3044
-2530
-1933
-2310
-4034
-5171
-4376
-2755
-2240
-3605
-4958
-4641
-3471
-2974
-3375
-3348
-2552
-2100
-2293
-2196
-1249
-285
-158
-367
291
1588
2189
1958
1747
2273
3163
3679
3716
3490
3332
3239
3312
3661
3959
3717
2944
2351
2250
2322
2177
1861
1466
1000
555
195
-9
-172
-367
-562
-750
-934
-1115
-1354
-1455
-1378
-1331
-1257
-1176
-1127
-1059
-1046
-908
-500
-156
-43
-48
23
298
591
897
1189
1416
1557
1459
1330
1471
1729
1897
1904
1758
1618
1471
1328
1296
1355
1289
1083
731
466
368
247
142
-23
-138
-107
-350
-739
-1141
-1464
-1840
-2587
-2754
-2209
-1755
-2486
-4319
-5080
-3884
-2301
-2312
-4034
-5100
-4311
-3069
-2864
-3443
-3294
-2368
-2015
-2355
-2130
-1076
-229
-291
-482
433
1709
2019
1566
1513
2288
3164
3531
3427
3222
3032
2965
3292
3705
3769
3257
2526
2326
2362
2293
2083
1705
1293
837
455
318
150
-100
-313
-482
-549
-706
-1090
-1332
-1215
-1073
-1037
-1083
-1113
-1059
-1069
-1010
-738
-344
-94
-168
-211
12
347
580
730
951
1221
1301
1234
1152
1284
1608
1804
1761
1633
1491
1334
1249
1300
1424
1370
1107
692
503
485
372
189
29
40
-30
-338
-874
-1335
-1613
-2210
-2583
-2278
-1777
-2018
-3655
-4914
-4293
-2687
-2035
-3395
-4884
-4608
-3399
-2855
-3296
-3410
-2599
-2044
-2283
-2302
-1436
-476
-262
-478
65
1272
1847
1551
1367
1979
2875
3395
3419
3157
2915
2773
3041
3622
3828
3350
2557
2243
2286
2277
2086
1741
1394
958
524
325
138
-73
-238
-362
-371
-560
-955
-1286
-1312
-1060
-894
-910
-1015
-1068
-1038
-980
-734
-336
-85
-117
-241
-116
252
546
685
827
1087
1310
1286
1115
1163
1454
1732
1749
1542
1403
1317
1208
1166
1225
1329
1117
703
455
407
467
327
69
-52
-94
-151
-624
-1164
-1535
-2199
-2421
-2088
-1670
-2040
-3661
-4648
-3879
-2474
-2165
-3569
-4674
-4055
-2989
-2888
-3511
-3349
-2322
-1897
-2307
-2272
-1331
-401
-413
-654
185
1415
1742
1328
1248
1975
2917
3298
3169
3003
2782
2709
3107
3566
3652
3082
2414
2295
2255
2114
1848
1551
1327
938
543
352
90
-259
-477
-457
-288
-445
-957
-1305
-1298
-1090
-955
-947
-924
-926
-984
-1002
-733
-279
-72
-113
-125
56
393
575
617
795
1145
1413
1323
1147
1224
1435
1594
1618
1557
1505
1397
1155
1124
1286
1279
1040
630
426
419
302
161
102
-32
-78
-377
-952
-1456
-2197
-2518
-2044
-1389
-1684
-3377
-4588
-3925
-2469
-2083
-3410
-4561
-3976
-2877
-2853
-3490
-3367
-2377
-1867
-2250
-2249
-1340
-506
-513
-734
36
1456
1854
1312
1089
1750
2747
3183
3129
3010
2869
2728
2832
3203
3521
3232
2594
2229
2129
2069
1833
1516
1242
930
627
409
91
-248
-476
-587
-507
-532
-856
-1226
-1300
-1198
-1142
-1131
-1049
-894
-885
-979
-906
-492
-70
-19
-130
-67
290
612
710
795
1046
1355
1394
1236
1212
1441
1628
1607
1520
1485
1486
1269
1115
1208
1239
1030
652
428
508
441
157
-10
-87
8
-375
-1050
-1692
-2350
-2269
-1713
-1337
-1974
-3649
-4362
-3410
-2198
-2214
-3609
-4365
-3570
-2656
-2786
-3400
-3139
-2129
-1836
-2267
-2093
-1078
-314
-496
-698
213
1506
1708
1112
1031
1929
2862
3100
2844
2770
2847
2710
2795
3067
3322
3098
2480
2125
2024
1962
1752
1457
1216
885
495
230
25
-145
-335
-527
-623
-732
-939
-1120
-1208
-1203
-1152
-1110
-1030
-953
-959
-991
-855
-441
-117
-68
-138
-83
231
555
719
893
1121
1255
1233
1155
1297
1541
1644
1575
1543
1526
1469
1321
1202
1241
1268
1139
793
546
472
332
225
135
-45
-84
-533
-1093
-1703
-2403
-2277
-1701
-1392
-2187
-3764
-4192
-3248
-2338
-2562
-3702
-4026
-3226
-2779
-3184
-3413
-2710
-1794
-1825
-2301
-1938
-931
-420
-602
-449
589
1563
1494
1053
1282
2207
2939
3024
2786
2728
2830
2814
2835
2968
3076
2891
2534
2212
1978
1809
1561
1307
1129
899
574
155
-287
-476
-449
-406
-538
-847
-1141
-1314
-1302
-1232
-1198
-1132
-1057
-1012
-1013
-1007
-776
-402
-146
-109
-133
73
334
544
760
990
1278
1408
1350
1312
1379
1603
1730
1683
1701
1656
1551
1348
1241
1354
1373
1126
743
570
519
352
100
2
22
19
-397
-1053
-1574
-2189
-2389
-2009
-1603
-1941
-3211
-4076
-3655
-2759
-2563
-3309
-3823
-3429
-3028
-3213
-3342
-2774
-1979
-1865
-2217
-1963
-1126
-610
-635
-483
374
1322
1407
1107
1284
1942
2571
2824
2897
2934
2963
2801
2755
2925
3092
3049
2744
2313
1894
1690
1663
1659
1347
771
424
290
55
-255
-551
-591
-573
-791
-1116
-1361
-1388
-1347
-1386
-1289
-1083
-1013
-1103
-1169
-975
-529
-231
-210
-196
-12
271
516
718
960
1220
1297
1257
1291
1483
1652
1672
1684
1806
1813
1663
1475
1378
1444
1402
1195
920
732
619
461
265
97
63
-27
-163
-529
-1082
-1755
-2452
-2416
-1739
-1323
-2011
-3486
-4312
-3651
-2417
-2154
-3062
-3909
-3808
-3214
-2907
-2863
-2605
-2165
-2026
-2081
-1778
-1092
-560
-434
-301
371
1214
1443
1273
1250
1773
2604
3084
3078
2798
2505
2515
2864
3153
3207
2926
2451
2072
1851
1728
1666
1603
1268
719
182
-52
-53
-202
-415
-585
-712
-902
-1211
-1429
-1441
-1302
-1227
-1245
-1163
-1060
-1116
-1143
-922
-497
-156
-128
-249
-68
327
607
796
1014
1275
1359
1254
1274
1490
1754
1872
1750
1677
1662
1564
1440
1436
1489
1414
1174
856
689
623
436
279
141
67
-6
-225
-553
-939
-1469
-2247
-2491
-1746
-1015
-1636
-3448
-4493
-3576
-2024
-1836
-3151
-4058
-3648
-2912
-2819
-3032
-2637
-2039
-2067
-2364
-1963
-1033
-533
-637
-622
135
1049
1257
1019
1095
1731
2435
2866
2885
2586
2436
2527
2828
3028
3085
3038
2755
2228
1675
1512
1686
1924
1592
789
183
-61
-40
-81
-204
-330
-649
-1018
-1249
-1285
-1200
-1255
-1370
-1291
-1144
-1112
-1185
-1250
-990
-505
-210
-193
-264
-158
166
440
705
1066
1376
1382
1171
1147
1439
1804
1909
1805
1690
1648
1591
1478
1473
1525
1452
1169
862
688
557
448
337
238
121
-83
-379
-610
-754
-905
-1398
-2178
-2283
-1711
-1389
-2031
-3326
-3785
-2979
-2150
-2255
-3089
-3586
-3315
-2918
-2816
-2693
-2372
-2152
-2181
-2153
-1671
-1026
-672
-609
-432
102
700
1003
1123
1300
1631
2182
2605
2660
2443
2321
2547
2863
2947
2869
2746
2522
2204
1806
1660
1761
1677
1323
861
470
159
-118
-236
-209
-268
-581
-974
-1205
-1242
-1210
-1172
-1198
-1232
-1187
-1200
-1170
-990
-738
-500
-370
-286
-99
100
267
453
705
1055
1262
1272
1235
1303
1496
1643
1760
1808
1727
1580
1430
1425
1526
1462
1246
1076
902
699
542
380
246
185
55
-105
-370
-655
-797
-761
-895
-1708
-2487
-2388
-1555
-1212
-2274
-3567
-3539
-2489
-1828
-2381
-3291
-3300
-2738
-2560
-2695
-2469
-1930
-1783
-2064
-1920
-1196
-592
-554
-712
-318
475
986
1118
1069
1244
1711
2212
2460
2385
2293
2308
2490
2596
2582
2574
2464
2252
1892
1668
1549
1328
1128
970
911
596
-139
-629
-482
-56
-60
-646
-1227
-1307
-1112
-982
-973
-986
-1024
-1151
-1118
-922
-682
-454
-359
-288
-90
133
304
435
573
846
1231
1457
1364
1201
1241
1447
1715
1827
1740
1597
1448
1306
1256
1307
1312
1097
776
578
550
477
243
20
-73
-47
-243
-541
-690
-667
-568
-1211
-2280
-2520
-1733
-831
-1417
-3000
-3673
-2852
-1652
-1705
-2750
-3222
-2827
-2491
-2542
-2424
-1897
-1604
-1923
-2112
-1521
-726
-502
-743
-611
123
743
929
895
944
1296
1809
2202
2251
2076
1940
2095
2334
2391
2399
2410
2213
1727
1400
1473
1647
1288
567
372
599
523
-95
-681
-551
-214
-269
-626
-983
-1013
-1010
-1120
-1036
-794
-700
-849
-976
-788
-447
-207
-102
-78
45
312
504
640
833
1062
1244
1294
1329
1362
1477
1551
1558
1606
1569
1463
1327
1172
1158
1202
1117
913
646
491
361
221
42
-66
-50
-52
-317
-631
-755
-647
-507
-1295
-2416
-2462
-1363
-563
-1604
-3254
-3501
-2354
-1318
-1791
-2870
-3025
-2510
-2331
-2435
-2176
-1614
-1515
-1952
-1893
-1091
-446
-528
-777
-426
315
755
873
872
957
1292
1758
2130
2071
1849
1778
1961
2142
2116
2170
2170
1934
1489
1182
1325
1351
908
517
442
495
123
-478
-570
-258
-92
-366
-830
-1010
-925
-867
-854
-782
-658
-656
-771
-714
-504
-222
7
39
98
263
471
597
664
851
1147
1343
1387
1265
1230
1300
1334
1405
1480
1467
1257
1004
926
1029
1117
920
564
363
368
299
104
-37
-115
-139
-271
-484
-601
-612
-554
-470
-1174
-2178
-2251
-1325
-446
-1292
-2896
-3287
-2270
-1254
-1573
-2542
-2705
-2199
-2076
-2264
-1961
-1319
-1274
-1873
-1853
-960
-336
-449
-815
-499
315
728
742
761
885
1093
1433
1849
1960
1786
1579
1669
1904
1929
1963
1901
1679
1282
1102
1251
1297
981
471
286
331
182
-108
-263
-325
-374
-492
-612
-672
-700
-726
-772
-752
-655
-567
-514
-467
-407
-218
-9
50
96
272
524
594
606
782
1032
1206
1144
1040
1158
1279
1265
1258
1256
1221
1050
866
847
959
936
650
384
356
374
267
29
-96
-70
-174
-279
-420
-459
-418
-540
-551
-768
-1518
-1994
-1661
-776
-685
-2074
-3032
-2421
-1233
-1106
-2260
-2753
-1975
-1440
-1844
-2176
-1604
-973
-1255
-1662
-1132
-307
-224
-707
-632
229
746
643
516
782
1151
1258
1426
1690
1652
1446
1424
1624
1715
1539
1461
1434
1305
963
814
853
715
369
105
240
160
-208
-462
-421
-231
-431
-695
-596
-463
-455
-614
-675
-447
-276
-274
-246
-142
37
198
209
333
547
703
772
678
777
1016
1178
1202
1071
1107
1216
1153
1037
961
1019
979
750
606
660
734
492
172
65
150
132
-47
-209
-278
-315
-425
-458
-414
-404
-541
-730
-686
-638
-994
-1446
-1460
-1019
-827
-1320
-1898
-1903
-1499
-1348
-1483
-1456
-1367
-1587
-1827
-1583
-1025
-785
-1131
-1348
-977
-545
-453
-529
-353
6
146
149
329
582
663
639
840
1171
1223
1007
922
1051
1131
1103
1137
1167
997
722
619
758
757
498
266
209
106
-28
-56
-31
-4
-155
-248
-164
-104
-117
-198
-234
-117
19
100
208
198
159
224
372
603
707
660
623
676
820
903
976
974
910
938
912
867
836
794
712
631
553
471
397
302
196
130
119
33
-105
-209
-242
-265
-369
-454
-472
-424
-453
-585
-661
-576
-478
-675
-966
-1078
-1028
-960
-1041
-1145
-1227
-1298
-1312
-1306
-1188
-1230
-1369
-1342
-1229
-1097
-1068
-1059
-1007
-933
-851
-729
-519
-384
-401
-365
-143
102
184
260
395
552
682
706
820
881
819
826
899
1031
971
828
800
733
677
633
663
665
417
176
189
298
343
261
43
-32
18
45
124
202
195
107
48
169
300
302
264
300
473
597
556
550
617
609
633
726
779
761
696
618
636
683
640
583
503
413
376
303
272
274
189
83
-3
-20
-46
-129
-192
-207
-255
-320
-310
-340
-422
-485
-509
-488
-504
-513
-611
-770
-838
-813
-746
-836
-1022
-1128
-1144
-1067
-1021
-1083
-1152
-1186
-1210
-1183
-1122
-1050
-1011
-1065
-998
-780
-654
-671
-698
-546
-303
-177
-74
75
159
192
298
471
620
664
670
762
824
794
763
784
843
857
791
730
727
712
627
540
496
445
420
382
354
347
267
184
173
205
208
201
173
171
212
235
279
317
332
329
323
390
542
597
521
505
570
598
601
602
600
582
496
490
546
528
462
349
289
317
276
176
120
48
-8
-52
-106
-151
-221
-301
-347
-343
-341
-386
-472
-533
-581
-583
-547
-531
-580
-743
-852
-817
-736
-751
-907
-1052
-1060
-930
-824
-902
-1061
-1132
-1109
-1046
-936
-867
-879
-923
-919
-813
-668
-568
-512
-467
-393
-261
-127
-22
21
100
190
297
440
513
575
544
550
664
752
846
862
760
644
686
781
821
786
609
524
543
540
561
527
453
375
350
391
408
383
317
297
322
354
391
394
361
364
424
465
485
464
453
479
461
470
541
534
431
385
455
485
430
337
239
222
260
264
187
99
39
-30
-56
-90
-134
-155
-237
-345
-407
-407
-410
-447
-494
-547
-574
-634
-672
-587
-593
-701
-745
-785
-823
-808
-752
-732
-798
-861
-917
-920
-858
-789
-730
-833
-942
-900
-770
-656
-704
-756
-655
-548
-505
-475
-403
-319
-284
-192
-28
105
154
157
206
284
405
552
611
563
553
613
697
758
684
646
705
756
780
738
671
585
509
584
666
614
531
427
404
467
442
412
456
458
414
384
393
414
399
371
408
472
430
370
375
381
435
440
347
343
360
339
334
305
274
243
175
144
143
102
58
-14
-79
-100
-137
-205
-267
-307
-307
-330
-387
-461
-530
-545
-537
-558
-613
-628
-630
-684
-705
-651
-661
-702
-719
-749
-699
-644
-632
-681
-764
-749
-680
-623
-609
-636
-633
-610
-602
-571
-491
-421
-427
-456
-367
-241
-218
-203
-137
-47
8
41
98
158
226
290
298
308
361
414
476
508
491
521
584
594
555
527
548
556
547
572
594
568
509
465
485
508
474
429
420
442
437
442
439
392
372
399
477
484
419
442
463
419
431
440
438
415
344
349
372
346
316
280
212
149
122
107
79
17
-36
-88
-124
-178
-258
-252
-253
-344
-419
-434
-460
-487
-515
-571
-593
-594
-654
-666
-622
-622
-652
-697
-695
-632
-604
-624
-628
-616
-598
-572
-544
-548
-535
-483
-471
-444
-397
-399
-401
-375
-372
-341
-285
-264
-242
-207
-157
-115
-82
-39
-28
-22
0
78
175
181
181
223
270
308
328
364
418
425
400
420
477
520
548
545
519
509
539
557
549
519
479
508
521
503
478
461
469
459
452
466
465
423
384
393
410
399
369
342
358
376
353
299
273
276
253
242
193
172
170
104
56
4
-16
-33
-92
-152
-210
-238
-284
-341
-381
-402
-427
-470
-506
-538
-562
-620
-618
-587
-620
-656
-680
-656
-615
-598
-586
-585
-579
-543
-506
-478
-432
-433
-428
-366
-327
-290
-268
-284
-279
-238
-161
-107
-123
-139
-150
-140
-81
-33
-16
-7
8
34
64
92
92
99
126
161
184
213
237
248
272
286
307
325
333
369
420
422
412
407
398
411
430
466
474
454
441
432
433
427
425
422
412
396
374
353
344
345
317
283
273
250
238
242
215
183
175
180
184
153
103
75
74
42
3
-35
-78
-96
-137
-182
-201
-220
-229
-256
-300
-342
-372
-403
-422
-413
-400
-387
-432
-487
-466
-438
-447
-462
-458
-424
-399
-381
-363
-337
-333
-346
-325
-281
-254
-252
-250
-223
-181
-150
-137
-143
-153
-130
-91
-73
-54
-46
-42
-28
-32
1
50
16
-18
-2
6
50
106
117
139
130
104
139
179
209
216
213
233
247
249
259
280
320
330
312
310
317
338
344
373
385
338
303
286
298
318
321
302
290
281
238
218
221
234
255
232
185
159
129
108
81
23
-24
41
95
45
32
-20
-72
-32
-72
-143
-152
-177
-221
-230
-240
-282
-292
-297
-301
-289
-304
-305
-260
-258
-317
-317
-268
-298
-338
-292
-251
-252
-278
-287
-234
-194
-172
-157
-163
-157
-136
-126
-123
-138
-160
-138
-116
-82
-66
-80
-65
-68
-69
-41
-5
-4
-12
-9
-9
36
64
68
104
110
89
100
100
115
177
193
161
148
180
195
193
192
217
237
192
162
176
217
234
206
218
273
257
216
217
209
216
211
184
177
188
204
200
181
152
121
116
132
105
76
85
66
56
46
3
-49
-68
-85
-95
-78
-60
-61
-91
-118
-159
-183
-172
-170
-201
-214
-194
-190
-189
-187
-215
-227
-216
-227
-213
-181
-172
-181
-195
-167
-153
-155
-149
-166
-156
-137
-150
-158
-132
-122
-111
-101
-103
-79
-84
-75
-66
-51
-10
-12
-26
-19
-26
16
77
35
17
42
51
71
81
93
124
119
92
117
123
115
136
125
154
215
201
174
160
160
184
186
176
187
217
214
181
171
187
164
138
156
157
170
165
122
113
93
58
81
80
57
90
87
46
21
-25
-44
-26
-40
-71
-61
-41
-61
-103
-133
-153
-182
-185
-174
-147
-135
-154
-168
-193
-211
-215
-199
-168
-151
-141
-173
-187
-169
-131
-128
-157
-133
-116
-122
-104
-93
-86
-82
-107
-79
-59
-82
-57
-22
-16
-18
-26
-36
-30
-18
3
32
49
47
39
44
50
60
67
53
67
87
95
135
122
84
113
102
72
90
106
123
141
140
127
149
161
154
144
146
142
164
194
160
152
116
90
131
117
112
145
120
103
104
86
69
46
55
61
50
8
-24
-10
-27
-44
-56
-61
-60
-69
-82
-86
-99
-151
-142
-105
-141
-145
-135
-176
-176
-157
-161
-168
-171
-170
-170
-178
-173
-123
-107
-149
-180
-152
-102
-109
-107
-99
-99
-94
-85
-47
-26
-44
-31
-12
-26
-12
-10
3
40
30
42
58
24
32
55
55
59
53
60
87
82
61
62
77
75
67
63
68
75
72
77
78
63
82
91
63
78
88
106
126
91
94
94
64
75
78
86
122
104
100
113
88
133
152
119
120
105
71
67
69
68
84
72
56
38
2
-13
-24
-35
-29
-37
-43
-49
-78
-67
-72
-116
-132
-136
-138
-118
-100
-127
-152
-160
-151
-137
-155
-141
-136
-153
-127
-147
-155
-97
-97
-120
-115
-115
-96
-75
-78
-82
-33
-16
-45
-45
-51
-43
-22
-18
-2
17
27
33
-6
-12
31
26
44
63
45
56
64
44
32
18
33
68
47
37
60
66
62
38
42
59
53
88
93
62
82
99
91
81
79
90
76
79
78
63
91
99
101
115
90
87
103
99
88
89
105
90
92
122
99
82
59
13
21
71
76
32
12
-20
-37
-44
-68
-64
-54
-65
-90
-111
-121
-111
-102
-122
-126
-133
-146
-141
-151
-146
-152
-174
-144
-140
-156
-129
-126
-116
-112
-139
-128
-114
-107
-60
-32
-50
-66
-65
-34
-22
-21
5
22
23
9
28
54
46
54
55
48
75
83
50
39
72
68
49
56
62
68
42
19
20
33
27
22
37
36
35
15
27
61
50
65
87
76
76
59
57
84
95
112
132
147
136
109
97
72
62
92
108
107
94
66
82
68
14
22
48
44
28
16
19
29
-3
-31
-50
-52
-42
-71
-71
-44
-58
-90
-115
-137
-147
-146
-128
-128
-139
-135
-140
-143
-143
-152
-124
-104
-120
-135
-120
-93
-112
-117
-86
-70
-64
-39
-45
-36
-39
-71
-39
-4
-2
-8
8
46
59
46
45
53
68
55
51
80
71
68
89
82
67
49
45
61
53
34
50
69
36
24
39
17
7
42
42
40
33
-6
29
55
25
35
59
59
44
40
63
82
72
55
53
68
70
73
81
76
84
83
77
80
43
58
90
49
48
49
24
32
7
-18
4
-9
-30
-20
-51
-66
-60
-88
-92
-78
-75
-70
-87
-111
-110
-142
-158
-121
-126
-114
-108
-130
-96
-81
-97
-88
-93
-96
-65
-59
-37
-29
-47
-34
-41
-50
-35
-25
-20
-13
5
30
19
2
23
54
55
53
88
91
61
47
46
63
79
45
25
50
52
45
25
4
18
24
-6
-23
-2
8
-8
-16
0
-2
9
10
-6
9
6
16
26
24
31
45
42
32
43
54
45
50
56
52
68
52
43
64
65
50
52
64
76
65
38
54
47
42
34
14
32
24
-4
-1
-2
-16
-19
-36
-22
-24
-65
-63
-71
-72
-55
-65
-80
-73
-65
-64
-82
-96
-90
-71
-73
-95
-85
-73
-80
-84
-76
-63
-37
-44
-32
-17
-48
-30
-16
-26
3
9
7
5
8
30
32
43
49
35
44
37
41
64
53
46
70
83
79
50
25
27
12
27
29
10
7
-14
-30
-36
-27
-5
-21
-34
-17
-20
-13
-20
-34
-16
25
29
7
25
29
0
-6
2
34
64
50
44
65
65
52
52
54
58
58
60
64
51
47
60
43
37
34
29
27
16
18
32
24
-5
-15
-16
-47
-71
-65
-70
-65
-74
-83
-90
-94
-104
-113
-103
-101
-91
-79
-85
-79
-70
-66
-77
-79
-64
-60
-49
-34
-28
-24
-16
-22
-13
20
27
22
35
43
51
51
52
61
64
80
79
68
79
70
44
57
65
67
75
56
51
52
22
23
35
23
31
25
-1
-11
-21
-34
-32
-30
-25
-24
-22
-28
-29
-8
-20
-18
3
-20
-9
12
15
28
26
24
42
62
60
43
55
51
39
41
30
45
44
17
9
20
17
-23
-19
4
-22
-26
-20
-38
-40
-40
-61
-59
-54
-62
-56
-50
-49
-50
-54
-66
-67
-68
-89
-86
-70
-78
-81
-80
-62
-37
-56
-65
-50
-35
-11
-18
-24
4
19
17
13
9
28
55
50
45
61
86
79
70
94
96
78
80
94
85
84
78
55
48
53
36
17
41
34
8
2
-26
-26
-3
-22
-23
-38
-49
-38
-58
-51
-33
-39
-41
-40
-33
-16
-7
-27
-19
7
10
23
30
23
43
62
56
64
70
70
63
46
42
32
52
78
48
30
25
-2
-10
-10
-29
-21
-19
-35
-48
-68
-63
-56
-59
-47
-48
-73
-67
-51
-59
-59
-59
-78
-70
-50
-59
-51
-43
-56
-51
-50
-54
-42
-23
-22
-34
-22
-9
-10
-3
-5
0
28
20
21
32
41
63
63
66
75
66
62
61
52
59
59
58
65
56
39
23
20
24
36
41
22
4
-3
-22
-24
-10
-16
-23
-29
-33
-16
-24
-44
-31
-22
-23
-20
-2
11
1
-12
-2
27
28
17
11
20
23
27
48
47
42
33
34
43
48
54
52
41
32
30
20
22
24
16
15
-2
-13
-1
-17
-43
-37
-31
-31
-26
-44
-60
-52
-69
-102
-77
-50
-62
-57
-61
-87
-82
-75
-83
-63
-43
-59
-60
-54
-50
-30
-47
-43
-18
-16
-8
-10
-10
15
25
21
36
31
19
37
54
68
73
68
74
84
66
45
60
71
57
70
71
45
48
41
26
23
17
10
9
2
-11
-16
-13
-23
-31
-35
-42
-35
-19
-10
-6
4
-10
-5
19
26
28
22
28
24
25
50
50
39
46
42
43
49
42
45
47
29
23
30
20
6
7
-8
-22
-30
-26
-29
-35
-37
-47
-40
-59
-79
-72
-80
-72
-61
-77
-83
-78
-81
-75
-59
-66
-65
-49
-47
-43
-53
-56
-59
-53
-18
-5
-16
-18
-4
8
2
-1
8
23
17
7
30
40
42
50
49
53
62
67
65
56
48
56
62
52
55
68
63
43
39
42
40
25
7
20
37
27
12
12
9
-8
-5
-6
-17
-17
-18
-9
-3
-9
-21
-17
2
-14
-23
-4
-9
-13
4
15
27
32
24
29
16
8
27
29
24
30
26
18
11
-1
4
11
13
8
-16
-28
-24
-47
-62
-48
-46
-37
-26
-35
-42
-55
-57
-48
-55
-60
-57
