0
-2
-10
-7
2
-4
-2
2
-2
-1
2
4
5
-3
-5
8
4
-6
2
7
9
8
0
0
-1
-7
2
0
2
8
7
4
6
5
1
-8
-21
-12
-6
-10
-7
3
10
9
-2
-5
-9
-11
-11
-13
-9
-9
-10
-2
3
3
5
-1
-7
-8
-13
-9
-1
-1
-5
-2
-2
0
2
4
-2
-7
-8
-2
9
3
6
10
12
11
-1
-2
-3
-5
3
3
1
9
8
14
18
12
24
28
28
48
59
59
74
73
73
80
61
51
41
26
18
0
-8
-12
-26
-32
-39
-47
-42
-44
-55
-55
-58
-55
-55
-57
-51
-43
-34
-31
-21
-12
-7
-4
9
18
14
20
24
18
19
11
-9
-15
-18
-28
-37
-39
-42
-42
-40
-37
-36
-37
-35
-36
-33
-27
-28
-14
-6
2
16
20
25
36
34
34
45
36
46
49
50
62
51
59
80
84
92
97
88
79
73
58
57
56
41
35
13
21
43
45
58
70
54
51
68
59
57
33
5
-5
-35
-54
-50
-54
-59
-43
-38
-21
-5
-16
-6
-8
-35
-31
-41
-65
-36
-36
-33
-46
-126
-195
-299
-391
-467
-639
-790
-876
-984
-1010
-995
-974
-871
-762
-638
-486
-301
-95
65
187
277
366
467
533
583
614
637
674
716
756
793
835
807
737
689
603
509
358
161
0
-138
-250
-362
-421
-425
-409
-340
-235
-82
100
231
348
471
600
737
815
835
838
850
880
861
805
763
683
595
498
398
322
228
125
38
-52
-125
-197
-257
-293
-325
-349
-345
-284
-265
-216
-138
-131
-54
32
79
150
197
266
311
287
242
204
178
134
51
-91
-238
-366
-401
-430
-498
-523
-729
-1058
-1323
-1564
-1666
-1872
-2400
-2789
-2925
-2845
-2620
-2499
-2265
-1884
-1480
-1025
-536
51
598
919
1045
1155
1350
1524
1636
1622
1465
1370
1413
1468
1471
1450
1455
1398
1242
1054
910
787
478
56
-300
-503
-640
-761
-833
-853
-758
-599
-399
-129
89
239
399
455
465
465
436
439
369
251
282
440
609
752
877
1027
1114
1113
1064
978
861
653
388
131
-60
-218
-278
-242
-202
-116
35
289
481
548
634
726
750
695
586
530
505
345
189
94
52
20
-89
-131
-139
-175
-218
-311
-380
-398
-449
-524
-676
-760
-776
-699
-627
-1105
-1672
-1958
-2179
-2138
-2642
-3655
-3930
-3780
-3504
-3293
-3265
-2734
-1902
-1292
-811
-109
786
1396
1641
1588
1715
2102
2247
2249
2041
1761
1820
1975
2030
1934
1791
1823
1707
1396
1004
708
536
-72
-787
-1278
-1554
-1588
-1759
-1837
-1664
-1406
-983
-548
3
487
792
1163
1390
1599
1728
1651
1488
1164
869
712
605
466
212
87
187
302
361
404
586
731
629
532
487
484
405
179
41
5
73
184
291
420
530
787
1042
1141
1235
1237
1244
1157
917
734
561
347
30
-361
-567
-648
-782
-921
-1022
-988
-941
-940
-840
-711
-662
-631
-657
-483
-513
-1182
-1776
-2247
-2454
-2499
-3307
-4183
-4327
-4053
-3520
-3200
-2944
-2248
-1332
-659
-167
565
1289
1706
1818
1660
1698
1876
1918
1860
1540
1333
1458
1736
1903
1773
1714
1696
1549
1291
744
375
36
-669
-1276
-1759
-1905
-1831
-1886
-1743
-1421
-905
-275
284
884
1352
1668
1881
2043
2187
2053
1803
1542
1229
935
604
333
131
-70
-276
-450
-411
-330
-292
-193
-192
-138
-25
58
198
267
337
445
523
641
743
927
1037
1024
1112
1215
1344
1378
1252
1216
1226
1115
880
635
419
168
-129
-480
-711
-846
-986
-1020
-1060
-1043
-929
-897
-688
-500
-449
-364
-366
-507
-1008
-1758
-2416
-2882
-3282
-3998
-4795
-5091
-4827
-4227
-3690
-3181
-2355
-1234
-139
667
1384
2135
2606
2724
2583
2422
2372
2215
1957
1630
1375
1387
1512
1616
1590
1493
1464
1322
1017
552
14
-483
-1070
-1732
-2294
-2539
-2484
-2370
-2136
-1652
-976
-154
639
1330
1966
2458
2722
2812
2811
2603
2207
1745
1228
736
278
-68
-269
-453
-583
-652
-599
-412
-288
-220
-153
-121
-109
-118
-119
-79
2
107
240
458
721
984
1277
1489
1625
1760
1851
1866
1715
1473
1281
1054
761
379
23
-229
-502
-808
-1055
-1137
-1156
-1181
-1213
-1113
-917
-770
-585
-414
-336
-318
-226
-211
-503
-1118
-1942
-2627
-3054
-3522
-4228
-4969
-5238
-4898
-4331
-3720
-3037
-2109
-978
12
888
1763
2527
3040
3096
2930
2850
2821
2735
2438
2000
1696
1590
1626
1661
1547
1380
1154
923
620
142
-394
-970
-1578
-2207
-2702
-2810
-2665
-2472
-2222
-1741
-953
-59
809
1599
2272
2719
2973
3138
3161
2966
2491
1885
1323
772
301
-66
-385
-607
-760
-783
-598
-393
-264
-185
-144
-85
-53
-45
-29
-39
-86
-61
104
381
696
952
1186
1433
1658
1809
1859
1854
1759
1536
1304
1022
687
355
-79
-454
-738
-948
-1053
-1177
-1230
-1210
-1124
-958
-775
-564
-427
-329
-176
-185
-423
-970
-1745
-2458
-3063
-3640
-4382
-5189
-5602
-5417
-4875
-4254
-3585
-2644
-1430
-230
786
1726
2626
3231
3443
3344
3189
3066
2834
2486
2059
1657
1458
1484
1563
1504
1338
1220
1080
787
353
-192
-758
-1354
-1988
-2572
-2940
-2949
-2750
-2421
-1949
-1277
-357
652
1576
2309
2857
3264
3520
3574
3327
2831
2243
1617
986
379
-184
-621
-911
-1109
-1147
-1039
-864
-639
-435
-290
-151
-25
4
20
48
51
134
282
526
788
999
1263
1523
1768
1959
2049
2034
1890
1679
1465
1222
846
396
-28
-378
-691
-1013
-1204
-1310
-1355
-1295
-1283
-1117
-804
-642
-407
-182
-134
-35
-159
-600
-1229
-2121
-2898
-3512
-4228
-5022
-5758
-5899
-5434
-4856
-4186
-3377
-2191
-824
344
1458
2394
3161
3632
3717
3669
3448
3193
2871
2419
2026
1662
1462
1473
1449
1373
1235
1052
895
521
5
-555
-1177
-1822
-2488
-2945
-3103
-2998
-2762
-2431
-1781
-913
75
1086
1978
2768
3282
3599
3767
3662
3353
2840
2149
1396
667
62
-422
-785
-1053
-1260
-1194
-991
-791
-537
-332
-149
-40
1
65
86
86
119
214
396
607
864
1115
1394
1698
1910
2065
2100
2034
1880
1596
1323
975
539
117
-318
-665
-973
-1221
-1360
-1468
-1438
-1366
-1309
-1012
-700
-490
-226
-112
-37
19
-316
-900
-1651
-2462
-3104
-3839
-4673
-5461
-5944
-5759
-5258
-4661
-3876
-2941
-1658
-292
843
1878
2757
3415
3727
3678
3536
3390
3194
2804
2269
1858
1619
1564
1558
1438
1307
1171
1063
821
348
-191
-791
-1384
-2041
-2685
-2990
-3031
-2889
-2618
-2191
-1465
-528
502
1470
2273
2960
3482
3778
3858
3629
3201
2639
1903
1118
428
-135
-625
-1026
-1288
-1352
-1244
-1020
-746
-468
-235
-53
54
117
170
169
165
147
214
438
695
947
1157
1391
1709
1967
2045
2014
1929
1751
1522
1181
785
401
-38
-484
-826
-1131
-1333
-1418
-1487
-1399
-1281
-1122
-800
-498
-271
-84
84
99
-232
-812
-1616
-2409
-3035
-3915
-4907
-5720
-6227
-6051
-5574
-5083
-4307
-3265
-1911
-487
722
1857
2872
3618
3978
4040
3987
3806
3549
3082
2526
2072
1757
1698
1623
1420
1266
1122
1064
911
447
-109
-756
-1384
-1986
-2631
-3038
-3254
-3250
-3028
-2630
-1865
-939
70
1100
1993
2840
3490
3962
4164
4012
3677
3105
2435
1661
798
79
-549
-1017
-1349
-1574
-1515
-1317
-1054
-796
-576
-297
-76
58
113
141
206
218
266
422
622
875
1126
1402
1700
1925
2082
2112
2096
1986
1704
1413
1025
560
158
-268
-679
-1030
-1351
-1501
-1500
-1487
-1439
-1216
-959
-666
-329
-150
128
289
-37
-602
-1344
-2089
-2653
-3530
-4704
-5722
-6315
-6328
-6005
-5596
-5001
-3988
-2629
-1224
184
1520
2681
3621
4140
4339
4406
4348
4066
3553
2902
2330
1986
1809
1624
1386
1170
1056
1095
996
608
86
-492
-1101
-1724
-2395
-2939
-3223
-3348
-3374
-3118
-2481
-1552
-488
478
1427
2400
3262
3973
4332
4310
4089
3645
3040
2264
1325
478
-227
-819
-1290
-1600
-1635
-1495
-1284
-1072
-821
-467
-196
-23
70
77
134
160
183
314
486
691
949
1290
1636
1921
2140
2233
2228
2138
1949
1692
1345
905
422
-33
-483
-847
-1208
-1484
-1527
-1605
-1531
-1352
-1163
-774
-475
-219
84
169
68
-413
-1185
-2085
-3017
-3736
-4724
-5795
-6608
-7042
-6557
-5805
-5139
-4137
-2952
-1357
336
1662
2887
3869
4558
4861
4797
4656
4290
3824
3188
2448
1971
1573
1438
1425
1244
1088
890
835
744
248
-410
-1185
-1818
-2397
-3078
-3468
-3661
-3585
-3295
-2899
-2019
-862
315
1412
2337
3281
4018
4500
4701
4501
4140
3416
2549
1776
830
55
-645
-1278
-1561
-1683
-1563
-1322
-1068
-782
-573
-283
-87
-14
37
-37
-31
31
104
305
525
837
1178
1489
1862
2125
2319
2390
2276
2121
1862
1544
1086
504
7
-504
-908
-1250
-1525
-1592
-1651
-1614
-1444
-1281
-918
-524
-295
-43
35
-192
-622
-1358
-2296
-3062
-3896
-4966
-5883
-6592
-6815
-6310
-5675
-4953
-3976
-2770
-1185
465
1837
2968
3889
4528
4813
4815
4605
4267
3805
3123
2514
2093
1782
1655
1525
1250
1078
991
903
730
243
-448
-1179
-1864
-2510
-3106
-3505
-3693
-3624
-3314
-2805
-1946
-832
272
1305
2277
3200
3965
4428
4568
4400
4048
3442
2553
1750
941
141
-486
-1089
-1421
-1441
-1379
-1223
-995
-762
-521
-322
-185
-90
-105
-156
-161
-114
33
214
454
742
1060
1405
1774
2079
2213
2253
2196
2089
1888
1553
1088
556
84
-395
-806
-1103
-1353
-1428
-1488
-1483
-1328
-1132
-811
-516
-239
-27
-187
-538
-1136
-2037
-2799
-3600
-4556
-5541
-6500
-6926
-6574
-5948
-5395
-4665
-3510
-1940
-268
1148
2381
3515
4373
4814
4937
4864
4697
4328
3652
2915
2271
1954
1788
1564
1295
994
906
909
797
418
-222
-852
-1445
-2098
-2747
-3274
-3534
-3615
-3551
-3198
-2499
-1471
-379
648
1677
2644
3542
4218
4554
4606
4315
3821
3146
2328
1526
691
-89
-744
-1245
-1464
-1500
-1407
-1240
-999
-692
-456
-244
-192
-221
-185
-186
-123
-60
44
261
501
864
1246
1631
1963
2133
2271
2332
2246
2134
1882
1410
913
387
-60
-457
-879
-1277
-1513
-1550
-1542
-1456
-1357
-1117
-764
-455
-214
-222
-468
-929
-1721
-2528
-3232
-4075
-5074
-6086
-6780
-6760
-6231
-5624
-4893
-3929
-2615
-1024
593
1964
3093
4022
4642
4957
5016
4835
4538
4002
3257
2563
2041
1805
1687
1451
1154
983
927
894
658
156
-473
-1145
-1790
-2405
-2994
-3406
-3667
-3695
-3434
-2913
-2061
-1037
28
1064
2055
3028
3914
4454
4600
4444
4046
3531
2850
1990
1103
273
-413
-906
-1283
-1499
-1473
-1295
-1077
-878
-650
-407
-238
-189
-224
-235
-205
-136
-45
60
308
636
975
1367
1703
1981
2183
2274
2325
2244
2046
1746
1245
720
249
-184
-597
-996
-1298
-1490
-1529
-1476
-1395
-1152
-888
-571
-266
-244
-440
-966
-1660
-2259
-2993
-3877
-4964
-6047
-6578
-6608
-6289
-5889
-5327
-4303
-2902
-1306
153
1493
2765
3763
4557
5020
5145
5127
4829
4308
3594
2789
2316
2053
1751
1411
1030
926
957
865
588
112
-374
-942
-1528
-2121
-2768
-3244
-3599
-3791
-3653
-3174
-2358
-1451
-523
510
1555
2636
3546
4154
4479
4459
4278
3861
3211
2455
1505
640
-93
-707
-1053
-1308
-1405
-1357
-1239
-950
-677
-473
-331
-299
-225
-184
-181
-120
-53
63
247
507
830
1222
1623
1857
2078
2247
2305
2355
2199
1863
1433
915
523
123
-357
-777
-1177
-1374
-1483
-1533
-1429
-1281
-1051
-802
-601
-408
-594
-1116
-1641
-2320
-2980
-3794
-4983
-5893
-6338
-6489
-6256
-5945
-5390
-4304
-2971
-1542
-83
1318
2601
3716
4526
4927
5187
5208
4934
4431
3678
3033
2569
2184
1782
1350
1050
954
900
761
492
103
-324
-880
-1470
-2046
-2612
-3060
-3497
-3728
-3628
-3191
-2477
-1693
-776
221
1315
2414
3268
3966
4358
4396
4331
4010
3349
2576
1723
881
171
-490
-1029
-1339
-1463
-1444
-1306
-1084
-816
-549
-408
-355
-278
-192
-90
-33
-5
62
191
451
792
1132
1428
1686
1914
2097
2245
2255
2101
1843
1487
1055
607
192
-249
-666
-1024
-1331
-1427
-1464
-1410
-1246
-1152
-793
-484
-448
-494
-957
-1442
-1921
-2740
-3596
-4727
-5701
-6127
-6393
-6331
-6098
-5589
-4549
-3279
-1840
-388
1030
2416
3479
4336
4886
5192
5365
5070
4572
3916
3210
2753
2185
1682
1323
972
895
804
709
515
64
-321
-838
-1389
-1897
-2484
-2924
-3376
-3645
-3552
-3233
-2606
-1912
-1039
22
1062
2198
3143
3769
4229
4428
4414
4183
3590
2781
1931
1127
345
-347
-902
-1295
-1443
-1516
-1429
-1149
-928
-644
-470
-401
-267
-212
-119
-95
-99
42
170
419
721
976
1318
1602
1836
2025
2180
2255
2168
1945
1565
1123
746
290
-158
-552
-960
-1204
-1329
-1413
-1406
-1271
-1070
-804
-522
-385
-449
-724
-1190
-1777
-2434
-3246
-4338
-5349
-6016
-6342
-6310
-6206
-5840
-4949
-3808
-2370
-882
489
1921
3119
4039
4716
5112
5297
5210
4798
4140
3462
2903
2407
1958
1515
1088
887
858
764
582
195
-245
-662
-1146
-1699
-2309
-2802
-3231
-3576
-3624
-3407
-2890
-2162
-1393
-471
556
1659
2714
3551
4165
4449
4478
4305
3886
3213
2349
1469
658
-98
-720
-1189
-1481
-1549
-1526
-1365
-1097
-808
-561
-392
-229
-146
-89
-49
-17
84
180
338
558
832
1211
1474
1673
1909
2102
2264
2219
2022
1738
1341
946
535
89
-368
-799
-1139
-1292
-1366
-1422
-1301
-1172
-945
-619
-512
-457
-636
-1155
-1697
-2402
-3138
-4016
-5123
-5891
-6384
-6431
-6145
-5825
-5111
-4095
-2727
-1154
272
1688
2917
3937
4694
5052
5313
5273
4911
4354
3549
2945
2468
1931
1547
1092
795
658
510
478
216
-135
-549
-1063
-1513
-2113
-2629
-3051
-3431
-3513
-3449
-3029
-2317
-1565
-641
333
1446
2554
3397
4072
4433
4564
4468
4028
3459
2666
1771
913
64
-556
-1085
-1475
-1644
-1712
-1537
-1290
-1015
-661
-464
-284
-181
-101
11
19
113
154
289
559
777
1100
1370
1620
1890
2024
2154
2207
2090
1855
1468
1080
679
193
-256
-753
-1080
-1264
-1452
-1440
-1394
-1267
-994
-744
-523
-526
-758
-1063
-1572
-2238
-3053
-4064
-5014
-5722
-6209
-6392
-6278
-5867
-5109
-4084
-2829
-1403
121
1557
2816
3832
4608
5207
5488
5391
5018
4432
3773
3161
2544
1981
1482
1086
823
627
448
310
165
-84
-497
-1048
-1603
-2085
-2519
-3010
-3430
-3533
-3378
-2990
-2407
-1702
-802
218
1303
2338
3232
3949
4368
4547
4506
4157
3527
2731
1826
932
107
-625
-1149
-1502
-1703
-1722
-1580
-1338
-1017
-688
-445
-233
-92
-37
39
90
121
168
245
441
725
1030
1306
1566
1800
2000
2134
2164
2111
1894
1556
1160
712
279
-146
-593
-939
-1202
-1379
-1417
-1371
-1216
-950
-730
-579
-548
-858
-1244
-1686
-2340
-3073
-4105
-5158
-5788
-6214
-6320
-6180
-5877
-5149
-4076
-2748
-1280
161
1571
2858
3940
4688
5197
5504
5412
5093
4504
3798
3212
2658
2114
1580
1129
830
664
574
363
-4
-278
-666
-1137
-1595
-2201
-2685
-3120
-3468
-3556
-3416
-3013
-2453
-1705
-800
205
1354
2394
3283
4000
4323
4493
4512
4187
3627
2766
1766
898
120
-604
-1208
-1634
-1833
-1777
-1585
-1343
-1005
-674
-418
-172
-36
77
198
213
204
215
309
520
773
1031
1257
1549
1849
2058
2237
2241
2105
1875
1542
1176
777
305
-181
-631
-1035
-1280
-1395
-1401
-1366
-1242
-979
-782
-664
-747
-1112
-1480
-2034
-2794
-3589
-4597
-5415
-5991
-6354
-6311
-6134
-5608
-4730
-3639
-2209
-736
703
2075
3241
4259
4950
5348
5521
5357
4985
4353
3659
3121
2518
1944
1407
974
768
581
470
252
-85
-411
-891
-1316
-1782
-2364
-2847
-3287
-3515
-3495
-3313
-2835
-2220
-1422
-452
558
1696
2738
3616
4152
4405
4600
4433
4035
3373
2391
1543
696
-116
-757
-1299
-1593
-1750
-1705
-1510
-1251
-876
-635
-403
-205
-108
67
123
145
209
260
430
670
937
1192
1448
1735
1966
2192
2306
2214
2078
1742
1333
968
495
81
-388
-830
-1133
-1401
-1455
-1432
-1386
-1187
-1047
-911
-901
-1165
-1474
-1925
-2548
-3294
-4221
-5068
-5705
-6082
-6154
-6062
-5703
-5008
-3977
-2656
-1226
203
1536
2743
3813
4576
5128
5420
5356
5098
4556
3920
3327
2775
2241
1685
1216
863
628
487
316
12
-316
-703
-1167
-1618
-2119
-2600
-3019
-3346
-3455
-3332
-2944
-2398
-1699
-838
99
1206
2267
3153
3852
4216
4410
4394
4134
3631
2786
1888
1005
182
-470
-1088
-1519
-1741
-1794
-1643
-1397
-1028
-663
-408
-200
-46
99
187
231
292
291
377
550
779
1096
1346
1604
1857
2025
2194
2241
2139
1883
1516
1138
682
242
-206
-708
-1036
-1306
-1473
-1446
-1408
-1216
-1007
-922
-855
-1065
-1352
-1711
-2337
-2962
-3880
-4874
-5531
-5978
-6138
-6081
-5830
-5195
-4274
-3094
-1694
-294
1075
2314
3419
4299
4888
5264
5327
5126
4683
4043
3465
2931
2384
1888
1425
1037
795
654
442
171
-141
-587
-983
-1428
-1983
-2459
-2975
-3353
-3507
-3520
-3182
-2684
-2051
-1177
-231
843
1951
2901
3613
4035
4340
4457
4256
3826
3082
2187
1297
496
-158
-794
-1264
-1550
-1668
-1545
-1387
-1094
-775
-567
-345
-202
-29
89
118
144
184
317
468
690
985
1241
1534
1781
2007
2260
2335
2245
2037
1712
1353
916
440
-32
-523
-916
-1223
-1404
-1471
-1464
-1331
-1138
-983
-868
-949
-1222
-1517
-2051
-2681
-3468
-4470
-5252
-5829
-6156
-6121
-5896
-5385
-4599
-3545
-2204
-810
572
1843
2947
3881
4567
5002
5199
5064
4671
4096
3532
3032
2506
2059
1609
1254
1007
813
692
442
126
-274
-774
-1220
-1737
-2257
-2768
-3255
-3494
-3547
-3360
-2923
-2336
-1506
-602
404
1500
2481
3372
3986
4316
4436
4234
3849
3312
2531
1646
734
-92
-714
-1155
-1441
-1607
-1610
-1483
-1187
-811
-571
-377
-194
-58
39
75
122
186
227
330
509
779
1137
1482
1768
1977
2174
2328
2335
2165
1860
1500
1094
645
172
-303
-726
-1064
-1319
-1450
-1453
-1362
-1183
-970
-805
-859
-1153
-1532
-1960
-2523
-3294
-4249
-5130
-5691
-6032
-6090
-5951
-5616
-4862
-3774
-2424
-1024
298
1573
2730
3699
4374
4813
5058
5019
4700
4144
3539
3069
2598
2127
1702
1313
1109
994
878
675
332
-75
-578
-1111
-1640
-2201
-2735
-3229
-3538
-3614
-3476
-3017
-2421
-1669
-735
253
1371
2418
3240
3866
4201
4320
4234
3888
3327
2571
1702
819
73
-531
-1025
-1339
-1540
-1552
-1371
-1132
-878
-693
-504
-335
-272
-160
-96
-59
70
136
265
525
821
1152
1452
1759
2040
2261
2405
2370
2226
1988
1614
1196
721
222
-256
-715
-1078
-1308
-1463
-1492
-1403
-1261
-1004
-816
-785
-879
-1156
-1575
-2106
-2807
-3716
-4653
-5362
-5823
-6045
-5961
-5682
-5076
-4128
-2999
-1667
-280
1027
2191
3174
3945
4467
4779
4782
4530
4112
3534
3042
2634
2205
1869
1596
1379
1273
1158
1005
730
315
-167
-732
-1324
-1969
-2554
-3074
-3511
-3690
-3631
-3312
-2716
-1958
-1055
-38
1013
2029
2916
3600
3996
4151
4076
3741
3264
2612
1810
1060
278
-373
-778
-1131
-1302
-1298
-1173
-982
-782
-567
-450
-339
-284
-265
-178
-201
-183
-96
-13
257
582
956
1392
1697
1977
2239
2428
2478
2352
2125
1755
1355
939
457
-37
-533
-930
-1252
-1428
-1412
-1334
-1171
-964
-777
-616
-641
-954
-1401
-1934
-2552
-3332
-4320
-5233
-5784
-6069
-6084
-5849
-5401
-4561
-3441
-2168
-794
536
1757
2837
3665
4180
4491
4627
4459
4117
3606
3049
2674
2345
2050
1818
1611
1494
1447
1345
1083
699
201
-489
-1187
-1888
-2569
-3096
-3596
-3914
-3882
-3535
-2916
-2157
-1278
-258
820
1886
2794
3482
3937
4158
4107
3743
3264
2658
1928
1189
408
-248
-635
-915
-1056
-1066
-1019
-837
-628
-425
-313
-307
-321
-398
-428
-440
-431
-323
-195
25
378
801
1292
1730
2059
2310
2502
2598
2530
2323
1957
1508
1027
487
-40
-484
-857
-1181
-1411
-1447
-1365
-1223
-960
-714
-568
-594
-873
-1255
-1748
-2419
-3217
-4180
-5085
-5799
-6198
-6179
-5912
-5396
-4629
-3581
-2244
-875
462
1691
2712
3495
3971
4263
4340
4218
3896
3348
2879
2544
2263
2103
1954
1832
1775
1705
1588
1348
941
363
-382
-1154
-1934
-2685
-3291
-3786
-4055
-4011
-3653
-2962
-2087
-1099
-53
984
1989
2846
3509
3920
3995
3815
3465
2977
2366
1656
954
355
-126
-468
-661
-725
-653
-557
-447
-338
-296
-266
-344
-508
-658
-745
-750
-722
-602
-393
-58
383
846
1368
1867
2254
2530
2697
2741
2673
2408
1968
1495
943
411
-71
-515
-823
-1111
-1257
-1317
-1291
-1091
-935
-672
-559
-683
-915
-1463
-2004
-2641
-3493
-4316
-5242
-5878
-6070
-6031
-5619
-5026
-4213
-3160
-1956
-561
709
1818
2712
3222
3643
3847
3840
3791
3444
3043
2661
2373
2287
2211
2220
2156
2073
2015
1734
1414
913
171
-598
-1542
-2396
-3082
-3616
-3893
-4040
-3804
-3252
-2518
-1496
-484
464
1401
2221
2916
3356
3551
3474
3180
2882
2366
1706
1195
734
362
67
-204
-353
-342
-258
-196
-189
-262
-364
-462
-626
-805
-916
-985
-941
-780
-523
-148
298
796
1296
1781
2208
2574
2809
2773
2694
2533
2210
1808
1302
837
405
-98
-535
-755
-928
-1086
-1127
-1101
-1014
-796
-670
-767
-1039
-1599
-2182
-2735
-3455
-4234
-5061
-5731
-6019
-6018
-5702
-5086
-4256
-3272
-2150
-914
292
1447
2374
2933
3256
3427
3518
3504
3325
3060
2782
2575
2496
2548
2617
2540
2413
2246
1913
1485
917
121
-759
-1758
-2670
-3302
-3742
-3952
-3954
-3650
-3064
-2261
-1263
-254
708
1526
2141
2662
2946
3049
3008
2751
2399
1945
1543
1271
977
717
488
290
198
114
60
-21
-232
-473
-708
-897
-1069
-1210
-1277
-1270
-1101
-811
-387
123
615
1112
1537
1935
2337
2588
2688
2647
2555
2401
2081
1747
1351
956
604
182
-175
-393
-599
-779
-907
-1007
-1006
-938
-899
-1014
-1272
-1780
-2383
-2846
-3489
-4209
-4855
-5459
-5746
-5740
-5424
-4770
-4010
-3100
-2113
-1036
108
1101
1945
2511
2851
3064
3135
3181
3139
3010
2878
2773
2738
2785
2849
2822
2642
2339
1890
1274
605
-217
-1120
-2031
-2851
-3370
-3705
-3768
-3566
-3170
-2510
-1733
-828
122
915
1539
1962
2278
2458
2472
2415
2257
2070
1874
1629
1465
1402
1226
1002
828
516
200
-61
-441
-776
-1071
-1369
-1522
-1567
-1524
-1351
-1091
-748
-300
178
613
1013
1386
1703
1969
2169
2265
2306
2284
2196
2116
1935
1721
1518
1248
985
625
221
-123
-437
-747
-1038
-1195
-1247
-1250
-1203
-1299
-1454
-1674
-2120
-2603
-3181
-3814
-4388
-4993
-5406
-5517
-5332
-4780
-4072
-3210
-2240
-1165
-66
863
1703
2296
2612
2838
2900
2899
2903
2853
2837
2774
2760
2840
2961
3005
2798
2431
1983
1355
594
-316
-1292
-2134
-2898
-3411
-3655
-3617
-3279
-2808
-2128
-1364
-540
321
1011
1521
1801
1932
2005
1952
1890
1802
1694
1716
1715
1684
1729
1670
1472
1191
750
244
-222
-733
-1236
-1602
-1883
-2016
-1917
-1705
-1349
-855
-379
83
575
1001
1336
1582
1684
1775
1868
1908
1970
1972
1956
2056
2099
1987
1866
1663
1361
977
441
-79
-527
-907
-1187
-1408
-1533
-1529
-1361
-1199
-1191
-1293
-1589
-2055
-2619
-3271
-3959
-4655
-5231
-5587
-5569
-5126
-4417
-3522
-2549
-1530
-430
560
1398
2030
2344
2464
2454
2357
2322
2415
2546
2665
2780
2981
3212
3374
3343
3066
2519
1747
863
-126
-1128
-2059
-2882
-3461
-3699
-3614
-3169
-2510
-1771
-1007
-292
379
935
1320
1484
1463
1402
1295
1211
1254
1394
1617
1877
2096
2201
2226
2073
1632
1139
468
-356
-1055
-1701
-2110
-2259
-2312
-2118
-1725
-1218
-630
-57
432
784
1066
1207
1296
1333
1293
1352
1475
1620
1828
2045
2278
2455
2432
2266
2014
1656
1196
590
-29
-590
-1044
-1313
-1502
-1576
-1435
-1216
-954
-682
-674
-870
-1319
-2093
-2806
-3507
-4302
-5038
-5628
-5778
-5449
-4720
-3818
-2848
-1764
-814
69
838
1314
1644
1719
1582
1512
1559
1820
2161
2547
2952
3313
3690
3909
3961
3731
3094
2270
1224
102
-904
-1889
-2592
-3083
-3365
-3244
-2864
-2167
-1463
-891
-333
55
386
582
579
578
511
506
631
913
1393
1897
2403
2769
2936
2956
2697
2197
1396
476
-449
-1347
-1952
-2353
-2512
-2379
-2090
-1606
-1016
-439
44
398
640
668
678
700
694
771
868
1120
1522
1850
2231
2546
2698
2741
2551
2221
1792
1249
702
114
-456
-890
-1156
-1233
-1226
-1166
-1001
-761
-569
-488
-553
-861
-1455
-2294
-3127
-3756
-4279
-4775
-5212
-5301
-4850
-4048
-3147
-2282
-1479
-778
-269
113
447
726
862
900
999
1260
1756
2401
3043
3516
3776
3937
3970
3726
3271
2565
1649
664
-299
-1108
-1675
-1998
-2181
-2269
-2192
-1902
-1456
-1084
-876
-684
-567
-525
-446
-329
-114
166
493
878
1366
1942
2462
2857
2958
2777
2457
1943
1359
636
-161
-792
-1290
-1574
-1639
-1527
-1276
-977
-734
-573
-430
-279
-172
-121
-101
-45
176
474
790
1182
1571
1940
2214
2331
2427
2434
2288
2027
1640
1263
928
574
263
-70
-393
-586
-731
-807
-857
-878
-839
-878
-896
-965
-965
-1127
-1890
-2615
-3168
-3544
-3719
-4237
-4661
-4555
-4116
-3426
-2785
-2135
-1424
-836
-452
-223
171
639
920
1081
1178
1478
2074
2691
3212
3442
3499
3543
3406
3118
2633
2027
1322
416
-443
-1064
-1323
-1455
-1688
-1852
-1861
-1592
-1274
-1136
-966
-871
-816
-737
-663
-367
-13
370
791
1145
1571
2017
2439
2599
2399
2143
1721
1236
781
185
-237
-516
-790
-892
-915
-768
-516
-444
-480
-497
-433
-392
-400
-339
-221
17
275
579
970
1363
1719
1907
2025
2050
1999
1942
1786
1553
1264
976
797
566
244
-54
-306
-439
-644
-810
-820
-801
-858
-904
-948
-851
-783
-1490
-2460
-2981
-3391
-3514
-3874
-4617
-4632
-4227
-3590
-2834
-2210
-1483
-813
-477
-369
-133
335
686
848
914
1110
1709
2460
3126
3510
3592
3570
3380
3010
2472
1825
1298
584
-255
-853
-1147
-1071
-1058
-1289
-1413
-1330
-1166
-1137
-1163
-1141
-1078
-981
-912
-597
-47
504
1019
1369
1632
1915
2140
2217
2052
1678
1267
890
527
184
-36
-142
-244
-418
-590
-494
-294
-290
-420
-614
-635
-524
-522
-388
-121
204
536
715
958
1311
1598
1731
1706
1682
1656
1690
1664
1460
1265
1063
840
611
242
-113
-304
-519
-705
-831
-898
-853
-762
-801
-818
-804
-650
-879
-2035
-2872
-3244
-3386
-3395
-4085
-4531
-4029
-3410
-2681
-2026
-1410
-746
-489
-563
-595
-201
187
419
665
904
1460
2223
3004
3535
3485
3298
3052
2660
2157
1447
1001
733
176
-343
-591
-448
-240
-504
-934
-1156
-1130
-1263
-1511
-1438
-1266
-998
-789
-521
99
635
1045
1279
1351
1426
1440
1432
1346
1203
1036
816
650
517
368
258
106
-82
-346
-530
-406
-299
-384
-490
-431
-218
-102
-52
85
323
573
657
691
906
1233
1478
1523
1560
1623
1645
1619
1439
1200
958
682
390
28
-260
-388
-481
-532
-621
-665
-653
-617
-632
-689
-792
-817
-800
-1527
-2677
-3123
-3176
-3091
-3338
-4047
-3902
-3217
-2637
-2162
-1742
-1196
-832
-902
-1030
-705
-87
236
529
935
1404
2058
2610
3092
3205
2854
2504
2242
1937
1548
1221
1096
877
495
137
-7
23
-226
-752
-1199
-1313
-1264
-1381
-1327
-1025
-695
-388
-262
29
441
616
726
776
753
811
918
945
948
1010
1005
915
752
533
461
411
205
-77
-210
-165
-47
26
-54
-70
-12
-47
-132
-7
221
379
526
539
704
1074
1264
1349
1358
1286
1326
1215
937
864
797
580
301
-28
-123
-61
-150
-349
-538
-572
-616
-783
-826
-865
-855
-846
-845
-952
-1737
-2467
-2689
-2790
-2858
-3340
-3694
-3345
-2864
-2380
-1916
-1388
-967
-910
-899
-729
-279
81
239
624
1042
1510
1957
2382
2721
2615
2407
2155
1896
1668
1337
1178
1071
764
504
339
227
9
-346
-671
-935
-1036
-1082
-1119
-942
-737
-500
-322
-142
132
239
293
345
328
309
437
583
650
828
1010
1035
990
829
751
715
530
297
148
137
183
300
296
271
348
249
108
99
124
155
246
334
492
710
841
997
1080
997
895
751
606
509
409
272
197
159
58
11
-46
-93
-153
-340
-504
-620
-748
-808
-834
-860
-782
-720
-1004
-1607
-2148
-2512
-2787
-2968
-3092
-3139
-3197
-3244
-2835
-1905
-1069
-723
-675
-565
-243
132
511
967
1224
1201
1256
1654
2183
2438
2479
2417
2210
1902
1561
1401
1277
913
490
176
-36
-317
-524
-596
-726
-889
-1071
-1172
-1103
-947
-759
-561
-385
-252
-121
80
238
387
516
512
580
725
875
1067
1174
1176
1097
996
915
753
582
419
271
169
84
93
161
223
264
229
144
48
45
140
225
327
370
422
555
730
840
823
759
646
490
337
290
276
148
-1
-89
-115
-99
-116
-221
-390
-608
-838
-921
-879
-831
-739
-742
-770
-753
-853
-1031
-1268
-1563
-1731
-1886
-1989
-1935
-1891
-1670
-1375
-1120
-927
-919
-920
-793
-617
-463
-308
-144
37
354
719
964
1101
1123
1085
1055
1026
971
890
808
778
836
866
855
830
675
437
225
68
-29
-140
-264
-269
-188
-140
-93
-109
-181
-219
-271
-316
-259
-207
-178
9
242
431
599
673
729
790
766
732
676
613
633
705
821
889
890
936
889
787
671
491
389
276
257
304
278
278
286
296
251
119
-2
-111
-223
-333
-308
-228
-168
-108
-121
-91
-103
-154
-185
-231
-319
-422
-466
-455
-405
-367
-384
-425
-443
-462
-545
-720
-859
-1056
-1230
-1275
-1328
-1328
-1331
-1362
-1334
-1260
-1193
-1081
-978
-917
-849
-757
-595
-383
-172
-12
97
231
350
438
520
550
637
721
734
750
797
835
854
876
807
725
656
542
515
465
386
318
249
185
111
119
117
68
-23
-74
-65
-68
-33
73
183
182
208
269
322
363
343
358
406
407
425
476
496
546
629
632
637
634
533
462
412
397
381
281
233
340
361
189
82
57
51
0
-140
-190
-230
-309
-280
-250
-184
-190
-348
-362
-355
-436
-480
-554
-571
-596
-608
-537
-516
-487
-461
-528
-540
-538
-560
-542
-538
-502
-406
-346
-363
-344
-315
-309
-272
-249
-251
-223
-166
-103
-59
-35
6
82
121
94
36
-21
-34
-22
-5
23
72
92
78
80
108
145
156
159
186
129
98
146
153
155
122
119
141
122
79
46
83
90
40
33
68
95
66
38
70
95
101
144
189
200
196
237
304
337
307
314
380
381
411
437
435
447
450
427
387
336
286
264
224
177
112
85
89
36
-18
-41
-91
-129
-131
-153
-162
-162
-172
-167
-128
-133
-153
-169
-212
-196
-197
-201
-159
-154
-159
-164
-172
-148
-187
-242
-210
-213
-230
-238
-251
-192
-171
-206
-207
-169
-113
-82
-97
-127
-135
-111
-81
-41
-21
-59
-29
-23
-119
-137
-98
-51
-32
-44
-31
-11
19
4
-20
-12
-20
-8
-8
-29
-38
-38
-14
-42
-61
-6
-17
-48
-17
-37
-52
-36
-32
-33
-36
-18
21
58
80
94
94
76
72
97
143
155
155
190
215
226
271
274
229
241
251
253
246
237
251
244
204
141
121
107
81
69
27
-18
-14
-22
-52
-53
-69
-88
-73
-37
-25
-50
-73
-76
-86
-68
-42
-39
0
-10
-53
-44
-45
-60
-56
-77
-87
-112
-147
-110
-44
-43
-77
-50
-2
13
12
8
34
29
-31
-61
-64
-44
10
16
-10
-7
-60
-71
4
14
18
34
-8
9
58
27
-19
-22
0
23
6
-22
-22
-52
-80
-69
-83
-102
-110
-112
-127
-154
-150
-134
-136
-140
-116
-132
-146
-101
-62
-21
35
50
37
27
21
80
155
148
146
126
94
139
164
169
166
105
88
108
110
80
25
15
16
15
23
4
-25
-6
9
-14
-17
8
6
30
65
57
34
-31
-88
-63
-35
-3
39
-64
-130
-88
-49
24
56
-32
-171
-208
-136
-60
10
32
40
10
-81
-29
87
111
93
66
70
65
90
139
113
98
67
67
74
12
21
22
39
115
78
17
19
-2
-11
51
87
46
-26
-111
-93
23
80
26
-35
-119
-200
-169
-80
-43
-83
-184
-263
-214
-153
-112
-26
-43
-141
-210
-224
-89
70
146
116
44
21
60
137
177
160
105
98
143
126
77
98
173
231
199
104
28
-52
-71
-7
25
11
-89
-152
-119
-77
-34
-22
-61
-182
-228
-197
-127
12
10
-85
-101
-60
2
24
-20
-83
-149
-107
-35
11
72
68
50
5
-54
-40
0
36
77
73
32
30
110
143
121
125
52
6
71
77
43
47
65
84
110
94
42
70
117
114
98
18
-13
71
136
133
95
64
56
61
27
-42
-90
-103
-112
-110
-100
-108
-127
-120
-118
-145
-169
-172
-129
-111
-134
-126
-95
-57
-17
-2
30
51
40
42
58
92
100
58
47
77
93
112
99
94
85
34
30
62
51
31
47
20
-18
-35
-49
-80
-112
-104
-111
-104
-78
-92
-103
-65
-31
-45
-80
-103
-85
-38
-44
-64
-65
-88
-119
-106
-65
-34
-5
-1
-24
-15
24
53
60
46
55
88
92
120
162
149
125
124
115
89
81
79
107
111
83
81
79
74
40
15
25
35
51
46
32
41
25
4
9
13
8
-17
-34
-22
-26
-52
-77
-80
-82
-80
-68
-77
-99
-125
-145
-122
-79
-69
-62
-38
-46
-30
-5
-4
15
-10
-22
-14
-17
17
40
49
62
69
61
43
45
55
77
107
92
75
61
38
37
4
-2
4
-34
-33
-18
-20
-12
-35
-64
-77
-79
-80
-65
-50
-72
-108
-126
-96
-67
-72
-89
-93
-92
-87
-61
-8
23
-11
-51
-24
34
66
84
85
85
89
90
102
126
128
134
108
70
94
114
87
62
34
11
34
33
4
1
-5
17
54
12
-18
-10
-8
-4
-15
-17
-35
-23
1
-25
-39
-30
-25
-26
-53
-74
-70
-69
-74
-84
-66
-58
-67
-52
-41
-39
-42
-41
-26
-6
18
30
11
22
50
68
75
63
64
49
36
46
52
66
60
50
67
51
30
31
6
0
-17
-24
-11
-19
-19
-17
-17
-2
2
-47
-60
-57
-57
-38
-40
-36
-46
-50
-40
-38
-42
-41
-34
-49
-61
-68
-56
-33
-44
-57
-32
13
30
37
30
38
80
70
43
47
68
96
92
67
74
93
71
53
34
18
12
-10
17
33
-5
-9
-4
-24
0
9
-16
10
-2
-43
-44
-27
-23
-17
-12
-36
-32
-40
-48
-20
-33
-57
-51
-42
-44
-46
-27
5
8
3
-10
-18
2
37
42
30
44
39
28
39
49
51
46
38
38
32
28
33
13
25
26
-4
0
14
11
-6
-17
-30
-45
-49
-54
-57
-32
-42
-68
-61
-67
-53
-40
-49
-41
-41
-51
-28
-13
-25
-25
-24
2
-9
-67
-58
-24
-12
20
26
10
36
60
60
60
64
69
78
103
103
87
107
105
74
66
62
52
60
67
40
12
-1
-3
-4
-7
-11
-21
-30
-37
-22
-16
-33
-52
-58
-23
-4
-8
-15
-35
-40
-38
-63
-71
-65
-50
-41
-52
-17
-5
-42
-43
-64
-58
-20
-31
-31
-11
-3
-4
8
22
17
19
27
40
58
71
71
45
55
71
43
35
65
55
23
23
24
13
-5
-40
-69
-61
-49
-54
-49
-48
-56
-62
-71
-75
-57
-50
-78
-62
-36
-34
-31
-40
-32
-29
-46
-20
20
15
11
13
30
48
42
67
95
111
127
101
80
103
119
109
97
73
51
59
53
47
56
40
22
12
6
-6
-31
-38
-47
-28
-20
-48
-55
-29
-9
-17
-33
-51
-41
-19
-18
-26
-18
-28
-32
-20
-46
-49
-64
-85
-73
-80
-71
-61
-54
-18
-19
-34
-30
-41
-40
-31
-14
10
30
55
62
50
46
46
40
40
27
44
46
39
69
70
47
37
27
18
27
20
-5
-13
-9
-3
-13
-10
12
-10
-15
-8
-52
-68
-50
-37
-27
-58
-84
-67
-42
-19
-25
-58
-77
-74
-57
-34
-13
19
41
41
44
51
55
68
79
75
75
67
58
77
88
77
79
87
62
31
19
5
-2
-7
-21
-22
-24
-34
-23
-31
-40
-27
-39
-32
-21
-22
-3
-14
-4
23
20
29
22
9
-8
-30
-29
-30
-41
-47
-36
-22
-42
-37
-27
-56
-70
-57
-25
3
-2
-18
-5
25
25
7
8
9
11
21
27
43
53
52
50
53
50
43
39
21
9
15
10
-1
-26
-43
-32
-38
-45
-39
-64
-49
-21
-26
-23
-23
-11
5
-6
-20
-40
-32
-32
-38
-19
-37
-37
-15
-25
-9
8
-6
14
28
36
60
50
48
57
35
31
31
41
52
46
58
62
50
25
10
19
25
4
13
30
3
-17
-21
-12
6
8
20
32
19
4
-5
-12
-15
-14
-15
-14
-18
-20
-27
-36
-29
-30
-25
-29
-28
-26
-46
-30
-13
-15
0
0
-9
-1
-13
-19
-12
-10
17
18
-3
-6
5
19
4
-4
3
17
4
-15
19
47
40
18
5
5
1
3
-12
-16
7
10
2
-2
1
-9
-18
-16
-23
-36
-34
-28
-27
-28
-60
-67
-54
-65
-52
-42
-35
-21
-27
-22
16
29
33
51
59
75
89
82
88
85
70
75
71
64
57
50
50
50
41
29
-5
-36
-32
-37
-50
-42
-33
-39
-45
-44
-36
-21
-26
-31
-30
-33
-22
-1
10
3
4
11
0
-13
-1
7
-20
-41
-17
2
-14
-19
-31
-13
0
-14
-12
-20
-22
-14
-3
-11
-20
8
29
11
-5
2
14
23
32
28
33
48
59
56
33
30
40
41
35
20
21
17
2
-26
-28
-8
-30
-47
-30
-19
-36
-62
-62
-47
-51
-44
-38
-42
-38
-36
-46
-51
-35
-24
-11
8
14
28
56
68
53
50
59
63
68
67
64
72
75
74
62
68
79
54
31
15
-8
-15
-29
-63
-66
-50
-49
-52
-56
-76
-84
-59
-45
-52
-44
-36
-24
-1
-2
-17
-6
7
-11
-9
4
-7
-3
10
12
6
-3
-2
-12
-13
-10
-34
-22
4
-14
-24
-4
-3
15
28
3
9
28
34
12
5
14
5
17
24
16
24
36
38
40
47
35
30
56
59
35
30
37
18
-16
-24
-25
-25
-30
-52
-56
-42
-50
-37
-47
-73
-73
-86
-76
-64
-61
-44
-36
-19
-3
-5
34
60
54
54
54
77
106
102
95
106
113
120
91
64
76
87
62
33
14
-5
-22
-29
-21
-35
-52
-57
-68
-80
-101
-86
-61
-64
-67
-54
-49
-44
-24
-31
-40
-29
-9
-2
8
12
3
4
22
24
1
-2
-16
-16
-10
-16
-6
1
2
-8
-14
-23
-53
-35
-9
-23
-28
-23
-26
-34
-20
-18
-11
9
-1
14
31
34
46
49
55
72
65
49
59
62
35
26
30
28
31
19
24
38
3
-14
-5
-24
-48
-68
-53
-38
-38
-32
-44
-45
-35
-43
-40
-27
-19
-4
4
27
48
37
46
59
49
59
71
63
71
81
67
61
56
59
66
50
42
2
-28
-22
-22
-35
-63
-70
-54
-48
-73
-78
-53
-56
-50
-46
-42
-27
-42
-10
11
-11
14
22
17
18
-17
-8
22
5
-6
1
-5
-5
4
-14
-27
-21
-17
-7
1
-15
-25
-30
-22
-15
-30
-23
-17
-12
-4
-26
-25
-4
6
-1
-24
1
25
30
50
38
24
43
23
22
46
32
43
51
34
41
27
3
22
31
9
-4
-6
8
0
-22
-31
-41
-34
-44
-56
-42
-43
-45
-24
-17
-10
8
7
34
53
41
50
49
51
56
33
28
38
27
27
44
40
24
-8
-26
-16
-23
-27
-35
-38
-20
-22
-44
-40
-30
-24
-24
-7
-13
-38
-10
-4
-5
21
7
5
19
11
7
-2
6
20
8
-9
-21
-22
1
-13
-24
4
-4
-17
-26
-21
-11
-12
-4
1
12
21
-6
-27
-6
-5
-11
-8
-16
13
25
-1
8
9
-11
3
12
-3
3
24
20
17
24
9
11
18
-7
-1
15
6
15
2
-4
6
-20
-14
-1
5
19
-5
-31
-34
-25
-10
-15
14
30
19
35
37
32
28
