-2
20
17
-9
8
0
9
-6
-24
11
-8
-30
-7
-9
-26
-15
-12
-18
-31
-36
-16
-40
-61
-27
-23
-54
-41
-38
-48
-31
-53
-47
-34
-54
-36
-48
-68
-28
-65
-67
-39
-66
-57
-70
-57
-51
-57
-46
-32
-26
-46
-20
-18
-34
-22
-13
0
-10
-6
21
14
-12
18
25
5
19
16
9
-5
-18
-6
-20
-43
-15
-19
-48
-31
-29
-41
-46
-62
-56
-40
-52
-33
-30
-28
-9
-21
-2
12
7
17
26
54
75
79
85
94
98
90
95
109
114
116
109
105
113
104
106
107
91
83
68
75
64
36
53
41
44
51
26
38
23
4
19
8
-1
21
13
5
7
-10
-1
9
-8
-6
-2
-6
-3
-9
-13
-16
-9
-27
-34
-1
-16
-21
-16
-26
-25
-48
-34
-5
-57
-52
-12
-48
-44
-46
-34
-15
-74
-47
-32
-72
-46
-49
-72
-68
-46
-61
-82
-58
-56
-74
-77
-62
-40
-54
-66
-51
-30
-29
-40
-35
-31
-29
-37
-13
-10
-24
23
27
-3
4
32
38
1
-13
10
-1
-33
-9
-20
-56
-46
-45
-48
-44
-51
-57
-72
-74
-65
-68
-50
-46
-35
-24
-25
-12
1
14
18
35
59
72
80
100
110
110
125
129
134
133
129
142
129
144
155
115
127
129
101
85
74
101
88
41
66
72
46
58
49
47
49
21
44
32
6
30
13
11
16
-8
-8
1
5
-19
-30
-1
-6
-35
-15
9
-41
-56
-18
-20
-64
-48
9
-29
-64
-33
-15
-59
-72
-35
-34
-48
-36
-50
-71
-48
-53
-66
-74
-58
-61
-82
-91
-51
-47
-95
-70
-72
-73
-60
-89
-75
-43
-58
-78
-44
-47
-68
-40
-32
-31
-32
-33
8
-4
-49
12
24
-1
35
13
4
4
-35
-10
-14
-53
-28
-41
-44
-38
-58
-32
-55
-89
-85
-79
-77
-70
-58
-62
-52
-34
-42
-27
-7
-2
24
36
65
88
92
133
143
134
146
157
152
141
162
173
161
165
171
153
133
139
133
88
90
116
95
58
56
95
63
33
72
48
32
35
55
68
11
59
54
-2
34
12
22
22
4
20
-25
-62
-12
5
-51
-48
11
-27
-73
-33
-37
-47
-56
-64
-43
-64
-37
-46
-92
-16
-40
-55
-35
-103
-8
-5
-145
-37
-22
-105
-71
-78
-92
-90
-100
-58
-92
-152
-60
-87
-108
-60
-83
-96
-100
-30
-28
-124
-52
-16
-78
-35
-33
-27
-14
-28
26
11
-4
29
15
29
-19
-30
-15
-69
-37
-30
-68
-33
-63
-60
-42
-100
-77
-84
-104
-78
-68
-63
-64
-52
-46
-60
-29
3
14
36
53
81
98
129
149
166
195
199
196
180
191
219
200
182
183
183
172
167
155
128
131
94
80
105
76
98
81
37
94
80
44
67
88
65
11
58
76
-5
28
40
-5
58
24
-13
20
-7
-32
-53
-20
-11
-37
-36
-73
8
-9
-113
-36
-69
-50
-17
-103
-32
-39
-83
-52
-84
-47
-62
-91
-86
-45
-57
-136
-54
-74
-127
-81
-144
-118
-93
-124
-88
-151
-132
-75
-159
-92
-92
-136
-76
-112
-66
-81
-67
-33
-105
-15
26
-58
-46
-2
45
-2
-12
78
30
25
16
-36
-18
-32
-31
-38
-38
-44
-74
-70
-46
-50
-78
-80
-100
-109
-104
-77
-87
-49
-33
-59
-27
-5
15
2
45
54
70
133
147
170
191
199
202
174
191
232
209
210
204
228
228
157
165
175
158
110
122
164
122
115
95
93
132
63
75
110
73
99
17
51
109
33
54
16
13
79
-9
-38
22
-5
-7
-71
-22
43
-118
-55
30
-126
-56
51
-108
-85
-15
-102
-90
-76
-52
-41
-131
-111
15
-97
-125
-7
-97
-117
-67
-67
-136
-155
-74
-94
-179
-134
-81
-167
-141
-113
-169
-104
-109
-121
-58
-135
-102
-58
-151
-46
-66
-88
5
-94
-52
30
-49
-22
49
21
23
35
87
41
-28
25
-37
-60
-9
-11
-59
-70
-16
-31
-80
-75
-57
-97
-134
-112
-88
-79
-42
-46
-85
-27
-21
-33
17
49
54
69
94
132
199
197
211
189
185
235
180
205
222
187
242
217
168
207
185
139
128
103
158
157
93
152
141
76
103
132
105
73
115
82
31
138
39
-6
145
-21
28
145
-68
54
92
-107
70
-10
-115
81
-119
-93
25
-106
-71
-54
-66
-64
-122
-77
-50
-117
-108
-88
-68
-65
-106
-115
-54
-121
-147
-88
-113
-103
-135
-127
-105
-165
-146
-123
-171
-173
-87
-183
-218
-86
-94
-183
-153
-95
-144
-74
-56
-104
-59
5
-27
-55
21
28
5
-8
23
64
-7
15
109
20
-12
-26
-72
-3
-30
-58
-79
-50
-36
-71
-67
-94
-101
-127
-153
-137
-59
-59
-73
-70
-43
31
-10
15
65
53
79
115
154
202
212
195
202
200
217
216
191
211
241
200
203
182
173
212
147
161
167
126
166
164
119
151
155
106
104
162
121
108
140
67
133
96
-5
121
35
10
82
13
65
-8
-68
52
-71
-131
83
-59
-105
42
-86
-72
-36
-61
7
-230
-60
96
-220
-106
-89
-90
-78
-199
-63
-90
-162
-47
-147
-147
-142
-131
-132
-201
-71
-162
-231
-141
-148
-120
-186
-189
-74
-190
-157
-46
-130
-83
-95
-123
-28
-107
-43
-8
-48
-24
-29
56
-8
-21
47
51
40
22
67
45
-57
-3
-45
-61
-10
-62
-65
-83
-41
-74
-103
-77
-49
-88
-143
-55
-75
-64
-19
-74
-18
0
-11
22
38
79
81
66
179
200
164
221
194
208
221
197
168
225
267
195
182
227
263
187
149
201
162
122
193
120
146
191
97
174
105
108
142
44
133
118
77
100
22
107
71
14
45
14
138
-86
-47
108
-99
62
-115
-115
127
-199
-28
3
-184
72
-133
-141
85
-229
-116
47
-194
-79
-45
-126
-129
-93
-97
-141
-192
-175
-56
-231
-188
8
-280
-203
-52
-269
-143
-217
-186
-89
-252
-106
-120
-210
-82
-148
-174
-38
-92
-104
-6
-52
-45
-1
-28
-21
-39
24
52
5
34
97
-2
-51
11
-46
-36
-20
-26
-54
-28
-25
-84
-46
-83
-74
-103
-137
-58
-109
-35
-4
-73
-17
-52
-42
32
-4
63
117
89
195
176
162
261
176
183
260
177
238
276
203
243
243
214
219
179
195
240
150
150
239
170
154
198
123
168
112
92
228
31
154
191
-19
187
48
67
139
-39
121
-14
-60
150
-55
-82
16
-1
-71
-166
67
-23
-162
-47
-112
-7
-124
-169
39
-216
-116
41
-310
-63
-39
-196
-24
-183
-63
-142
-162
11
-213
-200
-48
-86
-219
-138
-133
-173
-136
-206
-136
-193
-188
-32
-242
-197
28
-224
-89
-38
-204
13
-104
-87
35
-114
21
-3
-119
85
4
-22
77
-27
21
-22
-69
-45
-18
-20
-72
-64
-53
-34
-123
-110
-56
-126
-137
-91
-118
-62
-13
-91
-34
-25
-46
-23
26
67
75
90
104
188
148
180
250
182
224
264
211
233
233
264
273
157
250
286
162
217
186
149
232
144
171
220
129
171
141
136
214
118
146
178
88
167
147
77
118
50
101
67
5
68
23
22
-48
55
19
-135
25
-33
-94
-54
-110
-44
-55
-87
-95
-179
-67
-36
-180
-54
-99
-185
-9
-211
-142
-50
-284
-39
-184
-272
-44
-277
-167
-110
-265
-127
-186
-258
-146
-147
-212
-196
-181
-131
-122
-216
-122
-77
-180
-99
-11
-132
-96
-6
-50
40
-47
-16
61
-18
50
29
-24
18
-36
-88
-4
-39
-63
-52
-82
-95
-77
-74
-97
-55
-122
-89
-94
-121
-20
-93
-40
-20
-46
23
-2
22
76
113
107
124
185
214
224
175
211
262
177
197
268
216
234
242
165
211
236
198
213
178
231
248
127
209
195
153
222
131
173
251
105
122
179
126
123
64
159
152
-3
120
91
0
78
-20
47
4
-46
76
-106
14
58
-141
-53
-60
-36
-45
-210
-135
28
-138
-176
-15
-172
-114
-58
-158
-105
-246
-42
-78
-338
-27
-184
-264
-52
-244
-168
-156
-272
-135
-198
-237
-147
-304
-184
-122
-254
-55
-173
-165
-87
-171
10
-126
-128
7
-140
16
-3
-77
43
1
45
11
10
65
-57
-65
14
-36
-28
-24
-77
-11
-58
-114
-59
-108
-76
-87
-152
-74
-76
-59
-44
-89
-55
-21
-27
-31
48
101
90
112
142
197
179
187
243
142
226
214
171
283
199
250
297
158
236
276
171
246
212
159
182
175
240
230
132
247
212
67
267
159
40
262
110
56
214
86
109
119
8
92
42
-2
107
-13
-88
50
-34
-56
34
-106
-96
-53
-68
-61
-151
-58
-109
-100
-59
-169
-80
-105
-102
-146
-159
-80
-175
-155
-77
-218
-156
-80
-200
-126
-166
-223
-151
-212
-218
-182
-276
-118
-176
-250
-109
-233
-95
-146
-215
-70
-125
-102
-47
-74
-92
-48
-47
-19
17
-24
14
44
-23
-20
18
-84
-66
-16
-51
-2
-56
-56
-27
-90
-122
-77
-110
-62
-136
-149
-36
-99
-37
-75
-73
-28
-15
4
49
94
93
107
124
164
190
161
170
242
179
212
269
208
267
225
165
285
216
164
312
187
132
277
124
165
280
158
185
167
223
271
131
252
167
94
260
109
141
202
86
124
136
47
107
66
-40
109
-43
-88
145
-107
-73
98
-160
-114
20
-128
-106
-67
-155
6
-127
-151
-72
-167
-15
-216
-218
-37
-192
-182
-169
-211
-185
-160
-152
-207
-270
-128
-167
-297
-180
-151
-179
-248
-157
-88
-255
-114
-89
-256
-14
-146
-186
21
-156
-29
-44
-91
56
-86
-14
84
-94
39
15
-120
4
-132
-27
9
-87
-34
-117
-97
-66
-122
-176
-86
-107
-161
-123
-109
-88
-83
-81
-95
-45
-41
41
46
46
172
117
107
161
186
228
202
203
283
233
228
278
287
259
246
242
238
333
228
221
266
142
164
166
147
221
175
117
209
215
213
216
125
258
198
22
241
130
132
189
-99
191
127
-129
201
-94
-14
225
-266
56
41
-206
145
-231
-102
123
-353
1
-18
-202
83
-199
-116
29
-202
-121
-170
-149
-115
-203
-128
-114
-149
-178
-208
-230
-195
-217
-270
-232
-124
-243
-199
-197
-293
-72
-199
-227
-65
-114
-106
-112
-119
-21
-79
-143
27
-2
-21
53
8
7
54
-37
-126
-101
-80
-42
-127
-106
-77
-175
-223
-204
-217
-233
-177
-278
-219
-156
-189
-135
-192
-172
-139
-156
-84
40
37
91
109
105
207
191
217
313
303
316
338
309
380
369
345
407
316
376
429
311
403
385
275
325
318
271
362
328
231
305
216
274
290
108
277
219
73
171
118
102
106
62
69
52
6
-3
-23
-69
-6
-122
-76
-1
-144
-47
-72
-91
-68
-168
-67
-94
-170
-59
-53
-94
-126
-109
-92
-71
-209
-136
-60
-222
-148
-201
-214
-183
-311
-258
-222
-269
-252
-239
-225
-305
-265
-185
-252
-224
-154
-249
-155
-128
-163
-95
-126
-31
-91
-100
44
35
-8
6
-138
-151
-187
-195
-37
-141
-174
-202
-265
-233
-269
-333
-273
-268
-336
-356
-331
-262
-228
-265
-298
-254
-209
-143
-33
39
140
126
104
173
242
332
338
420
434
458
513
489
526
564
527
481
516
551
504
500
492
396
453
414
300
407
433
332
320
266
309
310
178
213
256
164
126
122
127
145
28
-11
66
-19
-70
72
-6
-116
-90
-99
-45
-119
-74
-31
-115
-92
-139
-105
-144
-23
6
-99
-66
-169
-101
-11
-118
-138
-187
-140
-105
-200
-84
-208
-282
-185
-282
-263
-199
-232
-291
-272
-268
-324
-228
-307
-347
-151
-251
-237
-107
-237
-90
-119
-192
26
-56
-114
-56
-245
-435
-354
-283
-154
-197
-361
-369
-410
-507
-513
-525
-468
-393
-600
-566
-452
-416
-358
-479
-450
-314
-271
-181
-34
125
159
87
116
252
443
516
620
682
643
671
555
710
909
765
806
813
838
876
750
727
669
556
599
520
562
641
455
403
234
233
287
171
214
208
120
33
65
123
-75
-42
54
-38
57
-38
-31
21
-221
-99
-71
-132
132
17
-66
50
-23
-21
-11
-85
35
40
-129
135
64
-184
-48
-230
-47
22
-330
-9
-170
-303
-84
-513
-229
-208
-587
-87
-254
-451
-290
-513
-308
-408
-477
-225
-330
-175
-243
-221
-112
-294
-38
-154
-129
-91
-600
-490
-594
-411
-103
-549
-600
-669
-774
-631
-935
-835
-600
-820
-845
-951
-744
-527
-671
-747
-691
-447
-353
-270
10
166
220
80
195
562
683
861
923
1005
1104
1011
1062
1193
1292
1326
1259
1306
1343
1227
1097
1028
961
860
745
759
769
622
434
296
225
179
133
43
143
90
-137
-187
-195
-177
-141
-219
-225
-84
-127
-158
-235
-161
-76
-199
-145
112
308
226
-16
32
291
88
78
226
141
383
189
-83
205
30
-29
11
-123
236
40
-433
-165
-224
-314
-201
-510
-401
-280
-453
-304
-366
-511
-458
-671
-606
-354
-380
-320
-469
-500
-271
-444
-542
-651
-987
-1017
-862
-595
-585
-927
-1178
-1261
-1174
-1265
-1271
-1000
-950
-1118
-1330
-1303
-870
-715
-915
-867
-643
-357
-263
-176
139
332
276
314
634
1053
1341
1326
1307
1388
1371
1415
1661
1854
2013
1898
1723
1708
1589
1534
1464
1362
1306
1112
869
877
689
381
205
67
206
201
-58
-69
-164
-385
-558
-628
-419
-289
-384
-357
-336
-358
-385
-486
-312
-32
127
115
88
277
414
336
316
363
487
613
511
471
642
523
289
252
316
506
402
178
86
8
-91
-221
-282
-329
-307
-361
-630
-656
-512
-585
-687
-830
-795
-628
-809
-793
-596
-625
-761
-1030
-1159
-1311
-1494
-1353
-1009
-823
-1213
-1771
-1847
-1612
-1404
-1509
-1531
-1305
-1331
-1527
-1647
-1331
-812
-829
-1002
-823
-382
41
88
103
369
606
690
890
1362
1768
1801
1614
1516
1694
1878
2020
2231
2310
2237
1981
1829
1815
1780
1708
1613
1519
1394
1153
926
684
394
213
116
93
43
-128
-358
-554
-739
-872
-833
-688
-626
-608
-703
-708
-699
-636
-461
-363
-142
-2
41
198
349
508
582
576
743
897
1043
1023
960
1040
1043
937
764
729
843
685
512
388
196
164
-19
-261
-292
-337
-466
-593
-780
-756
-806
-1092
-1114
-1011
-987
-889
-1022
-1070
-1043
-1298
-1480
-1797
-1964
-1756
-1507
-1304
-1537
-2154
-2374
-2228
-1920
-1798
-1891
-1714
-1558
-1732
-1898
-1725
-1105
-712
-860
-811
-400
130
328
291
477
941
1233
1375
1656
2148
2368
2162
1861
1952
2377
2581
2620
2440
2394
2226
1910
1733
1712
1743
1683
1420
1115
922
691
397
66
-96
-38
-37
-163
-392
-623
-781
-1008
-1072
-939
-754
-717
-788
-885
-791
-592
-501
-409
-245
-28
124
182
370
687
845
907
936
1089
1246
1282
1333
1437
1406
1271
1137
1068
1080
1057
900
650
522
274
114
-69
-246
-319
-485
-639
-816
-968
-1022
-1070
-1285
-1211
-1301
-1459
-1369
-1277
-1125
-1322
-1774
-2211
-2475
-2208
-1717
-1449
-1626
-2292
-2742
-2818
-2494
-2046
-1912
-1820
-1856
-2085
-2145
-1957
-1404
-949
-887
-845
-543
-76
312
536
693
1010
1248
1636
2068
2463
2617
2562
2364
2334
2642
2885
3083
2971
2742
2475
2253
2122
2056
1948
1832
1543
1132
836
615
440
128
-140
-236
-361
-575
-824
-957
-1007
-1187
-1376
-1356
-1137
-1004
-1018
-1097
-951
-712
-614
-470
-264
-76
75
162
452
838
1042
1178
1218
1271
1361
1498
1647
1794
1732
1545
1453
1339
1248
1233
1075
931
749
448
254
-18
-203
-315
-567
-665
-664
-956
-1243
-1454
-1427
-1203
-1407
-1512
-1424
-1601
-1793
-2292
-2844
-2709
-2337
-1924
-1801
-2473
-3108
-3258
-3019
-2426
-2254
-2381
-2231
-2194
-2288
-2219
-1900
-1161
-715
-853
-723
-223
318
654
674
926
1583
1917
2139
2441
2635
2859
2772
2630
2917
3242
3359
3211
2805
2629
2506
2350
2325
2184
1970
1605
1081
758
679
550
292
-130
-504
-565
-676
-935
-1133
-1187
-1192
-1362
-1550
-1496
-1262
-1110
-1135
-1170
-938
-573
-388
-381
-245
23
252
468
748
1104
1328
1337
1308
1422
1614
1836
1935
1904
1847
1694
1486
1364
1351
1359
1237
882
556
402
141
-130
-375
-491
-547
-819
-1050
-1247
-1393
-1492
-1701
-1800
-1691
-1528
-1709
-2255
-3107
-3689
-3160
-2142
-1381
-1951
-3454
-4094
-3669
-2666
-2078
-2322
-2303
-2150
-2505
-2707
-2270
-1144
-208
-522
-1067
-653
246
951
938
832
1445
2064
2269
2431
2709
3074
3075
2607
2591
3249
3708
3619
2946
2422
2558
2571
2428
2242
2081
1899
1303
658
555
734
591
9
-620
-750
-548
-716
-1145
-1274
-1280
-1312
-1555
-1753
-1463
-1142
-1130
-1281
-1201
-729
-394
-402
-400
-171
239
592
749
992
1354
1440
1348
1363
1674
2102
2154
1928
1770
1755
1713
1579
1462
1441
1443
1131
648
324
202
142
-105
-441
-594
-731
-1007
-1209
-1319
-1451
-1511
-1729
-1814
-1821
-2007
-2364
-3442
-4020
-3320
-2180
-1766
-3041
-4435
-4170
-3107
-2638
-3094
-3353
-2474
-1940
-2704
-3263
-2404
-729
-120
-994
-1274
-172
902
996
609
1131
2415
2941
2559
2383
2975
3616
3452
2817
3039
3914
4103
3383
2500
2592
3117
2934
2296
1987
2077
1903
1083
355
532
879
578
-236
-801
-708
-599
-1063
-1513
-1409
-1099
-1212
-1818
-2053
-1625
-1248
-1246
-1339
-1059
-558
-478
-719
-607
-43
484
637
612
899
1358
1475
1354
1506
1974
2326
2146
1903
1962
2085
1984
1685
1571
1629
1538
1077
647
499
411
239
-239
-523
-586
-730
-920
-1244
-1399
-1448
-1607
-1795
-1740
-1676
-1861
-2816
-4240
-4282
-2867
-1546
-1927
-3913
-5043
-4361
-3321
-2953
-3193
-2996
-2408
-2904
-3955
-3679
-1987
-475
-555
-1538
-1357
-208
492
628
747
1666
2661
2651
2365
2727
3481
3826
3475
3145
3782
4428
4264
3493
2847
3114
3432
3076
2642
2507
2341
1812
873
511
891
933
371
-419
-868
-882
-1019
-1409
-1413
-1217
-1358
-1909
-2517
-2315
-1610
-1289
-1341
-1407
-1214
-973
-1014
-868
-256
357
631
571
623
1067
1532
1706
1842
2152
2477
2496
2241
2202
2357
2456
2326
2103
1972
1855
1602
1125
782
679
532
212
-223
-500
-679
-928
-1121
-1326
-1377
-1443
-1800
-2109
-2143
-1946
-1958
-3103
-4566
-4705
-3271
-1666
-2168
-4244
-5444
-4834
-3536
-3150
-3439
-3041
-2517
-3061
-4149
-3998
-2011
-171
-225
-1280
-1415
-338
598
792
1088
2124
3070
2943
2444
2638
3588
4223
3888
3479
3929
4446
4244
3381
2899
3324
3644
3239
2531
2261
2210
1804
871
462
795
903
246
-728
-1119
-989
-1115
-1589
-1720
-1459
-1426
-2063
-2787
-2655
-1903
-1392
-1378
-1469
-1299
-1072
-1139
-1073
-352
523
943
742
608
1086
1669
1948
2153
2442
2772
2753
2366
2340
2686
2931
2750
2329
2032
1977
1741
1290
1014
850
745
298
-262
-632
-776
-839
-1101
-1334
-1603
-1766
-2019
-2113
-1917
-1844
-2826
-4761
-5393
-3776
-1417
-1304
-3950
-6162
-5790
-3911
-2836
-3146
-3220
-2756
-3221
-4612
-4755
-2515
76
328
-1333
-2153
-1166
218
887
1083
1901
2893
2847
2209
2250
3403
4397
4264
3473
3587
4366
4534
3758
2971
3323
3884
3558
2611
2157
2313
2236
1320
542
766
1030
449
-654
-1169
-874
-811
-1452
-1895
-1658
-1420
-1877
-2807
-2993
-2197
-1519
-1467
-1677
-1547
-1289
-1384
-1482
-802
326
919
671
288
587
1369
1841
2051
2384
2762
2835
2377
2225
2655
3143
3133
2625
2193
2117
1977
1629
1338
1201
1003
606
-46
-460
-501
-557
-750
-1218
-1589
-1638
-1724
-1927
-1844
-1944
-2086
-3310
-4853
-4645
-3055
-1433
-2144
-4633
-5877
-5059
-3590
-2926
-3264
-3167
-2860
-3611
-4566
-3978
-1847
-93
-452
-1695
-1799
-779
297
886
1333
2180
2833
2564
2214
2621
3624
4377
4246
3680
3982
4316
4206
3561
3096
3599
3980
3431
2485
2116
2074
1911
1064
560
862
906
166
-880
-1303
-1070
-1147
-1692
-1809
-1544
-1531
-2179
-3042
-2936
-2045
-1463
-1508
-1652
-1523
-1355
-1466
-1393
-517
430
760
488
291
752
1499
1915
2191
2470
2669
2625
2325
2383
2858
3217
2998
2420
2042
2009
1979
1728
1370
1188
885
435
-158
-549
-407
-539
-838
-1257
-1628
-1570
-1769
-2020
-1846
-1970
-2079
-3239
-4705
-4489
-3237
-1771
-2179
-4232
-5435
-5065
-3904
-2975
-2943
-2839
-2685
-3590
-4335
-3752
-2006
-222
-193
-1169
-1420
-875
-41
807
1540
2411
2909
2506
2259
2606
3364
4186
4276
3870
3991
3976
3879
3535
3170
3568
3747
3269
2505
2024
1916
1853
1151
637
760
648
122
-730
-1219
-1070
-1155
-1632
-1767
-1599
-1547
-2080
-2904
-2878
-2101
-1470
-1326
-1503
-1526
-1369
-1415
-1259
-434
480
900
603
300
691
1441
1987
2281
2474
2640
2579
2305
2362
2762
3125
3006
2475
2025
1925
1812
1591
1340
1123
844
392
-251
-553
-622
-644
-795
-1315
-1655
-1845
-1879
-1772
-1758
-1983
-2606
-4146
-4942
-4053
-2403
-1578
-3153
-5121
-5467
-4628
-3493
-3116
-3076
-2650
-3057
-4231
-4454
-3096
-1042
-115
-764
-1305
-1078
-447
308
1160
2052
2924
2972
2468
2517
3092
3929
4370
4167
4053
4328
4171
3842
3352
3391
3901
3687
2905
2234
1950
1842
1450
699
610
726
288
-485
-1168
-1233
-1116
-1599
-1992
-1819
-1643
-1835
-2563
-3028
-2496
-1869
-1588
-1466
-1365
-1200
-1249
-1423
-956
122
811
952
698
692
1230
1717
2098
2579
2816
2862
2583
2284
2556
2977
3093
2844
2385
1982
1822
1523
1288
1146
874
557
18
-506
-713
-750
-861
-1166
-1598
-1824
-1844
-1918
-1953
-2059
-2287
-3486
-4825
-4724
-3144
-1547
-2533
-4970
-5946
-4776
-3181
-3050
-3756
-3389
-2688
-3294
-4348
-3899
-1648
84
-460
-1621
-1361
-45
835
928
1336
2555
3367
2939
2471
2936
4015
4649
4239
3718
4182
4603
4365
3508
3061
3694
4028
3284
2152
1841
1961
1699
688
110
485
507
-367
-1406
-1637
-1276
-1455
-2199
-2313
-1829
-1754
-2474
-3244
-2929
-1907
-1481
-1671
-1670
-1217
-894
-1104
-1081
-121
897
1229
924
794
1424
2119
2300
2442
2872
3193
3062
2527
2485
3023
3294
2978
2462
2143
2087
1706
1131
903
892
770
152
-573
-826
-888
-1112
-1380
-1684
-1774
-1957
-2151
-2188
-2112
-2665
-4403
-5328
-4493
-2542
-1773
-3729
-5592
-5556
-4566
-3715
-3815
-3488
-2373
-2734
-4272
-4714
-3211
-691
198
-783
-1073
-460
168
534
1000
2324
3716
3547
2818
2782
3557
4542
4649
4079
4163
4655
4508
3977
3216
3396
3876
3365
2472
2048
2067
1843
814
-87
139
327
-311
-1247
-1694
-1522
-1620
-2504
-2845
-2234
-1816
-2191
-3062
-3226
-2455
-1962
-1834
-1549
-1041
-656
-847
-1113
-471
673
1294
1427
1402
1735
2170
2242
2362
2935
3527
3603
3149
2811
3020
3164
2917
2613
2465
2386
2052
1267
796
697
558
253
-390
-702
-777
-1161
-1481
-1744
-1788
-1915
-2268
-2336
-2169
-2758
-4470
-5411
-4573
-2753
-2305
-4120
-5757
-5611
-4619
-4099
-4235
-3657
-2476
-2887
-4484
-4748
-3019
-721
-51
-873
-844
-40
443
666
1212
2703
3943
3676
3052
3265
4237
4921
4730
4185
4442
4823
4549
4061
3640
3816
3742
2833
2017
1968
2179
1840
599
-437
-468
-446
-1001
-1622
-1750
-1605
-2030
-3132
-3480
-2842
-2201
-2288
-2912
-2979
-2484
-2248
-2150
-1583
-661
-133
-438
-725
-34
987
1531
1639
1823
2392
2766
2651
2638
3083
3641
3724
3336
3203
3388
3333
2793
2285
2167
2280
1982
1289
788
448
94
-327
-718
-823
-880
-1255
-1731
-2036
-2046
-2130
-2154
-2264
-2219
-2971
-4780
-5299
-4294
-2694
-2357
-4125
-5488
-5290
-4711
-4199
-4108
-3423
-2180
-2808
-4334
-4299
-2715
-703
-154
-801
-464
327
580
825
1458
2866
3953
3568
3064
3530
4378
4857
4625
4012
4315
4627
4259
3948
3723
3819
3562
2384
1515
1607
1789
1576
511
-518
-698
-1030
-1691
-1936
-1766
-1607
-2123
-3249
-3536
-2967
-2511
-2392
-2603
-2522
-2131
-2114
-2054
-1354
-436
92
-4
-152
511
1309
1632
1849
2128
2648
3082
2970
3024
3393
3535
3446
3185
3140
3439
3325
2690
2185
1824
1716
1479
1072
787
403
-118
-695
-1062
-1106
-1081
-1377
-1703
-1895
-2107
-2213
-2320
-2256
-2508
-4088
-5374
-4995
-3390
-2135
-3295
-5194
-5527
-5012
-4441
-4269
-3835
-2342
-2089
-3732
-4686
-3705
-1376
78
-417
-488
264
604
697
1021
2354
3961
4009
3238
3307
4031
4821
4902
4317
4270
4432
4091
3779
3582
3811
3927
2889
1483
961
1201
1446
999
36
-487
-984
-1886
-2492
-2251
-1583
-1412
-2387
-3333
-3279
-2919
-2731
-2687
-2331
-1705
-1641
-1872
-1531
-750
-38
116
13
512
1305
1681
1906
2050
2365
2794
2798
2854
3274
3558
3510
3064
2708
2889
3049
2859
2426
1926
1641
1328
805
502
383
260
-90
-741
-1235
-1329
-1335
-1546
-1629
-1704
-1905
-1974
-2282
-2357
-3149
-4657
-4988
-4187
-2666
-2218
-3815
-5106
-5217
-4746
-4204
-4116
-3219
-2058
-2500
-3618
-3958
-2844
-1021
-374
-345
59
595
904
920
1422
2641
3459
3429
3326
3770
4393
4595
4304
3882
3967
3861
3655
3615
3673
3771
3260
2175
1260
896
972
1105
801
433
-176
-1106
-1958
-2315
-2006
-1460
-1445
-2025
-2502
-2717
-2703
-2635
-2571
-2163
-1710
-1512
-1324
-992
-503
-246
-330
-249
331
1086
1695
2043
2170
2229
2234
2215
2478
2980
3462
3531
3118
2750
2545
2375
2242
2141
1977
1789
1341
828
392
-39
-320
-548
-792
-900
-1041
-1351
-1573
-1807
-1968
-1959
-2072
-2083
-2176
-3001
-3842
-4220
-3871
-2809
-2614
-3284
-3838
-4158
-3743
-3354
-3449
-3026
-2695
-2717
-2606
-2541
-1844
-975
-874
-759
-450
-28
583
1021
1509
2167
2414
2381
2451
2754
3311
3668
3607
3525
3512
3297
3129
2962
2935
3047
2823
2471
2126
1684
1409
1114
760
517
154
-190
-412
-541
-586
-638
-974
-1444
-1719
-1757
-1530
-1349
-1310
-1324
-1469
-1539
-1419
-1134
-663
-270
-168
-127
-45
188
579
900
1142
1391
1646
1726
1635
1465
1557
1705
1583
1405
1254
1209
1111
1072
902
572
255
-2
-34
-176
-281
-346
-578
-688
-927
-1125
-1053
-1186
-1207
-1121
-1142
-1052
-1156
-1331
-1268
-1177
-1151
-1256
-1422
-1463
-1293
-1098
-1127
-1307
-1431
-1373
-1178
-1078
-1099
-1126
-1303
-1352
-1358
-1217
-813
-562
-394
-399
-516
-531
-425
-117
280
553
703
654
555
605
754
962
1105
1085
957
928
974
1097
1319
1421
1399
1273
1061
934
908
921
933
895
797
714
658
615
646
605
481
445
436
354
269
285
350
352
273
172
126
73
38
64
145
217
222
172
88
54
66
122
196
293
347
292
162
68
65
124
186
178
186
168
92
26
2
7
-62
-111
-120
-179
-225
-266
-343
-359
-404
-470
-460
-483
-509
-572
-643
-666
-646
-604
-530
-495
-553
-690
-824
-800
-725
-674
-669
-713
-774
-853
-877
-807
-733
-736
-797
-852
-874
-828
-763
-644
-501
-483
-515
-549
-558
-426
-290
-200
-136
-78
34
95
161
251
327
443
554
511
493
551
610
684
727
773
782
736
643
564
566
592
614
685
734
670
562
481
454
514
564
544
545
526
480
491
518
563
607
593
587
569
543
562
600
606
564
533
564
601
593
590
566
534
495
438
412
406
390
310
223
146
103
92
51
-15
-90
-236
-396
-425
-417
-411
-438
-554
-603
-666
-778
-798
-789
-733
-742
-863
-953
-985
-969
-918
-919
-936
-970
-1075
-1137
-1109
-1003
-927
-987
-1104
-1168
-1125
-963
-768
-609
-541
-576
-650
-707
-637
-404
-222
-171
-105
-50
-22
26
121
316
463
501
486
432
434
534
591
598
635
633
599
554
516
516
507
485
519
607
687
685
562
464
458
534
627
636
604
562
553
589
640
693
705
664
622
590
593
642
624
554
511
500
505
520
558
564
515
407
310
288
261
224
232
254
231
108
-47
-116
-111
-101
-180
-298
-351
-360
-400
-477
-539
-568
-582
-620
-678
-714
-686
-660
-729
-768
-701
-638
-589
-552
-504
-491
-564
-668
-648
-505
-403
-350
-370
-385
-387
-378
-319
-293
-340
-466
-612
-678
-625
-444
-288
-293
-401
-499
-525
-506
-470
-348
-165
-81
-63
-12
93
196
246
273
264
235
211
267
413
484
488
493
457
423
428
362
288
309
384
501
514
383
313
328
370
449
455
439
461
450
429
404
428
507
562
541
513
513
438
332
293
374
477
493
355
126
54
219
445
481
367
166
8
48
177
292
240
34
-37
10
49
2
-131
-128
-183
-316
-277
-262
-268
-337
-412
-378
-372
-407
-608
-727
-676
-500
-192
-124
-141
-186
-318
-198
-36
16
33
-102
-281
-402
-425
-298
-225
-330
-446
-537
-532
-436
-397
-414
-576
-755
-815
-812
-694
-585
-530
-608
-699
-697
-584
-310
-161
-88
-56
-108
-69
52
272
542
685
646
455
299
317
460
665
796
760
559
372
400
452
505
465
316
287
215
246
372
433
423
281
241
275
312
318
260
315
323
259
230
235
415
549
372
182
153
131
202
304
222
-78
-473
-464
-68
319
412
128
-38
-101
46
235
161
190
60
97
250
238
248
0
-172
-327
-283
-17
-84
-211
-197
1
92
-88
-412
-548
-363
-155
13
-110
-310
-260
-70
255
512
471
237
98
-60
-363
-546
-641
-513
-360
-428
-612
-960
-1194
-1288
-1222
-1178
-1301
-1438
-1554
-1434
-1106
-796
-738
-920
-1021
-956
-647
-175
200
429
422
347
535
883
1220
1415
1358
1219
1092
1072
1185
1372
1485
1338
1084
897
787
758
721
597
436
242
123
149
196
166
-37
-246
-335
-380
-332
-284
-223
-140
-255
-387
-367
-260
-64
32
7
-14
4
78
151
235
289
139
39
90
207
364
411
471
413
91
-157
-193
54
425
475
296
80
44
286
381
235
28
-76
75
291
373
340
138
-15
57
117
101
75
86
159
264
310
311
303
310
162
-311
-934
-1558
-1866
-1718
-1390
-1229
-1533
-2011
-2252
-2261
-2066
-2062
-2332
-2524
-2488
-2015
-1279
-756
-566
-635
-662
-439
4
588
1061
1423
1716
1952
2214
2418
2495
2513
2459
2372
2218
1992
1819
1750
1786
1710
1414
973
469
81
-174
-361
-510
-704
-889
-1013
-1109
-1153
-1161
-1274
-1447
-1537
-1456
-1180
-778
-401
-248
-259
-268
-170
101
490
883
1160
1227
1175
1136
1158
1168
1143
1137
1079
956
893
878
809
708
498
265
100
-18
-32
-27
-47
-41
-47
-95
-172
-237
-250
-209
-162
-120
0
135
247
359
412
418
399
365
361
420
474
395
45
-685
-1628
-2382
-2662
-2562
-2428
-2573
-2942
-3221
-3254
-3065
-2898
-2957
-3142
-3260
-2987
-2262
-1380
-565
-53
253
563
820
1142
1570
2055
2589
3060
3449
3728
3817
3744
3587
3365
2961
2391
1866
1449
1272
1281
1172
792
120
-628
-1241
-1622
-1811
-1978
-2148
-2256
-2227
-2041
-1803
-1654
-1569
-1513
-1379
-1104
-690
-158
327
722
1029
1352
1673
1931
2096
2143
2164
2137
2097
2040
1914
1727
1522
1254
934
662
435
271
100
-128
-371
-595
-722
-744
-721
-678
-644
-641
-609
-510
-366
-223
-71
98
233
398
589
807
1013
1069
1089
1069
1045
1046
892
506
-302
-1494
-2628
-3331
-3407
-3239
-3318
-3656
-4079
-4250
-4092
-3859
-3729
-3755
-3864
-3760
-3173
-2191
-1106
-199
510
1131
1625
2044
2421
2756
3160
3633
4004
4289
4458
4446
4359
4083
3565
2818
1884
1028
443
190
81
-125
-549
-1131
-1653
-2120
-2512
-2796
-3068
-3191
-3049
-2706
-2179
-1647
-1171
-713
-352
-36
272
632
1087
1544
1960
2367
2675
2881
3031
3081
3035
2792
2348
1863
1430
1131
882
617
414
212
32
-159
-389
-603
-864
-1104
-1186
-1109
-912
-646
-401
-154
71
207
319
406
509
645
780
958
1118
1265
1361
1401
1420
1335
1146
777
117
-804
-2029
-3195
-3933
-4328
-4354
-4440
-4728
-4908
-4953
-4723
-4356
-4147
-4037
-3928
-3568
-2818
-1887
-850
135
1050
1984
2742
3321
3699
3880
4058
4209
4342
4404
4388
4350
4192
3883
3270
2298
1255
281
-464
-935
-1353
-1767
-2167
-2507
-2698
-2756
-2793
-2876
-2975
-2993
-2813
-2456
-1967
-1321
-552
273
1013
1609
2047
2334
2566
2775
2899
2946
2936
2873
2824
2782
2666
2402
1943
1328
725
162
-349
-731
-980
-1052
-1011
-911
-797
-790
-796
-736
-643
-513
-401
-244
59
431
848
1232
1485
1628
1669
1669
1651
1548
1373
1198
1078
959
867
752
477
207
-318
-1313
-2537
-3892
-4862
-5300
-5612
-5673
-5782
-5708
-5108
-4484
-3758
-3284
-3148
-2843
-2539
-1989
-1099
-221
826
1916
2924
3859
4466
4819
4969
4903
4683
4262
3740
3290
2997
2844
2611
2143
1392
442
-477
-1324
-2034
-2631
-3202
-3569
-3675
-3588
-3296
-2894
-2480
-2092
-1768
-1496
-1218
-872
-358
371
1194
1976
2602
3050
3403
3645
3700
3485
3079
2626
2200
1910
1648
1372
1042
667
315
-107
-546
-941
-1323
-1558
-1661
-1657
-1471
-1188
-812
-393
-12
317
561
767
965
1136
1351
1521
1638
1780
1859
1886
1847
1687
1454
1159
830
509
193
-82
-308
-471
-596
-841
-1471
-2502
-3692
-4697
-5177
-5471
-5717
-5779
-5700
-5099
-4161
-3235
-2374
-1838
-1440
-1008
-643
-162
406
1090
1940
2824
3618
4193
4604
4852
4905
4706
4178
3408
2587
1913
1369
895
451
-45
-536
-995
-1502
-2077
-2605
-3050
-3331
-3415
-3384
-3204
-2841
-2286
-1601
-926
-330
199
655
1050
1453
1878
2251
2572
2836
3020
3136
3116
2915
2602
2209
1745
1262
811
416
17
-352
-698
-1003
-1194
-1349
-1381
-1310
-1251
-1169
-989
-716
-335
95
484
896
1216
1419
1596
1741
1898
2020
2009
1890
1701
1492
1348
1207
930
583
225
-84
-363
-624
-811
-923
-980
-1062
-1306
-1855
-2644
-3563
-4312
-4697
-4966
-5144
-5222
-4979
-4125
-3133
-2221
-1431
-881
-339
116
408
628
848
1243
1780
2358
2914
3423
3850
4156
4277
4012
3408
2694
1957
1254
564
-113
-650
-1056
-1304
-1468
-1717
-1970
-2142
-2254
-2329
-2399
-2399
-2272
-2009
-1580
-1062
-510
81
709
1319
1809
2173
2397
2521
2566
2498
2368
2213
2022
1783
1510
1227
932
686
438
123
-154
-466
-796
-1046
-1249
-1324
-1290
-1172
-922
-604
-236
116
426
745
1072
1327
1460
1573
1626
1626
1649
1583
1517
1451
1258
1073
884
679
473
150
-205
-481
-761
-972
-1068
-1115
-1030
-945
-1001
-1291
-1898
-2629
-3316
-3815
-4195
-4556
-4770
-4641
-4013
-3126
-2260
-1443
-717
-58
428
636
784
901
1027
1258
1524
1850
2325
2836
3304
3641
3621
3356
2958
2453
1807
963
125
-603
-1174
-1596
-1847
-1945
-1917
-1788
-1680
-1613
-1546
-1486
-1426
-1303
-1199
-1093
-877
-496
35
615
1187
1702
2141
2469
2629
2619
2497
2283
1954
1518
1062
674
407
247
101
-19
-116
-212
-263
-393
-596
-775
-938
-1012
-963
-788
-466
-77
350
779
1137
1428
1654
1758
1716
1641
1520
1317
1116
922
761
691
603
504
403
212
13
-185
-335
-534
-716
-848
-989
-1036
-1060
-1216
-1619
-2204
-2772
-3167
-3498
-3925
-4338
-4489
-4170
-3491
-2833
-2199
-1544
-800
-46
430
729
1000
1261
1454
1565
1682
1903
2258
2653
2952
3079
3038
2979
2831
2418
1769
1005
205
-531
-1201
-1782
-2136
-2263
-2229
-2087
-1882
-1624
-1318
-1028
-790
-676
-660
-569
-407
-197
113
491
972
1495
1942
2325
2607
2756
2755
2538
2104
1568
1049
610
236
-142
-416
-528
-562
-539
-493
-473
-465
-470
-552
-632
-595
-530
-383
-141
96
422
812
1189
1519
1722
1827
1793
1625
1435
1161
872
653
419
226
88
-31
-103
-175
-264
-301
-345
-472
-555
-691
-786
-889
-1400
-2067
-2695
-3210
-3370
-3656
-4074
-4216
-4064
-3461
-2756
-2206
-1651
-1015
-357
99
378
647
995
1322
1426
1557
1773
2073
2501
2779
2860
2850
2764
2632
2364
1883
1256
596
-71
-791
-1420
-1878
-2112
-2132
-2149
-2081
-1829
-1517
-1162
-839
-618
-467
-337
-209
-62
132
411
765
1172
1581
1907
2240
2521
2627
2606
2366
1941
1474
981
475
38
-307
-560
-715
-769
-736
-665
-576
-471
-427
-452
-441
-385
-238
-107
5
188
434
746
1059
1351
1599
1708
1704
1634
1466
1233
990
689
365
100
-145
-294
-391
-463
-439
-441
-456
-481
-531
-528
-561
-826
-1416
-2098
-2758
-3178
-3384
-3815
-4172
-4195
-3851
-3104
-2428
-1865
-1234
-569
0
287
482
736
1035
1202
1186
1261
1519
1948
2354
2569
2667
2687
2670
2592
2257
1728
1153
472
-239
-969
-1591
-1920
-2051
-2105
-2123
-1941
-1562
-1131
-730
-512
-294
-110
-21
60
71
213
483
743
1071
1454
1842
2211
2476
2535
2450
2240
1825
1349
836
323
-132
-547
-869
-1008
-985
-909
-762
-587
-446
-357
-288
-212
-133
-75
-30
83
248
444
680
960
1246
1458
1574
1636
1652
1522
1298
1074
782
447
124
-183
-394
-505
-567
-568
-513
-473
-448
-444
-457
-444
-794
-1520
-2178
-2759
-3039
-3372
-4027
-4320
-4134
-3575
-2832
-2292
-1696
-898
-257
103
384
688
951
1149
1042
903
1054
1309
1717
2019
2181
2411
2517
2571
2507
2155
1657
1073
389
-336
-1041
-1523
-1794
-1996
-2112
-2085
-1788
-1321
-849
-502
-206
107
254
289
277
306
422
488
627
921
1292
1698
2044
2276
2404
2355
2135
1791
1333
783
244
-295
-775
-1032
-1147
-1135
-1039
-866
-610
-388
-223
-77
53
155
195
171
213
343
497
649
849
1103
1324
1481
1564
1599
1536
1327
1101
783
400
62
-319
-613
-771
-838
-794
-735
-673
-572
-516
-414
-407
-881
-1598
-2209
-2642
-2878
-3429
-4091
-4232
-3920
-3274
-2695
-2120
-1328
-582
14
349
638
979
1124
1097
875
744
869
1101
1400
1598
1790
2022
2214
2358
2284
2007
1633
1096
400
-343
-949
-1367
-1719
-1997
-2054
-1866
-1486
-993
-542
-129
247
474
595
660
617
544
447
352
439
641
957
1324
1629
1905
2009
1971
1858
1587
1213
701
106
-433
-833
-1055
-1134
-1094
-965
-722
-453
-174
143
352
514
641
612
551
522
496
563
649
734
911
1083
1207
1328
1376
1331
1202
920
571
257
-111
-497
-772
-909
-964
-969
-887
-757
-591
-411
-232
-363
-1030
-1634
-2072
-2421
-2828
-3654
-4156
-4036
-3647
-3150
-2701
-1995
-1122
-437
19
437
957
1249
1224
999
764
716
794
954
1118
1285
1499
1711
2007
2234
2214
2021
1651
1147
521
-185
-753
-1247
-1707
-2017
-2091
-1787
-1352
-930
-461
-55
345
641
749
801
780
654
485
340
361
564
764
992
1321
1629
1845
1944
1842
1579
1232
778
225
-280
-649
-902
-1026
-1020
-885
-630
-343
-82
215
492
656
736
733
689
629
560
526
493
561
681
761
894
1042
1128
1113
1023
850
551
193
-174
-489
-753
-933
-997
-1003
-939
-792
-616
-379
-231
-537
-1087
-1539
-1926
-2235
-2832
-3602
-3893
-3779
-3465
-3075
-2570
-1850
-1057
-427
35
628
1116
1199
1129
947
786
794
770
850
1040
1150
1328
1622
1956
2155
2128
1980
1695
1276
706
44
-536
-1069
-1590
-1906
-1944
-1754
-1417
-1080
-671
-182
235
532
741
791
721
651
488
378
393
440
621
880
1125
1380
1567
1650
1676
1548
1254
882
446
27
-296
-578
-773
-799
-701
-547
-366
-95
192
431
595
665
736
751
650
564
499
459
479
480
529
660
785
863
851
780
653
445
234
0
-295
-570
-765
-875
-933
-864
-714
-576
-416
-476
-866
-1257
-1558
-1865
-2273
-2955
-3482
-3535
-3408
-3135
-2746
-2257
-1626
-1023
-493
75
626
924
993
992
897
822
845
943
1055
1055
1082
1338
1678
1875
1952
1947
1803
1502
1008
477
25
-502
-1035
-1418
-1627
-1613
-1449
-1222
-923
-546
-145
189
457
632
637
606
550
454
447
483
541
694
927
1151
1323
1449
1485
1440
1284
1025
744
403
76
-214
-496
-616
-583
-510
-369
-196
-9
203
364
471
558
622
615
542
479
440
412
408
415
514
641
635
631
641
584
480
269
20
-147
-334
-561
-705
-787
-788
-703
-688
-629
-497
-636
-1027
-1379
-1639
-1949
-2384
-2879
-3119
-3056
-2906
-2666
-2270
-1700
-1116
-596
-97
372
765
934
900
840
776
688
640
672
735
788
907
1133
1398
1574
1643
1661
1516
1192
789
370
-46
-473
-883
-1213
-1326
-1253
-1088
-843
-544
-212
131
375
547
673
663
601
503
430
433
408
452
579
716
892
1050
1148
1183
1149
1026
835
617
341
84
-179
-395
-403
-345
-301
-205
-27
133
288
459
540
598
614
550
490
430
375
341
330
373
395
419
444
434
398
325
222
83
-66
-225
-381
-521
-626
-698
-714
-639
-586
-515
-458
-633
-964
-1246
-1495
-1794
-2183
-2607
-2832
-2797
-2651
-2407
-2031
-1558
-1033
-548
-71
371
699
841
820
804
767
702
657
603
611
693
755
942
1218
1356
1440
1439
1313
1134
837
467
78
-338
-705
-978
-1105
-1097
-1020
-833
-573
-265
67
352
567
690
727
687
594
524
511
487
428
441
594
745
827
882
907
922
849
714
567
356
152
-39
-200
-266
-265
-240
-190
-58
70
197
353
477
545
537
496
480
465
444
406
362
350
335
368
378
335
291
222
102
-44
-151
-261
-408
-555
-670
-712
-700
-675
-616
-505
-417
-470
-653
-868
-1066
-1299
-1580
-1870
-2103
-2225
-2231
-2131
-1893
-1534
-1179
-832
-492
-192
60
237
330
362
389
354
328
401
466
520
625
759
952
1167
1279
1309
1309
1204
1019
772
453
183
-69
-362
-542
-565
-545
-502
-405
-257
-56
144
287
372
437
422
314
277
278
253
263
299
380
521
620
699
795
814
779
723
634
518
375
252
160
87
69
75
75
106
146
177
225
272
316
342
346
337
280
269
279
222
206
234
240
210
211
202
136
67
-26
-97
-174
-293
-373
-418
-461
-501
-517
-458
-387
-415
-534
-692
-874
-1058
-1289
-1572
-1811
-1978
-2099
-2129
-1981
-1761
-1505
-1188
-863
-529
-240
-8
196
356
408
377
357
381
413
435
500
579
694
842
957
1059
1149
1130
1022
897
735
493
210
-16
-214
-363
-449
-466
-389
-274
-155
9
177
322
438
488
495
450
391
343
310
297
318
378
439
496
544
585
626
597
533
485
388
272
171
76
19
-20
-21
-6
20
84
149
210
292
339
346
402
390
316
289
278
287
293
274
244
229
209
166
123
75
-1
-93
-179
-265
-365
-450
-511
-522
-516
-511
-461
-438
-475
-567
-717
-853
-990
-1152
-1356
-1552
-1640
-1705
-1693
-1579
-1437
-1247
-1002
-750
-491
-231
-25
107
186
235
242
266
292
309
329
364
447
570
703
824
901
931
928
900
853
725
550
371
155
0
-122
-210
-216
-190
-149
-95
44
200
296
350
367
395
403
353
305
276
256
261
251
271
332
393
453
463
454
470
444
379
306
238
203
137
87
100
113
112
120
124
177
248
287
301
300
300
287
269
259
256
257
212
172
141
70
42
7
-56
-109
-131
-190
-273
-337
-365
-413
-445
-448
-486
-456
-476
-521
-549
-645
-724
-820
-962
-1130
-1275
-1366
-1406
-1414
-1397
-1305
-1166
-971
-766
-590
-363
-208
-95
16
100
164
189
224
252
307
373
440
565
645
685
751
800
839
844
783
654
544
403
229
135
44
-31
-34
-49
-9
70
118
178
256
323
357
376
382
381
347
309
295
285
304
344
344
345
374
385
387
365
309
269
206
165
164
136
99
113
115
104
123
121
139
208
225
213
267
292
282
277
252
233
207
183
160
120
76
8
-68
-137
-187
-251
-306
-347
-417
-440
-454
-493
-516
-529
-510
-511
-556
-595
-631
-666
-749
-849
-939
-1064
-1094
-1081
-1125
-1108
-1026
-891
-759
-680
-547
-360
-219
-151
-61
42
140
189
207
273
315
336
397
473
524
573
615
656
682
656
618
577
491
385
297
263
220
152
133
136
146
141
148
199
242
269
262
243
265
280
279
251
254
281
267
269
282
293
296
285
294
273
261
262
248
216
159
159
153
129
143
163
137
159
220
226
228
215
232
291
298
244
203
192
168
88
6
-32
-43
-92
-197
-234
-238
-292
-357
-407
-425
-447
-503
-532
-502
-498
-503
-505
-539
-535
-505
-546
-596
-621
-692
-763
-860
-884
-838
-846
-828
-772
-654
-577
-508
-372
-257
-173
-90
24
87
106
158
214
254
264
297
372
415
464
516
560
605
598
560
541
497
439
388
306
250
220
143
87
80
93
120
131
157
186
199
199
197
209
239
231
205
213
213
216
230
229
233
265
272
265
274
272
247
232
230
230
232
231
223
193
194
199
173
215
240
254
267
228
223
210
188
158
91
27
-43
-106
-122
-185
-260
-268
-294
-315
-348
-399
-427
-427
-434
-465
-461
-447
-460
-472
-440
-405
-420
-435
-439
-445
-484
-560
-617
-627
-622
-659
-670
-626
-574
-527
-480
-392
-318
-249
-147
-92
-18
39
59
106
117
131
179
205
259
326
359
404
444
464
505
493
403
354
356
342
279
196
139
125
125
101
86
152
195
187
217
228
219
241
223
196
194
157
181
223
201
209
241
240
262
296
301
308
330
314
296
312
265
230
204
156
153
160
144
162
208
201
183
200
196
160
134
84
12
-32
-90
-134
-145
-186
-189
-191
-234
-235
-257
-294
-291
-295
-325
-343
-378
-416
-421
-437
-456
-461
-449
-431
-438
-419
-406
-429
-445
-459
-485
-463
-455
-469
-445
-447
-399
-324
-294
-251
-209
-148
-78
-37
6
27
45
65
57
82
131
164
207
227
247
261
285
281
282
314
311
324
314
294
271
235
242
217
160
168
171
156
157
161
169
188
195
172
162
200
220
208
223
234
228
230
190
155
184
194
194
194
241
274
243
239
240
238
211
210
249
252
231
207
175
141
93
80
64
23
-32
-83
-88
-112
-112
-143
-186
-182
-188
-196
-192
-198
-209
-250
-322
-330
-313
-350
-386
-373
-346
-326
-361
-359
-314
-314
-333
-338
-346
-361
-360
-380
-380
-358
-369
-346
-312
-277
-205
-155
-142
-108
-60
-58
-64
-44
-11
11
29
78
103
128
180
185
193
250
243
216
235
235
212
196
161
150
167
145
159
160
151
173
155
130
121
125
119
122
130
111
145
157
138
144
146
178
227
234
192
161
149
151
168
191
197
191
211
215
210
219
225
231
204
184
175
128
110
115
88
52
14
-15
-22
-51
-55
-48
-77
-93
-102
-132
-129
-150
-211
-230
-245
-258
-260
-266
-252
-251
-281
-274
-255
-239
-246
-242
-223
-236
-234
-218
-277
-298
-269
-285
-268
-216
-194
-190
-186
-166
-120
-89
-90
-63
-8
-4
-16
-21
-30
-38
-34
-10
14
28
57
104
119
120
146
149
119
127
125
106
107
105
96
81
82
112
102
91
102
100
120
118
114
111
109
132
131
108
105
107
113
131
138
132
140
151
146
183
210
218
230
199
181
191
164
183
193
161
166
158
147
135
127
133
113
55
33
20
-24
-46
-65
-62
-72
-133
-148
-129
-171
-202
-179
-198
-214
-216
-235
-243
-257
-277
-251
-219
-228
-220
-211
-197
-175
-151
-138
-142
-158
-176
-155
-126
-134
-142
-121
-106
-80
-65
-63
-25
-10
-31
-20
1
-5
-1
-20
-20
20
21
31
61
78
81
69
66
82
78
53
33
31
57
36
6
12
8
24
47
38
47
60
50
34
45
63
70
72
39
30
56
49
45
61
75
99
104
109
152
177
199
202
174
184
172
174
202
182
181
183
180
163
134
136
131
110
87
67
35
11
-13
-41
-43
-73
-77
-83
-116
-98
-95
-107
-97
-99
-126
-118
-128
-141
-116
-127
-119
-119
-149
-144
-135
-152
-151
-138
-143
-115
-109
-114
-101
-91
-86
-103
-85
-65
-65
-63
-68
-35
-22
-56
-25
9
17
18
-19
-19
11
-1
3
36
53
61
30
-16
-2
4
0
25
31
21
14
-20
-30
-19
-15
-29
-60
-68
-62
-68
-68
-40
-37
-45
-44
-30
-19
3
4
-10
23
34
32
59
99
125
134
155
174
207
221
205
218
212
181
182
177
161
152
113
105
100
82
103
75
62
78
64
75
69
27
25
24
-30
-62
-59
-59
-75
-92
-74
-62
-64
-55
-54
-39
-38
-44
-51
-101
-98
-99
-145
-135
-128
-151
-127
-94
-113
-80
-56
-70
-19
-31
-51
-5
-7
-24
-24
-13
-23
-46
-31
-13
18
34
14
13
4
25
24
2
4
6
-6
-38
-24
-49
-71
-62
-90
-100
-77
-71
-71
-77
-96
-104
-71
-72
-115
-78
-52
-43
-23
-35
-34
-13
-1
12
38
65
79
85
90
103
150
167
132
134
147
164
177
160
177
158
114
107
92
69
50
49
62
55
38
19
21
15
6
9
13
-2
-12
-13
-36
-20
-29
-50
-35
-17
-25
-12
18
7
-12
1
12
-18
-26
-36
-40
-42
-68
-60
-40
-26
-20
-48
-35
-10
-47
-46
-32
-5
24
-31
-46
-9
17
39
38
45
38
41
77
69
56
65
41
24
5
-10
-7
-33
-40
-58
-87
-59
-80
-118
-91
-99
-104
-110
-136
-143
-165
-154
-134
-144
-133
-112
-95
-86
-61
-31
-23
-7
17
31
63
84
77
75
84
87
92
100
108
127
119
130
131
113
125
108
64
39
37
42
5
-15
12
17
-15
-22
-15
-38
-21
-8
-17
10
34
22
-20
-32
11
19
6
31
42
20
29
52
26
10
16
14
14
8
-10
-27
6
-12
-60
-38
-3
0
-19
7
36
0
-14
15
23
47
59
42
49
74
77
73
87
89
83
64
60
72
51
22
5
-36
-65
-68
-85
-102
-112
-129
-134
-120
-127
-136
-121
-141
-165
-148
-144
-138
-106
-104
-111
-89
-61
-48
-34
-18
17
60
62
48
46
47
53
50
31
62
67
63
77
47
41
38
49
64
49
42
30
2
-2
14
17
22
12
-3
2
2
-4
13
32
35
17
25
29
9
4
25
24
3
14
16
13
1
-4
23
57
37
-2
-3
6
-8
-31
-2
-7
-36
-14
-4
19
19
-2
19
9
6
23
33
47
66
66
58
62
62
61
41
33
43
47
46
35
24
-9
-30
-39
-63
-39
-34
-66
-89
-100
-88
-79
-89
-93
-85
-69
-51
-74
-102
-73
-43
-40
-32
-51
-35
5
13
7
3
26
37
25
24
33
29
24
33
2
-5
45
40
13
7
-7
2
7
1
-10
12
30
1
-6
4
3
-10
-2
18
1
-9
9
11
-12
-18
13
35
23
0
-5
21
23
20
26
30
42
21
-5
-12
-26
-27
-25
-33
-22
-16
-25
-26
-22
-14
-2
-20
-3
29
35
33
27
44
42
25
38
47
42
47
47
46
51
37
43
41
31
32
3
-12
-27
-29
-18
-50
-56
-33
-33
-37
-45
-57
-43
-14
-35
-52
-24
-18
-20
-23
-30
-11
2
-3
0
2
-5
-9
15
40
37
27
10
-1
1
14
5
-5
15
9
-24
-18
-18
-28
-7
-15
-25
-25
-22
5
-1
-31
-22
0
3
-8
-5
15
37
41
7
-12
-4
-2
-9
-11
8
18
4
30
25
-12
3
-9
-22
-3
-10
-10
-4
-16
-16
-8
-20
-27
-23
1
18
18
11
22
31
33
60
