0
1
1
1
0
0
0
1
-1
-1
0
1
1
0
0
1
0
1
0
0
0
0
0
0
0
0
0
0
0
-1
0
0
1
0
-1
0
-1
0
0
-1
0
0
0
-1
-1
-1
0
0
0
0
-1
0
1
-1
1
0
0
0
-1
-1
0
0
0
0
1
0
0
0
0
0
0
0
0
0
0
0
0
-1
0
-1
-1
0
0
0
1
0
0
1
1
1
1
0
0
2
1
2
2
2
1
2
2
2
2
1
2
3
2
1
1
1
1
0
-1
0
0
-1
-1
-1
-2
-3
-4
-3
-4
-4
-4
-3
-4
-5
-7
-5
-5
-4
-5
-6
-5
-5
-4
-4
-5
-6
-5
-4
-4
-4
-4
-4
-3
-2
-2
-2
-1
0
-1
0
0
2
2
1
3
3
3
3
3
4
5
5
6
5
6
5
6
6
6
6
7
6
5
7
5
4
4
4
4
3
2
2
3
2
0
-1
0
0
0
0
1
-1
0
0
0
1
0
2
2
3
2
1
1
2
0
0
0
-1
-3
-5
-6
-8
-8
-10
-12
-15
-15
-15
-21
-25
-26
-26
-25
-28
-29
-28
-27
-26
-27
-26
-24
-20
-17
-14
-12
-7
-1
0
2
11
18
21
25
31
38
43
45
50
54
60
61
67
71
73
75
77
78
81
81
79
75
68
72
78
77
71
62
59
59
50
41
37
38
35
24
16
11
6
-2
-15
-22
-26
-27
-29
-38
-50
-55
-60
-68
-69
-77
-75
-71
-77
-87
-98
-95
-87
-90
-90
-85
-84
-77
-71
-80
-76
-66
-63
-60
-58
-58
-56
-47
-44
-48
-47
-50
-57
-64
-72
-80
-84
-96
-111
-127
-139
-147
-158
-156
-144
-145
-157
-160
-150
-138
-126
-116
-108
-96
-67
-30
5
24
38
62
78
102
139
162
182
199
206
219
241
250
249
240
226
230
238
233
216
203
192
181
181
179
162
142
128
122
125
124
109
97
94
93
88
95
88
80
76
58
57
53
45
53
42
22
19
16
-1
-8
-8
-10
-12
-17
-36
-50
-53
-67
-72
-69
-83
-90
-92
-94
-100
-117
-117
-111
-117
-128
-138
-142
-134
-123
-124
-123
-121
-124
-127
-120
-108
-102
-98
-95
-92
-89
-77
-64
-66
-63
-45
-29
-26
-20
-13
-12
-7
-4
-3
0
0
-5
-22
-51
-75
-87
-88
-105
-145
-174
-189
-196
-203
-207
-215
-231
-245
-246
-216
-180
-177
-189
-184
-147
-98
-57
-15
8
25
59
108
163
204
224
228
241
267
294
316
319
303
294
309
327
319
302
299
291
275
267
264
260
245
218
193
187
181
170
160
141
122
108
94
77
69
64
49
32
18
10
6
-2
-20
-34
-48
-55
-56
-62
-66
-71
-82
-88
-84
-91
-94
-91
-105
-118
-104
-98
-106
-107
-109
-107
-99
-100
-108
-111
-105
-100
-93
-94
-101
-96
-92
-102
-108
-97
-85
-86
-100
-111
-102
-92
-93
-86
-70
-70
-76
-68
-64
-49
-41
-46
-48
-48
-38
-25
-19
-42
-87
-108
-117
-115
-110
-151
-192
-218
-239
-221
-206
-220
-238
-270
-264
-217
-179
-167
-192
-187
-139
-85
-24
5
20
41
64
119
182
216
228
231
253
286
308
324
335
327
320
331
344
348
333
313
307
296
283
282
285
280
255
225
222
222
211
198
173
153
141
119
99
92
78
64
40
18
14
12
0
-27
-36
-37
-52
-52
-68
-87
-88
-109
-110
-91
-108
-119
-121
-133
-125
-117
-124
-117
-115
-124
-115
-108
-111
-104
-100
-110
-111
-112
-104
-84
-84
-98
-98
-101
-96
-87
-88
-85
-71
-70
-75
-68
-63
-53
-49
-58
-43
-24
-19
-14
-15
-24
-22
-17
-13
-23
-66
-115
-142
-142
-136
-163
-221
-277
-308
-303
-284
-293
-316
-349
-362
-336
-293
-244
-234
-247
-226
-176
-101
-35
-8
22
59
101
167
229
274
283
280
310
346
379
394
382
371
370
379
387
377
360
338
315
301
291
290
292
267
239
231
214
195
186
179
171
158
128
105
100
86
63
54
43
29
24
18
6
-6
-20
-37
-50
-52
-54
-64
-65
-72
-85
-94
-100
-106
-102
-96
-90
-95
-102
-100
-102
-102
-95
-97
-102
-88
-85
-99
-105
-104
-98
-86
-93
-106
-97
-99
-96
-80
-74
-74
-82
-92
-80
-57
-47
-52
-54
-50
-47
-36
-29
-34
-40
-44
-42
-47
-77
-128
-172
-184
-170
-196
-266
-325
-356
-364
-349
-353
-381
-411
-437
-416
-347
-294
-287
-301
-285
-229
-142
-61
-16
18
47
90
169
250
300
316
325
352
390
427
447
447
438
425
431
451
453
421
388
370
364
369
362
341
312
278
255
248
249
231
198
174
156
135
118
103
83
59
39
14
7
4
-13
-31
-48
-62
-70
-80
-90
-101
-102
-93
-100
-113
-120
-118
-109
-103
-111
-115
-108
-106
-109
-105
-96
-95
-94
-87
-82
-79
-92
-101
-90
-76
-63
-61
-73
-75
-71
-68
-59
-42
-39
-46
-50
-48
-39
-24
-22
-36
-36
-29
-36
-36
-47
-60
-65
-91
-145
-202
-225
-232
-244
-285
-362
-424
-454
-457
-447
-452
-487
-531
-549
-504
-437
-388
-375
-384
-353
-270
-158
-64
-24
-11
27
109
212
307
356
364
376
412
470
525
550
537
512
520
536
553
552
522
484
454
444
448
447
417
373
349
329
324
315
279
247
216
186
168
155
137
116
86
44
26
14
-1
-7
-24
-52
-73
-96
-107
-106
-108
-113
-125
-135
-133
-134
-133
-131
-137
-135
-119
-110
-114
-108
-109
-104
-89
-83
-75
-69
-73
-73
-67
-53
-45
-45
-49
-49
-45
-32
-28
-33
-20
-16
-19
-17
-27
-32
-19
-23
-32
-49
-79
-91
-88
-91
-123
-195
-283
-332
-338
-342
-389
-495
-571
-612
-617
-579
-591
-657
-708
-728
-669
-574
-519
-499
-516
-486
-382
-253
-124
-60
-42
7
98
225
339
400
423
438
477
547
614
645
640
616
605
629
663
662
627
581
549
546
547
532
512
473
429
409
395
383
359
312
278
253
226
202
173
140
108
74
37
10
-11
-29
-48
-66
-92
-124
-140
-140
-138
-144
-155
-169
-177
-170
-154
-144
-143
-139
-135
-120
-101
-90
-77
-78
-78
-62
-43
-23
-15
-30
-43
-44
-34
-14
-6
-11
-28
-39
-29
-11
-10
-17
-22
-36
-32
-11
-11
-19
-53
-107
-112
-94
-103
-131
-201
-302
-355
-363
-371
-407
-498
-596
-650
-654
-626
-624
-672
-731
-763
-714
-622
-552
-515
-534
-525
-422
-293
-165
-76
-63
-27
58
177
310
387
404
410
438
501
578
631
628
604
596
601
627
643
621
580
552
544
553
550
528
493
452
428
423
421
403
361
315
280
255
232
197
168
142
99
68
40
4
-15
-35
-62
-81
-106
-126
-130
-128
-132
-136
-148
-168
-164
-151
-141
-123
-111
-124
-124
-105
-89
-65
-53
-61
-57
-35
-10
1
4
-4
-16
2
26
35
40
18
0
16
25
27
19
-4
-22
-7
1
-22
-55
-107
-148
-145
-143
-165
-225
-337
-422
-447
-442
-453
-532
-632
-703
-724
-697
-682
-712
-764
-815
-775
-670
-590
-538
-541
-540
-459
-337
-197
-89
-58
-31
36
156
306
401
431
423
445
513
583
643
658
624
600
612
646
665
652
602
552
539
542
555
560
527
483
449
421
414
417
393
348
303
261
229
212
182
144
108
66
32
6
-19
-40
-68
-112
-139
-145
-146
-127
-141
-167
-167
-172
-163
-146
-131
-110
-116
-126
-112
-82
-43
-27
-26
-23
-21
-1
26
30
26
42
59
57
54
51
50
50
43
48
55
54
52
50
50
34
3
-44
-91
-107
-92
-49
-76
-253
-497
-610
-525
-471
-574
-743
-871
-902
-893
-865
-875
-984
-1096
-1096
-915
-684
-546
-483
-473
-433
-306
-124
81
199
191
191
302
505
660
701
667
580
516
480
495
534
501
443
414
442
493
494
465
393
295
255
315
447
546
557
525
511
505
462
417
389
349
289
240
248
286
282
199
77
-19
-89
-122
-111
-102
-124
-168
-194
-173
-147
-133
-136
-139
-119
-75
4
85
121
113
96
102
131
166
176
164
149
143
134
119
92
50
10
-12
-15
24
77
112
127
119
96
72
68
66
36
-45
-151
-219
-231
-221
-238
-395
-799
-1316
-1665
-1612
-1340
-1244
-1256
-1154
-1000
-967
-999
-766
-465
-490
-601
-400
154
585
655
655
610
467
327
305
401
336
131
62
95
147
167
175
115
-147
-353
-309
-75
207
351
494
697
851
945
936
887
812
678
611
658
773
842
766
569
346
160
9
-119
-203
-268
-334
-338
-272
-197
-174
-199
-183
-148
-133
-42
103
244
287
204
170
187
201
207
202
229
198
133
113
84
47
1
-51
-67
-76
-62
-8
53
66
12
-4
12
9
29
72
151
208
246
322
353
322
268
227
166
45
-10
1
-71
-208
-343
-391
-410
-533
-724
-1196
-1876
-2258
-2066
-1532
-1357
-1343
-950
-587
-607
-804
-528
123
213
-21
104
582
986
919
813
769
426
109
-24
-36
-69
-261
-257
-141
-143
-87
-19
46
-24
-205
-143
109
439
753
941
1107
1169
1114
1016
819
631
470
339
332
376
406
365
237
112
-51
-228
-295
-251
-169
-132
-87
4
36
14
12
57
119
101
100
178
187
121
51
26
28
2
25
98
141
152
118
71
20
-22
4
39
36
61
104
164
207
191
173
155
140
128
95
135
245
359
419
371
319
308
223
66
-79
-170
-172
-220
-372
-445
-471
-517
-745
-1503
-2344
-2673
-2306
-1678
-1610
-1472
-718
-69
-44
-470
-280
459
498
195
214
624
1031
857
665
514
23
-390
-590
-525
-388
-470
-370
-138
46
236
261
288
262
176
243
350
614
970
1205
1335
1237
992
719
430
206
38
-52
-1
134
256
292
252
185
66
-78
-151
-115
-19
38
49
79
119
154
116
13
9
65
72
32
-7
61
132
101
63
74
181
252
227
200
130
103
91
58
63
65
83
78
32
40
108
179
185
147
116
54
62
169
279
367
389
447
479
363
212
67
-60
-224
-358
-417
-464
-582
-676
-997
-2061
-3153
-3291
-2401
-1663
-1786
-1434
-197
684
457
-79
398
1056
699
110
155
758
984
553
313
160
-344
-904
-1195
-926
-535
-451
-269
61
479
773
714
591
422
322
363
437
688
989
1213
1297
1131
803
392
6
-186
-214
-162
16
269
472
538
483
374
160
-57
-72
-2
-23
-113
-53
177
247
129
4
-64
-87
-104
-60
39
101
121
88
59
83
137
228
272
265
224
134
70
34
18
35
19
-10
-41
-26
106
190
164
109
101
157
160
142
230
429
529
528
545
524
398
117
-130
-192
-256
-345
-362
-439
-550
-1401
-3006
-3853
-3437
-2254
-1771
-1933
-878
696
1271
703
215
822
963
91
-361
76
836
807
260
181
40
-576
-1279
-1475
-944
-446
-247
100
593
1076
1187
938
598
197
-46
-125
51
466
897
1217
1309
1219
883
337
-185
-425
-329
-88
273
626
795
849
778
618
291
-102
-211
-186
-223
-280
-135
189
233
47
-105
-151
-121
-121
-20
123
186
158
82
54
79
211
366
369
306
259
209
119
-63
-146
-107
-108
-87
6
226
438
408
296
248
254
149
9
118
421
599
582
608
725
655
266
-171
-370
-348
-339
-402
-623
-750
-1586
-3646
-5045
-4678
-2924
-2030
-2507
-1496
880
2188
1473
363
931
1354
152
-882
-435
921
1079
125
-9
313
-176
-1462
-2199
-1490
-399
21
267
876
1619
1825
1360
719
117
-305
-559
-393
213
959
1577
1775
1713
1330
659
-92
-634
-524
-43
507
940
1089
1233
1328
1150
595
-112
-405
-385
-425
-546
-379
155
364
136
-148
-109
100
28
-14
133
348
411
221
146
195
337
472
379
293
209
116
40
-177
-268
-169
-136
-118
8
320
597
590
457
390
351
169
-35
71
481
813
846
925
996
743
242
-254
-276
-285
-547
-937
-1221
-1492
-3449
-5921
-6372
-4574
-2561
-2877
-2914
-242
2370
2574
1120
991
1946
964
-891
-1102
332
1059
-43
-602
153
298
-926
-2278
-2074
-802
-184
44
799
1833
2272
1905
1336
703
18
-687
-946
-461
290
1185
1754
1905
1831
1360
645
-145
-532
-319
211
787
1114
1384
1612
1567
1207
414
-240
-470
-597
-630
-626
-516
-296
-56
126
155
226
364
465
526
513
443
339
205
146
262
488
647
572
382
219
38
-194
-420
-461
-295
-34
241
496
791
927
746
579
376
57
-106
-84
195
595
873
1159
1319
1126
611
97
-199
-458
-1064
-1910
-2098
-3415
-6283
-7840
-6587
-3372
-2401
-3390
-1717
1845
3620
2292
976
1949
1818
-437
-1701
-491
1217
518
-1058
-597
356
-427
-2084
-2513
-1275
-219
29
797
2153
2832
2375
1589
958
194
-869
-1625
-1213
-163
986
1899
2339
2418
1861
994
139
-401
-426
-181
522
1283
1592
1765
1888
1673
731
-463
-1014
-1067
-1195
-1272
-645
217
491
357
287
538
633
431
320
384
569
580
428
332
338
502
527
497
564
532
423
221
6
-163
-284
-263
5
409
709
859
915
798
571
320
93
154
327
535
811
1198
1578
1454
872
307
89
-256
-1446
-2663
-3121
-4809
-7684
-8907
-6797
-3259
-2508
-3007
-764
2745
3823
2106
1193
2102
1415
-965
-1786
-164
1058
-183
-1501
-752
108
-877
-2321
-2192
-842
-59
282
1497
2998
3310
2281
1190
544
-415
-1616
-2018
-1183
56
1141
2044
2736
2852
2022
880
51
-358
-415
-160
545
1363
1836
2046
2027
1543
550
-489
-984
-1127
-1243
-1214
-893
-247
280
488
500
492
618
695
593
470
470
523
479
363
401
586
617
436
321
264
247
146
-93
-150
-36
131
396
641
814
966
848
526
367
248
163
124
236
778
1310
1574
1490
1172
877
392
-54
-668
-1809
-2499
-4257
-7538
-9282
-8036
-4528
-2846
-3429
-1742
1956
4083
3091
1527
2032
1778
-708
-2297
-1167
774
398
-1193
-910
150
-313
-1850
-2404
-1385
-549
-284
840
2730
3685
3060
2040
1253
185
-1329
-2327
-1854
-744
464
1714
2767
3380
2793
1537
457
-205
-465
-583
-103
847
1565
1912
1984
1886
1137
-167
-1134
-1541
-1523
-1351
-907
-132
353
583
759
910
873
538
344
272
353
450
318
252
280
482
661
543
438
402
398
283
-18
-200
-218
-122
146
503
819
1032
1008
833
620
350
212
68
108
624
1111
1364
1421
1218
909
488
-45
-812
-2016
-3078
-4886
-7486
-8586
-7192
-4224
-2831
-3003
-1213
1995
3616
2688
1407
1694
1391
-508
-1704
-804
565
7
-1311
-1051
-98
-317
-1487
-1903
-1133
-407
24
1104
2630
3313
2721
1728
896
-125
-1326
-2013
-1533
-511
606
1791
2726
3074
2460
1311
350
-154
-351
-413
44
883
1512
1836
1877
1706
967
-249
-1091
-1187
-942
-806
-528
-56
244
291
254
447
619
532
421
414
581
696
575
419
392
427
438
383
317
343
420
324
7
-244
-325
-174
127
458
788
1071
1120
964
760
434
250
163
170
425
783
1150
1404
1177
716
491
298
-787
-2450
-3463
-5240
-7586
-8468
-6839
-3650
-2696
-2995
-893
2298
3546
2078
893
1585
1123
-829
-1718
-470
902
-117
-1481
-978
-127
-626
-1817
-1787
-641
-30
232
1291
2734
3162
2360
1441
648
-329
-1367
-1718
-1089
-251
821
2030
2860
2926
2169
1203
268
-392
-596
-349
386
1107
1598
1943
2009
1657
717
-345
-955
-1225
-1230
-930
-253
316
432
392
413
618
551
335
428
545
640
640
516
479
463
474
455
398
356
291
275
159
-86
-208
-184
-24
222
499
857
1065
997
793
638
583
380
234
406
747
960
938
939
764
516
225
-423
-1526
-2582
-4188
-6997
-8750
-7826
-4764
-2618
-2946
-2086
1216
3553
2925
1199
1188
1497
-152
-1804
-1197
586
591
-1224
-1655
-451
-211
-1384
-2148
-1397
-304
12
687
2259
3391
3066
1891
987
122
-963
-1716
-1442
-517
515
1644
2637
3099
2619
1616
693
-53
-534
-553
25
808
1324
1695
1953
1911
1189
-120
-966
-1219
-1322
-1180
-648
244
639
466
412
521
584
284
57
304
533
641
691
670
638
475
363
319
239
244
338
402
260
-3
-104
-40
70
211
465
818
1036
945
816
752
682
542
380
601
965
1319
1315
850
561
257
-94
-1068
-2545
-3378
-4998
-7529
-8497
-6833
-3632
-2345
-2815
-1156
2030
3424
2205
848
1314
1255
-555
-1561
-391
1030
203
-1520
-1395
-399
-649
-1825
-2016
-873
-34
238
1123
2534
3023
2257
1257
522
-237
-1124
-1471
-843
118
1111
2046
2612
2586
1883
1009
346
-79
-292
-127
551
1202
1503
1558
1459
1099
227
-553
-851
-823
-631
-422
122
534
378
82
-28
233
279
58
206
538
794
716
524
485
374
329
374
475
587
531
459
371
93
-189
-282
-162
90
313
644
1037
1166
1063
883
721
528
377
405
730
1049
1100
1143
1012
766
248
-338
-1037
-2261
-3559
-5897
-8171
-8015
-5820
-3249
-2834
-2967
-560
2299
2999
1673
836
1447
864
-811
-1000
482
1254
-262
-1665
-1005
-269
-1012
-2145
-1963
-656
71
440
1493
2678
2753
1813
978
300
-477
-1220
-1290
-481
480
1525
2372
2709
2373
1329
433
-41
-223
-106
211
821
1416
1630
1628
1496
1003
56
-731
-972
-850
-545
-250
261
553
302
167
135
194
147
8
207
434
631
685
551
526
399
302
318
315
390
369
329
283
43
-146
-227
-162
71
310
674
993
1046
868
562
423
438
382
562
936
1269
1440
1371
1042
439
-141
-624
-803
-1294
-2209
-2656
-4318
-7029
-8150
-6681
-3758
-2986
-3692
-1864
1746
3532
2248
908
1488
1277
-564
-1479
-183
1367
523
-1131
-777
175
-388
-1862
-2273
-1119
-173
177
1119
2494
2969
2191
1180
499
-225
-1048
-1208
-364
708
1675
2377
2676
2397
1425
424
-224
-341
-101
300
1022
1615
1776
1666
1350
857
160
-459
-703
-811
-769
-454
9
300
64
-142
-58
83
288
418
582
761
787
609
279
21
-96
-72
20
186
393
487
471
349
148
-100
-215
-74
237
578
802
947
1024
972
690
403
288
367
657
1022
1345
1635
1626
1234
588
-159
-617
-852
-1708
-2824
-3985
-6398
-8472
-8324
-5539
-2769
-3004
-3067
-380
2741
3156
1151
621
1557
846
-681
-560
1172
1666
-274
-1525
-701
-320
-1571
-2771
-1978
-163
602
912
1956
2826
2357
1162
451
157
-338
-873
-446
784
1798
2386
2466
2241
1540
489
-230
-438
48
691
1146
1640
1751
1600
1254
681
167
-336
-400
-367
-540
-278
163
493
190
-451
-433
-91
271
513
709
962
855
559
214
-126
-203
-244
-91
268
577
740
593
427
212
-164
-383
-395
-76
441
769
998
1056
796
540
271
122
220
449
893
1321
1645
1589
1037
385
-123
-426
-821
-1087
-1428
-1908
-2981
-5990
-8600
-8385
-5676
-3203
-3555
-3400
-302
2695
2729
797
515
1410
529
-764
-201
1593
1933
64
-930
-229
-424
-1967
-3012
-2139
-277
742
1340
2259
2619
1926
984
518
200
-305
-547
201
1382
2091
2424
2336
1890
992
91
-256
-221
237
860
1408
1808
1653
1148
736
487
323
-10
-51
236
237
40
-144
-157
-333
-740
-703
-215
428
906
1089
1127
900
478
62
-243
-306
-77
368
620
654
631
470
238
-151
-432
-396
-206
102
469
876
1135
979
606
272
22
-152
-96
332
1001
1639
1747
1410
918
330
-111
-455
-695
-591
-1080
-2029
-3383
-6382
-8791
-8470
-5617
-3033
-3439
-3199
-60
2639
2258
44
-133
1238
841
-142
533
2178
2192
118
-983
-453
-889
-2497
-3193
-1944
170
1183
1468
2002
1934
1159
599
479
302
-84
-34
1019
2091
2396
2367
2015
1440
577
-225
-315
42
518
1043
1533
1862
1477
594
308
471
451
56
9
694
946
499
-69
-317
-517
-916
-825
-177
514
933
998
906
707
231
-296
-582
-456
193
818
983
925
773
576
145
-432
-632
-533
-290
98
540
899
979
760
412
93
-139
-236
-58
442
998
1439
1645
1556
1152
497
-96
-396
-383
-179
-541
-1575
-2562
-4903
-7954
-8900
-6757
-3287
-2794
-3779
-1753
1583
2301
-163
-1322
686
1625
717
525
1932
2910
1183
-810
-737
-714
-2040
-3146
-2377
-59
1376
1320
1240
1028
550
210
281
561
524
613
1372
2213
2344
2123
1769
1338
743
161
87
246
522
937
1247
1394
1002
263
114
454
798
664
362
510
538
195
-273
-403
-351
-546
-348
196
598
785
777
778
656
191
-255
-408
-318
50
520
838
932
794
560
331
-39
-334
-400
-254
122
563
868
953
769
260
-177
-273
-148
61
312
970
1624
1595
1111
476
153
31
-222
-219
-7
-119
-1191
-2411
-3128
-5161
-7754
-8115
-5241
-1957
-2249
-3393
-1583
1008
756
-1601
-1483
1184
2190
1360
1180
2293
2470
506
-846
-672
-914
-1792
-2181
-1036
661
983
613
368
51
-99
89
598
919
907
1249
2064
2416
1984
1531
1297
1124
901
819
892
794
731
699
736
721
236
-63
258
740
908
631
513
582
237
-375
-727
-558
-332
-219
92
420
723
781
585
425
122
-161
-210
-215
-32
384
803
956
765
480
152
-120
-290
-321
-85
274
584
760
797
691
357
-158
-493
-356
4
330
679
1083
1354
1048
508
275
292
219
12
91
358
147
-609
-1644
-2305
-2705
-4818
-7265
-7129
-4174
-1593
-2637
-3861
-1945
262
-414
-2502
-1579
1555
2493
1607
1423
2280
2267
601
-481
-355
-521
-990
-839
161
1022
747
-54
-657
-929
-590
128
803
1098
1254
1656
1853
1419
958
1174
1639
1877
1820
1566
1304
1034
863
607
212
57
56
160
382
701
788
312
-24
-141
-566
-904
-718
105
598
381
421
618
702
421
10
34
81
22
-111
-172
132
434
602
548
251
19
-139
-161
-86
0
209
504
722
675
431
258
74
-50
-29
59
382
622
719
831
744
650
456
269
330
228
199
136
-164
-248
-479
-838
-1593
-2308
-2669
-4243
-5957
-5809
-3513
-1840
-3004
-3626
-1932
-474
-1276
-2519
-730
1995
2162
1088
955
1955
2102
823
169
228
162
246
396
628
579
-129
-780
-1083
-977
-371
306
736
827
925
1020
796
634
1159
1999
2326
2219
1977
1854
1588
1024
651
385
378
529
453
382
260
190
-23
-526
-628
-442
-344
-254
-57
451
463
86
100
231
428
347
313
462
324
242
18
-176
7
240
429
243
-103
-153
-77
-34
-93
-29
208
298
201
15
-37
105
245
319
392
500
557
448
284
274
349
495
553
498
357
207
219
39
-337
-505
-365
-102
-338
-1071
-1674
-1726
-1683
-3348
-5468
-5297
-2960
-1372
-2728
-3719
-2103
-714
-1608
-2910
-1307
1665
2178
998
626
1506
2143
1446
739
654
789
1122
975
392
-94
-378
-421
-623
-750
-221
450
726
515
249
245
336
696
1522
2346
2481
2125
1749
1539
1308
934
829
1040
1331
1248
537
-54
-127
59
-43
-510
-448
112
281
16
-455
-730
-585
-342
-10
175
416
819
754
174
-421
-467
-60
130
155
297
450
435
95
-377
-685
-537
-119
124
195
160
135
116
-22
-110
-29
233
488
473
304
173
176
279
385
564
686
678
544
251
61
-53
-60
-7
22
6
-113
-530
-1266
-1633
-1548
-1481
-2577
-4371
-4520
-2973
-1781
-2588
-3573
-2392
-1188
-1744
-2463
-1041
1680
2036
507
13
890
1836
1485
725
865
1314
1613
1237
281
-58
151
306
-191
-821
-234
691
777
39
-536
-207
284
626
1057
1597
1974
1956
1734
1455
1251
1285
1494
1645
1545
1282
885
460
237
89
-95
-246
-168
10
-157
-556
-668
-454
-360
-501
-553
-308
76
211
59
-132
-105
191
359
139
-86
32
231
113
-157
-109
215
377
89
-319
-379
-204
-120
-201
-236
4
331
362
85
-99
2
180
189
220
528
890
972
661
430
316
122
106
153
275
341
183
76
-305
-777
-1078
-1333
-1310
-1177
-1165
-2344
-4107
-4104
-2412
-1456
-2613
-3330
-1973
-1158
-2208
-2851
-887
1308
681
-629
-220
1287
1889
1087
769
1190
1539
1700
1187
610
751
1036
730
-388
-731
340
987
356
-669
-567
272
556
529
684
1213
1605
1435
1098
1029
1491
2057
1974
1442
1200
1442
1386
822
532
625
724
465
71
-171
-479
-644
-644
-604
-542
-433
-302
-688
-1079
-827
-419
-295
-522
-325
58
-145
-257
-91
220
218
-140
14
276
301
186
-130
-136
-62
-120
-117
-199
-27
143
-7
-91
8
312
387
103
100
311
516
566
526
681
615
428
345
329
531
525
456
491
338
186
-92
-442
-666
-933
-915
-790
-1691
-3315
-4043
-3014
-1472
-1864
-3189
-2960
-2228
-2385
-2945
-2053
184
462
-725
-717
336
1331
1101
744
1304
1603
1694
1521
1015
1084
1326
1189
525
-33
567
1064
349
-584
-631
102
308
15
289
939
1185
827
556
934
1535
1762
1616
1407
1551
1833
1602
951
697
1065
1208
721
236
186
74
-415
-794
-681
-400
-457
-716
-939
-1118
-1116
-1085
-1066
-893
-648
-385
-394
-618
-466
-148
6
107
245
433
460
353
287
244
289
234
64
22
24
72
70
-36
0
133
95
-42
-65
150
427
502
516
577
663
654
613
605
609
641
580
465
390
397
316
87
-134
-341
-565
-723
-815
-760
-1014
-2320
-3484
-3315
-2103
-1349
-2339
-3239
-2848
-2481
-2598
-2517
-1285
-3
-509
-1142
-457
640
1206
876
900
1444
1480
1458
1352
1304
1605
1519
1135
688
666
1109
807
53
-131
181
325
-12
-29
532
753
473
279
516
927
1039
1043
1143
1295
1510
1432
1112
1083
1273
1310
964
568
540
353
-174
-430
-239
-66
-349
-768
-995
-1151
-1160
-949
-716
-753
-852
-684
-626
-780
-743
-436
-158
-199
-166
211
441
355
192
254
390
289
259
324
357
404
372
381
350
229
148
-26
-137
-41
113
224
231
231
258
136
95
218
319
373
356
417
462
435
440
365
222
115
2
-152
-392
-552
-474
-552
-741
-1143
-2056
-2751
-2550
-1558
-1206
-2269
-3031
-2739
-2275
-2122
-1944
-918
-242
-902
-1151
-491
324
786
658
899
1265
1219
1467
1535
1432
1473
1306
1202
1014
940
1114
767
215
122
285
342
160
218
487
263
-51
30
336
663
682
644
822
896
917
915
877
1053
1162
1059
920
863
982
847
449
196
178
148
-185
-466
-474
-520
-655
-824
-947
-923
-961
-1006
-1007
-1011
-909
-738
-544
-252
30
47
-92
-109
78
274
342
419
550
585
438
321
359
381
275
105
31
29
74
101
92
93
-24
-126
-150
-184
-63
97
179
246
256
217
207
235
336
445
409
343
306
172
44
31
57
-60
-261
-420
-502
-766
-1564
-2179
-1981
-1203
-958
-1961
-2817
-2538
-1929
-1778
-1789
-1205
-679
-1159
-1550
-902
31
459
376
535
911
866
939
1200
1236
1252
1211
1281
1309
1106
952
710
424
435
541
441
316
206
279
269
147
367
561
541
384
353
690
977
1027
979
926
1002
1059
999
999
1064
1047
774
453
468
510
331
134
-11
-219
-554
-777
-756
-703
-796
-894
-857
-895
-1051
-1150
-934
-650
-690
-734
-632
-395
-174
-149
-85
60
159
169
155
266
407
405
342
275
236
220
66
-23
49
21
-9
-18
-67
-110
-190
-189
5
156
160
183
194
224
294
380
487
530
577
595
544
471
382
358
306
184
3
-133
-148
-339
-597
-944
-1521
-1866
-1608
-992
-1116
-2113
-2661
-2246
-1664
-1643
-1684
-1171
-880
-1247
-1345
-718
-15
160
59
270
638
820
1071
1243
1211
1172
1136
1233
1274
1127
1112
1060
896
840
685
539
458
363
405
329
369
490
300
180
264
462
622
541
519
596
519
507
710
929
969
833
649
482
370
337
316
266
139
-5
-157
-346
-474
-487
-507
-618
-726
-754
-792
-879
-829
-667
-571
-575
-655
-610
-479
-456
-382
-192
-25
24
5
38
146
178
188
237
194
78
-22
-29
96
150
70
57
17
-42
-49
-62
35
163
144
108
141
145
129
187
322
404
445
492
439
377
343
332
347
270
180
180
174
49
-135
-309
-392
-419
-468
-658
-1101
-1431
-1276
-743
-652
-1395
-2034
-1875
-1309
-1093
-1145
-859
-632
-840
-982
-679
-139
205
174
127
256
391
663
816
671
608
696
841
848
717
728
797
712
620
545
512
546
429
341
367
422
494
421
329
385
467
518
535
549
571
524
506
645
775
744
610
488
445
400
365
350
277
201
141
43
-38
-102
-154
-247
-385
-461
-502
-516
-529
-558
-521
-502
-545
-600
-669
-656
-558
-470
-473
-488
-449
-379
-295
-259
-164
-48
-59
-133
-133
-62
-19
62
141
122
95
30
-20
2
34
86
157
149
68
36
86
173
283
383
383
332
272
231
323
430
479
500
466
454
436
403
397
378
336
222
99
60
64
-2
-150
-342
-703
-1115
-1304
-1016
-592
-826
-1464
-1724
-1445
-1127
-1184
-1252
-1056
-966
-1105
-1110
-770
-272
-111
-293
-370
-241
80
413
483
479
566
623
593
589
762
954
923
730
557
508
636
763
798
779
660
533
445
443
581
685
664
636
627
600
558
539
610
722
707
588
454
343
262
226
280
358
291
114
-64
-189
-218
-206
-140
-129
-218
-341
-456
-483
-472
-432
-334
-334
-467
-594
-608
-466
-331
-361
-452
-494
-468
-409
-372
-331
-279
-291
-317
-282
-217
-150
-116
-105
-42
41
100
162
155
97
93
142
200
166
116
122
100
79
104
160
182
188
242
282
261
201
181
241
280
265
260
238
256
303
254
225
207
138
84
10
-18
54
34
-94
-270
-525
-747
-826
-665
-496
-737
-1213
-1389
-1152
-890
-884
-949
-938
-994
-1106
-1016
-654
-299
-179
-310
-430
-261
116
425
465
403
433
480
530
642
816
907
793
602
546
637
753
744
612
520
510
548
556
564
622
587
486
470
532
564
512
432
455
511
557
587
528
474
385
266
254
274
253
178
80
6
-64
-112
-125
-152
-163
-212
-322
-341
-318
-318
-295
-326
-391
-393
-384
-393
-407
-420
-380
-376
-424
-437
-417
-369
-361
-360
-350
-373
-388
-411
-399
-316
-265
-251
-257
-259
-257
-270
-237
-127
-20
-12
-30
-45
-71
-38
54
157
225
250
303
351
349
373
413
429
423
376
366
381
411
449
441
418
381
317
256
197
135
119
120
102
45
-19
-48
-120
-291
-503
-619
-565
-439
-459
-680
-910
-980
-937
-881
-781
-662
-637
-779
-968
-946
-733
-484
-358
-427
-453
-296
-93
50
129
171
241
298
382
558
709
758
718
664
678
803
931
957
893
811
771
749
756
778
763
672
531
422
396
440
459
408
339
277
226
158
114
135
164
135
80
50
45
-14
-83
-72
-57
-31
-24
-59
-80
-133
-199
-213
-199
-162
-158
-230
-289
-318
-319
-322
-373
-436
-468
-465
-442
-436
-445
-465
-519
-564
-528
-452
-384
-340
-328
-336
-371
-373
-337
-291
-242
-229
-198
-124
-92
-96
-77
-26
43
90
156
205
192
173
188
246
312
357
375
357
351
377
425
449
421
373
355
370
358
366
391
362
297
227
180
169
140
84
52
7
-63
-144
-206
-275
-349
-394
-430
-434
-462
-518
-561
-583
-588
-588
-583
-574
-557
-545
-539
-508
-420
-326
-302
-305
-290
-202
-97
-42
22
98
161
184
180
198
240
296
376
439
461
477
499
487
453
447
470
492
521
536
504
470
453
447
440
472
518
470
373
325
309
334
381
361
317
292
250
228
204
168
142
115
76
37
13
-22
-62
-94
-139
-163
-165
-160
-150
-157
-191
-237
-289
-330
-343
-352
-363
-388
-420
-458
-505
-530
-547
-584
-598
-585
-577
-547
-514
-514
-530
-550
-538
-487
-442
-382
-314
-266
-223
-201
-197
-166
-96
5
107
164
220
272
264
263
280
314
369
394
436
493
515
525
530
511
475
444
476
543
551
529
489
420
382
322
264
265
258
207
136
96
95
73
11
-83
-197
-275
-329
-391
-431
-445
-474
-540
-603
-625
-638
-669
-692
-707
-695
-640
-533
-452
-462
-475
-403
-297
-207
-128
-78
-50
-27
56
165
251
291
278
300
329
342
388
443
466
462
454
443
448
453
427
385
403
434
398
387
424
423
412
386
372
413
425
378
339
326
327
293
240
236
217
181
162
143
132
129
77
-24
-97
-138
-159
-155
-180
-239
-285
-332
-398
-476
-492
-487
-504
-528
-578
-580
-533
-544
-578
-565
-559
-569
-550
-517
-487
-483
-490
-450
-379
-341
-341
-304
-243
-216
-169
-73
-4
20
54
102
156
206
256
289
338
395
431
463
486
500
487
497
522
511
522
529
517
519
491
466
471
448
412
373
300
244
205
156
139
122
88
42
0
-35
-58
-89
-148
-165
-194
-241
-299
-341
-339
-376
-427
-461
-502
-512
-496
-488
-491
-528
-543
-518
-503
-460
-401
-361
-377
-430
-384
-268
-180
-110
-59
-39
-23
-2
63
146
188
201
229
265
310
337
312
310
325
312
363
439
433
413
382
364
378
369
381
395
389
395
373
376
403
354
312
297
262
243
236
206
171
139
111
93
78
47
1
-34
-72
-115
-131
-119
-125
-168
-199
-233
-271
-308
-359
-372
-369
-390
-410
-435
-425
-372
-367
-410
-406
-370
-349
-330
-311
-285
-254
-236
-232
-196
-120
-65
-48
-35
-35
-2
51
76
80
97
134
150
155
158
161
146
149
161
163
164
183
201
215
224
210
207
218
221
226
222
200
194
189
188
188
187
189
165
139
123
87
55
50
44
29
21
5
-29
-60
-92
-139
-179
-201
-199
-203
-226
-250
-279
-313
-373
-429
-423
-395
-345
-316
-338
-339
-336
-320
-311
-324
-307
-255
-218
-175
-100
-57
-39
-25
-22
20
86
148
199
227
255
283
299
283
281
317
346
374
378
383
381
375
382
357
348
381
403
404
358
327
326
296
289
289
270
262
237
209
205
166
140
124
88
61
29
26
21
-18
-64
-103
-123
-150
-174
-202
-208
-211
-271
-301
-321
-354
-385
-432
-447
-425
-418
-432
-446
-437
-390
-377
-405
-371
-330
-323
-293
-264
-208
-157
-137
-89
-64
-60
-45
-43
-18
40
70
98
128
123
124
129
139
173
183
195
213
200
207
215
202
211
209
214
243
227
193
191
189
182
186
182
164
153
149
148
148
122
79
59
52
45
38
19
-4
-25
-54
-79
-82
-95
-128
-161
-200
-234
-245
-251
-270
-283
-297
-309
-302
-296
-290
-276
-252
-226
-200
-181
-165
-159
-150
-112
-71
-31
11
39
63
89
95
104
132
162
190
207
221
248
264
263
269
257
245
254
268
287
288
264
255
260
271
283
277
274
263
234
216
197
199
196
149
117
107
86
72
60
23
-7
-23
-36
-57
-96
-124
-153
-194
-206
-209
-211
-217
-246
-247
-231
-246
-268
-288
-278
-260
-275
-272
-264
-265
-242
-228
-230
-224
-204
-170
-152
-143
-132
-130
-122
-120
-110
-84
-49
-42
-36
4
19
30
31
49
70
65
84
94
97
126
162
183
179
160
148
159
179
185
180
186
189
176
171
175
173
160
137
115
94
71
69
87
82
46
21
10
-8
-33
-43
-29
-34
-53
-73
-91
-104
-136
-148
-130
-115
-120
-134
-146
-161
-155
-155
-155
-137
-150
-150
-143
-136
-112
-103
-99
-99
-82
-63
-67
-79
-44
6
-3
4
14
20
41
56
77
104
145
153
145
155
160
174
192
216
210
191
194
193
198
201
210
214
180
176
187
163
154
154
139
127
123
121
124
105
88
82
40
19
28
29
22
-1
-10
-30
-74
-107
-129
-108
-114
-144
-115
-94
-121
-158
-193
-195
-161
-164
-157
-129
-119
-111
-127
-148
-137
-109
-120
-151
-137
-121
-135
-126
-101
-88
-75
-74
-77
-80
-107
-96
-85
-110
-107
-75
-50
-53
-86
-85
-35
-21
-27
-32
-18
5
3
15
6
-7
2
-8
-19
-21
-34
-49
-64
-76
-60
-35
-19
-16
-18
-46
-41
-17
-32
-9
8
31
73
73
64
65
68
77
80
71
114
168
178
186
189
172
161
181
176
162
191
201
204
209
181
175
158
141
165
161
158
162
156
167
193
179
131
135
134
117
108
108
122
102
54
21
23
22
12
-9
-40
-47
-49
-49
-63
-108
-115
-115
-146
-150
-127
-97
-108
-154
-172
-159
-148
-160
-168
-145
-130
-143
-180
-177
-150
-169
-193
-197
-177
-148
-137
-147
-134
-127
-131
-131
-133
-102
-83
-68
-35
-16
-24
-39
-42
-34
-11
-8
-17
-23
8
28
19
20
27
38
36
22
26
66
69
56
52
31
13
7
-5
-16
5
3
2
12
3
1
6
-1
6
33
26
32
34
12
14
27
7
4
34
19
6
-4
6
42
46
21
30
51
24
2
11
30
43
20
2
18
18
4
7
19
39
69
76
72
91
97
114
136
141
140
125
120
146
159
158
159
157
151
131
145
142
116
109
91
104
99
73
70
43
32
46
40
48
59
26
5
17
29
40
33
8
0
9
-11
-38
-48
-63
-80
-97
-110
-102
-124
-160
-161
-161
-162
-169
-192
-208
-206
-217
-240
-238
-226
-203
-196
-226
-225
-200
-195
-197
-186
-174
-144
-106
-120
-113
-81
-79
-62
-57
-59
-35
-31
-52
-38
-28
-28
-24
-39
-36
-7
11
9
16
23
27
37
43
50
59
55
65
74
67
78
82
73
80
102
115
113
112
129
128
122
124
143
152
122
123
127
118
112
95
103
106
105
121
118
92
89
102
89
72
66
89
116
100
77
82
103
92
59
67
79
86
86
89
111
87
78
89
80
74
38
26
41
37
23
23
18
20
23
12
4
-2
-5
-29
-39
-22
-28
-33
-46
-72
-82
-93
-105
-98
-111
-143
-153
-153
-151
-159
-151
-138
-150
-173
-192
-185
-166
-168
-173
-178
-194
-207
-200
-168
-161
-156
-140
-152
-173
-171
-120
-75
-73
-69
-80
-93
-81
-72
-56
-38
-32
-5
11
-11
-7
27
46
24
25
52
63
69
71
85
110
108
75
76
127
144
131
135
138
138
126
114
104
110
97
93
109
110
119
106
78
68
85
90
84
88
76
71
80
62
62
72
56
36
22
29
51
47
31
40
58
56
33
18
27
58
43
23
35
34
20
3
-5
20
37
31
2
-5
4
-13
-2
-12
-16
16
19
12
12
12
2
-23
-14
4
9
0
-23
-20
-6
-9
-40
-64
-52
-53
-70
-75
-52
-37
-63
-81
-86
-75
-70
-95
-98
-93
-114
-111
-102
-102
-106
-121
-115
-96
-85
-87
-91
-81
-83
-92
-94
-98
-75
-74
-87
-72
-54
-53
-58
-41
-37
-55
-47
-27
-23
-32
-39
-26
-15
-20
-21
-12
-2
13
19
19
34
42
55
89
87
70
76
85
88
94
113
130
127
104
99
126
138
114
94
117
157
149
134
128
102
93
91
86
88
92
99
101
79
34
19
37
28
4
5
18
12
-4
-10
-13
-26
-57
-76
-57
-46
-65
-49
-4
-6
-32
-71
-86
-63
-63
-59
-30
-12
-6
-17
-25
-24
-36
-25
-12
-10
0
1
9
12
14
-2
-14
-15
-24
-10
10
3
6
12
0
-2
-19
-26
-18
-20
-10
18
25
1
-2
-4
-15
-22
-26
-29
-48
-65
-49
-45
-47
-56
-54
-44
-70
-85
-94
-69
-51
-71
-69
-75
-82
-62
-64
-56
-37
-37
-45
-57
-53
-36
-19
-24
-32
-10
4
7
4
6
23
30
15
22
35
31
35
43
39
25
25
27
26
31
42
66
78
70
65
82
89
75
71
93
98
74
75
98
99
72
66
78
68
49
37
36
45
43
32
48
42
6
14
18
-7
2
17
2
-20
-24
-6
10
-7
-48
-39
1
-2
-17
-34
-38
-22
-31
-40
-39
-35
-23
-29
-37
-24
-20
-12
-1
-8
-18
-23
-7
-2
-28
-36
-26
-14
-4
-5
5
21
15
-8
-14
-2
12
19
-7
-11
8
-1
-19
-30
-32
-22
-28
-36
-35
-47
-57
-71
-77
-40
-26
-37
-38
-53
-56
-59
-71
-70
-63
-44
-31
-33
-19
-14
-23
-17
-19
-19
-2
2
6
10
-1
8
10
1
3
4
32
44
31
21
20
18
24
30
21
26
36
28
17
18
39
53
44
42
51
34
35
56
44
44
49
46
37
29
36
32
43
41
28
43
49
45
43
26
24
31
15
29
63
58
39
16
-2
8
18
16
8
6
6
-1
-18
-37
-21
-1
-7
-12
-10
-15
-22
-19
-15
-4
-25
-48
-44
-47
-32
-37
-32
-23
-36
-42
-48
-56
-61
-66
-58
-31
-27
-38
-28
-27
-30
-24
-21
-15
-16
-30
-23
-23
-34
-16
5
-5
-15
-10
-2
0
10
-2
-16
-6
-14
-5
-2
-7
2
16
18
15
20
17
27
31
21
16
23
37
12
-3
6
-3
-14
-12
1
7
1
-13
-23
-20
-20
-13
-3
-1
3
-4
-11
-26
-27
-12
-14
-20
-17
1
11
-7
-26
-11
13
26
42
38
32
37
28
29
52
58
44
44
49
50
55
56
44
42
60
69
71
72
82
84
58
36
39
51
40
11
3
24
14
-2
3
-12
-19
-32
-36
-12
-12
-21
-23
-20
-15
-29
-39
-37
-49
-64
-60
-56
-58
-50
-39
-45
-66
-71
-64
-69
-62
-61
-73
-63
-62
-55
-46
-52
-36
-6
-4
-31
-41
-24
-8
-17
-17
13
18
1
-11
-1
5
-9
-8
10
42
46
18
18
21
7
1
2
10
16
12
10
12
9
9
14
7
14
40
66
47
30
49
56
37
29
48
51
44
26
16
19
7
3
13
10
-6
-4
17
18
-3
9
25
12
9
-1
-5
14
6
-21
-10
5
-5
-17
-23
-15
-2
3
-6
-11
5
23
14
3
11
24
26
10
4
11
7
-2
7
17
7
-6
1
19
8
-13
-21
-10
-7
-23
-23
-16
-16
-13
-11
-7
2
-14
-31
-14
-12
-14
-9
-4
3
-24
-46
-35
-19
-4
-9
-21
-11
3
-8
-14
-25
-30
-6
-16
-40
-20
3
-21
-49
-50
-32
-18
-18
-24
-27
-19
-28
-20
3
-18
-26
-10
5
11
1
5
33
38
19
6
1
16
0
-6
22
14
4
20
38
35
28
25
31
50
37
19
29
42
33
15
19
38
38
23
29
36
40
35
25
32
19
17
37
33
31
20
0
4
6
7
10
12
4
-3
-3
-3
0
-17
-36
-34
-40
-42
-37
-30
-23
-28
-43
-29
-6
-2
-9
-13
-3
-7
-14
-7
5
7
-8
-15
-7
-5
-24
-25
-1
4
2
-3
-26
-50
-34
-23
-25
-21
-20
8
17
-24
-42
-30
-29
-24
-21
-29
-3
14
1
-20
-28
-7
8
12
18
17
18
18
9
10
20
27
30
18
10
8
0
