-26
29
-14
-28
26
-6
-18
2
-14
11
10
-38
7
3
-13
24
-1
-11
0
-3
-1
17
-16
-23
-3
3
9
-13
1
-3
-20
17
-1
11
9
-32
20
-2
10
21
-33
3
16
-16
17
20
-20
32
0
-11
44
-34
-5
20
-27
36
-2
-23
38
2
-19
10
-44
12
46
-39
34
44
-14
9
27
-8
20
-2
-23
26
-23
-8
17
-29
10
4
-58
51
-8
-78
56
-47
-48
52
-65
-16
26
-70
38
37
-35
26
-17
10
43
-24
34
24
-4
52
6
-2
46
-34
-7
61
-27
-6
50
-21
-22
31
-34
15
28
-16
4
-24
-6
-3
0
-8
10
-19
-11
20
-46
2
1
-26
31
-17
-21
9
2
28
-40
-10
51
-61
18
31
-46
44
-35
-20
58
-32
-43
23
0
10
25
-38
-8
43
1
-19
-2
-15
-14
-13
26
16
-70
9
39
-50
-24
1
14
45
2
-37
11
10
-3
-11
33
-10
-45
42
5
6
49
-27
3
38
-78
16
36
-69
14
5
8
33
-26
36
-14
-50
76
-28
-17
109
-47
-27
65
-11
-11
-11
15
11
-5
27
-15
-51
20
-1
-57
64
23
-39
75
10
-43
56
-25
-30
36
-38
0
13
-16
-17
-23
-41
-14
14
-3
7
-38
-13
49
-20
38
48
-45
3
11
-56
-8
16
-4
32
15
-19
12
25
-51
-19
33
48
28
-7
1
13
-14
-46
-12
-7
16
4
-39
43
-18
-63
20
-75
3
123
-36
10
41
-65
22
-11
2
-9
-21
118
-12
-81
41
-11
-1
52
-35
-56
74
8
-66
36
-4
12
9
-24
31
-24
-15
63
-39
-41
40
2
-3
43
0
-37
0
-11
11
22
27
-5
-41
36
18
-68
3
43
-22
-10
-36
-8
39
-87
-48
73
9
4
32
-5
40
-11
-82
46
32
-18
-24
3
51
-65
-34
2
-41
12
-22
8
70
4
-58
-42
8
-29
-17
48
-23
24
58
-34
17
59
22
-36
49
-3
-66
102
26
-45
71
-10
-76
63
-28
-15
68
-19
35
1
-57
62
14
-95
103
-11
-66
115
-96
23
78
-131
3
30
-47
28
-50
-27
89
-59
-6
0
-45
40
-23
6
-11
-9
11
-68
37
45
-114
19
61
-96
82
14
-106
60
24
-51
4
47
-20
-51
22
99
-63
-11
145
-39
-21
58
-22
5
65
-35
12
34
-51
11
-94
-12
48
-142
41
95
-165
65
49
-180
165
-9
-99
200
-160
-52
176
-109
44
17
-145
188
45
-128
100
-45
42
63
-127
36
15
-52
70
-14
-58
29
25
-11
15
49
-67
49
33
-162
32
23
46
41
-178
38
97
-79
-56
5
88
-60
-67
83
-1
8
24
23
11
-39
19
17
-4
29
-53
6
65
33
5
24
13
-19
-18
-19
71
-35
-52
91
-31
-35
36
-72
15
-17
-25
11
64
18
-130
28
66
-97
21
63
-44
6
1
52
-47
-29
31
13
-19
-79
125
8
-97
90
-9
-75
84
42
-51
28
8
-56
-26
-4
80
12
-76
104
-67
-114
82
29
-33
7
-15
-12
2
-25
-78
-34
83
-61
-26
29
0
-45
-10
36
-65
80
36
-136
85
68
-46
24
-41
52
74
-65
40
8
-32
75
-87
-7
113
-88
37
57
-72
-24
41
-14
-36
-4
-17
130
7
-38
27
-31
9
14
-46
101
26
-66
94
-136
-28
272
-163
-69
240
-228
36
105
-263
179
96
-264
119
69
-12
-51
-206
212
38
-117
180
-11
1
58
-169
96
27
-175
102
40
-24
6
-90
67
75
-211
5
238
-140
-26
143
-130
62
-85
-137
232
-89
-211
174
-25
-16
26
-140
157
4
-227
56
90
-55
-81
58
126
-104
-27
152
20
83
-29
-174
190
10
-221
200
104
-248
94
121
-133
-13
19
21
-55
-114
106
14
-65
37
-117
127
116
-261
63
257
-102
-120
118
76
-10
-86
-63
129
-9
-91
11
20
-3
-159
-4
168
-91
-72
64
-60
18
50
-21
118
-25
-65
70
-34
-1
18
5
115
-33
-73
56
-12
-30
27
-54
-141
144
4
-142
213
-30
-174
199
20
-108
123
-112
-43
175
-66
-53
91
-31
100
84
-137
24
13
-8
19
-79
160
50
-167
93
-14
0
71
-152
82
188
-177
-8
82
29
19
-190
41
81
-139
-36
41
-1
5
-98
-69
128
-91
-88
89
14
9
-169
-56
167
-127
-102
92
-41
44
-100
-30
149
-59
-57
81
60
-1
-23
-37
147
-9
-171
153
7
-64
33
-103
35
112
7
-19
28
-4
-8
-123
80
76
-158
47
-23
-22
109
-6
-114
111
85
-154
133
4
-135
111
-44
55
38
-111
201
-74
-22
200
-222
79
87
-155
49
-41
107
-8
-120
58
30
-43
-6
26
-12
-9
-16
89
-6
-88
-70
113
9
-85
41
-7
101
60
-154
-33
185
-49
-194
112
65
-138
33
10
-76
73
-43
-141
164
-17
-96
116
-45
-15
53
-92
-5
180
-91
-47
103
-97
54
50
-93
95
10
-29
118
-43
-10
132
-10
65
13
-136
152
32
-94
27
16
56
-83
-69
34
-196
54
76
-191
70
14
-32
112
-88
-26
14
-97
24
-57
16
-30
-6
29
-85
-6
38
105
-19
-177
142
-27
-126
73
-185
112
15
-191
242
29
-57
115
-142
237
35
-246
271
-74
-49
112
-202
15
120
-158
-16
212
-92
-196
145
43
-159
78
-15
-127
90
-40
-115
42
-104
144
140
-219
112
131
-17
198
-155
-18
237
-205
22
179
-89
29
87
-38
146
83
-58
82
-6
14
-28
-92
116
37
-41
-23
82
-10
2
7
-110
-77
-37
134
-51
-118
13
-142
-23
70
-120
148
-66
-82
133
-101
28
-3
20
98
-38
-31
-8
66
115
-45
-6
-34
80
96
-136
10
-15
-81
55
-42
-99
-8
-35
-43
-9
-57
-124
91
-54
-112
213
-152
8
118
-237
208
39
-203
106
-5
83
75
-92
119
12
-105
-29
-1
135
-80
-196
76
131
-49
6
-65
-5
173
-197
-44
117
-19
89
-64
-22
95
-105
55
101
-175
97
40
-58
203
-92
-48
114
-95
56
31
16
128
-64
-165
56
43
-150
82
22
-16
169
-37
-85
-20
10
39
-45
177
24
-152
116
-68
-38
147
-34
11
12
-145
101
-37
-120
117
-24
-13
-31
-2
52
1
-64
11
35
57
92
-157
100
124
-195
193
-68
-235
218
-57
22
34
-257
166
148
-250
7
109
-65
-11
-92
-79
288
-141
-206
226
-183
-3
142
-285
104
112
-330
233
-33
-325
281
8
-84
122
-124
81
134
-114
66
99
-58
-30
63
90
-59
-21
134
-125
-6
83
-162
184
11
-212
305
0
-241
66
67
-6
-25
-124
-32
150
-134
-46
131
-100
27
37
-77
37
15
16
-6
104
71
-198
104
96
-221
147
124
-161
67
98
-73
-55
-85
28
102
-54
8
-5
-18
94
-88
-118
198
-27
-69
131
-158
105
33
-127
202
-156
-113
231
-131
57
137
-267
140
172
-324
29
195
-163
90
4
-131
217
-99
-152
246
-152
24
139
-248
137
37
-209
46
-9
39
-6
-82
220
-112
-136
62
-2
75
-78
3
119
-20
-32
3
21
120
-122
-123
214
75
-84
-30
32
30
-59
48
82
-135
63
101
-175
64
42
-195
121
68
-154
9
107
-9
-215
104
108
-337
147
260
-361
205
163
-360
124
90
-55
4
-12
-83
32
39
8
-8
-171
174
52
-222
295
-89
-192
213
-198
135
74
-187
276
-134
-164
233
-217
79
162
-407
220
161
-333
256
107
-159
147
-7
-186
168
-23
-228
215
56
-204
201
24
-182
186
70
-87
158
40
-216
231
-14
-179
252
-148
-199
233
4
-135
61
20
-134
109
-86
-22
261
-223
-22
138
-78
-8
-74
14
140
-18
-38
-94
96
158
-255
127
177
-331
144
-34
-188
302
-283
-106
379
-317
-12
248
-297
45
187
-159
78
137
-288
78
227
-188
-42
-16
109
-138
17
155
-245
203
-38
-184
92
-47
45
57
-32
-99
-94
54
127
-26
37
45
-48
104
-103
62
109
-246
101
133
-233
212
-28
-215
320
-106
-163
132
42
-66
44
-130
59
103
-77
128
-248
107
84
-179
288
-126
24
188
-244
73
129
-157
117
131
-259
83
-11
-35
144
-77
-40
-3
93
-45
13
6
-102
110
61
-56
28
-55
-5
59
16
-5
-151
135
-57
-153
320
-121
-166
184
-189
53
184
-201
123
7
-180
80
-52
-17
54
45
-53
11
12
-134
211
-41
-223
144
41
-60
8
-59
33
13
-31
25
-69
57
45
-98
105
36
-127
144
-65
-156
193
-61
-63
80
-87
38
44
-120
-47
96
-3
-43
-9
67
-58
70
84
-96
158
-231
-63
348
-284
19
139
-220
247
-126
-121
300
-230
77
182
-212
123
-77
-48
202
-84
-4
61
-36
22
-52
-30
102
-52
-124
133
0
-73
137
-175
150
157
-376
231
22
-136
237
-264
-5
285
-287
55
212
-259
102
216
-303
55
191
-292
144
130
-192
163
-58
-147
222
-160
66
29
-239
141
-11
-55
33
-18
84
-44
0
1
-65
108
-84
14
88
-49
13
-26
-21
-93
114
101
-357
134
88
-191
271
-84
-134
209
-113
11
68
-116
74
73
13
-50
-19
93
103
-102
-97
71
-66
43
106
-177
46
32
-207
252
-107
-150
269
-178
29
118
-115
-43
-4
24
72
8
-104
49
30
20
18
-110
15
59
48
57
-133
-29
97
15
6
-48
31
42
-36
-7
-6
2
-17
-16
8
48
-30
-67
54
63
-65
-85
131
-32
50
30
-262
213
151
-306
122
129
-235
135
68
-170
200
-180
-107
289
-178
-29
-18
-21
262
-113
-183
314
-185
-91
233
-216
180
-44
-182
298
-78
-170
221
-140
35
126
-336
142
82
-137
117
-51
-6
119
-93
15
97
-138
-22
65
37
55
-47
-89
86
37
-254
182
56
-145
182
-167
37
69
-110
82
-12
-44
70
-79
28
44
-170
94
9
11
-51
-111
139
-14
36
41
-147
34
149
-175
29
83
-204
133
71
-67
69
-24
-156
148
57
-21
46
-171
116
68
-94
8
23
44
-13
-36
139
23
-101
54
18
15
79
-128
-69
155
-127
-124
172
2
-60
-16
13
28
11
40
-118
130
42
-173
63
21
-81
48
89
-181
8
91
-122
84
-10
-137
193
-49
-175
174
-56
-36
27
-54
53
50
7
-42
46
80
-114
-23
91
28
-78
-118
116
60
-25
-104
-48
154
13
-58
34
-6
-36
-75
40
20
6
-1
-116
140
79
-161
75
60
-98
87
-2
-57
26
-12
-20
31
25
-91
56
126
-67
15
-18
4
121
-106
-60
86
-86
12
124
-62
-3
5
-11
59
-20
11
-93
-49
148
-84
-38
64
-90
13
5
-28
100
-26
-98
72
-36
25
50
-128
70
-19
-57
50
-135
26
115
-41
-24
45
26
-23
49
-53
-10
111
-46
28
50
-110
73
51
5
98
-168
12
83
-135
111
7
-140
137
68
-102
81
89
2
-21
-50
62
43
-87
28
6
-60
29
-17
21
69
-4
-36
16
6
17
-5
-1
-28
-81
40
29
-45
-15
-54
16
-30
-128
-8
-57
-21
-17
-36
-8
-23
15
-14
40
19
-86
-21
103
27
-25
-6
28
46
-11
-43
-25
-25
-64
16
40
-14
-16
-48
47
66
11
126
-9
63
132
-56
32
54
24
50
19
45
8
-35
58
26
-22
46
93
50
50
70
23
103
56
-34
50
16
-14
9
-13
37
-19
-88
10
-41
-33
9
-55
-57
-49
-72
-100
-9
-12
-47
-24
-120
-25
-39
-125
-32
-120
-145
-81
-107
-109
-127
-171
-98
-116
-191
-220
-234
-174
-228
-277
-226
-227
-241
-277
-316
-259
-290
-272
-213
-226
-156
-170
-109
-29
-47
-13
30
84
169
234
276
380
398
373
435
506
493
494
530
510
505
491
527
532
485
463
376
377
406
356
380
384
257
222
260
266
310
163
85
242
256
267
314
248
237
249
201
195
175
150
171
151
149
97
-18
-20
45
49
-5
-67
-125
-189
-132
-142
-341
-414
-510
-582
-895
-1455
-1704
-1662
-1471
-1556
-1840
-1814
-1809
-1962
-1997
-2013
-1735
-1532
-1620
-1408
-1011
-624
-423
-282
28
239
382
613
1041
1516
1595
1658
1842
1921
1933
1871
1967
1966
1656
1439
1370
1385
1243
804
627
488
142
-131
-339
-426
-638
-1056
-1295
-1244
-1164
-1281
-1328
-1112
-1015
-928
-596
-276
26
230
373
758
1150
1333
1474
1669
1770
1710
1667
1800
1930
1791
1511
1283
1126
1062
899
674
550
315
45
-66
-100
-200
-416
-605
-718
-777
-732
-576
-385
-290
-376
-409
-244
-71
24
71
164
194
257
327
331
266
-89
-285
-260
-537
-1221
-2463
-3332
-3193
-2988
-2814
-3143
-3739
-3832
-4340
-4405
-3556
-2889
-2374
-2513
-2585
-1645
-787
-55
632
1083
1537
1533
1869
3040
3858
4121
3815
3491
3575
3371
3439
3743
3534
2755
1582
1109
1120
768
377
-138
-601
-1163
-1867
-1770
-1348
-1480
-1980
-2390
-2183
-1745
-1577
-1141
-545
-433
-703
-718
-189
506
915
1019
1372
1813
1847
1901
2156
2238
1972
1647
1741
2076
2104
1697
1225
899
397
-24
42
303
358
48
-207
-130
-95
-276
-392
-281
-197
-187
0
412
704
519
200
140
154
298
402
571
769
622
401
173
-32
-254
-523
-467
-465
-608
-737
-1021
-1186
-2022
-3594
-5136
-5726
-5067
-4291
-3971
-4167
-4398
-4384
-4506
-4402
-3648
-2656
-1987
-1543
-846
350
1627
2228
2497
2691
2862
3185
3753
4740
5392
5306
4716
3872
3314
2775
2374
2255
1704
840
-29
-630
-949
-1444
-1973
-2299
-2630
-2877
-2774
-2251
-1601
-1569
-1890
-1772
-1207
-408
252
1014
1843
2042
1727
1617
2027
2407
2498
2570
2763
2917
2663
2228
1971
1616
911
326
360
602
468
-36
-541
-903
-1298
-1503
-1289
-750
-312
-296
-155
143
221
234
364
759
1146
1300
1595
1910
1871
1569
1133
865
990
882
760
844
545
204
-324
-870
-1061
-1379
-1608
-1562
-1527
-1474
-1790
-2323
-2906
-4036
-5365
-6189
-5924
-4907
-4184
-4185
-4427
-4236
-3751
-3560
-3299
-2342
-1203
-405
201
1088
2378
3117
3099
3002
3312
3909
4185
4425
4857
4838
4083
3100
2408
2063
1591
972
452
-108
-832
-1527
-1942
-2216
-2532
-2746
-2654
-2383
-2003
-1586
-1081
-643
-622
-494
178
1040
1721
2191
2587
2868
2815
2519
2498
2678
2559
2187
1937
1920
1663
1069
534
110
-253
-677
-945
-771
-728
-1061
-1429
-1552
-1322
-1139
-821
-202
278
597
780
971
1306
1472
1565
1840
2108
2281
2279
2142
1965
1460
874
568
340
277
95
-383
-647
-1113
-1540
-1587
-1951
-2046
-2149
-2379
-1890
-1566
-1463
-1683
-2714
-3541
-4394
-5193
-5012
-4143
-2908
-2474
-3305
-3873
-3646
-2990
-2419
-2138
-1279
-203
291
755
1483
2506
3000
2465
2278
2842
3614
4232
4258
4208
3720
2588
1838
1501
1617
1620
851
66
-672
-1389
-1629
-1881
-2026
-2010
-2101
-1798
-1398
-1021
-573
-462
-384
-236
176
1286
2206
2511
2574
2502
2445
2177
1868
1977
2117
1853
1364
1002
950
621
-93
-541
-627
-572
-583
-604
-407
-453
-945
-1298
-1165
-582
0
394
825
1097
1042
917
1002
1299
1520
1590
1746
1983
1995
1662
1134
720
280
-98
-214
-270
-137
-195
-652
-902
-1251
-1564
-1649
-1693
-1288
-1147
-1202
-1023
-1004
-682
-853
-1721
-2296
-3211
-4039
-4356
-4254
-3319
-2821
-3349
-4158
-4671
-4073
-3263
-2619
-1659
-979
-422
52
550
1664
2567
2755
2796
2923
3599
4380
4642
4650
4100
3124
2288
1709
1793
1847
1285
478
-718
-1697
-2100
-2304
-2193
-2231
-2346
-2096
-1805
-1293
-741
-443
-205
-106
289
1295
2410
3256
3423
3073
2798
2612
2591
2562
2246
1697
1036
582
424
159
-322
-946
-1550
-1760
-1613
-1234
-872
-934
-1210
-1349
-1227
-589
151
647
989
1121
1283
1558
1815
1996
1989
1858
1832
1984
2205
2155
1682
996
300
-218
-431
-432
-373
-518
-919
-1192
-1425
-1570
-1583
-1599
-1549
-1342
-1197
-897
-579
-423
-257
-690
-1414
-2100
-2633
-3042
-3841
-4568
-4096
-3307
-3150
-3875
-4595
-3980
-3299
-3077
-2603
-1532
-134
462
409
1164
2372
3071
3066
3019
3822
4566
4575
4327
4019
3643
2806
1715
1309
1283
1046
368
-785
-1637
-2205
-2739
-2778
-2615
-2342
-1878
-1575
-1229
-789
-349
133
444
895
1754
2723
3473
3667
3541
3256
2793
2486
2332
2266
1917
1047
102
-609
-987
-1277
-1553
-1699
-1849
-1909
-1760
-1432
-1094
-993
-967
-663
-85
651
1276
1671
1859
1779
1740
1935
2214
2381
2239
1946
1820
1726
1498
1179
668
121
-507
-940
-928
-909
-901
-1171
-1616
-1580
-1438
-1321
-1254
-1231
-903
-813
-724
-375
-149
357
252
-537
-1053
-1838
-2316
-3072
-4371
-4789
-4400
-3601
-3392
-4385
-4928
-4551
-3931
-3280
-2734
-1418
119
624
859
1496
2666
3721
3556
3516
4281
4928
5170
4636
3983
3526
2423
1359
917
863
814
-200
-1571
-2446
-3019
-3133
-3114
-2946
-2254
-1668
-1307
-920
-436
260
747
1054
1668
2648
3702
4232
4180
3935
3524
2972
2445
2155
1989
1431
413
-516
-1176
-1762
-2252
-2608
-2537
-2274
-2146
-1907
-1520
-1049
-797
-660
-147
565
1321
1912
2218
2454
2395
2197
2236
2310
2283
2054
1708
1545
1331
939
472
-23
-436
-848
-1286
-1418
-1244
-1173
-1346
-1662
-1609
-1395
-1230
-809
-420
-144
-96
-268
-107
549
863
472
-295
-1157
-1838
-2417
-3458
-4814
-5578
-5180
-4293
-4331
-5162
-5615
-4981
-4059
-3623
-2930
-1298
458
1207
1274
1953
3466
4435
4293
4218
4974
5817
5656
4665
3976
3481
2467
1169
346
313
182
-920
-2414
-3314
-3561
-3653
-3674
-3243
-2363
-1573
-1107
-642
128
1046
1651
1952
2611
3720
4649
4998
4708
4281
3950
3385
2662
1840
1220
714
-189
-1074
-1925
-2798
-3372
-3738
-3447
-2834
-2443
-2023
-1679
-1137
-551
-160
529
1272
1934
2508
2793
3056
3076
2777
2538
2309
2106
1944
1629
1290
845
356
-118
-583
-926
-1384
-1725
-1891
-1777
-1458
-1481
-1374
-1279
-1124
-699
-430
33
280
324
561
502
805
1181
887
441
-780
-1944
-2506
-3521
-4853
-6043
-6099
-4990
-4662
-5487
-5963
-5598
-4437
-3673
-3215
-1508
418
1472
1755
2150
3699
4961
4968
4875
5151
5781
5851
4881
4054
3391
2355
1046
-130
-486
-581
-1408
-2738
-3797
-4090
-3912
-3766
-3352
-2461
-1434
-696
-194
600
1625
2461
2788
3178
4157
5070
5394
5082
4469
3931
3194
2301
1668
966
61
-915
-1852
-2324
-3195
-4687
-5220
-4676
-3407
-2358
-2274
-1811
-1185
-696
175
929
2079
3020
3149
3617
3899
3840
3599
2728
2282
2089
1646
1549
1202
578
-67
-930
-1321
-1392
-1560
-1670
-1960
-1969
-1673
-1584
-1380
-1071
-701
-266
-11
334
819
1176
1349
1266
1268
1302
1122
995
403
-561
-1767
-3269
-4230
-5473
-6793
-6836
-6143
-5232
-5447
-6605
-6237
-4807
-3428
-2416
-1578
422
2207
2488
2900
4027
5447
5981
5203
5190
6007
6132
5287
3661
2561
1874
409
-808
-1239
-1453
-1965
-3338
-4521
-4542
-4139
-3723
-3247
-2415
-1135
-52
705
1480
2398
3185
3629
4016
4710
5563
5842
5271
4369
3456
2720
1940
981
233
-739
-1877
-2752
-3307
-3768
-4755
-5445
-4915
-3654
-2403
-1828
-1436
-603
152
829
1690
2761
3715
3987
3978
4105
4138
3781
2944
2146
1751
1455
1085
555
1
-586
-1411
-2012
-2121
-1955
-1903
-2045
-2102
-1893
-1524
-1180
-791
-227
284
539
670
1144
1533
1561
1657
1430
1316
1396
988
465
-509
-2115
-3103
-4080
-5490
-6959
-7741
-6536
-5084
-5479
-6567
-6613
-5002
-3138
-2695
-1735
564
2320
2904
2830
3868
5944
6324
5365
5005
5623
6237
5236
3415
2404
1675
464
-984
-1805
-1660
-1871
-3283
-4606
-4713
-3999
-3356
-3126
-2500
-1059
296
1074
1721
2583
3604
4051
3961
4555
5569
5986
5366
4005
3126
2621
1730
712
-32
-739
-1971
-3300
-3866
-3738
-4082
-5252
-5553
-4379
-2617
-1458
-1329
-836
107
790
1656
2592
3737
4487
4143
3993
4086
3816
3368
2443
1662
1470
1127
694
127
-666
-1260
-1893
-2250
-2030
-1902
-1848
-2099
-1992
-1534
-1259
-845
-630
146
986
966
1272
1424
1749
2296
1661
1585
1448
882
910
-211
-1426
-2192
-3752
-4884
-6651
-8281
-7193
-5812
-5301
-5852
-7162
-6091
-4067
-3270
-2130
-605
1617
3119
2688
3341
5212
6277
6089
5090
5284
6351
5898
4307
2872
1951
1032
-550
-1742
-1742
-1737
-2731
-4188
-4872
-4490
-3778
-3453
-3017
-1693
-136
974
1615
2208
3249
3846
3891
4433
5344
6172
5953
4563
3537
2923
2056
1072
52
-509
-1173
-2595
-3930
-4775
-4859
-4878
-5312
-4852
-3707
-2491
-1469
-992
-85
976
1703
2509
3278
4346
5012
4723
4367
4069
3749
3301
2434
1776
1392
821
168
-571
-1161
-1524
-2078
-2448
-2437
-2290
-2129
-2244
-2204
-1803
-1245
-658
-13
507
892
1115
1212
1550
2050
2331
2086
1451
1288
1103
482
-601
-2214
-2938
-3806
-5714
-7420
-8023
-6687
-5249
-5861
-6762
-6690
-5274
-3532
-2910
-1612
732
2297
2869
2951
3980
5916
6266
5608
5427
5780
6179
5147
3416
2511
1618
358
-989
-1809
-1859
-2329
-3612
-4636
-4730
-4191
-3678
-3251
-2332
-796
531
1199
1784
2607
3471
4042
4368
5105
5940
6017
5209
3916
3017
2522
1692
580
-454
-1399
-2349
-3530
-4475
-4801
-4902
-4824
-4519
-3724
-2483
-1545
-910
-213
662
1698
2452
3066
3887
4422
4533
4340
3910
3597
3232
2670
2082
1491
959
398
-259
-841
-1322
-1826
-2151
-2328
-2408
-2371
-2374
-2228
-1776
-1388
-832
-217
215
656
889
1228
1799
2094
2049
1660
1372
1513
1323
572
-715
-2166
-3145
-4362
-6312
-7476
-7239
-6030
-5370
-6336
-7139
-6359
-4788
-3596
-2871
-1292
1048
2297
2484
3001
4538
6041
6051
5327
5519
6206
6021
4690
3287
2506
1638
29
-1370
-1744
-1771
-2468
-3813
-4703
-4531
-4058
-3852
-3351
-2077
-393
693
1064
1763
2840
3622
4068
4484
5284
5992
5743
4793
3885
3235
2401
979
-353
-1066
-1691
-2551
-3556
-4213
-4169
-4133
-4321
-4044
-3038
-1765
-894
-369
393
1245
1885
2362
2871
3611
4137
4099
3868
3638
3453
3038
2332
1737
1340
1038
568
-26
-561
-1223
-1853
-2257
-2462
-2317
-2120
-2097
-2023
-1561
-1055
-728
-365
91
700
1084
1128
1302
1472
1634
1601
1274
746
-225
-1442
-2607
-3794
-5631
-7058
-6825
-5576
-4899
-5984
-7273
-6576
-4934
-3801
-3144
-1868
436
1754
1681
2254
4044
5680
5782
4886
5098
6151
6110
4928
3630
2874
2070
413
-932
-1104
-1095
-1954
-3494
-4493
-4409
-4078
-3971
-3477
-2266
-876
67
540
1267
2378
3147
3532
4086
4925
5678
5649
4814
4187
3561
2455
1290
305
-272
-961
-2222
-3157
-3427
-3554
-3854
-4180
-3792
-2750
-1895
-1309
-587
298
966
1294
1728
2655
3556
3909
3962
3898
3814
3473
2767
2247
2016
1694
1245
677
103
-358
-1016
-1788
-2203
-2273
-2208
-2210
-2270
-2030
-1475
-1186
-1192
-747
-48
683
990
953
1301
1544
1406
1254
758
227
-652
-2025
-3324
-5215
-6578
-6445
-5268
-4588
-5742
-7211
-6731
-5157
-4055
-3437
-2266
-115
1149
1256
2077
3968
5485
5355
4536
4904
6068
6331
5301
4211
3480
2407
784
-624
-907
-779
-1659
-3156
-4205
-4303
-4041
-4139
-3936
-2873
-1532
-557
4
808
2074
2884
3136
3529
4486
5523
5633
5028
4484
4035
3102
1625
559
99
-405
-1413
-2635
-3269
-3490
-3758
-3943
-3723
-2970
-2213
-1678
-915
-7
705
1069
1336
2053
3041
3758
4001
3955
3765
3449
2968
2481
2136
1871
1539
1019
421
-127
-806
-1472
-2022
-2204
-2096
-2042
-2055
-2008
-1716
-1400
-1266
-1111
-650
296
954
1248
1445
1180
1400
1262
509
-53
-937
-1652
-2623
-5029
-6543
-6277
-5247
-4537
-5913
-7149
-6205
-4980
-4247
-3597
-2400
-219
838
764
1896
4062
5519
5379
4503
4754
5846
5958
5119
4511
3936
2844
1055
-633
-844
-771
-1823
-3153
-4111
-4155
-3770
-4108
-4004
-2930
-1842
-984
-371
656
2224
2976
3003
3375
4296
5304
5590
5101
4717
4345
3166
1713
836
375
-68
-1184
-2483
-2864
-3060
-3444
-3785
-3898
-3207
-2421
-1929
-1031
-63
637
989
1109
1807
2910
3672
3939
3870
3774
3663
3275
2703
2314
1992
1540
1030
444
-48
-510
-1271
-1932
-2222
-2275
-2152
-2019
-1860
-1709
-1542
-1417
-1280
-724
92
814
1161
958
1004
1281
1051
327
-855
-1551
-2041
-3712
-5655
-6373
-5529
-4442
-5331
-6941
-6939
-5604
-4235
-3922
-3315
-1350
211
505
884
2708
4997
5662
4831
4504
5482
6182
5608
4645
4104
3644
2374
521
-356
-430
-1011
-2390
-3916
-4210
-3777
-3851
-3929
-3547
-2577
-1533
-1065
-210
1279
2454
2960
3140
3768
4832
5434
5318
4979
4599
3746
2552
1632
1103
585
-626
-2090
-2727
-2837
-2997
-3370
-3774
-3566
-2971
-2434
-1668
-772
24
574
875
1428
2348
3178
3655
3737
3723
3762
3582
3184
2791
2347
1855
1484
1003
504
-3
-780
-1456
-1893
-2216
-2187
-2171
-1939
-1619
-1621
-1631
-1504
-895
-232
144
351
636
1219
1338
603
-280
-1090
-1587
-2783
-4983
-6109
-5577
-4293
-4066
-5779
-6927
-6176
-5028
-4285
-3774
-2388
-395
283
208
1312
3498
5070
4830
4118
4587
5805
6062
5195
4481
4013
3192
1671
211
-42
-126
-1230
-2857
-4044
-3949
-3548
-3828
-3820
-3115
-2187
-1472
-1055
47
1644
2509
2621
2904
3892
4992
5405
5143
4829
4482
3474
2218
1518
1145
540
-828
-2283
-2747
-2868
-3154
-3458
-3664
-3287
-2735
-2332
-1530
-511
193
552
764
1390
2533
3337
3627
3747
3745
3722
3487
2976
2666
2403
1978
1594
1093
559
60
-628
-1315
-1740
-2079
-2282
-2177
-1904
-1565
-1472
-1562
-1337
-702
-144
181
465
551
796
617
-214
-648
-1224
-2452
-4112
-5865
-5957
-4633
-4095
-4868
-6058
-6204
-5161
-4324
-3851
-2729
-1194
-250
122
967
2763
4498
4806
4142
4069
4729
5315
5359
4818
4387
3600
2125
835
49
-161
-734
-2105
-3206
-3576
-3433
-3345
-3467
-3234
-2634
-2106
-1602
-603
910
2089
2490
2624
3130
4079
4685
4776
4730
4518
3864
2701
1820
1389
853
-144
-1612
-2388
-2408
-2549
-2745
-3067
-3164
-2810
-2585
-2025
-941
-59
480
659
908
1747
2654
3127
3291
3331
3479
3569
3267
2852
2607
2263
1829
1362
943
730
237
-613
-1268
-1668
-1746
-1781
-1794
-1658
-1499
-1376
-1280
-843
-413
-220
5
-29
-240
-421
-781
-966
-1768
-3737
-5426
-5795
-4970
-4027
-4351
-5255
-5306
-4800
-4302
-3738
-2816
-1511
-517
-278
362
2110
3749
4330
4070
3819
4247
4602
4556
4501
4309
3755
2619
1354
666
259
-464
-1586
-2675
-3178
-3187
-3124
-2989
-2691
-2396
-2136
-1807
-1114
79
1257
1879
2248
2787
3463
4129
4410
4300
4119
3604
2682
1951
1610
1242
462
-815
-1902
-2199
-2377
-2619
-2738
-2800
-2589
-2341
-2075
-1338
-568
-74
370
715
1376
2228
2718
2990
3190
3301
3436
3376
3088
2893
2589
2078
1655
1227
812
442
-102
-703
-1114
-1469
-1599
-1473
-1490
-1453
-1507
-1261
-713
-406
-184
-309
-494
-524
-869
-979
-1253
-2389
-3897
-5376
-5613
-4738
-4464
-4818
-5106
-4887
-4238
-3834
-3407
-2437
-1348
-852
-435
774
2575
4021
4377
4049
4127
4360
4344
4393
4273
4167
3579
2374
1486
899
382
-557
-1921
-2870
-3286
-3341
-3198
-2939
-2584
-2298
-2149
-1843
-1043
79
940
1487
2045
2745
3623
4162
4335
4383
4078
3371
2469
1891
1641
1247
389
-851
-1727
-2092
-2407
-2682
-2917
-2981
-2728
-2454
-1930
-1117
-451
-37
166
574
1334
2124
2666
2993
3344
3520
3581
3491
3270
3130
2770
2197
1704
1370
1144
749
49
-658
-1190
-1501
-1658
-1712
-1782
-1721
-1468
-1145
-757
-478
-474
-650
-805
-929
-1108
-1432
-2323
-3682
-4559
-4849
-4647
-4327
-4592
-4911
-4741
-4419
-3801
-3131
-2477
-1679
-1194
-774
147
1538
2914
3734
3911
3986
4272
4372
4287
4236
3969
3564
2892
2143
1764
1317
420
-747
-1991
-2810
-3068
-3171
-3047
-2740
-2503
-2264
-1990
-1506
-715
9
494
962
1629
2537
3465
4029
4271
4102
3445
2806
2367
2030
1718
938
-3
-496
-811
-1120
-1559
-2157
-2527
-2651
-2650
-2329
-1732
-1138
-657
-364
-67
529
1123
1590
2053
2362
2729
3200
3441
3593
3582
3268
2871
2394
2009
1776
1390
840
251
-321
-685
-952
-1283
-1510
-1688
-1781
-1703
-1571
-1430
-1308
-1395
-1530
-1682
-2000
-2417
-3246
-4236
-4765
-4817
-4470
-4235
-4342
-4213
-3742
-3186
-2757
-2421
-1979
-1423
-965
-440
555
1828
2878
3419
3587
3774
4015
4033
3910
3665
3244
2834
2402
2085
1933
1524
744
-346
-1451
-2133
-2503
-2717
-2749
-2607
-2278
-1876
-1474
-1031
-578
-306
-175
143
826
1753
2558
3142
3492
3409
3151
2892
2526
2210
1606
749
322
111
-38
-205
-697
-1173
-1490
-1861
-1993
-1792
-1601
-1442
-1243
-949
-307
423
865
1247
1477
1601
1905
2177
2494
2877
3007
3006
2895
2695
2561
2287
1689
993
445
169
-7
-290
-629
-961
-1273
-1523
-1642
-1572
-1559
-1769
-2117
-2436
-2494
-2707
-3473
-4371
-4955
-5015
-4695
-4583
-4529
-4277
-3809
-3208
-2634
-2025
-1290
-746
-557
-306
291
1231
2273
2943
3296
3745
4033
4073
3898
3506
3123
2617
1954
1592
1521
1401
1029
296
-555
-1248
-1783
-2161
-2377
-2385
-2245
-2008
-1642
-1064
-429
0
175
198
406
870
1369
1814
2267
2491
2495
2506
2412
2303
2057
1293
570
233
-18
-107
-251
-479
-485
-654
-946
-1007
-959
-896
-923
-991
-799
-230
356
817
1167
1439
1752
1927
1998
2178
2325
2265
2158
1963
1949
2064
1883
1593
1216
717
268
-97
-491
-641
-646
-740
-685
-715
-1037
-1309
-1675
-2093
-2426
-3199
-4234
-4932
-5340
-5247
-4876
-4879
-4802
-4471
-4072
-3405
-2801
-2321
-1672
-1260
-909
-165
793
1804
2603
2909
3164
3586
3874
4044
3971
3657
3323
2770
2174
1931
1717
1361
817
10
-690
-1097
-1493
-1860
-2139
-2385
-2336
-2061
-1703
-1099
-521
-217
-29
154
512
1059
1440
1706
1978
2097
2161
2157
2105
2058
1763
1190
700
407
299
219
-76
-340
-411
-481
-600
-671
-632
-593
-656
-703
-490
-48
386
678
897
1196
1485
1746
1969
2114
2150
2086
1928
1772
1746
1648
1346
960
693
486
308
80
-280
-452
-551
-642
-617
-665
-714
-906
-1317
-1666
-2205
-3159
-4229
-4929
-5080
-5005
-4987
-5038
-4856
-4415
-3962
-3524
-2980
-2295
-1718
-1456
-1086
-303
639
1506
2122
2610
3268
3880
4188
4254
4181
3995
3510
2836
2349
2122
1968
1594
902
214
-321
-843
-1338
-1800
-2166
-2336
-2402
-2253
-1871
-1387
-927
-599
-319
26
455
840
1158
1437
1712
1853
1867
2012
2149
2096
1864
1423
1016
803
597
341
30
-179
-285
-379
-471
-537
-575
-672
-737
-714
-545
-190
178
410
613
932
1297
1535
1740
1933
2025
1978
1791
1651
1596
1509
1244
899
645
520
311
13
-166
-355
-432
-432
-579
-692
-834
-1090
-1302
-1685
-2389
-3229
-3985
-4470
-4602
-4728
-4860
-4711
-4504
-4070
-3425
-2984
-2520
-2051
-1789
-1450
-1013
-395
453
1195
1789
2415
3055
3601
3984
4089
3973
3752
3321
2911
2630
2337
2031
1573
1003
513
57
-381
-784
-1256
-1674
-2003
-2213
-2182
-1940
-1621
-1284
-927
-656
-322
89
414
709
936
1176
1394
1415
1508
1701
1779
1776
1547
1244
1109
998
825
606
344
126
34
-120
-233
-313
-471
-510
-475
-433
-230
7
168
387
588
839
1106
1309
1522
1641
1561
1449
1366
1277
1200
990
695
537
452
337
259
163
34
-71
-273
-488
-616
-801
-1009
-1366
-2008
-2812
-3526
-3975
-4166
-4318
-4574
-4657
-4417
-3954
-3422
-2959
-2521
-2134
-1986
-1824
-1361
-711
-77
436
966
1594
2271
2903
3349
3583
3636
3488
3227
2976
2748
2516
2221
1819
1395
1032
686
421
64
-438
-833
-1186
-1487
-1592
-1585
-1516
-1431
-1326
-1069
-668
-287
-48
143
373
585
750
815
866
1037
1135
1225
1356
1338
1315
1293
1163
1008
836
655
537
409
250
112
-15
-132
-206
-236
-166
-12
103
207
331
525
684
784
968
1118
1181
1170
1118
1106
1048
888
688
549
459
359
231
164
196
121
-60
-187
-289
-431
-650
-1031
-1554
-2202
-2957
-3486
-3732
-3945
-4146
-4383
-4379
-3944
-3495
-3110
-2721
-2392
-2155
-1971
-1693
-1276
-711
-193
234
760
1431
2151
2770
3143
3241
3204
3109
2943
2766
2604
2393
2142
1776
1397
1182
1023
740
299
-122
-437
-692
-879
-1001
-1065
-1156
-1256
-1203
-940
-595
-314
-144
-10
152
318
526
565
444
458
523
663
894
1000
1062
1121
1081
1045
986
865
740
534
278
145
69
36
67
38
28
120
298
439
494
565
668
773
859
984
1049
1016
980
872
811
755
580
393
277
223
178
127
109
87
-14
-168
-318
-409
-567
-903
-1489
-2214
-2861
-3283
-3477
-3665
-3899
-4080
-3971
-3577
-3191
-2826
-2516
-2270
-2058
-1918
-1653
-1188
-702
-320
67
544
1159
1861
2418
2762
2910
2886
2795
2666
2506
2359
2130
1831
1614
1393
1240
1164
938
590
201
-134
-405
-599
-733
-833
-956
-1037
-983
-807
-560
-388
-285
-135
68
256
453
458
279
230
263
412
664
760
795
883
972
1037
1014
919
782
575
316
161
111
101
150
163
142
227
356
463
540
573
659
793
916
1027
1103
1071
945
806
766
751
635
493
348
252
240
190
157
129
-1
-109
-238
-360
-486
-819
-1398
-2122
-2823
-3228
-3399
-3572
-3813
-4027
-3955
-3577
-3107
-2717
-2422
-2183
-2028
-1869
-1584
-1184
-769
-473
-159
303
883
1579
2233
2617
2734
2679
2603
2592
2495
2289
2012
1690
1380
1133
1032
1043
930
633
329
84
-104
-328
-600
-778
-923
-1018
-932
-664
-384
-230
-151
-54
143
356
516
546
388
249
266
383
613
750
690
724
863
999
1108
1052
850
586
287
80
17
49
57
-4
-37
73
320
548
638
621
655
773
891
1046
1169
1166
1147
1074
995
992
805
541
339
203
211
215
174
194
126
-75
-283
-454
-590
-936
-1559
-2333
-3043
-3397
-3588
-3823
-4084
-4223
-4037
-3650
-3157
-2676
-2266
-1951
-1806
-1631
-1356
-1005
-620
-331
-9
449
1027
1705
2313
2667
2723
2658
2612
2556
2379
2069
1754
1409
1041
828
774
779
665
368
101
-79
-199
-351
-556
-732
-891
-1010
-966
-651
-244
28
171
311
551
828
965
851
567
354
281
368
570
670
679
712
771
904
952
870
695
394
109
-24
-68
-123
-108
-120
-130
65
352
583
732
724
755
887
1010
1209
1327
1293
1241
1158
1137
1145
948
683
473
331
325
307
265
235
118
-107
-293
-481
-806
-1278
-2032
-2925
-3534
-3837
-4050
-4221
-4434
-4507
-4190
-3694
-3135
-2577
-2205
-1929
-1679
-1407
-975
-486
-108
215
557
1028
1694
2395
2900
3088
3027
2867
2710
2563
2317
1902
1413
934
510
271
203
137
-41
-332
-577
-653
-705
-815
-939
-1097
-1215
-1103
-814
-395
100
437
692
981
1260
1457
1427
1108
782
602
560
674
726
697
723
757
802
833
783
600
275
-57
-262
-310
-258
-200
-179
-137
51
387
666
834
944
1012
1093
1260
1440
1552
1544
1448
1316
1217
1146
989
789
557
348
269
247
171
197
116
-192
-394
-568
-848
-1326
-2229
-3312
-4009
-4321
-4510
-4764
-5045
-4983
-4484
-3945
-3362
-2651
-2066
-1657
-1404
-1149
-654
-81
343
691
1113
1691
2344
3026
3557
3717
3529
3215
2948
2638
2160
1542
887
292
-213
-529
-587
-628
-844
-1141
-1318
-1310
-1294
-1358
-1393
-1345
-1282
-1032
-478
177
802
1213
1451
1818
2229
2391
2203
1804
1374
1047
819
681
620
448
332
361
403
446
328
9
-315
-641
-886
-861
-704
-502
-295
-80
305
827
1214
1388
1487
1605
1742
1868
1981
2040
1984
1845
1711
1597
1449
1160
746
404
216
50
-103
-231
-347
-469
-738
-1051
-1318
-1735
-2483
-3524
-4473
-4962
-5106
-5219
-5437
-5416
-4920
-4179
-3346
-2549
-1838
-1232
-833
-530
-59
522
1018
1407
1740
2141
2728
3335
3790
3957
3738
3357
2961
2480
1821
1011
241
-442
-1084
-1508
-1557
-1480
-1534
-1711
-1793
-1644
-1447
-1337
-1241
-1078
-864
-507
46
824
1611
2101
2400
2729
3005
2919
2515
1949
1421
991
515
183
37
-50
-85
-130
-135
-164
-293
-476
-678
-905
-1025
-950
-779
-480
-113
299
869
1405
1741
1987
2130
2237
2352
2405
2447
2402
2215
2083
2039
1854
1551
1122
625
300
23
-296
-554
-771
-920
-1125
-1404
-1638
-1976
-2626
-3668
-4829
-5540
-5696
-5772
-6010
-6115
-5619
-4582
-3445
-2444
-1504
-646
-50
336
763
1318
1834
2105
2242
2533
3005
3524
3928
3985
3626
3058
2460
1920
1204
244
-693
-1511
-2151
-2524
-2551
-2271
-2027
-2039
-1994
-1618
-1079
-706
-525
-301
93
552
1034
1771
2568
3086
3308
3385
3419
3250
2665
1719
905
230
-492
-908
-1076
-1188
-1168
-1128
-973
-759
-728
-741
-705
-725
-654
-452
-194
256
713
1125
1672
2160
2471
2650
2708
2715
2669
2555
2442
2323
2058
1774
1584
1347
1025
625
156
-185
-352
-552
-696
-854
-1040
-1152
-1374
-1593
-1934
-2652
-3724
-4847
-5499
-5759
-5882
-6056
-6146
-5588
-4502
-3275
-2098
-1124
-285
373
813
1265
1791
2219
2484
2640
2818
3232
3735
4037
4011
3534
2754
1990
1240
355
-712
-1753
-2496
-2975
-3194
-3082
-2680
-2301
-2119
-1889
-1373
-688
-168
128
455
959
1510
2094
2818
3576
3988
3978
3873
3655
3032
1982
883
-12
-828
-1617
-2176
-2326
-2114
-1858
-1697
-1431
-1093
-849
-738
-624
-399
-131
205
638
1170
1775
2324
2786
3078
3187
3171
3126
3016
2787
2579
2324
1929
1551
1280
985
630
92
-408
-651
-827
-905
-1003
-1161
-1146
-1185
-1324
-1344
-1515
-2072
-3097
-4334
-5060
-5274
-5444
-5631
-5803
-5447
-4318
-2996
-1843
-902
-181
423
894
1234
1638
1990
2114
2178
2292
2567
3079
3439
3362
2838
2067
1354
693
-155
-1185
-2104
-2736
-3032
-3058
-2779
-2227
-1702
-1382
-1039
-408
373
908
1099
1299
1673
2219
2746
3143
3584
3861
3751
3402
2942
2315
1267
-263
-1586
-2309
-2788
-3123
-3222
-3058
-2521
-1795
-1160
-458
94
282
433
669
1006
1399
1646
1819
2112
2427
2744
3029
3085
2963
2686
2349
2135
1965
1671
1286
874
561
322
65
-241
-567
-793
-963
-916
-721
-557
-368
-317
-375
-403
-694
-1350
-2489
-3994
-5022
-5419
-5673
-5856
-5973
-5633
-4479
-3103
-1971
-983
-121
456
819
1108
1515
1938
2088
2165
2362
2690
3149
3463
3338
2715
1751
798
52
-752
-1811
-2797
-3285
-3384
-3264
-2813
-2082
-1308
-856
-523
152
959
1488
1681
1855
2283
2843
3285
3618
3944
4009
3630
3052
2485
1797
611
-1133
-2695
-3513
-3845
-3949
-3778
-3329
-2633
-1731
-771
244
1074
1407
1534
1728
1960
2197
2297
2290
2359
2395
2454
2622
2608
2343
1975
1567
1350
1298
1102
770
390
57
-140
-314
-488
-660
-838
-863
-599
-159
268
582
654
589
478
59
-792
-2238
-4017
-5332
-5967
-6207
-6321
-6442
-6046
-4764
-3286
-2073
-980
-64
541
811
967
1475
2075
2358
2441
2613
3000
3514
3708
3356
2615
1422
129
-813
-1562
-2462
-3355
-3772
-3609
-3178
-2554
-1679
-835
-301
10
519
1347
2062
2305
2389
2748
3287
3680
3858
3954
3791
3167
2260
1491
663
-694
-2361
-3629
-4103
-4107
-3920
-3496
-2774
-1847
-864
72
1079
1856
2106
2211
2315
2465
2613
2550
2419
2307
2084
1958
1968
1766
1473
1230
1011
952
964
874
676
378
63
-184
-304
-437
-649
-792
-651
-165
380
857
1184
1328
1200
885
307
-653
-2113
-4199
-5960
-6632
-6681
-6649
-6685
-6384
-5036
-3260
-1957
-877
60
638
928
1119
1554
2274
2711
2756
2840
3092
3406
3467
2984
1958
564
-803
-1792
-2427
-3079
-3686
-3821
-3401
-2678
-1823
-851
14
547
766
1166
1917
2566
2774
2805
3172
3716
3935
3814
3632
3203
2298
1100
72
-700
-1724
-3029
-4113
-4417
-4041
-3528
-2962
-2120
-1124
-170
761
1611
2338
2699
2663
2665
2787
2817
2689
2319
1909
1655
1422
1246
1161
1018
838
800
851
904
951
719
347
31
-231
-292
-362
-473
-390
-112
430
1060
1544
1796
1744
1428
867
77
-814
-2153
-4290
-6147
-6913
-6987
-6778
-6660
-6511
-5427
-3757
-2416
-1301
-303
467
956
1137
1507
2345
2918
3048
3044
3002
3109
3126
2544
1471
174
-1177
-2174
-2700
-3121
-3436
-3429
-2982
-2220
-1398
-497
377
867
1018
1343
1986
2651
3103
3276
3537
3908
3957
3691
3265
2673
1693
446
-593
-1153
-1858
-2972
-3733
-3889
-3507
-2862
-2378
-1810
-906
-62
646
1483
2197
2533
2571
2500
2665
2726
2412
2041
1628
1249
1053
963
919
989
1026
940
975
1029
995
825
378
-19
-210
-261
-165
-84
-99
178
750
1253
1659
1919
1836
1424
801
13
-733
-1585
-3227
-5378
-6816
-7097
-6683
-6452
-6547
-6153
-4755
-3113
-1985
-1024
-58
794
1121
1168
1885
2832
3203
3056
2768
2717
2767
2361
1433
359
-798
-1926
-2564
-2800
-2870
-2790
-2579
-2008
-1275
-513
281
801
1040
1207
1642
2363
3008
3326
3434
3605
3693
3436
2863
2274
1581
515
-646
-1239
-1473
-2036
-2676
-3118
-3017
-2478
-2040
-1602
-910
-174
383
1035
1785
2315
2518
2418
2370
2356
2106
1810
1382
985
790
676
762
919
1042
1013
985
1073
1026
915
674
308
64
-3
49
191
283
430
785
1175
1573
1912
1877
1639
1203
475
-283
-912
-2016
-4090
-5979
-7026
-7030
-6562
-6655
-6738
-5964
-4332
-2748
-1796
-796
284
919
1033
1211
2036
2804
3040
2719
2339
2506
2484
1815
817
-231
-1239
-2243
-2704
-2631
-2492
-2264
-1937
-1449
-697
102
689
948
1065
1412
1858
2427
3010
3286
3430
3407
3286
2911
2349
1767
785
-259
-963
-1299
-1598
-1978
-2346
-2583
-2308
-1820
-1454
-968
-437
67
655
1316
1937
2271
2318
2260
2240
2026
1722
1438
1042
746
605
585
717
931
1070
1074
1074
1001
879
861
625
241
30
101
271
400
415
739
1155
1395
1749
1829
1808
1613
1113
324
-457
-1056
-2213
-4081
-5923
-6951
-6867
-6422
-6411
-6498
-5650
-3923
-2565
-1764
-824
192
812
885
974
1748
2579
2789
2418
2066
2172
2042
1269
350
-493
-1338
-2239
-2629
-2354
-2035
-1690
-1404
-915
-232
305
705
842
1074
1396
1742
2315
2918
3336
3371
3212
2988
2466
1812
1128
329
-408
-911
-1196
-1367
-1500
-1733
-1930
-1856
-1592
-1319
-996
-478
92
694
1327
1874
2239
2317
2252
2031
1656
1334
1031
789
588
528
676
829
1019
1207
1191
1137
1016
806
695
565
439
295
376
620
663
743
863
932
1253
1484
1509
1651
1470
1009
358
-457
-1124
-1948
-3641
-5715
-6774
-6689
-6272
-6059
-6022
-5293
-3613
-2390
-1808
-979
-93
567
571
416
1232
2152
2451
2289
1994
1955
1690
875
51
-503
-1204
-2067
-2382
-1946
-1419
-1049
-820
-513
-30
202
341
585
885
1250
1591
2184
2930
3367
3372
3030
2626
2035
1210
612
153
-259
-615
-817
-935
-1070
-1216
-1524
-1612
-1491
-1318
-1044
-515
290
999
1644
2103
2164
2176
1976
1642
1261
815
632
506
486
626
782
948
1029
1042
981
858
735
567
531
588
493
457
559
706
827
732
757
869
1078
1391
1366
1533
1553
1163
616
-338
-992
-1848
-3563
-5402
-6552
-6344
-5771
-5656
-5608
-4961
-3365
-2228
-1884
-1272
-458
180
232
152
1025
2123
2423
2206
1904
1856
1446
477
-244
-688
-1087
-1745
-2027
-1436
-897
-595
-596
-553
-222
-210
-164
208
783
1326
1741
2385
3098
3392
3220
2742
2242
1676
947
461
252
148
95
-196
-507
-733
-1309
-1831
-1972
-1850
-1566
-1159
-432
423
1250
1876
2030
1987
1788
1495
1250
931
800
845
856
950
1040
1055
1041
928
778
632
574
555
553
673
787
770
703
648
583
520
446
442
654
992
1413
1675
1713
1719
1268
503
-301
-1112
-2143
-3916
-5557
-6193
-5848
-5101
-5203
-5283
-4421
-3173
-2308
-2254
-1716
-635
-93
55
289
1282
2387
2428
1959
1654
1589
1008
-63
-532
-584
-900
-1344
-1433
-891
-458
-697
-842
-730
-519
-495
-526
116
939
1514
1982
2522
3100
3075
2596
2175
1825
1429
938
729
829
958
709
200
-383
-1014
-1475
-1951
-2033
-1682
-1246
-691
-24
778
1342
1581
1550
1173
1001
948
896
976
1025
1138
1146
1043
991
964
904
743
578
561
738
938
1024
1089
1085
877
558
404
343
296
282
323
718
1165
1482
1533
1488
1469
894
131
-619
-1145
-1998
-3823
-5174
-5487
-4988
-4548
-5107
-5192
-4283
-3152
-2582
-2508
-1653
-589
-225
-246
95
1273
1973
1690
1425
1392
1414
864
50
-101
-61
-459
-895
-867
-415
-355
-790
-833
-622
-457
-528
-419
325
915
1269
1657
2187
2628
2356
1906
1767
1769
1549
1195
1207
1322
1188
700
298
-96
-789
-1567
-2154
-1842
-1248
-802
-299
121
712
1005
1016
1037
865
858
819
873
1141
1194
1184
1034
874
748
558
532
621
755
896
1026
1083
1122
1137
1000
767
415
305
298
348
479
614
892
1178
1433
1359
1333
1087
567
34
-512
-681
-1831
-3640
-4846
-5306
-4652
-4584
-5073
-4937
-4199
-2975
-2693
-2521
-1510
-879
-617
-692
-203
1098
1612
1520
1377
1407
1464
886
281
280
112
-376
-704
-537
-39
-243
-672
-718
-660
-575
-716
-437
236
637
967
1420
2107
2392
2005
1653
1634
1654
1498
1424
1580
1713
1339
635
280
-35
-559
-1260
-1702
-1363
-914
-551
-173
187
583
663
565
564
575
699
782
894
1111
1110
975
852
734
653
592
579
765
927
1020
1139
1070
975
843
680
517
343
317
317
474
642
780
924
967
1008
932
924
856
689
389
-25
-149
-1100
-2971
-4422
-5064
-4608
-4312
-4736
-4767
-4113
-3048
-2751
-2811
-2086
-1448
-1305
-1314
-696
740
1521
1446
1384
1429
1419
962
406
449
424
-29
-350
-136
334
194
-291
-508
-655
-779
-817
-415
240
520
677
1088
1721
2052
1762
1437
1490
1545
1451
1509
1784
1843
1272
573
155
-46
-272
-817
-1068
-878
-679
-357
-50
241
401
285
327
407
485
638
750
932
957
827
720
644
660
593
520
671
883
1049
1193
1201
1073
874
712
712
595
429
347
424
617
641
643
673
704
675
548
538
740
714
480
143
-60
-661
-2459
-4036
-4657
-4402
-3882
-4224
-4290
-3653
-3091
-2823
-3027
-2533
-1790
-1792
-1634
-940
378
1249
1189
1180
1152
969
588
377
678
822
367
-2
381
647
209
-465
-657
-548
-753
-832
-369
342
553
427
717
1348
1639
1358
1218
1510
1783
1651
1645
2087
1804
908
447
411
507
111
-497
-577
-371
-249
-242
-32
315
168
-80
77
404
520
358
558
887
690
428
516
712
719
510
497
871
1210
1216
1137
1169
1137
814
730
872
768
471
243
475
699
594
441
467
501
352
222
323
641
590
236
-13
-148
-443
-1925
-3489
-4095
-4163
-3597
-3592
-3791
-3454
-3330
-3115
-3093
-2890
-2124
-1940
-1741
-1116
-255
667
829
793
781
544
448
554
937
1289
980
396
402
565
295
-126
-355
-322
-430
-568
-206
328
439
212
206
667
1121
1157
1210
1490
1700
1625
1436
1551
1525
1070
771
789
847
586
198
92
64
19
-20
-17
151
205
176
284
295
229
182
225
392
346
249
399
536
524
474
637
942
1006
945
1031
1203
1240
1082
926
936
837
545
464
637
749
517
365
470
451
329
188
196
349
269
109
61
27
-259
-1654
-3213
-3817
-3823
-3340
-3404
-3663
-3394
-3359
-3268
-3237
-2933
-2248
-2197
-2156
-1619
-626
334
538
552
550
330
245
591
1280
1513
1047
554
634
910
573
177
46
-62
-299
-469
40
552
365
-66
-4
577
857
784
971
1232
1307
1197
1197
1559
1480
997
793
908
1027
802
582
583
488
217
77
298
488
359
243
329
370
167
-14
114
261
68
-93
131
372
361
374
610
832
852
835
1055
1308
1236
1018
961
1045
870
602
628
740
756
550
425
445
317
143
43
120
207
121
5
18
-85
-288
-1048
-2342
-3203
-3550
-3180
-2927
-3160
-3081
-3131
-3230
-3210
-3082
-2383
-2123
-2327
-2039
-1402
-446
58
119
174
-22
-118
220
1015
1471
1156
695
670
997
878
612
539
373
128
-58
241
744
598
88
-6
336
664
572
688
1030
984
868
828
1111
1238
890
797
945
1090
935
743
797
623
398
314
456
652
477
393
504
422
169
-16
105
199
58
-17
177
366
272
270
449
565
590
596
820
1042
902
776
862
910
775
496
487
679
623
495
490
459
280
-16
-100
39
34
-10
14
56
61
-78
-412
-1013
-1790
-2403
-2366
-2072
-2034
-2065
-2331
-2709
-2870
-2873
-2420
-2046
-2338
-2599
-2457
-1796
-1088
-857
-787
-942
-1141
-843
-82
731
866
423
252
565
935
1069
1145
1074
853
658
693
1078
1144
778
564
550
733
803
732
844
738
478
376
442
601
544
536
686
783
797
678
710
774
663
597
650
772
846
852
923
853
583
397
374
406
300
163
215
290
216
165
296
403
249
88
171
387
444
339
365
441
416
311
245
357
365
237
244
317
283
120
65
122
151
98
23
61
99
99
100
1
-273
-815
-1216
-1179
-997
-796
-970
-1524
-1900
-1996
-1670
-1306
-1559
-2061
-2482
-2538
-2028
-1530
-1404
-1690
-2144
-2101
-1545
-915
-540
-724
-1049
-937
-555
-38
404
392
248
247
338
675
970
976
895
792
819
1034
1216
1281
1130
913
861
786
781
925
1070
1159
1147
998
831
827
927
982
938
812
684
727
944
1106
1001
680
452
422
540
607
569
538
400
312
398
552
669
515
298
258
311
456
487
427
405
325
305
368
369
338
280
205
261
286
182
179
190
157
169
69
5
67
60
178
78
-503
-942
-1074
-889
-677
-1084
-1785
-2223
-2231
-1792
-1579
-1966
-2485
-3000
-3030
-2416
-1954
-1917
-2266
-2627
-2416
-1775
-1159
-891
-1074
-1259
-1116
-690
-47
382
389
297
250
503
976
1190
1204
1093
1024
1149
1236
1352
1427
1275
1128
1035
1014
1113
1148
1198
1325
1271
1120
1043
987
1069
1131
985
879
857
945
1055
1059
981
723
473
474
545
548
470
269
215
316
349
385
318
198
167
121
170
263
227
182
199
260
329
305
260
245
216
300
401
376
338
299
288
316
270
173
153
168
172
176
-123
-633
-930
-1018
-760
-674
-1283
-1916
-2234
-2130
-1628
-1593
-2107
-2632
-2982
-2707
-2066
-1778
-1930
-2389
-2632
-2175
-1488
-981
-821
-1097
-1194
-845
-297
240
351
219
182
278
686
1128
1253
1183
996
919
1082
1184
1275
1249
1024
907
846
911
1092
1080
1019
1000
903
938
968
957
1059
962
795
775
832
990
1028
878
746
622
555
590
588
522
388
236
260
389
419
386
263
209
242
306
460
417
254
215
233
307
423
405
355
354
317
333
366
365
351
290
238
282
260
204
234
239
165
-236
-756
-943
-884
-659
-726
-1366
-1904
-2093
-1940
-1532
-1529
-1963
-2427
-2742
-2455
-1778
-1539
-1750
-2290
-2573
-2063
-1388
-944
-864
-1169
-1276
-892
-292
256
384
178
54
141
571
1008
1159
1106
911
868
1021
1174
1233
1109
865
751
756
847
1042
1054
954
889
730
698
820
898
936
795
622
677
795
878
875
749
632
560
544
645
705
623
510
400
388
492
551
533
426
299
302
389
515
546
401
250
189
208
319
365
275
211
183
212
270
265
209
153
55
-25
-12
108
250
216
-86
-556
-816
-800
-636
-585
-982
-1538
-1839
-1762
-1391
-1240
-1583
-2061
-2433
-2330
-1759
-1402
-1450
-1801
-2160
-2001
-1470
-971
-805
-1012
-1199
-1033
-545
-27
234
176
82
57
253
687
916
946
851
716
828
989
1033
1051
930
732
656
658
773
887
837
821
795
724
765
803
832
788
611
582
697
810
928
852
635
531
507
617
770
715
558
424
386
525
618
578
484
307
255
371
480
510
420
273
206
263
373
365
239
155
122
164
242
235
198
145
19
-70
-13
82
122
18
-339
-662
-747
-686
-584
-764
-1241
-1668
-1818
-1615
-1255
-1221
-1564
-1996
-2263
-1989
-1417
-1145
-1306
-1742
-1973
-1634
-1061
-622
-527
-848
-1064
-824
-275
278
455
252
28
43
430
902
1059
922
675
606
794
986
1048
900
612
465
491
583
716
725
604
534
430
429
569
643
634
523
410
413
528
660
713
632
500
416
422
563
739
754
601
435
399
477
556
568
458
352
348
418
522
557
446
272
180
222
357
383
293
182
106
166
236
246
185
44
-35
-44
7
93
61
-112
-386
-556
-577
-588
-645
-834
-1074
-1280
-1384
-1309
-1176
-1218
-1429
-1639
-1630
-1391
-1152
-1061
-1175
-1296
-1269
-1104
-892
-726
-684
-752
-741
-576
-270
18
55
-15
-20
61
260
399
459
523
468
425
498
539
571
531
404
342
352
437
531
538
522
472
418
457
535
597
603
559
559
576
616
721
692
581
523
502
622
698
648
611
549
552
595
564
531
526
462
435
510
575
574
490
390
333
335
345
321
284
225
189
218
231
226
174
84
30
-19
-29
-62
-120
-183
-320
-453
-624
-737
-742
-825
-932
-1056
-1183
-1169
-1111
-1110
-1149
-1259
-1332
-1234
-1078
-956
-924
-1037
-1038
-945
-858
-692
-617
-647
-620
-549
-416
-226
-134
-103
-63
-64
-4
94
174
252
239
232
284
327
377
389
352
327
336
326
372
449
486
529
458
367
412
513
591
619
564
513
533
631
774
777
628
512
511
608
713
731
695
616
539
549
597
625
588
519
472
487
540
506
431
368
272
248
288
265
190
132
101
83
83
81
50
-10
-45
-97
-112
-118
-195
-217
-267
-403
-434
-507
-611
-575
-632
-767
-886
-973
-961
-924
-930
-1000
-1091
-1107
-1050
-961
-885
-886
-935
-942
-874
-772
-682
-625
-640
-659
-582
-397
-280
-274
-265
-218
-116
-5
74
87
135
195
210
232
297
372
406
411
374
349
410
458
464
472
473
482
478
526
596
610
565
496
530
623
665
663
625
589
581
592
625
663
659
576
561
577
598
638
574
492
475
462
430
426
362
310
289
251
228
231
185
97
107
81
25
9
-35
-64
-66
-108
-146
-183
-203
-210
-259
-306
-380
-446
-474
-489
-522
-606
-705
-775
-802
-802
-794
-820
-837
-860
-914
-875
-851
-867
-844
-834
-815
-744
-695
-690
-681
-663
-570
-477
-433
-393
-362
-293
-191
-107
-17
33
43
82
99
155
265
306
305
301
314
356
397
430
467
463
425
427
480
572
625
591
552
554
583
601
604
605
603
620
625
625
666
622
560
562
538
558
568
500
493
454
380
426
401
324
324
286
259
285
237
178
131
79
70
63
68
68
29
-18
-63
-73
-86
-138
-191
-220
-226
-208
-236
-320
-376
-419
-481
-528
-568
-622
-640
-711
-766
-718
-693
-755
-805
-803
-807
-767
-730
-712
-689
-700
-667
-611
-570
-532
-539
-481
-422
-411
-341
-285
-251
-192
-163
-129
-33
9
13
52
85
151
206
206
251
295
320
347
331
329
319
357
431
465
485
463
449
496
548
544
503
473
459
482
509
522
521
504
488
487
533
559
522
489
449
430
433
412
388
374
363
341
263
239
274
241
209
176
172
174
148
115
69
27
-17
-46
-38
-14
-32
-84
-158
-195
-177
-183
-211
-264
-352
-381
-388
-424
-425
-464
-543
-601
-628
-558
-499
-558
-633
-687
-674
-619
-598
-592
-605
-637
-658
-608
-528
-481
-486
-489
-451
-411
-335
-274
-257
-218
-199
-166
-91
-53
-39
8
29
42
107
164
200
222
231
217
226
254
305
359
332
286
283
323
399
430
419
404
380
375
409
459
491
482
458
424
426
484
525
529
502
454
416
435
455
431
393
353
324
315
293
257
257
239
227
233
204
149
91
72
94
76
17
-17
-40
-46
-54
-80
-110
-137
-181
-224
-217
-225
-269
-296
-334
-365
-394
-420
-406
-402
-415
-437
-475
-502
-482
-432
-422
-447
-493
-532
-497
-454
-449
-450
-479
-493
-448
-373
-350
-367
-375
-396
-389
-322
-235
-175
-184
-205
-172
-67
-1
-2
10
17
58
118
147
189
223
213
194
206
241
272
299
292
289
314
331
317
316
376
390
359
350
345
417
483
432
443
480
449
444
429
413
438
431
388
403
411
392
344
282
267
275
290
272
218
182
160
120
85
57
30
7
-14
-19
-2
-25
-72
-114
-186
-206
-188
-202
-192
-184
-241
-272
-291
-330
-343
-346
-348
-340
-354
-386
-392
-392
-366
-341
-393
-421
-420
-422
-392
-406
-406
-386
-395
-393
-372
-338
-316
-324
-333
-308
-281
-269
-245
-218
-188
-142
-130
-110
-83
-57
-47
-43
-2
51
88
90
108
131
160
198
184
211
255
271
290
295
322
376
394
361
339
349
380
410
426
420
411
426
432
415
403
390
363
376
392
369
354
323
288
253
235
249
245
225
207
178
141
149
121
46
40
34
18
5
-43
-82
-92
-113
-161
-188
-206
-223
-238
-245
-233
-240
-267
-282
-279
-281
-304
-323
-317
-295
-277
-273
-272
-289
-310
-293
-261
-249
-288
-344
-349
-309
-273
-250
-256
-288
-281
-257
-253
-222
-215
-233
-234
-207
-162
-104
-80
-126
-133
-95
-67
-14
22
10
35
56
58
78
90
91
113
163
182
193
209
193
167
191
235
269
299
305
314
330
332
326
320
318
324
338
333
312
315
302
267
259
275
286
263
228
212
210
205
176
125
129
158
142
122
104
79
92
92
43
11
10
-17
-56
-93
-110
-108
-120
-150
-172
-165
-181
-212
-250
-254
-228
-223
-237
-248
-248
-235
-236
-251
-234
-217
-213
-209
-218
-203
-183
-180
-199
-217
-183
-165
-172
-180
-181
-181
-195
-194
-159
-135
-149
-156
-142
-115
-91
-95
-102
-94
-92
-78
-42
-35
-37
-21
2
4
13
47
82
96
77
85
114
131
134
127
149
171
165
177
214
223
212
193
192
227
236
240
242
247
252
236
230
243
224
194
190
168
150
143
153
157
147
131
145
172
148
121
101
75
46
58
76
62
57
24
-5
0
-34
-83
-72
-66
-111
-102
-89
-119
-123
-140
-163
-153
-134
-157
-161
-130
-141
-139
-129
-146
-129
-110
-122
-114
-120
-153
-130
-98
-126
-120
-113
-150
-146
-152
-165
-127
-125
-168
-171
-147
-135
-140
-140
-130
-109
-97
-111
-106
-59
-52
-79
-83
-73
-41
-18
-26
-7
30
26
33
40
26
44
45
36
60
85
83
80
65
71
111
108
115
151
140
120
121
122
145
167
160
153
164
171
190
190
170
174
181
189
186
173
178
185
184
172
174
159
129
123
89
66
76
60
39
55
38
6
-12
-46
-55
-73
-103
-109
-105
-109
-118
-118
-112
-100
-81
-71
-88
-94
-61
-55
-69
-61
-76
-82
-60
-72
-75
-42
-63
-79
-64
-114
-135
-109
-129
-135
-128
-120
-111
-130
-149
-135
-109
-111
-115
-122
-121
-100
-91
-85
-62
-55
-81
-77
-44
-22
-7
-14
-37
-40
-33
-21
12
-1
-41
-34
-20
-1
-6
-29
-5
19
19
14
1
16
53
52
45
76
84
87
87
86
119
149
163
164
168
181
178
172
179
202
219
213
189
166
166
175
168
150
136
126
103
87
80
60
39
29
12
0
-19
-45
-41
-28
-45
-56
-57
-44
-25
-46
-63
-43
-17
-3
-12
-24
-19
-2
1
0
-3
-19
-32
-50
-60
-69
-90
-103
-103
-87
-74
-84
-93
-96
-100
-114
-123
-98
-90
-82
-76
-80
-84
-92
-79
-76
-82
-83
-106
-116
-84
-84
-109
-120
-153
-159
-134
-139
-136
-123
-140
-145
-134
-135
-109
-94
-82
-41
-19
-1
5
-4
18
36
42
82
123
132
141
134
124
156
150
125
163
168
165
191
184
186
186
184
184
165
171
161
162
181
153
137
155
143
123
119
91
79
74
60
60
50
37
21
16
25
13
1
6
14
0
-20
2
-1
-13
-6
-23
-17
-7
-4
-3
-6
-16
-38
-33
-19
-35
-54
-59
-67
-50
-46
-68
-78
-97
-102
-102
-104
-83
-83
-104
-124
-146
-140
-119
-115
-126
-154
-166
-178
-183
-172
-176
-170
-159
-184
-197
-190
-190
-170
-138
-119
-98
-90
-111
-109
-79
-60
-46
-46
-34
16
43
47
46
44
60
87
91
98
132
159
162
160
156
146
162
179
169
169
179
193
189
178
176
167
174
165
134
132
135
115
112
111
90
74
67
69
81
68
51
59
73
82
63
49
63
64
53
56
40
31
23
5
6
-11
-13
3
-15
-26
-21
-40
-23
1
-2
-6
-23
-41
-39
-33
-44
-53
-67
-74
-81
-96
-84
-83
-127
-141
-161
-177
-171
-187
-192
-184
-176
-191
-196
-183
-183
-195
-206
-208
-199
-159
-137
-144
-139
-129
-104
-89
-103
-78
-34
-33
-33
-16
4
20
17
21
44
67
86
89
108
115
102
111
112
116
133
154
165
153
146
153
149
141
146
104
89
111
103
91
78
81
95
96
88
80
68
69
82
72
87
110
101
118
125
98
89
90
77
67
69
63
63
62
58
44
23
12
-1
-10
6
22
20
29
36
14
7
23
-7
-36
-43
-52
-38
-56
-73
-75
-116
-150
-159
-172
-162
-167
-189
-188
-191
-209
-211
-215
-228
-196
-174
-181
-167
-156
-142
-135
-132
-98
-68
-71
-90
-70
-36
-52
-60
-40
-32
-10
6
0
14
18
3
19
31
36
53
59
62
87
111
109
107
108
129
126
104
129
142
139
121
103
123
117
73
68
81
95
95
81
95
100
83
63
62
91
102
92
92
84
62
66
71
63
75
72
64
67
55
32
29
41
30
28
46
44
57
55
18
9
16
22
12
-24
-30
-12
-34
-46
-39
-74
-92
-102
-117
-126
-140
-153
-150
-136
-154
-188
-189
-195
-209
-200
-173
-159
-174
-163
-143
-142
-137
-121
-121
-112
-75
-65
-67
-53
-44
-35
-37
-45
-10
16
21
20
8
30
50
42
39
66
79
73
85
75
72
84
100
109
107
112
102
97
90
79
96
120
122
122
111
99
113
89
81
90
76
90
94
84
99
83
77
100
88
74
56
49
62
53
37
29
14
18
10
-12
-5
-6
1
25
7
7
6
-18
-2
-10
-17
13
5
-23
-37
-46
-41
-46
-58
-74
-75
-72
-83
-84
-109
-128
-115
-140
-162
-149
-145
-145
-152
-170
-161
-153
-167
-159
-134
-114
-107
-100
-78
-75
-73
-55
-31
-25
-17
-9
-12
7
12
0
23
35
26
57
78
68
66
71
81
70
47
64
86
95
82
81
113
111
81
84
75
52
63
49
61
82
70
101
105
60
57
75
79
72
86
117
119
115
139
134
105
91
71
70
54
25
45
54
9
-29
-38
-25
-13
-20
-28
-8
-3
-30
-35
-38
-49
-45
-38
-38
-46
-46
-45
-56
-59
-54
-59
-63
-71
-62
-62
-74
-84
-101
-113
-132
-131
-117
-138
-162
-146
-113
-115
-142
-143
-104
-93
-126
-117
-72
-49
-58
-67
-48
-9
-2
-15
-6
4
22
43
48
40
26
35
45
31
44
65
65
46
31
54
72
59
56
75
83
71
57
55
60
57
56
69
75
87
98
93
97
108
109
115
122
112
111
118
99
91
94
86
86
83
62
46
38
33
29
9
-17
-3
0
-21
-6
6
4
-22
-43
-18
-4
-8
0
5
-8
-7
-21
-53
-36
-35
-41
-40
-67
-61
-57
-81
-94
-96
-97
-109
-113
-115
-106
-109
-140
-146
-132
-125
-136
-152
-140
-127
-129
-125
-117
-114
-99
-82
-51
-24
-32
-32
-21
-17
-5
-9
12
39
22
26
27
29
44
48
47
47
54
61
65
50
68
86
64
63
62
58
82
82
83
90
87
91
85
96
95
74
96
118
113
114
119
115
92
82
92
120
117
82
67
56
55
56
30
23
24
5
7
-7
-18
-10
-6
-1
0
-6
-13
-22
-16
-6
-17
-22
-14
-16
-37
-45
-42
-35
-41
-62
-56
-66
-93
-82
-84
-110
-116
-106
-94
-108
-119
-112
-108
-103
-120
-136
-118
-106
-103
-96
-99
-96
-94
-95
-87
-75
-68
-63
-47
-40
-38
-31
-23
-10
16
6
-3
44
63
36
33
46
52
67
64
86
116
98
72
37
54
79
71
76
64
69
89
69
49
69
85
89
75
60
77
90
96
93
74
66
77
77
80
89
82
71
79
87
66
58
43
32
28
15
19
9
10
10
-9
-6
-9
-41
-48
-41
-53
-53
-54
-50
-47
-68
-71
-43
-40
-51
-62
-69
-67
-71
-56
-40
-55
-67
-79
-79
-90
-96
-84
-81
-77
-87
-90
-88
-100
-97
-80
-73
-74
-74
-55
-38
-41
-52
-65
-41
-17
-7
17
5
-10
-11
-7
15
26
35
47
44
46
56
40
51
73
57
54
50
54
69
62
57
51
43
53
58
63
81
74
50
58
65
45
44
65
67
76
73
58
72
79
79
66
55
61
50
33
32
39
44
34
8
-5
-2
-4
1
-1
2
6
-10
-22
-19
-11
-1
-23
-49
-58
-58
-55
-58
-45
-41
-64
-82
-82
-89
-86
-73
-57
-50
-77
-83
-66
-68
-50
-51
-56
-49
-62
-68
-54
-36
-44
-46
-46
-43
-34
-39
-48
-41
-35
-34
-39
-41
-24
-19
-7
1
-23
-19
5
10
27
59
59
46
43
34
38
54
78
77
68
78
81
70
58
58
70
69
68
63
64
77
58
41
42
40
34
22
30
52
41
35
26
22
46
45
27
34
40
26
21
34
49
30
-2
-1
19
34
15
7
12
-4
-3
-14
-26
-21
-31
-44
-45
-53
-57
-51
-50
-47
-56
-64
-70
-74
-69
-60
-52
-61
-71
-72
-62
-58
-73
-62
-59
-63
-60
-64
-55
-37
-29
-37
-34
-52
-54
-32
-31
-21
-14
-29
-25
-8
-12
-21
-35
-34
-18
-8
-8
-15
11
37
35
34
21
40
60
60
81
79
68
70
81
89
69
61
73
66
66
60
60
80
61
57
73
50
52
77
54
43
56
45
57
64
40
41
42
43
47
32
14
-8
2
12
2
-12
-18
-8
-3
-20
-30
-25
-26
-39
-53
-31
-21
-33
-46
-54
-34
-52
-71
-50
-57
-58
-47
-61
-62
-56
-50
-40
-47
-60
-59
-49
-47
-61
-54
-43
-65
-57
-51
-60
-48
-55
-41
-16
-39
-50
-38
-39
-40
-51
-45
-10
2
-9
-19
-18
-8
-12
-7
15
17
40
38
35
55
31
23
31
41
67
79
79
81
80
87
69
55
80
90
90
75
60
67
66
37
30
41
36
34
52
67
61
43
19
19
44
41
33
47
50
27
13
16
8
3
-11
-4
10
-9
-18
-8
-1
2
-15
-32
-28
-43
-53
-38
-46
-54
-40
-46
-49
-50
-71
-67
-56
-54
-41
-53
-67
-41
-38
-57
-77
-74
-50
-52
-54
-52
-57
-47
-45
-36
-16
-27
-47
-28
3
-5
-23
-25
-21
-21
