0
-2
1
0
0
0
-2
0
-1
1
0
0
0
-1
2
1
-2
2
1
1
1
-3
2
2
-5
3
0
-2
5
-7
0
6
-10
4
0
-8
8
-1
-2
3
-9
4
3
-7
10
-5
-10
9
-2
-1
9
-6
1
8
-8
1
2
-3
5
0
-5
-2
5
6
-10
-1
10
-6
-4
5
-2
6
2
-9
7
2
-7
3
0
0
2
-2
2
2
-1
1
0
-1
2
-8
-11
0
5
2
-21
-13
22
22
-4
-16
9
23
-8
-12
16
18
0
-13
2
14
-7
-9
2
10
-7
-11
12
11
-8
-13
2
14
-17
-29
10
17
-11
-36
4
25
-19
-2
1
4
12
-10
4
-10
-8
9
1
1
-22
-11
30
-12
-10
-4
-10
41
-18
-24
47
-33
-1
19
-53
74
-6
-55
111
-43
-10
88
-86
12
19
-31
100
-47
-24
84
-115
49
109
-102
33
16
-99
65
-7
-92
92
-8
-28
47
-59
9
49
30
-69
-86
140
19
-155
103
79
-96
33
-96
-13
159
-141
-18
141
-86
-24
46
1
24
-45
35
107
-43
-37
53
17
10
-48
-20
96
-43
-75
-41
33
62
-82
-28
-45
40
74
-131
2
70
-42
4
7
40
50
-83
36
27
-50
67
10
14
-12
-82
22
58
-38
-16
47
-34
-24
93
2
-39
-40
0
134
-41
-71
14
42
70
-143
-38
46
-4
-10
-208
-139
32
-20
-30
-164
-32
248
-138
-155
24
97
263
-114
-49
307
67
13
111
98
153
-10
3
148
21
82
87
-26
-32
-59
-29
-60
-94
-54
-111
-68
-57
-154
-14
-17
-60
-98
-85
84
10
-5
-56
-16
105
-32
7
102
35
-26
-41
42
160
15
-78
24
51
95
-36
-127
119
39
-121
63
84
-11
-94
-49
100
6
-137
-20
127
33
-94
-53
93
-20
-108
50
8
-59
-39
-38
13
-57
-36
53
-133
-88
71
26
-52
-31
41
93
19
-20
76
68
-9
-11
126
66
-45
-8
48
63
-21
6
42
37
11
-78
-45
37
-40
-93
16
-35
-29
64
-58
23
62
-74
76
59
-72
50
35
15
40
-116
24
87
-113
-13
39
-80
-139
-111
22
70
-31
-102
-38
45
30
63
58
50
50
29
90
55
60
114
-31
-20
87
30
-7
4
-14
-12
-15
-83
-19
13
-101
-75
2
-18
-1
-65
-41
38
-82
-83
-18
37
42
-101
-87
16
36
-9
-55
-3
33
7
-5
21
92
103
51
16
51
90
55
20
-14
7
52
-9
-57
-7
31
-55
-146
-52
-4
-59
-78
-83
-23
6
-51
-55
2
-3
14
26
34
82
45
3
-1
43
89
48
17
64
63
18
4
31
61
-4
-40
25
36
-25
-58
-14
-26
-71
-36
-19
-20
-30
-25
-15
-5
-6
-8
24
-18
-25
42
33
19
51
29
-9
-15
21
59
-1
-23
-1
5
2
-22
-41
-19
-18
-52
-56
-42
-24
-11
-13
-34
19
44
-14
-12
27
39
20
2
65
49
-9
32
16
8
39
25
-7
-2
17
20
7
-5
-16
-11
0
12
1
-27
-15
-16
-16
-28
-20
17
-21
-38
-22
19
27
-36
-21
-17
2
30
3
21
20
13
1
-26
9
22
6
-6
-50
-14
6
-32
-17
-9
-6
-19
-28
-1
4
-2
-14
1
22
8
-3
-3
-4
26
30
31
37
14
21
1
8
50
22
-2
13
17
16
10
-2
19
34
-16
-41
-2
27
-15
-39
-21
-6
-3
-34
-36
-23
-12
-12
-13
40
42
-2
32
37
28
32
-26
-18
22
16
15
5
16
18
4
-3
6
21
-27
-47
-15
-11
-28
-65
-41
-10
-45
-44
-45
-25
-7
-25
-11
-12
-30
-47
-36
-3
-37
-68
-39
-27
-17
-9
-24
-20
9
20
10
32
61
30
1
12
16
21
64
48
3
20
27
21
52
65
40
20
24
47
40
35
22
22
39
27
42
67
63
70
35
33
82
71
71
52
65
88
41
14
5
11
25
1
-4
16
23
-5
-37
6
21
-22
-81
-95
-38
-25
-56
-77
-54
-56
-107
-106
-89
-43
-27
-69
-58
-53
-31
-51
-47
-6
-55
-79
-99
-129
-167
-246
-265
-249
-275
-331
-402
-422
-424
-444
-425
-394
-331
-274
-214
-134
-104
-60
5
38
88
164
248
309
331
370
423
481
498
507
576
588
571
582
577
569
510
435
424
381
316
276
246
227
176
107
88
124
101
23
21
75
69
22
-6
54
124
63
47
98
133
119
86
122
124
102
49
-12
1
-11
-55
-111
-118
-106
-193
-252
-223
-210
-239
-308
-332
-243
-183
-237
-275
-208
-191
-213
-261
-214
-180
-412
-637
-724
-719
-751
-978
-1073
-1001
-1013
-1082
-1160
-956
-851
-1012
-1051
-945
-631
-518
-530
-317
-170
-68
-55
25
332
478
569
618
673
858
909
847
804
863
926
813
694
689
705
664
521
491
546
495
450
420
422
410
322
327
369
372
403
418
499
547
512
568
596
619
641
636
654
620
588
531
456
436
358
288
270
213
136
47
-25
-100
-122
-148
-184
-129
-98
-120
-175
-224
-175
-125
-107
-114
-132
-102
-82
-76
-61
-53
-73
-125
-182
-204
-223
-226
-247
-284
-334
-387
-439
-694
-1122
-1479
-1635
-1618
-1767
-1998
-2014
-1958
-1934
-2010
-1928
-1730
-1700
-1621
-1495
-1161
-676
-470
-311
-87
118
319
504
844
1118
1225
1353
1405
1518
1617
1575
1560
1457
1291
1112
961
889
718
531
344
159
101
28
-56
-72
-137
-147
-93
-21
126
198
262
335
379
493
621
782
915
977
1024
997
992
1046
1015
935
879
861
827
774
691
574
461
252
98
70
40
16
-18
-4
7
-49
-116
-165
-129
-95
-62
-3
37
62
51
31
20
24
-6
-97
-127
-131
-165
-226
-373
-450
-567
-600
-542
-502
-569
-1207
-2069
-2552
-2529
-2227
-2299
-2574
-2613
-2630
-2663
-2783
-2500
-1956
-1933
-2023
-1805
-1132
-396
-125
110
314
413
557
879
1586
2048
2093
2063
2003
2051
2106
2209
2302
2059
1599
1160
954
880
591
207
-108
-331
-496
-562
-531
-583
-727
-884
-849
-590
-301
-40
149
262
369
556
826
1072
1297
1456
1463
1459
1546
1605
1614
1543
1468
1429
1321
1206
1085
952
697
353
155
79
55
6
-70
-59
-122
-292
-435
-443
-309
-237
-172
-61
14
24
29
33
84
90
11
-5
28
28
-77
-190
-347
-485
-529
-441
-401
-239
-376
-1539
-2794
-3254
-2820
-2201
-2464
-2956
-3015
-3007
-3141
-3327
-2711
-2109
-2374
-2543
-2191
-1114
-175
-38
121
257
305
481
1026
1991
2413
2344
2281
2267
2416
2536
2593
2608
2254
1700
1442
1403
1216
789
357
10
-347
-730
-825
-761
-829
-1054
-1370
-1330
-1000
-705
-484
-310
-79
81
280
697
1124
1449
1457
1358
1516
1704
1831
1882
1869
1856
1742
1654
1579
1414
1255
941
552
367
305
274
211
41
-131
-315
-475
-544
-582
-493
-431
-348
-228
-178
-106
-44
14
-16
-2
76
132
197
184
121
51
-186
-356
-426
-315
-233
-92
-32
-1188
-2721
-3478
-3133
-2156
-2277
-3104
-3427
-3326
-3111
-3395
-3124
-2452
-2495
-2680
-2666
-1681
-416
-145
-73
70
161
247
634
1780
2553
2442
2178
2258
2711
2818
2635
2822
2809
2251
1633
1600
1884
1597
937
497
274
-87
-510
-622
-570
-900
-1457
-1502
-1066
-930
-1170
-1235
-888
-518
-360
-109
300
712
827
752
1050
1354
1366
1494
1706
1919
1993
1915
1892
1819
1596
1304
1133
1131
991
763
659
533
337
69
-203
-374
-481
-524
-482
-349
-305
-540
-624
-475
-379
-323
-328
-255
-177
-150
-178
-283
-335
-321
-307
-328
-423
-554
-498
-368
-261
-411
-1285
-2282
-2687
-2337
-1684
-1714
-2165
-2455
-2485
-2335
-2315
-2158
-1922
-1975
-2118
-2076
-1408
-604
-246
-164
-334
-328
-155
199
926
1452
1510
1445
1616
1919
2028
2074
2158
2065
1764
1472
1584
1861
1761
1378
1003
852
680
424
347
364
224
-179
-462
-490
-497
-544
-612
-519
-396
-411
-361
-162
141
347
312
282
364
548
766
934
1018
966
893
845
818
842
829
710
654
586
412
480
622
537
431
336
153
56
0
-120
-57
18
-110
-235
-285
-300
-277
-319
-511
-627
-559
-658
-716
-603
-664
-754
-881
-902
-749
-735
-744
-700
-599
-498
-469
-422
-297
-159
-227
-414
-638
-682
-434
-246
-192
-242
-418
-516
-557
-560
-472
-508
-681
-909
-1000
-814
-550
-444
-503
-654
-773
-728
-575
-388
-169
-32
-79
-56
115
315
528
651
691
678
685
755
865
999
1013
969
931
828
690
635
675
658
543
401
337
341
353
335
350
387
290
201
225
314
398
390
297
236
283
341
423
486
452
358
236
223
282
268
195
120
144
126
92
186
189
126
22
-98
-38
11
-55
-38
-6
-26
-38
-36
15
7
-86
-138
-114
-64
-113
-150
-122
-130
-109
-132
-212
-225
-222
-256
-269
-244
-214
-170
-131
-126
-144
-76
-11
-202
-553
-894
-953
-603
-345
-463
-731
-884
-915
-1029
-1127
-1050
-996
-1188
-1451
-1370
-985
-670
-630
-827
-926
-925
-925
-656
-200
168
274
139
193
447
635
786
960
1052
960
834
1013
1379
1471
1293
1101
1066
978
770
780
992
997
646
300
305
463
404
233
167
131
-29
-198
-100
144
141
-89
-251
-199
-74
30
176
241
198
68
-49
144
399
272
169
232
204
238
240
319
565
490
139
94
190
316
456
271
266
364
189
178
183
108
112
-77
-258
-127
-7
-98
-87
-127
-284
-259
-384
-393
-186
-294
-349
-250
-187
-226
-376
-318
-159
-99
-340
-949
-1494
-1534
-1088
-528
-466
-1043
-1493
-1537
-1491
-1580
-1510
-1235
-1184
-1443
-1716
-1272
-540
-458
-746
-933
-755
-455
-256
264
882
1017
691
483
812
1239
1460
1583
1695
1686
1330
1160
1522
1803
1574
1222
1134
1113
951
749
762
813
444
-69
-151
64
120
-58
-257
-288
-468
-822
-864
-547
-305
-425
-590
-515
-322
-218
-124
150
408
394
293
401
713
879
689
576
668
751
754
858
1047
934
648
318
294
472
406
404
464
301
66
-133
-213
-150
-230
-360
-393
-337
-353
-407
-326
-345
-450
-525
-555
-309
-141
-189
-193
-233
-200
-253
-379
-288
-277
-685
-1339
-1655
-1246
-808
-925
-1389
-1741
-1773
-1792
-1891
-1761
-1398
-1318
-1604
-1805
-1497
-899
-677
-817
-697
-437
-313
-86
345
926
1099
809
734
1092
1529
1689
1817
2026
1928
1528
1339
1576
1901
1806
1475
1387
1340
1039
656
592
679
468
16
-180
0
75
-181
-426
-464
-594
-910
-1082
-792
-388
-393
-660
-663
-485
-409
-297
-26
386
562
441
404
586
806
812
760
871
1041
1102
1122
1110
981
847
690
607
724
792
705
582
334
88
-21
-157
-174
-114
-228
-387
-469
-500
-509
-552
-608
-584
-554
-551
-441
-312
-330
-442
-461
-378
-399
-477
-521
-843
-1502
-1979
-1744
-1019
-756
-1272
-1899
-2109
-2021
-1958
-1917
-1570
-1237
-1466
-1834
-1688
-1007
-550
-642
-775
-595
-235
-25
350
999
1297
1020
661
798
1338
1821
2054
2138
2028
1585
1204
1348
1752
1917
1735
1517
1405
1152
800
658
723
616
210
-68
10
157
21
-344
-568
-678
-909
-1037
-806
-409
-333
-657
-855
-736
-498
-263
14
371
544
433
359
550
849
951
948
1074
1228
1310
1335
1300
1281
1125
830
730
926
1156
1034
689
388
125
-33
-135
-144
-60
-173
-483
-696
-734
-746
-757
-711
-618
-624
-706
-661
-452
-396
-568
-666
-717
-802
-1255
-2021
-2235
-1694
-944
-857
-1658
-2339
-2445
-2277
-2122
-1925
-1511
-1342
-1680
-2014
-1817
-1066
-517
-655
-815
-577
-214
62
462
1054
1288
1037
828
1124
1793
2150
2162
2162
1936
1542
1353
1636
2149
2190
1790
1470
1314
1098
817
773
885
697
174
-144
23
143
-204
-644
-781
-803
-942
-1012
-774
-480
-638
-1089
-1125
-699
-275
-58
96
311
357
199
259
695
1104
1174
1073
1157
1377
1475
1494
1520
1518
1352
1115
1125
1297
1405
1208
772
428
195
80
91
72
-27
-319
-675
-837
-837
-733
-715
-733
-699
-795
-848
-711
-620
-683
-1086
-1545
-1656
-1733
-1841
-1727
-1527
-1559
-2168
-2808
-2670
-2125
-1828
-2016
-2151
-1919
-1843
-1960
-1740
-1071
-625
-828
-995
-521
168
395
419
798
1237
1305
1243
1592
2227
2390
2019
1878
2059
2083
1958
2018
2296
2207
1576
1185
1321
1334
916
556
576
498
24
-429
-367
-174
-469
-965
-1024
-806
-906
-1185
-1165
-832
-729
-1003
-990
-470
-39
-6
-64
161
514
613
670
1023
1364
1390
1213
1205
1474
1592
1538
1592
1661
1606
1390
1207
1180
1135
956
725
616
518
284
8
-132
-186
-374
-550
-598
-590
-554
-644
-734
-693
-707
-724
-675
-671
-800
-1301
-1914
-2206
-2163
-1768
-1463
-1686
-2342
-3056
-3174
-2808
-2419
-2107
-2025
-2087
-2332
-2531
-2123
-1356
-782
-641
-817
-598
-7
405
674
972
1253
1437
1558
1946
2535
2778
2579
2206
2021
2067
2236
2487
2596
2329
1745
1208
1019
930
824
760
550
180
-231
-584
-610
-591
-889
-1186
-1189
-1055
-1082
-1238
-1230
-1086
-1110
-1114
-858
-362
46
83
102
323
558
733
892
1180
1457
1501
1427
1465
1704
1873
1815
1719
1650
1561
1468
1391
1392
1322
1082
815
543
343
181
53
-46
-209
-347
-509
-711
-768
-722
-634
-619
-690
-657
-623
-698
-806
-1083
-1355
-1853
-2988
-3271
-2095
-964
-1170
-2814
-4051
-3541
-2651
-2465
-2390
-1807
-1437
-2332
-3300
-2591
-778
196
-446
-1085
-385
425
485
608
1398
2074
1814
1555
2140
2951
3070
2427
2053
2151
2077
2220
2755
2903
2169
1121
752
1059
1067
688
586
594
48
-939
-1228
-613
-351
-1018
-1615
-1377
-982
-1198
-1490
-1254
-811
-891
-1306
-980
-61
257
14
-1
395
938
976
906
1298
1582
1500
1398
1664
2070
2049
1780
1612
1601
1653
1568
1433
1453
1345
978
608
496
449
254
38
-115
-199
-324
-575
-727
-653
-737
-765
-654
-667
-645
-574
-669
-938
-1472
-2168
-2591
-2447
-1924
-1670
-2408
-3681
-3955
-2986
-2083
-2275
-2943
-2972
-2588
-2576
-2665
-2017
-779
-417
-1217
-1496
-350
1022
1237
712
850
1686
2097
2183
2665
3229
3084
2400
2155
2604
3043
2896
2508
2248
1812
1378
1379
1589
1365
609
18
-32
-102
-537
-808
-791
-964
-1502
-1770
-1384
-977
-1212
-1757
-1759
-1231
-975
-1027
-801
-389
-214
-258
-33
631
1088
972
779
1022
1566
1794
1752
1805
1830
1712
1586
1647
1983
2131
1821
1439
1239
1152
1038
853
701
620
413
170
-67
-241
-377
-466
-497
-512
-541
-594
-577
-645
-755
-732
-721
-1019
-1487
-2097
-2483
-2256
-1871
-1795
-2247
-3102
-3582
-3440
-3051
-2710
-2465
-2240
-2460
-2976
-3034
-2328
-1206
-559
-731
-876
-460
100
425
835
1459
1931
2013
2031
2372
2880
3036
2704
2532
2710
2911
2950
2747
2403
1965
1602
1491
1420
1255
975
568
81
-356
-613
-673
-709
-976
-1396
-1554
-1525
-1595
-1678
-1673
-1547
-1354
-1288
-1251
-1033
-776
-570
-255
134
448
628
650
755
1073
1440
1680
1835
1950
1885
1746
1748
1874
2026
2064
1909
1680
1508
1357
1170
978
811
681
511
278
37
-177
-289
-442
-569
-568
-599
-603
-573
-702
-765
-727
-861
-1244
-1715
-2054
-2312
-2276
-2008
-1907
-2263
-3017
-3540
-3290
-2639
-2360
-2499
-2614
-2637
-2662
-2558
-2090
-1271
-741
-896
-1072
-602
168
738
1003
1223
1630
1974
2111
2380
2743
2908
2765
2550
2626
2912
2991
2661
2187
1835
1738
1780
1697
1339
877
443
102
-164
-379
-455
-578
-1013
-1488
-1609
-1485
-1439
-1618
-1787
-1749
-1602
-1502
-1389
-1116
-850
-695
-469
-99
282
484
506
580
939
1390
1614
1715
1799
1780
1722
1812
2033
2146
2093
1901
1708
1578
1461
1322
1198
1070
830
581
384
181
-34
-172
-276
-336
-433
-530
-566
-652
-693
-704
-761
-928
-1329
-1678
-1983
-2327
-2306
-2076
-1991
-2380
-3244
-3665
-3221
-2543
-2328
-2651
-2806
-2668
-2697
-2646
-2113
-1240
-666
-881
-1120
-576
235
755
929
1208
1660
1989
2210
2454
2763
2863
2752
2694
2769
2893
2942
2758
2327
1864
1698
1856
1884
1373
696
331
168
-88
-435
-539
-526
-896
-1528
-1823
-1570
-1351
-1611
-1889
-1775
-1544
-1491
-1556
-1344
-877
-685
-569
-185
312
536
386
403
868
1403
1656
1627
1708
1855
1778
1793
1979
2159
2158
1887
1705
1690
1625
1500
1307
1095
894
668
423
241
63
-136
-284
-345
-390
-497
-575
-573
-636
-749
-832
-1004
-1289
-1593
-1962
-2273
-2316
-2177
-2100
-2419
-3074
-3443
-3130
-2626
-2491
-2675
-2803
-2718
-2613
-2533
-2130
-1412
-921
-966
-1094
-658
101
599
840
1106
1576
1992
2174
2364
2627
2780
2769
2755
2838
2971
2889
2556
2227
2037
1972
1940
1759
1343
791
389
236
91
-197
-428
-627
-985
-1365
-1634
-1620
-1398
-1488
-1754
-1808
-1643
-1432
-1407
-1300
-985
-696
-447
-215
65
345
413
504
847
1332
1664
1655
1591
1672
1780
1931
2051
2148
2185
1976
1708
1564
1562
1546
1353
1075
830
678
570
302
48
-127
-250
-278
-398
-476
-538
-697
-827
-793
-722
-949
-1427
-1771
-1994
-2252
-2346
-2197
-2005
-2370
-3227
-3582
-3100
-2471
-2425
-2864
-3038
-2737
-2427
-2387
-2089
-1346
-919
-1127
-1194
-573
303
728
714
976
1537
2011
2179
2292
2528
2694
2689
2731
2886
3025
2956
2587
2194
1943
1968
2107
1929
1330
716
391
327
155
-227
-441
-536
-915
-1431
-1626
-1492
-1364
-1546
-1760
-1689
-1580
-1582
-1597
-1382
-937
-635
-471
-289
-70
189
301
520
964
1359
1557
1531
1526
1670
1854
1999
2125
2169
2087
1861
1707
1722
1726
1660
1433
1129
914
755
593
411
175
-60
-189
-244
-361
-484
-543
-658
-699
-679
-809
-1119
-1491
-1766
-2023
-2300
-2260
-2056
-2069
-2566
-3359
-3515
-2920
-2393
-2486
-2907
-2943
-2594
-2468
-2456
-2026
-1317
-944
-1130
-1166
-542
206
541
639
993
1554
1953
2076
2119
2332
2555
2649
2749
2812
2826
2727
2441
2136
2053
2105
2069
1791
1220
714
508
435
217
-133
-350
-494
-862
-1301
-1464
-1363
-1322
-1558
-1764
-1653
-1528
-1597
-1672
-1417
-899
-626
-534
-371
-183
19
155
431
989
1382
1427
1367
1407
1653
1879
2024
2157
2159
2037
1888
1839
1907
1894
1766
1573
1239
996
876
761
626
371
166
22
-161
-303
-375
-414
-488
-646
-722
-825
-1149
-1545
-1905
-2183
-2312
-2245
-2172
-2312
-2810
-3418
-3469
-2909
-2463
-2585
-2971
-3050
-2798
-2551
-2351
-1911
-1344
-1123
-1247
-1059
-373
226
519
684
1047
1576
1912
2064
2197
2304
2466
2614
2778
2846
2764
2585
2285
2062
1979
2061
2065
1702
1089
645
481
407
162
-177
-331
-509
-877
-1198
-1295
-1307
-1420
-1577
-1572
-1460
-1472
-1596
-1554
-1191
-832
-625
-470
-359
-184
19
263
679
1098
1251
1211
1219
1408
1707
1934
2034
2054
2013
1911
1817
1804
1851
1822
1694
1454
1169
1026
938
815
610
301
105
39
-115
-291
-360
-368
-376
-514
-689
-911
-1263
-1562
-1801
-2090
-2248
-2163
-2039
-2270
-3028
-3599
-3346
-2622
-2355
-2830
-3206
-3017
-2679
-2576
-2482
-1914
-1208
-1176
-1448
-1136
-316
351
474
604
1148
1712
1937
1949
2103
2412
2605
2700
2785
2720
2684
2556
2319
2181
2092
2128
2021
1496
880
612
652
586
150
-261
-354
-530
-985
-1348
-1339
-1146
-1209
-1543
-1634
-1467
-1418
-1598
-1530
-1009
-628
-557
-603
-497
-113
156
318
703
1095
1209
1125
1120
1426
1785
1916
1946
1932
1924
1816
1692
1799
1911
1803
1594
1390
1176
989
837
791
647
402
162
-22
-177
-271
-307
-306
-345
-556
-782
-1037
-1227
-1460
-1879
-2240
-2223
-1988
-1981
-2593
-3362
-3458
-2935
-2452
-2609
-3081
-3125
-2866
-2706
-2543
-2184
-1569
-1276
-1539
-1466
-796
-56
325
363
670
1277
1721
1874
1895
2099
2421
2682
2751
2692
2674
2678
2514
2223
2069
2170
2305
1904
1180
732
770
804
429
-71
-243
-228
-562
-1096
-1274
-1100
-1163
-1546
-1718
-1430
-1247
-1566
-1823
-1470
-828
-577
-705
-696
-389
-93
70
406
940
1241
1087
953
1232
1709
1925
1867
1886
2000
1992
1859
1867
1947
1873
1756
1603
1359
1182
994
841
776
550
281
142
-5
-126
-185
-288
-307
-412
-621
-874
-1079
-1273
-1636
-2106
-2247
-1925
-1793
-2303
-3153
-3485
-3032
-2482
-2502
-2884
-3099
-2992
-2829
-2715
-2370
-1766
-1441
-1578
-1688
-1202
-449
-42
82
351
925
1432
1636
1694
1880
2201
2476
2617
2675
2626
2551
2467
2302
2229
2269
2207
1908
1433
1033
925
940
687
252
-31
-133
-404
-825
-1110
-1089
-1020
-1247
-1533
-1571
-1463
-1482
-1631
-1502
-998
-683
-748
-818
-622
-235
55
213
546
895
965
921
1061
1480
1850
1914
1805
1806
1924
1940
1901
1941
1973
1886
1689
1440
1246
1155
1099
971
717
437
256
81
-18
-85
-212
-222
-348
-574
-743
-1029
-1159
-1348
-1866
-2249
-2234
-1849
-1749
-2518
-3393
-3403
-2673
-2148
-2533
-3099
-3060
-2770
-2607
-2561
-2144
-1418
-1345
-1765
-1654
-781
65
176
59
410
1092
1538
1527
1557
1905
2269
2430
2459
2420
2406
2396
2215
2074
2077
2148
2090
1652
1114
928
970
888
496
23
-87
-64
-420
-896
-985
-845
-960
-1380
-1580
-1363
-1215
-1474
-1647
-1307
-842
-672
-786
-790
-419
-61
61
264
649
897
877
892
1183
1627
1840
1747
1675
1755
1853
1894
1929
1986
1925
1756
1535
1316
1268
1244
1138
949
608
366
251
112
-2
-83
-164
-263
-411
-594
-878
-1129
-1294
-1569
-1920
-2129
-1975
-1758
-2175
-3089
-3449
-2933
-2235
-2269
-2952
-3217
-2845
-2517
-2456
-2273
-1739
-1375
-1597
-1731
-1151
-314
55
-22
158
822
1376
1507
1495
1678
2053
2341
2445
2439
2344
2306
2275
2201
2116
2097
2102
1811
1268
955
1018
1049
698
187
-42
-47
-274
-701
-927
-860
-891
-1204
-1450
-1407
-1279
-1437
-1631
-1428
-989
-731
-802
-865
-588
-218
-21
131
418
734
826
805
1008
1443
1719
1713
1661
1679
1780
1863
1899
1946
1948
1817
1601
1388
1233
1214
1198
1045
765
474
263
145
137
41
-58
-113
-336
-532
-779
-958
-1037
-1383
-1928
-2197
-1932
-1611
-1980
-2893
-3380
-2949
-2185
-2151
-2783
-3098
-2853
-2594
-2495
-2289
-1741
-1386
-1645
-1816
-1285
-401
27
-69
40
611
1204
1420
1411
1542
1923
2266
2370
2335
2270
2265
2228
2149
2138
2173
2093
1746
1260
1004
1049
1089
780
280
-6
-107
-310
-622
-781
-714
-809
-1185
-1471
-1445
-1296
-1336
-1490
-1392
-1089
-923
-940
-910
-628
-292
-91
67
301
561
716
795
991
1342
1619
1702
1630
1615
1745
1860
1933
1967
1961
1862
1637
1407
1293
1300
1308
1137
841
510
302
218
127
53
-52
-136
-280
-504
-762
-975
-969
-1173
-1744
-2142
-2003
-1534
-1716
-2654
-3342
-3067
-2246
-1993
-2553
-3039
-2906
-2562
-2430
-2368
-1902
-1371
-1503
-1807
-1498
-657
-15
-76
-142
347
1047
1399
1332
1382
1767
2144
2280
2209
2164
2250
2203
2063
2072
2159
2141
1783
1231
1049
1170
1152
809
360
177
125
-188
-588
-715
-581
-654
-1119
-1407
-1297
-1152
-1264
-1486
-1355
-1000
-899
-977
-945
-631
-285
-123
-5
178
434
592
639
834
1198
1495
1605
1516
1481
1635
1753
1834
1888
1869
1823
1648
1384
1257
1250
1293
1177
869
549
359
226
127
102
92
-37
-292
-545
-736
-874
-875
-1015
-1495
-1980
-2085
-1650
-1481
-2129
-3011
-3137
-2427
-1911
-2243
-2818
-2916
-2562
-2317
-2316
-2012
-1469
-1414
-1771
-1690
-885
-97
-20
-207
68
758
1238
1272
1279
1617
1977
2129
2120
2128
2213
2202
2048
1963
2105
2229
1963
1343
956
1079
1299
1055
468
154
99
-80
-405
-620
-534
-493
-895
-1340
-1392
-1179
-1091
-1266
-1318
-1071
-920
-1007
-1006
-778
-396
-126
-69
44
284
484
562
694
1025
1337
1463
1446
1419
1502
1642
1735
1781
1792
1755
1608
1399
1266
1237
1296
1229
948
632
406
294
230
182
132
26
-182
-412
-506
-700
-850
-897
-1226
-1662
-1921
-1729
-1419
-1784
-2614
-3043
-2625
-1952
-2033
-2576
-2770
-2567
-2297
-2291
-2188
-1651
-1419
-1651
-1660
-1190
-439
-141
-283
-124
439
1013
1149
1111
1365
1752
1997
2055
2022
2084
2173
2097
1992
2047
2087
1959
1556
1179
1126
1149
1069
732
322
166
65
-260
-508
-496
-457
-663
-1062
-1279
-1210
-1123
-1234
-1303
-1120
-961
-984
-1006
-846
-505
-227
-151
-70
147
361
526
684
912
1179
1315
1349
1367
1440
1617
1719
1740
1748
1761
1658
1431
1257
1184
1224
1222
1009
716
439
270
214
208
178
58
-124
-373
-483
-616
-794
-818
-1073
-1529
-1890
-1858
-1451
-1569
-2299
-2904
-2702
-1984
-1855
-2356
-2735
-2608
-2287
-2213
-2135
-1695
-1369
-1530
-1693
-1304
-535
-137
-226
-186
277
870
1110
1108
1285
1602
1863
1948
1968
2034
2069
2034
1938
1931
1998
1970
1584
1121
1008
1093
1084
717
300
183
131
-191
-517
-543
-445
-593
-1013
-1212
-1104
-1023
-1128
-1231
-1088
-869
-878
-954
-850
-514
-226
-143
-31
156
390
538
623
849
1142
1329
1376
1382
1460
1591
1657
1667
1700
1675
1581
1470
1313
1203
1175
1166
1067
819
514
261
189
167
119
25
-169
-360
-503
-761
-898
-853
-1106
-1550
-1884
-1761
-1425
-1686
-2381
-2791
-2533
-2045
-2022
-2332
-2540
-2482
-2276
-2186
-2004
-1569
-1385
-1518
-1527
-1103
-457
-153
-192
-84
282
748
1017
1097
1270
1521
1754
1892
1874
1914
1973
1929
1886
1864
1932
1914
1547
1142
1056
1092
1048
706
408
329
132
-208
-481
-474
-384
-562
-932
-1128
-1085
-1043
-1135
-1174
-1007
-820
-856
-959
-837
-515
-240
-137
-49
136
328
492
626
850
1141
1273
1301
1305
1370
1569
1674
1676
1684
1645
1556
1405
1220
1184
1255
1222
1041
719
400
229
184
172
190
50
-196
-421
-649
-806
-776
-884
-1355
-1821
-1862
-1486
-1420
-1986
-2629
-2562
-2057
-1956
-2257
-2417
-2307
-2196
-2241
-2105
-1583
-1242
-1475
-1656
-1232
-594
-255
-242
-150
208
590
793
921
1116
1393
1613
1694
1691
1741
1825
1869
1771
1730
1829
1805
1538
1108
982
1149
1064
678
397
372
251
-102
-442
-523
-418
-482
-774
-1019
-1040
-1033
-1093
-1096
-950
-776
-809
-937
-835
-529
-238
-89
-68
66
233
344
523
752
1023
1234
1257
1253
1349
1453
1528
1603
1663
1652
1594
1421
1216
1211
1233
1174
1065
845
572
319
237
300
316
168
-122
-366
-567
-709
-654
-793
-1262
-1703
-1742
-1423
-1470
-2002
-2488
-2428
-2001
-1967
-2310
-2364
-2212
-2182
-2224
-2018
-1477
-1246
-1493
-1545
-1097
-532
-317
-302
-85
265
527
697
907
1123
1290
1434
1595
1683
1671
1648
1655
1634
1640
1710
1687
1411
1024
909
962
898
634
403
290
128
-171
-417
-424
-414
-577
-877
-998
-895
-893
-1050
-1123
-957
-744
-698
-782
-726
-477
-246
-64
85
192
338
442
557
777
1039
1218
1249
1302
1390
1504
1566
1562
1584
1566
1507
1387
1249
1175
1146
1067
883
735
536
347
279
246
226
106
-168
-402
-592
-631
-614
-978
-1441
-1648
-1422
-1251
-1669
-2261
-2427
-2131
-1936
-2126
-2237
-2109
-2105
-2215
-2148
-1686
-1220
-1356
-1599
-1328
-784
-423
-377
-254
94
382
529
704
973
1195
1258
1367
1571
1681
1648
1550
1511
1535
1610
1646
1499
1169
949
919
831
680
487
391
281
-81
-370
-376
-344
-516
-818
-915
-835
-838
-941
-1067
-970
-770
-746
-691
-617
-552
-417
-285
-86
171
293
297
389
616
904
1131
1207
1211
1279
1331
1422
1514
1562
1574
1528
1434
1290
1194
1103
1028
975
875
731
535
349
293
220
59
-81
-224
-438
-566
-576
-860
-1243
-1489
-1426
-1167
-1424
-2017
-2295
-2075
-1750
-1822
-2021
-1973
-1963
-2094
-2104
-1768
-1293
-1202
-1454
-1396
-910
-504
-446
-385
-82
226
464
585
734
942
1125
1249
1367
1450
1465
1472
1424
1337
1440
1574
1435
1160
923
903
865
673
490
401
293
29
-263
-325
-258
-411
-665
-803
-783
-755
-822
-947
-962
-809
-715
-685
-637
-569
-444
-295
-149
49
230
328
385
477
708
961
1116
1168
1147
1207
1329
1406
1465
1492
1457
1345
1210
1155
1151
1113
972
778
693
606
495
379
218
114
-34
-220
-348
-403
-413
-759
-1254
-1388
-1199
-1013
-1373
-1948
-2103
-1857
-1634
-1733
-1858
-1771
-1793
-1957
-1947
-1576
-1143
-1186
-1406
-1263
-848
-557
-508
-387
-96
132
299
426
596
809
972
1091
1206
1288
1328
1293
1243
1280
1408
1449
1266
1059
892
840
761
614
522
417
241
-6
-182
-222
-266
-423
-582
-642
-709
-806
-879
-865
-807
-766
-731
-687
-604
-506
-425
-273
-120
40
196
245
318
473
710
876
961
1039
1137
1208
1247
1313
1401
1456
1412
1287
1229
1210
1135
1075
1012
900
741
582
457
412
301
107
-34
-158
-263
-387
-556
-859
-1161
-1172
-1031
-1021
-1408
-1893
-1957
-1708
-1574
-1697
-1771
-1740
-1820
-1888
-1759
-1393
-1084
-1172
-1325
-1102
-748
-574
-480
-280
40
221
264
354
542
735
888
1036
1159
1193
1175
1087
1085
1203
1264
1237
1069
919
810
749
692
600
500
377
170
-53
-122
-158
-259
-424
-508
-520
-627
-736
-794
-776
-684
-664
-673
-637
-621
-581
-385
-166
-54
21
72
196
351
503
665
814
943
962
977
1087
1191
1290
1330
1287
1258
1182
1149
1113
1050
1050
971
799
672
555
469
413
231
119
37
-93
-219
-410
-475
-696
-1063
-1123
-968
-865
-1229
-1724
-1785
-1535
-1368
-1515
-1612
-1560
-1642
-1726
-1587
-1244
-1027
-1138
-1194
-963
-721
-566
-442
-260
-58
5
140
333
483
625
720
842
964
977
973
958
960
1022
1143
1141
963
804
718
693
603
529
482
379
183
26
-17
-75
-165
-296
-353
-427
-559
-626
-644
-613
-594
-581
-573
-592
-555
-484
-349
-163
-74
18
62
101
244
354
534
698
745
828
893
946
1019
1077
1144
1168
1126
1042
1000
997
938
890
862
750
647
537
410
329
229
193
102
-77
-139
-266
-345
-494
-884
-979
-830
-732
-948
-1389
-1511
-1383
-1297
-1269
-1323
-1391
-1472
-1556
-1401
-1079
-923
-984
-1028
-902
-696
-538
-424
-248
-95
-79
28
225
374
449
511
654
772
781
758
768
818
856
851
895
816
685
623
560
544
499
443
371
249
116
64
10
-96
-153
-210
-290
-365
-449
-478
-478
-487
-437
-454
-462
-402
-390
-361
-255
-142
-51
8
44
134
252
391
491
553
649
736
767
833
918
1004
1025
934
944
940
892
862
798
746
704
582
472
429
356
283
177
54
-46
-122
-184
-255
-306
-497
-742
-772
-666
-632
-850
-1172
-1251
-1123
-1036
-1047
-1120
-1150
-1231
-1276
-1112
-889
-824
-868
-872
-769
-601
-504
-408
-278
-140
-60
52
144
192
280
361
481
605
590
584
592
621
658
667
703
616
576
541
475
483
451
364
290
205
139
97
18
-23
-67
-149
-228
-271
-272
-266
-282
-355
-371
-341
-316
-268
-260
-224
-165
-94
-27
29
98
152
195
245
352
518
621
581
608
678
740
804
794
817
875
862
813
779
740
676
580
526
491
454
390
235
104
47
35
-23
-146
-246
-338
-419
-598
-720
-687
-616
-705
-989
-1098
-1059
-959
-922
-993
-972
-1021
-1122
-1043
-889
-747
-716
-791
-746
-565
-431
-408
-369
-231
-83
-2
54
121
212
265
307
411
498
531
481
437
505
558
590
544
486
475
411
419
409
376
332
265
258
156
34
49
71
31
-67
-153
-121
-112
-140
-177
-199
-167
-180
-142
-103
-118
-73
-39
-12
34
91
160
175
201
280
331
392
417
456
505
525
602
621
596
648
621
561
556
507
492
467
409
403
353
234
169
149
99
27
-63
-119
-112
-196
-296
-393
-560
-573
-510
-523
-636
-844
-905
-799
-757
-778
-796
-834
-896
-911
-817
-683
-603
-638
-689
-606
-473
-381
-325
-268
-184
-107
0
104
108
101
156
237
350
401
375
355
354
381
443
497
490
427
336
326
356
344
313
281
247
159
86
102
140
81
-19
-16
9
-51
-102
-94
-53
-64
-119
-71
-20
-28
-21
7
50
77
97
126
144
166
196
256
330
334
326
386
422
433
442
444
479
476
426
420
445
416
356
314
322
310
211
170
160
133
69
-12
-44
-93
-166
-201
-215
-311
-470
-567
-484
-364
-453
-663
-803
-743
-613
-627
-661
-640
-685
-772
-723
-532
-428
-496
-559
-484
-367
-335
-315
-218
-156
-165
-122
-9
53
64
61
95
178
257
292
273
282
294
342
369
351
320
238
232
276
299
270
238
191
101
73
79
99
65
26
29
1
-24
-7
10
3
-19
24
73
47
13
53
145
172
138
107
121
171
209
253
310
329
301
279
316
401
421
370
368
366
354
327
338
376
306
284
247
203
208
122
102
114
77
19
-85
-101
-71
-125
-167
-221
-226
-253
-394
-476
-464
-324
-286
-416
-584
-672
-563
-477
-468
-457
-547
-594
-590
-553
-370
-331
-406
-420
-411
-315
-222
-194
-148
-143
-122
-62
-21
-4
16
65
96
123
144
149
169
205
195
202
219
182
181
144
131
172
203
200
114
71
94
97
92
62
85
107
46
28
55
110
117
114
130
132
157
162
142
166
210
224
200
186
223
238
220
196
237
298
286
279
300
301
286
262
284
314
262
246
249
234
217
194
162
137
120
59
38
61
24
-18
-71
-108
-92
-137
-164
-159
-177
-187
-234
-289
-341
-378
-342
-304
-324
-430
-533
-482
-425
-423
-428
-471
-471
-474
-487
-393
-339
-381
-392
-390
-345
-299
-281
-236
-214
-161
-108
-78
-50
-66
-52
-1
61
98
105
133
155
173
216
229
212
175
175
258
263
229
254
258
220
169
175
226
203
156
167
208
199
115
98
141
173
173
156
146
114
108
151
216
210
156
134
159
192
229
277
274
255
220
215
234
250
259
256
262
236
202
205
196
164
124
94
116
91
42
49
17
7
-3
-31
-25
-117
-157
-144
-179
-155
-164
-220
-267
-336
-345
-320
-361
-406
-420
-434
-465
-504
-475
-425
-444
-512
-509
-439
-438
-448
-426
-378
-354
-370
-294
-262
-240
-203
-201
-133
-109
-60
5
24
70
108
139
158
140
160
205
236
234
248
295
293
244
171
213
303
255
197
185
199
196
156
173
213
200
138
122
151
186
185
151
148
131
117
152
171
150
167
179
158
177
215
243
249
210
218
244
229
247
237
251
269
222
192
190
170
159
146
154
149
109
66
19
26
38
-3
-22
-92
-155
-100
-79
-107
-168
-231
-235
-214
-229
-263
-258
-283
-373
-386
-339
-359
-429
-477
-477
-460
-456
-439
-427
-427
-428
-431
-390
-344
-372
-382
-326
-292
-264
-220
-193
-182
-147
-109
-70
-65
-45
9
55
98
138
166
160
163
176
214
207
196
219
234
219
214
232
233
243
228
214
229
217
201
205
202
217
201
192
195
196
211
211
202
210
221
208
208
236
270
272
265
257
278
280
271
262
240
244
223
206
217
210
195
168
151
147
140
101
72
63
33
17
-3
-6
-19
-61
-117
-132
-123
-150
-176
-220
-255
-261
-282
-274
-261
-306
-349
-371
-395
-410
-377
-353
-368
-408
-440
-401
-378
-379
-363
-350
-370
-401
-381
-332
-304
-308
-314
-285
-242
-227
-210
-180
-154
-124
-77
-62
-54
-28
1
38
73
106
130
139
163
185
208
245
257
252
258
255
259
290
305
302
276
287
292
290
277
237
242
240
251
245
261
283
267
243
232
245
243
228
217
238
243
210
204
231
213
191
175
151
149
152
154
146
141
108
88
90
88
78
42
34
30
4
-15
-28
-31
-49
-94
-108
-112
-127
-138
-153
-149
-187
-235
-239
-255
-266
-272
-298
-312
-322
-353
-390
-371
-340
-380
-398
-416
-433
-395
-377
-355
-331
-356
-389
-374
-328
-274
-251
-248
-237
-213
-163
-118
-92
-83
-54
-32
3
59
92
132
127
96
128
155
176
200
215
272
307
281
239
215
221
248
260
274
277
258
254
232
217
225
203
178
192
202
220
238
225
195
168
178
183
180
184
190
187
170
180
188
171
174
173
135
144
157
135
129
122
130
119
106
97
88
90
70
46
28
1
-24
-48
-49
-47
-75
-99
-117
-128
-141
-177
-189
-201
-213
-241
-275
-275
-269
-273
-285
-330
-341
-332
-364
-371
-368
-356
-351
-363
-363
-349
-326
-320
-332
-298
-280
-286
-256
-218
-169
-136
-146
-134
-97
-87
-55
-9
19
41
64
80
88
114
148
166
182
204
217
204
211
236
207
190
213
221
223
251
245
202
189
187
173
197
213
195
185
193
189
182
167
156
179
165
148
161
174
212
203
186
202
196
197
178
159
181
196
187
173
151
120
119
132
116
100
91
57
11
15
15
6
-13
-60
-75
-85
-79
-78
-120
-156
-166
-203
-229
-218
-236
-250
-248
-275
-288
-307
-322
-291
-299
-317
-318
-333
-343
-337
-335
-324
-296
-291
-285
-294
-271
-216
-199
-218
-220
-171
-147
-154
-129
-107
-63
-30
-53
-25
14
22
61
76
86
131
137
125
145
168
195
191
170
185
207
232
238
214
199
182
179
184
202
224
209
175
145
155
166
160
157
151
151
148
157
156
167
176
149
149
155
173
171
171
173
159
162
159
158
162
166
147
126
129
109
104
103
76
79
55
0
-23
-34
-40
-27
-32
-61
-68
-89
-134
-164
-181
-192
-217
-226
-223
-237
-236
-232
-256
-280
-284
-299
-315
-289
-279
-295
-275
-277
-298
-263
-247
-243
-222
-212
-205
-177
-148
-125
-109
-111
-85
-59
-54
-46
-21
-2
-9
4
23
22
52
69
60
59
74
97
98
113
124
110
102
110
92
105
143
133
131
143
131
117
95
94
119
126
130
115
90
107
112
116
145
139
148
138
126
154
157
165
190
187
181
190
175
187
190
179
175
169
173
140
144
155
123
97
71
75
87
49
19
16
14
-13
-50
-53
-72
-85
-107
-134
-120
-135
-185
-205
-209
-212
-210
-218
-199
-219
-242
-251
-258
-236
-238
-248
-235
-212
-191
-194
-198
-159
-137
-144
-134
-111
-106
-77
-66
-75
-57
-55
-31
-3
-1
-4
-15
-9
24
34
38
51
56
45
31
29
32
32
38
43
30
32
21
18
30
29
42
32
28
50
53
52
64
43
46
79
88
79
82
108
124
131
116
105
130
137
136
174
168
161
176
164
169
169
162
161
158
140
138
144
112
96
106
96
61
23
29
22
2
-1
-3
-19
-30
-47
-68
-58
-82
-106
-109
-113
-119
-135
-139
-145
-145
-147
-179
-169
-150
-183
-166
-134
-140
-127
-125
-127
-115
-108
-92
-68
-64
-78
-82
-59
-35
-31
-30
-25
-5
-3
-17
-19
-27
-17
4
15
28
39
29
-5
-16
-19
-32
-20
-9
-5
14
16
-9
3
14
2
1
2
7
25
46
33
49
78
48
35
43
53
76
88
86
92
100
88
88
106
98
109
112
107
127
131
121
105
102
104
95
79
73
67
68
64
41
21
13
17
1
-23
-28
-27
-32
-47
-56
-54
-62
-88
-100
-94
-72
-68
-85
-95
-106
-111
-106
-98
-88
-74
-69
-78
-66
-75
-85
-85
-78
-54
-50
-60
-68
-47
-22
-15
-31
-41
-17
-6
-12
-2
-1
-11
6
-4
-5
18
6
18
23
6
13
21
27
41
25
8
21
28
26
21
30
40
45
30
23
53
61
35
23
30
37
44
48
55
70
71
36
40
44
43
58
54
44
64
76
40
47
57
43
68
57
23
47
40
28
43
15
6
13
-2
2
-8
-20
-17
-40
-53
-41
-31
-32
-48
-70
-72
-59
-70
-82
-78
-73
-58
-76
-87
-79
-71
-55
-67
-76
-74
-79
-80
-73
-76
-64
-56
-41
-25
-43
-49
-38
-18
-3
9
12
-3
-7
-1
-6
-11
0
9
14
12
25
18
12
32
27
42
61
69
79
74
59
36
28
39
38
22
17
39
69
51
45
41
27
51
37
26
47
56
61
60
55
55
75
69
39
30
34
47
48
43
49
42
40
29
24
28
27
33
47
47
47
10
-22
-11
-21
-12
-9
-21
-15
-22
-21
-30
-70
-84
-60
-48
-57
-62
-68
-79
-93
-108
-104
-104
-105
-104
-101
-98
-92
-83
-85
-94
-90
-78
-68
-62
-71
-58
-41
-47
-33
-29
-39
-31
-18
0
30
30
18
25
6
-9
22
31
17
32
31
40
60
55
53
58
53
63
50
31
43
45
63
55
32
39
37
50
68
53
38
35
26
49
79
59
53
68
52
45
46
39
62
71
39
38
57
54
63
67
45
52
61
45
45
30
24
51
40
20
7
5
-2
-16
-4
-6
-14
-34
-48
-34
-46
-73
-84
-87
-82
-78
-90
-101
-94
-83
-88
-88
-92
-93
-69
-79
-82
-72
-84
-78
-78
-76
-56
-58
-64
-52
-40
-43
-49
-34
-24
-34
-44
-27
-16
-12
0
-2
-5
-2
-13
-8
22
30
23
21
32
39
39
27
26
45
47
48
49
65
90
76
61
54
51
60
55
40
45
42
43
59
60
71
67
38
39
56
50
47
51
55
67
66
38
24
42
42
38
58
44
23
36
34
18
26
14
6
6
-14
1
5
-9
-11
-37
-29
-20
-60
-65
-45
-43
-46
-53
-53
-40
-67
-91
-88
-83
-81
-76
-64
-68
-57
-65
-86
-64
-64
-82
-67
-50
-57
-62
-59
-52
-36
-42
-44
-32
-18
-11
-27
-10
22
17
18
14
31
54
25
23
43
41
43
32
24
37
28
25
23
16
23
24
25
35
33
38
33
25
35
32
29
35
29
37
44
21
18
27
28
39
27
15
48
60
54
62
58
52
38
33
42
41
41
50
53
38
15
16
23
20
12
6
10
7
-7
-13
-16
-20
-33
-32
-23
-38
-51
-45
-34
-45
-64
-78
-70
-50
-52
-56
-66
-68
-63
-97
-85
-63
-72
-51
-49
-54
-40
-48
-47
-31
-25
-20
-31
-36
-25
-4
3
-6
-6
7
9
13
11
8
15
8
8
18
13
6
30
31
-5
4
18
33
37
9
23
35
27
26
39
58
52
28
16
31
39
24
38
55
34
35
15
9
43
43
47
47
22
29
42
23
12
24
26
37
45
34
32
27
23
31
34
25
23
23
28
38
24
18
9
-11
-14
-19
-12
-19
-23
-11
-21
-39
-34
-23
-39
-63
-78
-78
-53
-40
-60
-58
-52
-65
-82
-73
-61
-59
-46
-52
-52
-52
-49
-30
-29
-28
-22
-45
-68
-56
-48
-23
-18
-19
-6
-13
-21
-19
-8
-10
2
16
27
42
40
24
15
8
23
27
31
58
54
48
57
43
44
33
14
33
51
40
46
42
22
29
26
13
13
21
41
50
39
40
52
58
36
17
19
42
53
24
27
49
37
19
6
8
27
22
25
36
21
18
25
-8
-22
-6
-12
-16
-13
-22
-11
-14
-43
-44
-24
-29
-41
-43
-40
-14
-31
-69
-63
-53
-37
-51
-81
-33
-15
-50
-53
-62
-48
-20
-44
-33
-1
-24
-39
-21
-23
-23
-16
-39
-27
-20
-43
-43
-10
1
-9
-24
-40
-11
8
0
11
-5
-3
20
-7
-11
31
26
21
29
12
23
36
26
39
57
49
39
31
40
55
42
20
25
28
17
16
27
43
54
40
30
34
23
11
28
43
42
35
29
31
36
33
15
27
49
27
22
32
24
43
49
15
14
20
-3
1
-1
-18
-1
-23
-37
-9
-18
-20
-31
-45
-32
-45
-55
-47
-54
-52
-49
-58
-61
-66
-61
-56
-54
-43
-41
-38
-29
-41
-34
-32
-37
-16
-10
-29
-24
-10
-18
-17
-18
-25
-26
-11
-13
-15
-3
-4
-4
-9
-14
-16
-8
-4
-6
14
16
15
21
5
19
11
7
30
25
42
58
21
20
37
29
37
36
28
41
37
18
23
29
27
26
17
25
33
24
19
13
3
13
22
16
19
22
24
19
10
13
10
9
21
29
33
24
33
54
40
31
32
25
21
22
15
16
20
-10
-3
-6
-36
-9
-5
-21
-26
-29
-28
-44
-51
-42
-46
-58
-60
-71
-57
-34
-33
-31
-38
-45
-40
-38
