25
31
21
36
29
24
23
27
39
26
17
15
-5
-21
-27
-16
-10
-17
-29
-19
1
-16
-20
-5
-15
-15
-12
-18
-8
2
-1
4
17
15
8
10
2
-12
-11
-5
-5
-11
-5
-8
-7
-3
-13
0
3
-9
-7
-25
-26
-23
-18
3
-13
-8
13
9
4
-1
12
33
39
33
37
40
33
38
39
43
45
43
42
40
52
57
48
47
51
46
25
14
7
6
9
-17
-9
11
15
31
42
49
58
40
34
40
20
14
10
-5
-11
-11
-13
-6
2
-19
-15
19
-2
-16
-25
-34
-32
-41
-42
-54
-44
-37
-47
-29
-26
-58
-83
-152
-225
-247
-320
-439
-513
-552
-570
-587
-582
-481
-388
-324
-269
-179
-50
20
45
97
166
193
216
258
331
394
374
363
370
364
351
286
201
144
86
5
-82
-140
-144
-144
-147
-89
-2
70
130
195
270
348
400
415
415
397
369
372
365
330
286
231
192
155
142
131
103
55
-2
-8
-32
-50
-24
-34
-31
-18
-34
14
84
91
104
124
132
127
134
177
187
193
168
115
109
87
62
30
-44
-77
-112
-172
-189
-210
-219
-177
-202
-251
-262
-258
-206
-151
-169
-168
-121
-348
-737
-1056
-1319
-1396
-1547
-1773
-1690
-1460
-1211
-906
-593
-156
186
243
312
473
602
632
584
599
696
694
696
842
930
898
762
551
433
332
183
88
-63
-212
-289
-341
-319
-259
-200
-90
8
48
162
324
415
495
489
430
470
423
387
438
377
367
378
301
332
335
236
160
31
-88
-153
-230
-256
-226
-195
-121
-36
68
209
271
285
344
361
370
404
413
424
424
386
341
296
245
165
56
-83
-213
-287
-341
-382
-363
-341
-334
-322
-318
-290
-251
-250
-250
-228
-208
-95
14
69
135
153
187
174
99
34
-10
15
-12
-3
-155
-759
-1344
-1764
-1901
-1978
-2431
-2571
-2219
-1870
-1478
-1023
-311
462
691
648
846
1171
1289
1150
1025
1140
1216
1051
1077
1265
1243
1014
547
191
38
-264
-526
-707
-893
-977
-1038
-953
-695
-431
-195
29
220
397
645
881
1053
1149
1118
1124
1145
1094
1053
933
716
429
141
-13
-97
-286
-499
-590
-599
-591
-557
-465
-246
-68
-16
101
319
523
603
594
619
645
607
552
549
567
492
371
283
256
207
63
-50
-158
-312
-436
-555
-614
-576
-541
-497
-407
-324
-224
-128
-55
33
48
70
155
196
260
315
333
357
288
182
121
17
-188
-432
-587
-563
-818
-1664
-2433
-2793
-2775
-2660
-2915
-2759
-1924
-1295
-799
-200
702
1622
1650
1275
1323
1587
1606
1269
1000
1142
1207
892
737
926
914
441
-276
-798
-926
-1133
-1372
-1326
-1203
-999
-782
-463
72
518
807
1021
1210
1303
1351
1429
1451
1416
1207
1003
919
728
513
254
-37
-283
-608
-781
-775
-811
-829
-779
-651
-474
-263
-28
248
490
586
727
952
1091
1146
1055
901
768
591
447
373
348
256
114
-7
-117
-167
-251
-364
-453
-596
-686
-700
-672
-589
-437
-211
-66
11
114
272
357
317
231
195
243
263
234
257
305
234
61
-104
-247
-419
-596
-789
-850
-763
-1206
-2179
-2779
-2899
-2682
-2681
-3041
-2637
-1675
-968
-369
340
1350
2154
1977
1557
1732
2016
1784
1225
927
1054
1035
694
564
668
469
-190
-922
-1310
-1372
-1545
-1627
-1415
-1124
-789
-406
193
818
1201
1394
1506
1610
1633
1660
1701
1599
1357
1026
806
679
395
34
-302
-693
-1041
-1225
-1223
-1053
-919
-856
-684
-403
-100
190
449
725
910
945
1016
1155
1233
1154
868
605
482
328
163
45
-1
-32
-116
-165
-131
-94
-175
-311
-472
-641
-655
-619
-576
-387
-166
52
236
316
452
551
468
319
227
182
167
204
156
141
165
49
-90
-232
-465
-649
-804
-904
-1111
-1949
-2836
-3167
-3045
-2738
-2890
-2938
-2099
-1128
-440
203
1029
2005
2296
1808
1581
1878
2063
1667
1061
914
1048
859
458
329
270
-173
-965
-1633
-1693
-1529
-1532
-1389
-1044
-578
-122
339
925
1382
1579
1586
1597
1663
1665
1643
1547
1343
998
606
356
78
-241
-575
-1005
-1265
-1391
-1396
-1127
-844
-678
-453
-182
103
427
726
985
1177
1190
1141
1235
1311
1222
903
513
267
58
-144
-253
-264
-192
-130
-64
7
82
91
-77
-326
-561
-670
-618
-506
-283
-15
215
422
506
552
588
442
216
27
-108
-23
58
39
86
44
-15
-77
-300
-480
-613
-824
-1002
-1488
-2461
-3110
-3254
-3070
-2741
-2858
-2669
-1687
-788
-33
679
1422
2217
2231
1751
1735
1997
2012
1532
993
879
858
579
225
86
-150
-755
-1471
-1894
-1757
-1474
-1300
-960
-533
-43
443
880
1398
1690
1745
1698
1611
1623
1611
1554
1400
1061
596
201
-79
-441
-809
-1093
-1316
-1402
-1432
-1266
-833
-465
-187
16
241
541
744
945
1138
1274
1347
1266
1180
1130
955
560
76
-192
-311
-398
-407
-303
-70
92
146
177
214
125
-166
-459
-666
-662
-530
-383
-95
213
477
632
589
548
441
228
39
-190
-239
-83
28
85
118
178
130
-88
-329
-542
-719
-965
-1517
-2460
-3246
-3500
-3354
-2991
-2932
-2803
-1963
-984
-124
686
1415
2137
2369
2071
1868
1988
2135
1807
1214
907
811
598
154
-228
-492
-996
-1651
-2058
-1944
-1514
-1132
-773
-350
233
743
1114
1581
1877
1897
1795
1670
1687
1683
1568
1385
988
486
21
-355
-718
-1098
-1405
-1606
-1543
-1386
-1146
-656
-214
117
337
436
638
829
961
1110
1215
1290
1302
1198
1031
817
396
-141
-493
-636
-569
-406
-269
-17
269
399
408
328
157
-110
-457
-785
-829
-575
-314
-7
358
634
784
722
540
355
132
-134
-372
-416
-236
1
138
190
304
317
60
-257
-544
-866
-1284
-2102
-3218
-3821
-3792
-3410
-2986
-2847
-2333
-1265
-325
455
1141
1828
2362
2239
1856
1855
2105
2152
1687
1071
833
714
300
-299
-707
-1047
-1567
-2095
-2209
-1695
-1056
-559
-87
324
880
1327
1525
1826
1977
1880
1713
1565
1588
1622
1436
1071
540
-46
-580
-1041
-1372
-1592
-1720
-1699
-1409
-923
-448
-4
332
513
616
632
694
871
1037
1174
1251
1286
1320
1218
919
513
-5
-540
-794
-766
-612
-320
-24
257
508
605
513
287
-34
-456
-786
-884
-771
-390
73
446
786
971
946
750
453
118
-257
-523
-631
-526
-222
21
231
338
336
261
-79
-469
-865
-1374
-2052
-3091
-3924
-4055
-3688
-3051
-2707
-2359
-1352
-245
620
1207
1679
2249
2340
1969
1743
1860
2063
1746
1125
751
545
216
-387
-956
-1365
-1760
-2092
-2226
-1845
-1060
-310
291
696
1118
1555
1795
1929
1916
1820
1717
1578
1510
1436
1268
1000
467
-223
-834
-1253
-1538
-1804
-1908
-1729
-1254
-657
-168
274
685
876
835
730
720
812
930
1036
1136
1240
1244
1093
808
410
-65
-499
-755
-777
-568
-241
34
356
678
748
623
299
-112
-459
-787
-907
-719
-332
164
549
822
1028
1023
781
371
3
-303
-568
-675
-614
-342
6
208
235
253
211
-31
-483
-1242
-1911
-2639
-3630
-4179
-4194
-3577
-2738
-2382
-1707
-544
558
1409
1681
1937
2294
2097
1717
1564
1734
1894
1466
881
470
176
-228
-942
-1538
-1994
-2231
-2227
-2004
-1280
-439
310
879
1173
1546
1847
1956
1937
1741
1646
1569
1463
1383
1246
1077
621
-61
-721
-1261
-1566
-1819
-1946
-1688
-1179
-528
48
481
906
1074
991
778
607
637
659
729
911
1130
1281
1209
943
558
94
-362
-704
-776
-597
-300
59
401
655
728
638
390
-30
-450
-738
-860
-775
-449
111
665
1043
1210
1149
950
544
35
-371
-673
-740
-716
-569
-195
101
295
289
118
-65
-635
-1459
-2206
-3172
-4081
-4493
-4334
-3458
-2665
-2243
-1313
-65
981
1605
1812
2148
2359
1976
1516
1448
1730
1831
1324
742
455
99
-571
-1390
-1943
-2171
-2300
-2256
-1816
-911
83
828
1291
1609
1885
1959
1915
1793
1642
1542
1407
1345
1254
1074
809
289
-371
-1006
-1525
-1912
-2091
-1926
-1508
-833
-63
487
984
1324
1381
1267
915
618
525
487
590
770
965
1118
1018
712
379
-6
-420
-639
-585
-348
48
379
620
867
848
595
131
-429
-778
-960
-956
-679
-190
398
886
1186
1304
1206
889
368
-197
-642
-923
-898
-704
-436
-54
144
295
342
52
-370
-1230
-2110
-3044
-4468
-5069
-4858
-4136
-2999
-2536
-1655
-65
1064
1885
2115
2291
2587
2126
1616
1456
1748
2089
1562
954
581
211
-350
-1397
-2081
-2473
-2793
-2696
-2262
-1137
122
987
1608
1889
2206
2284
2076
1915
1643
1524
1425
1341
1366
1179
862
234
-583
-1260
-1804
-2042
-2207
-2108
-1628
-995
-21
791
1281
1638
1590
1364
1031
692
580
516
615
805
975
1169
1168
930
491
-32
-459
-693
-635
-340
117
513
759
970
929
640
181
-403
-808
-1085
-1110
-767
-234
497
1099
1380
1526
1414
1016
414
-235
-697
-986
-1049
-938
-593
-97
186
320
345
88
-259
-828
-1707
-2649
-4123
-5429
-5483
-4780
-3667
-2916
-2293
-730
712
1614
2147
2423
2906
2697
1856
1497
1682
2095
1800
912
471
125
-401
-1214
-2070
-2435
-2751
-2870
-2547
-1676
-302
791
1545
1972
2177
2426
2380
2217
1992
1661
1521
1425
1332
1143
844
341
-488
-1274
-1876
-2243
-2337
-2191
-1751
-1042
-121
711
1235
1568
1580
1349
1056
720
593
640
776
991
1136
1211
1170
949
537
68
-355
-640
-602
-335
124
620
884
1001
935
608
117
-437
-855
-1100
-1111
-792
-208
543
1203
1596
1703
1488
1055
453
-198
-670
-913
-973
-868
-569
-187
136
350
318
-28
-436
-1013
-1715
-2524
-4045
-5359
-5450
-4930
-3958
-3321
-2851
-1209
378
1336
2050
2488
3117
3029
2231
1895
2003
2304
1926
1012
522
73
-511
-1401
-2264
-2528
-2806
-2939
-2589
-1683
-302
712
1437
1926
2178
2447
2370
2210
2112
1895
1778
1643
1486
1243
796
211
-592
-1410
-2031
-2396
-2422
-2205
-1688
-882
57
898
1363
1550
1522
1288
961
677
562
619
775
1014
1251
1392
1304
965
489
-8
-371
-616
-599
-270
156
592
875
1032
947
570
70
-553
-957
-1077
-1019
-742
-260
417
1102
1508
1578
1436
1100
516
-185
-667
-837
-831
-755
-601
-283
37
133
195
108
-175
-654
-1590
-2682
-4213
-5522
-5541
-5007
-4112
-3380
-2781
-1212
326
1344
2193
2615
3039
2863
2152
2016
2164
2373
2061
1153
626
170
-548
-1414
-2266
-2729
-3163
-3224
-2613
-1565
-106
954
1634
2076
2215
2316
2152
2011
1914
1697
1681
1656
1654
1592
1093
404
-505
-1498
-2189
-2628
-2672
-2283
-1667
-835
126
985
1468
1615
1500
1149
805
461
336
503
803
1164
1353
1436
1383
1014
462
-70
-477
-701
-654
-270
275
748
1012
1009
851
478
-104
-611
-903
-1019
-983
-661
-39
687
1277
1519
1548
1418
979
384
-209
-568
-653
-768
-668
-378
-162
122
91
56
140
-218
-737
-1466
-2647
-4313
-5737
-5797
-4914
-3887
-3316
-2774
-1102
566
1478
2108
2462
2943
2719
1801
1665
2141
2681
2314
1173
659
273
-498
-1572
-2596
-2943
-3231
-3337
-2710
-1484
162
1244
1733
2013
2103
2214
2047
1853
1775
1639
1709
1802
1819
1669
1191
431
-653
-1732
-2447
-2795
-2733
-2248
-1516
-624
401
1222
1585
1675
1454
994
576
261
286
591
923
1304
1556
1580
1379
909
286
-311
-708
-825
-599
-85
509
1004
1215
1095
787
325
-290
-911
-1231
-1171
-882
-392
241
943
1527
1685
1502
1182
726
156
-351
-626
-690
-582
-390
-252
29
276
208
102
-126
-519
-1088
-1985
-3385
-5086
-5958
-5652
-4662
-3653
-3153
-2060
-289
920
1675
2106
2580
2955
2340
1641
1772
2481
2840
2147
1285
765
126
-928
-2182
-2848
-3053
-3249
-3038
-2216
-712
793
1589
1929
1972
1940
1789
1541
1547
1676
1904
2090
2154
2099
1674
909
-139
-1332
-2333
-2870
-2914
-2547
-1773
-846
88
977
1391
1453
1325
915
578
330
226
529
981
1343
1601
1599
1377
988
393
-217
-613
-754
-613
-146
444
966
1263
1183
842
344
-265
-850
-1187
-1177
-933
-544
-17
623
1250
1541
1431
1172
773
286
-150
-468
-476
-399
-318
-110
-29
147
259
40
-78
-481
-1185
-2064
-3645
-5187
-5839
-5607
-4644
-3602
-2891
-1798
-282
973
1765
2107
2310
2380
2012
1603
1828
2499
2862
2378
1442
712
22
-890
-2011
-2944
-3273
-3209
-2754
-1727
-279
1134
1916
1928
1613
1405
1290
1238
1357
1583
1994
2385
2499
2453
1953
960
-315
-1768
-2811
-3170
-3049
-2467
-1510
-491
386
1060
1328
1210
932
501
131
59
334
847
1374
1858
2038
1880
1508
825
118
-412
-758
-753
-409
141
754
1194
1297
1050
575
-46
-595
-992
-1173
-993
-642
-164
395
861
1212
1305
1145
865
463
103
-198
-408
-366
-149
27
95
149
96
11
3
-234
-718
-1501
-2694
-4168
-5515
-6000
-5471
-4312
-3246
-2504
-1382
139
1387
1994
2021
2061
2112
1818
1568
1832
2659
3062
2443
1462
526
-296
-1348
-2603
-3311
-3426
-3083
-2315
-1256
217
1482
1895
1632
1137
883
874
1027
1375
1879
2514
2936
2995
2650
1841
781
-633
-2093
-3012
-3223
-2743
-1993
-1155
-220
439
771
781
523
355
158
61
279
760
1403
1900
2179
2093
1695
1111
441
-35
-362
-493
-387
-71
451
873
1079
1054
687
190
-288
-644
-860
-927
-718
-393
7
362
625
977
1137
1043
844
539
313
114
-107
-220
-158
-96
-118
-98
-114
58
98
-446
-1227
-2300
-3775
-5220
-6113
-5891
-4703
-3465
-2542
-1492
-60
1211
1837
1803
1692
1834
1727
1462
1678
2469
3157
2889
1885
890
-62
-1140
-2413
-3302
-3366
-2967
-2249
-1299
-96
1131
1694
1489
931
544
505
738
1282
1950
2725
3347
3362
2880
1979
824
-453
-1804
-2693
-2861
-2451
-1776
-1152
-537
17
290
232
-45
-87
81
211
534
1019
1581
1971
2045
1874
1463
989
487
69
-104
-93
13
166
426
675
763
632
330
58
-216
-473
-603
-651
-514
-243
-74
119
379
617
814
892
897
865
760
576
255
-22
-94
-115
-208
-318
-216
0
-21
-527
-1422
-2434
-3851
-5446
-6319
-5997
-4541
-3131
-2369
-1343
123
1353
1775
1550
1630
2018
1971
1705
1896
2777
3431
2862
1605
477
-417
-1415
-2584
-3262
-3076
-2385
-1698
-973
-18
887
1277
893
269
115
415
959
1675
2510
3312
3691
3388
2503
1380
321
-742
-1723
-2244
-2155
-1635
-1140
-881
-842
-799
-728
-902
-901
-509
8
674
1201
1583
1963
2097
1923
1510
1048
678
429
304
265
364
490
471
383
279
253
188
-27
-174
-210
-188
-149
-170
-133
-53
-31
11
107
378
671
783
864
917
924
793
499
263
58
-109
-137
-162
-99
14
-388
-1213
-2141
-3382
-4749
-5796
-5992
-4986
-3642
-2714
-1861
-817
304
979
1056
1175
1644
2122
2318
2426
2899
3481
3265
2149
836
-248
-1121
-1916
-2539
-2658
-2211
-1640
-1192
-744
-257
111
83
-244
-293
126
940
1917
2666
3273
3604
3388
2723
1679
717
7
-742
-1248
-1329
-1078
-741
-803
-1178
-1478
-1641
-1728
-1710
-1268
-461
348
1014
1476
1864
2093
2019
1808
1493
1185
945
791
750
690
647
479
230
93
-13
-85
-144
-181
-165
-172
-176
-213
-216
-124
-92
-18
79
274
592
694
784
928
927
809
558
321
276
287
150
109
185
-28
-657
-1669
-2629
-3389
-4513
-5541
-5774
-4936
-3459
-2622
-2114
-1239
-313
354
466
652
1532
2398
2794
2880
3119
3576
3338
2281
1044
20
-732
-1466
-1981
-2084
-1753
-1332
-1204
-1145
-1040
-827
-669
-691
-448
166
997
1961
2696
3117
3340
3226
2716
1917
1166
676
298
-163
-548
-709
-772
-1017
-1558
-1899
-2029
-2115
-1941
-1579
-945
-140
356
769
1145
1375
1648
1787
1889
1939
1826
1654
1413
1149
842
456
181
-44
-231
-308
-305
-245
-232
-242
-291
-339
-362
-339
-221
-132
-29
208
453
678
917
1018
990
878
668
547
559
593
587
494
323
-31
-902
-1928
-2670
-3614
-4755
-5686
-5709
-4491
-3292
-2794
-2420
-1705
-666
-139
-52
547
1654
2654
2919
2904
3413
3823
3364
2219
1160
550
-100
-854
-1317
-1359
-1169
-1279
-1649
-1847
-1797
-1591
-1450
-1202
-614
157
950
1731
2406
2799
2950
2912
2602
2237
1904
1598
1361
901
356
-68
-609
-1181
-1802
-2236
-2266
-2288
-2205
-1915
-1555
-974
-386
91
642
1047
1381
1736
1976
2155
2256
2261
2130
1877
1551
1101
681
396
56
-282
-447
-498
-542
-569
-576
-611
-593
-565
-547
-432
-258
84
418
535
663
828
940
947
860
885
906
887
874
674
396
-176
-1137
-1946
-2692
-3832
-5082
-5743
-5216
-4051
-3403
-3239
-2805
-1847
-1067
-869
-439
744
2067
2701
2713
3062
3850
4011
3162
2082
1492
1098
429
-272
-574
-511
-718
-1435
-2135
-2341
-2172
-2126
-2167
-1790
-1037
-244
428
1055
1766
2387
2708
2734
2715
2717
2649
2445
2025
1575
1177
660
26
-636
-1351
-1910
-2265
-2587
-2648
-2377
-2013
-1565
-1071
-629
-128
365
859
1400
1828
2143
2398
2593
2638
2439
2120
1733
1324
973
550
173
-57
-233
-408
-686
-902
-974
-1037
-1058
-1012
-829
-545
-243
82
292
477
735
863
903
1044
1185
1244
1316
1212
981
637
-232
-1090
-1733
-2772
-4002
-5137
-5388
-4475
-3867
-3854
-3737
-3188
-2318
-1993
-1783
-709
789
1928
2206
2431
3337
3943
3724
3025
2591
2551
2073
1274
738
536
221
-657
-1622
-2191
-2304
-2270
-2486
-2492
-2138
-1670
-1200
-770
-58
829
1596
2145
2419
2658
2894
2926
2801
2631
2519
2282
1778
1222
577
-105
-821
-1594
-2139
-2522
-2781
-2764
-2445
-1948
-1599
-1350
-954
-397
223
825
1467
2097
2564
2765
2691
2547
2394
2207
1900
1517
1256
924
484
36
-379
-682
-1007
-1228
-1216
-1185
-1152
-1042
-888
-777
-652
-422
-169
233
670
972
1332
1584
1542
1456
1305
814
206
-337
-989
-1965
-3283
-4304
-4228
-3664
-3695
-4148
-4227
-3593
-3051
-2962
-2554
-1336
165
928
1112
1713
2714
3295
3167
2960
3241
3403
2893
2217
1925
1823
1241
143
-783
-1147
-1320
-1703
-2179
-2457
-2510
-2482
-2463
-2108
-1259
-397
294
816
1283
1798
2112
2236
2464
2805
3009
2945
2669
2314
1835
1104
256
-380
-721
-1061
-1513
-1817
-1946
-2155
-2428
-2461
-2045
-1342
-728
-259
254
778
1117
1286
1503
1920
2347
2516
2517
2481
2250
1777
1269
896
617
317
83
-78
-289
-654
-1058
-1281
-1370
-1392
-1280
-1060
-720
-458
-352
-107
233
530
798
845
805
759
480
157
-417
-1521
-2539
-2889
-2611
-2337
-2672
-3124
-3094
-2943
-3100
-3193
-2594
-1440
-561
-277
-21
677
1381
1555
1610
2161
2852
2990
2635
2409
2459
2306
1646
876
540
382
13
-519
-950
-1216
-1599
-2117
-2309
-2052
-1526
-1094
-825
-464
-88
210
486
809
1321
1927
2310
2407
2371
2221
1809
1333
1017
852
765
470
39
-290
-686
-1150
-1503
-1593
-1355
-1060
-885
-679
-462
-368
-327
-132
331
853
1230
1528
1767
1817
1640
1409
1316
1343
1324
1277
1232
1072
685
153
-269
-451
-502
-608
-637
-572
-641
-816
-975
-902
-625
-470
-452
-349
-252
-277
-430
-956
-1719
-2327
-2502
-2060
-1528
-1603
-1970
-2136
-2058
-2100
-2252
-1913
-1086
-366
-152
-116
249
637
637
631
1136
1925
2216
1941
1735
1792
1803
1419
976
868
845
641
224
-177
-454
-860
-1333
-1513
-1304
-913
-631
-518
-493
-457
-440
-333
97
643
1142
1537
1704
1736
1534
1123
922
950
1061
1093
887
575
256
-134
-580
-826
-756
-532
-377
-338
-307
-279
-388
-559
-471
-46
441
791
1012
1105
1038
846
754
923
1152
1258
1241
1136
931
591
281
171
172
197
194
163
108
-195
-626
-771
-614
-410
-423
-636
-649
-616
-737
-996
-1665
-2383
-2653
-2461
-1942
-1699
-2072
-2411
-2405
-2278
-2190
-1923
-1190
-441
-146
-198
-55
441
651
576
874
1618
2224
2196
1822
1658
1652
1495
1255
1260
1415
1235
708
146
-235
-519
-906
-1250
-1258
-1016
-861
-779
-776
-877
-913
-898
-613
41
574
931
1138
1163
1151
1032
956
1181
1481
1571
1456
1175
839
495
136
-128
-160
-67
-56
-197
-388
-490
-601
-699
-692
-481
-99
176
324
431
445
381
381
553
909
1231
1309
1258
1120
883
639
507
627
809
757
529
313
143
-78
-277
-315
-241
-173
-375
-763
-1000
-1078
-1157
-1595
-2376
-2765
-2511
-2030
-1907
-2339
-2649
-2538
-2331
-2282
-2067
-1310
-558
-348
-502
-376
246
629
623
850
1503
2189
2230
1822
1683
1754
1655
1382
1392
1624
1531
999
342
8
-148
-484
-794
-871
-767
-746
-965
-1193
-1285
-1287
-1233
-999
-515
20
364
417
346
438
580
673
947
1349
1643
1673
1383
1123
1042
838
645
659
692
668
447
26
-253
-406
-558
-559
-378
-172
-88
-122
-150
-112
-59
9
196
493
723
805
828
828
796
730
707
813
972
984
883
732
497
305
173
145
224
132
-102
-367
-657
-841
-1202
-1903
-2560
-2781
-2425
-1970
-2129
-2720
-2990
-2850
-2720
-2602
-2220
-1519
-941
-910
-936
-431
211
411
453
951
1737
2205
2110
1859
1936
1985
1839
1875
2100
2161
1786
1092
570
316
56
-199
-381
-498
-567
-711
-965
-1264
-1521
-1652
-1597
-1357
-975
-578
-346
-337
-400
-320
-81
341
841
1218
1378
1324
1208
1199
1216
1228
1272
1326
1400
1342
1046
717
455
221
84
-14
-34
11
-73
-252
-361
-389
-337
-206
-18
110
150
196
250
303
278
279
459
726
927
907
850
842
729
578
452
498
535
313
52
-102
-275
-939
-1936
-2365
-2068
-1658
-1863
-2609
-2961
-2856
-2904
-3062
-2893
-2196
-1621
-1717
-1863
-1454
-721
-405
-438
28
1009
1777
1858
1700
1861
2082
2070
2055
2376
2767
2650
2081
1485
1215
1077
749
402
198
58
-204
-589
-893
-1087
-1301
-1525
-1617
-1453
-1121
-995
-1133
-1299
-1265
-991
-669
-300
112
437
537
532
737
1065
1268
1297
1344
1490
1528
1434
1294
1214
1136
962
812
744
721
583
332
119
-29
-133
-185
-150
-76
-47
-123
-171
-99
-32
-1
29
147
321
345
299
333
380
394
419
486
539
481
264
147
-10
-619
-1353
-1608
-1206
-833
-1268
-2055
-2373
-2301
-2358
-2585
-2468
-1907
-1627
-1897
-2139
-1736
-1040
-904
-1002
-665
99
716
783
816
1171
1521
1633
1714
2077
2486
2444
1985
1625
1604
1609
1430
1168
969
853
576
103
-222
-351
-543
-844
-1126
-1161
-1022
-1086
-1310
-1434
-1348
-1221
-1126
-954
-692
-491
-478
-459
-162
287
529
646
889
1195
1313
1188
1163
1341
1413
1338
1288
1353
1366
1150
906
763
669
599
524
490
459
301
86
-45
-82
-116
-195
-196
-81
6
-20
-72
-64
-55
-90
-149
-94
22
19
-52
-53
-130
-651
-1322
-1490
-1009
-604
-939
-1590
-1843
-1706
-1771
-2045
-1938
-1413
-1175
-1528
-1802
-1426
-871
-818
-994
-754
-56
416
395
396
654
887
906
1020
1508
1947
1913
1521
1263
1361
1443
1371
1249
1119
983
713
359
144
97
24
-222
-490
-551
-480
-568
-904
-1137
-1063
-978
-967
-906
-726
-586
-674
-739
-486
-87
85
131
317
578
721
709
779
999
1133
1099
1044
1150
1289
1258
1153
1087
1022
890
770
739
744
676
512
414
343
201
100
56
68
61
-51
-153
-176
-216
-267
-286
-229
-173
-260
-403
-428
-328
-510
-1072
-1467
-1346
-907
-822
-1339
-1777
-1717
-1566
-1732
-1831
-1481
-1055
-1132
-1615
-1668
-1044
-541
-656
-776
-396
186
370
236
451
878
1015
912
937
1346
1708
1616
1334
1190
1248
1295
1177
1057
1050
973
660
296
164
164
43
-234
-497
-487
-391
-528
-763
-856
-820
-822
-878
-803
-570
-507
-659
-663
-401
-104
-12
-9
194
457
537
553
728
993
1065
940
879
1027
1159
1142
1109
1094
1054
968
894
861
817
710
575
505
504
435
235
68
-10
-76
-75
-64
-123
-199
-231
-249
-271
-323
-429
-539
-504
-479
-785
-1269
-1497
-1195
-794
-957
-1545
-1837
-1700
-1627
-1786
-1714
-1247
-983
-1290
-1670
-1408
-746
-521
-673
-575
-140
228
248
303
654
994
1000
888
1109
1514
1683
1508
1265
1246
1311
1218
1063
981
974
901
597
293
239
215
-46
-404
-533
-424
-377
-611
-851
-845
-790
-896
-1000
-842
-542
-497
-659
-622
-348
-122
-89
-37
192
399
440
480
684
892
892
822
865
1009
1109
1136
1135
1100
1052
996
971
946
926
832
687
601
544
487
376
250
159
91
-29
-143
-214
-268
-267
-279
-330
-382
-449
-474
-496
-727
-1168
-1490
-1387
-1038
-959
-1321
-1630
-1575
-1501
-1668
-1732
-1398
-1032
-1147
-1532
-1472
-912
-573
-702
-721
-341
67
197
224
531
943
972
782
884
1292
1578
1526
1308
1216
1240
1184
1096
1070
1055
936
666
364
263
329
220
-115
-361
-399
-396
-530
-724
-735
-712
-890
-1085
-1038
-785
-680
-788
-774
-541
-328
-272
-195
49
291
346
309
439
785
965
908
864
948
1130
1197
1167
1166
1169
1092
997
990
1019
1024
946
748
601
526
418
332
267
213
148
12
-167
-280
-283
-310
-394
-456
-500
-532
-546
-633
-929
-1301
-1425
-1222
-957
-1037
-1419
-1587
-1504
-1508
-1628
-1509
-1116
-954
-1229
-1514
-1293
-768
-581
-710
-614
-252
-7
5
119
519
850
840
782
1003
1348
1490
1400
1270
1279
1315
1207
1074
1067
1098
977
667
372
320
337
126
-163
-289
-273
-351
-613
-765
-701
-677
-818
-922
-819
-691
-754
-848
-729
-457
-308
-301
-206
5
157
152
230
495
738
797
744
830
1019
1084
1064
1093
1180
1199
1095
1049
1120
1141
1038
862
746
669
576
463
358
306
200
23
-143
-241
-268
-277
-322
-406
-506
-568
-641
-650
-660
-953
-1303
-1367
-1148
-997
-1159
-1402
-1433
-1366
-1501
-1620
-1376
-979
-935
-1257
-1389
-1086
-700
-616
-633
-406
-129
-82
-102
94
479
739
726
719
929
1185
1299
1256
1208
1257
1313
1203
1053
1090
1137
984
680
455
451
434
201
-71
-140
-129
-333
-611
-716
-665
-667
-808
-879
-779
-716
-819
-822
-637
-455
-379
-335
-183
-24
54
90
203
430
569
596
654
764
883
932
940
992
1068
1092
1068
1092
1118
1084
1002
912
842
718
574
513
498
429
257
115
-20
-169
-221
-237
-295
-350
-444
-570
-676
-711
-755
-1029
-1305
-1337
-1138
-996
-1215
-1438
-1333
-1236
-1401
-1506
-1279
-951
-931
-1169
-1179
-844
-606
-641
-601
-323
-103
-102
-101
151
539
683
617
680
897
1073
1091
996
1016
1150
1114
978
942
1052
1126
927
640
540
578
470
187
35
53
-4
-280
-568
-571
-474
-615
-804
-798
-731
-764
-897
-904
-679
-491
-488
-436
-257
-92
-10
44
206
405
483
491
545
678
843
935
963
1020
1078
1039
977
987
1038
1071
990
877
825
763
658
561
472
429
362
158
-21
-91
-101
-142
-248
-343
-402
-481
-585
-628
-678
-906
-1210
-1305
-1119
-976
-1145
-1339
-1307
-1238
-1336
-1432
-1228
-920
-897
-1095
-1110
-832
-603
-582
-539
-299
-99
-81
-47
159
439
591
595
593
709
876
962
954
970
1038
1010
860
737
782
876
793
610
516
488
377
186
107
139
72
-146
-361
-433
-441
-523
-627
-624
-648
-722
-753
-737
-600
-484
-496
-465
-324
-163
-48
48
211
368
428
450
508
663
809
844
861
936
1016
1007
948
965
1005
967
872
787
739
648
535
487
435
352
258
131
11
-46
-75
-131
-190
-232
-304
-429
-525
-540
-554
-701
-960
-1120
-1051
-932
-1012
-1179
-1195
-1116
-1178
-1303
-1233
-990
-848
-962
-1025
-822
-639
-606
-552
-365
-153
-78
-60
107
357
475
494
552
675
758
777
796
831
871
836
742
653
649
733
669
509
466
439
346
195
82
120
127
-29
-211
-274
-268
-323
-416
-443
-413
-455
-576
-579
-430
-333
-351
-352
-289
-198
-117
-34
105
265
347
378
441
526
598
667
741
821
895
932
913
879
885
873
781
641
569
568
481
333
272
264
180
54
-59
-129
-164
-230
-285
-278
-289
-345
-416
-471
-439
-419
-534
-732
-884
-880
-780
-804
-886
-849
-813
-898
-1045
-1032
-821
-733
-816
-840
-733
-611
-558
-466
-307
-180
-151
-118
39
231
360
407
422
500
596
634
658
704
738
716
614
525
546
600
557
472
420
350
227
84
9
35
64
4
-106
-154
-155
-224
-313
-343
-320
-321
-344
-319
-263
-208
-189
-191
-152
-83
-37
20
105
227
323
346
402
479
539
590
633
696
717
711
706
700
732
738
677
630
584
462
362
310
234
153
88
11
-55
-120
-188
-248
-285
-306
-347
-395
-417
-418
-409
-405
-468
-595
-693
-712
-659
-616
-644
-659
-691
-744
-780
-792
-739
-672
-696
-720
-660
-571
-475
-392
-327
-256
-207
-174
-84
57
180
263
336
388
436
498
537
560
538
489
478
455
444
480
492
465
399
308
195
103
81
84
73
30
-29
-59
-90
-153
-212
-228
-209
-208
-200
-167
-155
-141
-113
-72
-54
-3
66
68
112
159
171
224
279
360
441
463
490
527
523
528
536
549
585
598
579
531
479
431
403
366
299
259
193
104
45
-45
-117
-170
-214
-213
-248
-303
-318
-323
-340
-371
-429
-449
-472
-527
-568
-583
-535
-488
-516
-567
-590
-595
-613
-642
-626
-609
-617
-609
-548
-437
-390
-357
-301
-258
-208
-151
-88
-24
57
177
267
313
356
389
416
398
382
397
407
419
402
378
368
315
243
196
176
146
82
21
-15
-25
-40
-72
-59
-35
-59
-91
-124
-135
-117
-88
-55
-8
66
85
61
115
154
140
166
207
277
348
351
341
376
392
377
379
375
405
470
482
459
435
392
329
264
257
270
245
234
190
154
122
-3
-88
-118
-197
-235
-210
-201
-210
-254
-298
-295
-305
-339
-366
-381
-386
-447
-476
-444
-445
-433
-440
-477
-468
-465
-502
-530
-523
-496
-508
-521
-458
-374
-332
-316
-281
-206
-146
-116
-51
23
75
134
173
239
302
312
339
334
328
336
313
299
299
296
258
239
218
178
121
57
27
33
56
46
15
-10
-16
-43
-66
-54
-11
16
26
36
28
55
58
35
87
132
143
202
259
289
306
311
303
300
305
294
292
322
359
358
331
327
309
248
231
224
175
168
147
139
170
119
50
38
17
-15
-76
-114
-125
-175
-208
-220
-210
-212
-248
-268
-277
-275
-263
-315
-378
-388
-388
-397
-406
-400
-395
-412
-428
-403
-408
-454
-426
-375
-387
-392
-375
-350
-284
-253
-212
-115
-84
-74
-46
-6
58
117
166
183
212
249
256
261
274
291
281
248
220
207
185
132
123
130
107
77
52
62
62
7
-16
8
-2
-7
-11
10
78
98
69
77
106
113
124
144
161
185
225
250
278
317
311
276
257
254
267
263
240
248
264
243
198
210
224
186
155
126
131
154
113
66
63
58
61
43
-7
-32
-30
-55
-110
-152
-157
-178
-227
-277
-295
-303
-336
-319
-317
-317
-307
-326
-347
-355
-348
-354
-359
-351
-326
-313
-317
-297
-267
-278
-301
-283
-254
-218
-200
-193
-130
-73
-52
-9
16
22
47
36
43
103
129
130
137
146
174
161
140
121
64
27
13
14
46
84
74
68
94
86
67
77
86
93
106
93
87
126
146
131
124
139
154
138
141
162
184
203
223
237
231
239
237
224
227
210
198
224
227
208
202
187
191
188
167
161
160
148
122
93
71
63
58
33
18
31
32
-6
-55
-78
-87
-137
-183
-177
-208
-234
-206
-207
-211
-217
-252
-262
-251
-259
-269
-276
-267
-270
-277
-253
-233
-202
-218
-283
-318
-322
-318
-339
-329
-263
-239
-213
-156
-142
-133
-106
-114
-95
-68
-76
-51
20
54
45
81
72
31
50
55
61
78
85
118
129
110
117
131
155
155
150
173
166
177
199
199
192
196
210
192
176
194
206
192
184
170
165
173
155
152
152
136
130
151
157
167
188
200
181
163
176
164
161
153
145
157
153
108
100
122
92
61
56
41
0
1
12
-15
-33
-86
-115
-122
-165
-184
-183
-183
-200
-216
-213
-232
-236
-225
-228
-238
-255
-237
-216
-244
-231
-203
-216
-222
-232
-233
-229
-244
-255
-251
-239
-228
-214
-193
-169
-156
-152
-138
-124
-99
-72
-61
-46
-52
-46
-18
7
37
40
40
59
56
44
49
91
120
99
95
130
158
169
159
148
170
199
209
226
251
232
201
215
219
218
205
180
182
178
160
160
154
137
128
125
123
124
120
114
124
130
116
124
149
160
179
178
159
137
116
91
71
84
84
85
77
33
19
-2
-45
-61
-73
-94
-97
-109
-146
-170
-187
-188
-182
-211
-248
-214
-178
-202
-199
-217
-239
-226
-236
-232
-201
-191
-195
-201
-208
-221
-206
-175
-183
-187
-176
-163
-169
-165
-150
-111
-86
-101
-106
-91
-61
-47
-47
-28
-2
15
9
-4
14
30
29
18
13
53
68
65
72
75
86
87
104
137
157
183
191
171
189
184
177
198
194
205
233
232
218
186
146
158
157
126
113
123
134
124
129
113
90
106
108
95
106
89
82
107
119
120
124
124
107
94
73
54
63
64
33
14
-2
-24
-41
-80
-107
-100
-121
-154
-167
-166
-177
-197
-195
-201
-190
-176
-216
-227
-183
-170
-179
-172
-173
-181
-177
-178
-164
-125
-127
-143
-125
-126
-138
-119
-101
-96
-86
-103
-87
-50
-73
-78
-72
-55
-20
-18
-30
-31
-18
4
10
7
16
21
32
27
31
72
76
75
78
90
113
121
119
105
123
127
123
133
120
139
171
169
149
144
166
155
145
128
102
116
106
99
108
96
85
69
64
82
83
89
78
52
60
65
62
76
103
95
86
89
68
54
21
-1
33
17
-39
-47
-52
-57
-60
-96
-114
-122
-135
-139
-150
-145
-154
-149
-138
-148
-146
-137
-121
-115
-122
-111
-99
-100
-95
-100
-91
-78
-88
-98
-93
-89
-95
-102
-93
-59
-47
-58
-55
-68
-73
-54
-42
-33
-24
-13
-26
-26
-6
-5
9
32
44
32
34
49
47
34
35
51
42
50
54
64
92
91
89
96
110
110
108
112
114
106
96
95
93
92
89
83
73
82
108
79
63
80
62
49
72
74
69
76
52
55
55
42
54
40
31
33
29
43
49
53
44
2
-36
-30
-14
-31
-40
-48
-61
-73
-97
-99
-81
-104
-122
-116
-129
-123
-110
-110
-104
-105
-116
-103
-88
-89
-81
-76
-70
-53
-56
-61
-50
-50
-63
-62
-29
-16
-42
-50
-43
-48
-48
-59
-46
-8
0
-21
-31
-16
-22
-28
-8
2
4
19
26
7
2
15
32
40
33
29
51
64
59
62
67
74
88
97
119
116
97
113
130
130
113
73
66
98
108
97
90
100
79
46
31
28
51
52
40
40
47
26
18
28
13
7
11
27
18
4
-1
7
22
11
-1
-21
-49
-68
-81
-89
-91
-79
-79
-89
-96
-91
-88
-105
-109
-125
-110
-86
-97
-78
-66
-64
-68
-77
-82
-68
-30
-30
-31
-16
-31
-39
-46
-52
-44
-10
15
3
-16
-20
-19
-39
-41
-26
-14
-8
-4
9
5
0
8
6
11
8
7
22
29
38
38
39
57
68
66
58
49
60
57
48
59
71
78
86
93
95
95
87
89
85
83
90
89
71
61
75
77
67
51
48
56
38
12
3
-1
4
11
5
13
29
7
-13
-44
-67
-36
-31
-59
-65
-47
-20
-35
-51
-51
-67
-68
-93
-105
-80
-81
-90
-99
-97
-75
-74
-72
-64
-59
-55
-50
-43
-68
-72
-26
-1
-31
-44
-23
-2
-5
-31
-31
-7
11
-5
-4
30
30
4
-16
-14
25
22
-5
-6
-23
-4
23
10
-1
16
25
8
11
17
11
2
0
8
40
67
46
27
41
40
36
57
65
66
86
91
69
55
56
75
82
75
75
70
73
73
41
35
56
73
80
62
33
16
13
3
-5
-4
-11
4
-9
-38
-43
-50
-29
-29
-60
-47
-28
-38
-50
-47
-44
-54
-62
-56
-33
-36
-69
-65
-44
-67
-84
-64
-47
-45
-44
-52
-56
-42
-38
-46
-34
-26
-24
-3
-23
-37
-24
-39
-38
-1
10
-10
-7
3
9
14
-12
-19
14
39
29
10
5
6
1
-19
-27
-29
-19
-7
-3
1
-1
20
36
24
26
20
9
21
24
42
63
30
40
51
29
52
46
43
69
63
68
75
64
66
80
69
55
55
62
64
55
63
74
52
19
34
36
13
24
5
-18
-20
-33
-28
-20
-36
-42
-40
-49
-33
-17
-28
-43
-61
-36
-27
-65
-41
-33
-67
-65
-71
-85
-66
-67
-78
-58
-58
-61
-40
-27
-41
-45
-26
-21
-21
-10
-9
-15
-12
-10
-8
-13
-31
-17
-13
-8
3
0
-5
-11
-2
3
10
14
3
1
19
25
6
6
1
-7
-13
-23
-2
-10
-20
15
24
23
26
20
39
52
34
34
52
73
72
64
78
77
62
67
63
55
72
60
58
83
56
48
62
42
47
64
60
56
43
35
40
40
29
11
-6
-23
-24
-25
-49
-57
-41
-47
-68
-84
-79
-44
-43
-74
-58
-43
-55
-54
-59
-42
-30
-50
-66
-69
-67
-59
-59
-71
-55
-49
-47
-51
-71
-62
-54
-50
-29
-37
-41
-18
-12
-2
11
1
-9
-5
-3
11
26
33
38
14
10
22
24
25
19
23
25
32
40
33
23
10
30
31
7
9
29
33
12
7
0
19
16
-7
12
46
54
55
61
34
28
46
45
55
73
83
82
81
78
49
44
51
47
46
39
50
53
23
-6
-3
9
1
-5
3
8
-19
-43
-29
-34
-50
-51
-49
-37
-55
-79
-59
-53
-59
-62
-69
-50
-51
-57
-36
-37
-53
-50
-46
-47
-36
-37
-31
-21
-36
-40
-37
-37
-33
-29
-32
-24
-29
-27
-24
-39
-18
14
19
24
33
32
22
18
28
33
28
27
33
37
29
20
15
0
5
12
-6
-11
-8
-8
0
-10
-17
-13
-13
-10
-10
-16
-20
9
30
16
19
29
35
43
31
25
49
78
77
75
64
56
61
49
53
65
67
62
53
47
48
45
29
27
21
3
9
-8
-21
1
10
-9
-15
-27
-23
-18
-27
-15
-27
-49
-65
-33
-11
-39
-62
-84
-61
-50
-79
-73
-56
-56
-50
-45
-49
-35
-25
-34
-31
-16
-6
-6
-18
-38
-16
1
-15
-12
-16
-20
-15
-5
-11
-2
5
-19
-3
13
11
22
26
26
32
19
13
21
15
11
18
13
8
21
19
15
8
-7
-8
-13
-26
-40
-29
-4
5
8
-5
-19
-3
2
4
27
33
40
58
46
55
72
59
55
61
66
79
90
66
53
69
57
67
70
50
41
24
11
22
28
14
-6
-18
-11
-25
-45
-59
-59
-37
-39
-49
-43
-35
-52
-72
-66
-73
-74
-62
-55
-63
-71
-64
-58
-54
-48
-48
-41
-25
-20
-29
-26
-13
-15
-10
-8
-9
-4
-6
-11
-18
-14
-15
-1
12
0
11
32
26
0
-15
-15
9
27
11
20
27
23
23
13
19
26
20
6
10
10
18
29
14
20
19
8
8
5
2
11
7
20
46
21
23
36
30
36
52
59
56
46
29
41
45
43
63
65
51
51
40
26
36
36
18
20
17
4
0
-11
-15
-15
-27
-36
-35
-38
-31
-19
-36
-40
-32
-47
-52
-34
-32
-33
-33
-48
-56
-57
-73
-70
-57
-69
-64
-65
-73
-63
-65
-56
-45
-43
-34
-22
-22
-27
-30
-26
-11
-5
1
16
25
31
