25
-9
-38
34
23
-30
27
-13
-1
39
-50
12
5
-25
25
-56
27
58
-57
26
46
-9
37
-6
-16
50
-9
-31
25
-3
1
18
-50
-8
17
-29
20
3
-40
17
17
-6
34
-19
-18
53
-37
-9
38
-34
10
-4
-11
10
5
33
-21
-24
38
-3
-42
30
15
-36
14
-26
-11
35
-33
-11
-3
18
12
-37
42
7
-42
25
-9
-4
-3
-31
7
31
22
-45
10
38
-25
1
32
-2
-32
16
1
-24
-9
-3
-8
6
-18
-12
42
-42
-5
13
-32
30
-19
-12
47
6
-20
-9
7
25
-19
-14
12
-13
5
10
17
-15
7
22
-33
15
17
-17
15
37
-36
33
16
-68
24
-4
19
-12
-13
41
-31
-15
34
-50
11
30
-57
22
-2
-9
1
-43
20
28
5
23
1
-2
11
7
-17
14
12
3
-9
19
-25
-23
52
12
-17
-37
8
46
-44
-29
66
-61
46
19
-48
69
-23
3
45
-37
30
6
-40
36
-87
27
21
-60
23
-13
23
11
-47
52
0
-43
31
-16
40
-12
-13
22
-9
-20
-33
16
12
-7
23
-14
42
-3
-57
14
23
-30
-59
45
19
-27
2
-6
12
26
-53
16
41
-2
-29
-22
37
-2
-16
22
-2
2
-34
0
71
-81
17
23
-52
67
-1
-4
-15
-10
43
-46
23
-8
-51
78
-23
5
24
-35
16
-26
1
36
-4
13
16
-4
-10
14
-3
-71
36
-29
-35
40
-32
-1
43
-48
-12
28
-38
22
0
-34
-13
-5
-18
3
35
0
-26
60
44
3
18
2
1
-3
33
-21
2
34
-79
23
10
-45
90
-14
-57
17
-20
0
42
-21
-35
40
1
-1
33
2
4
-17
22
46
-3
30
29
-8
-28
19
-8
-1
24
-35
34
-29
-18
25
-23
15
-45
-1
20
-51
16
-41
-25
-7
-38
55
3
-11
6
-17
18
-2
-34
-10
49
-46
-18
15
-64
56
-42
10
69
-69
45
15
-29
21
-77
0
38
-43
56
58
-46
22
44
-53
34
9
-51
41
5
-34
24
-26
-60
29
11
-3
10
-35
9
12
17
24
-47
26
3
31
25
-46
10
-17
27
-13
-30
64
-49
-34
26
-38
20
-62
46
67
-92
52
20
-71
46
11
-62
67
57
-35
-6
8
-42
1
35
-64
11
48
-73
74
20
-52
38
-44
44
25
-23
71
-23
-11
70
-48
-4
61
-50
51
77
-77
27
55
-72
7
53
-37
-13
45
-18
-58
53
-30
-82
78
20
-56
23
-13
-36
28
-12
-36
12
23
-14
3
0
26
-15
-48
74
-1
-43
13
-41
-19
1
-42
-18
57
-39
-47
60
-68
1
64
-81
28
25
-58
34
22
-13
10
46
29
-54
-33
44
-22
-56
61
-41
-36
120
-87
-51
167
-101
-78
119
-127
-19
67
-130
26
93
-60
16
76
-37
27
48
-30
34
20
-29
49
9
-17
54
2
20
0
-59
37
2
-73
60
28
-47
30
48
-21
29
-17
-38
71
-21
-7
18
-56
26
11
-60
59
-52
-12
97
-83
-19
11
4
66
-88
-43
72
-13
-53
-14
35
-37
-15
71
-37
-5
104
-24
-48
28
-14
-31
6
48
11
-7
-12
-18
46
-53
9
58
-71
74
-8
-53
96
-31
30
5
-53
36
-49
18
21
-46
-8
2
34
-84
-6
27
-126
-1
29
-24
54
32
-55
28
74
-69
-56
101
27
-58
31
13
-59
-9
43
-35
-45
103
-11
-131
89
13
-58
8
40
5
-29
64
-41
38
-4
-58
91
-42
35
107
-102
105
11
-120
103
-100
11
38
-112
95
-63
-48
135
-103
-66
102
-23
-86
85
35
-130
73
86
-62
76
-38
-28
67
-15
13
-72
93
77
-95
39
24
-27
24
-17
-35
22
-4
3
-14
-49
50
-30
-32
44
9
-50
-14
50
-64
66
4
-116
76
-30
-47
57
-67
62
-9
-76
76
13
-88
18
66
-40
-4
3
63
0
-6
54
-100
78
83
-198
134
-44
-109
200
-73
-80
64
2
-15
47
-47
33
34
-46
25
-102
55
-9
-81
34
-111
77
34
-76
99
-53
-45
109
-23
-12
40
-54
-71
64
-48
-2
159
-68
-36
74
44
3
12
52
-12
-24
-73
-56
64
22
-75
59
44
-120
82
57
-97
151
-17
-77
142
-110
10
53
-112
41
40
-31
81
-21
-52
129
-90
-2
125
-131
11
-10
-100
119
-83
-70
62
-36
24
8
-28
10
2
-12
-40
-22
-11
-37
-31
-54
43
-6
5
37
-87
-15
93
-63
-1
67
-64
63
-2
-14
125
-19
14
10
-101
201
-46
-140
151
-126
15
122
-125
73
-3
-43
97
-59
13
2
-12
24
6
-58
-8
-7
-53
41
50
68
21
-18
26
11
-63
58
-4
-69
100
-30
-26
84
-68
48
4
-94
13
8
42
-19
-19
-10
11
39
-99
36
39
-117
100
-54
-62
146
-110
-35
89
-53
-14
-85
-53
71
-44
-8
-3
-4
50
-27
29
45
60
-106
-18
170
-64
8
60
-125
72
50
-124
74
-8
-80
-2
-20
68
-51
-54
120
-106
-13
86
-58
8
-32
2
29
-25
28
22
11
-33
33
21
8
24
-97
108
95
-162
-40
74
59
-47
-4
84
-125
66
38
-79
70
-27
14
51
64
-48
12
161
-88
-59
22
-54
39
-76
4
108
-120
-23
54
3
-48
-60
45
-8
-47
46
33
28
49
-99
65
88
-124
46
-22
-43
70
-49
-37
27
41
-65
20
25
-150
44
11
-109
59
89
-95
11
98
-64
61
-21
-84
161
-11
-47
18
12
105
-83
54
-66
-79
152
-142
-20
141
-117
-14
205
-75
-154
169
39
-71
91
-67
-122
107
10
-100
75
-50
7
75
-172
56
84
-140
87
-27
-91
61
-48
26
-32
0
-15
-76
44
-34
0
84
-22
-106
94
47
-155
6
142
-102
14
36
-103
124
-24
-41
66
-7
4
-11
46
62
-54
59
-12
69
19
-132
191
-67
-96
172
-156
86
23
-174
217
-111
26
125
-209
193
-13
-115
199
-91
63
-26
-38
178
-79
19
3
29
63
-107
18
59
-19
-11
-21
57
-134
6
131
-226
91
52
-253
201
-27
-225
280
-7
-196
103
49
-113
18
-12
-141
115
62
-190
97
95
-136
-56
75
11
-137
109
54
-71
111
-92
-93
144
-124
-58
105
-84
-53
82
-12
9
76
-85
-49
62
-52
-72
63
-55
45
2
-17
110
-115
-6
93
-98
90
56
-75
31
-39
56
-35
-9
84
-173
93
166
-260
91
245
-134
3
231
-144
-8
155
-200
82
117
-217
41
137
-91
-23
38
91
-66
-57
56
-53
93
-16
-155
116
-37
-81
84
25
-99
4
91
-2
-41
-37
17
40
-12
-52
58
41
9
4
15
-47
-3
108
-81
-36
161
-118
63
160
-228
108
2
-292
137
-23
-81
68
-83
8
23
14
-14
55
5
-127
59
24
3
60
-122
143
-20
-103
194
-150
8
111
-165
103
81
-79
110
-188
3
184
-145
-15
-75
43
122
-158
85
43
-97
131
-196
64
213
-141
-18
-9
-13
-40
18
-11
-19
23
-123
-1
44
-39
46
-20
-88
-6
110
60
-80
-24
20
70
73
-92
-45
109
-91
97
94
-196
144
-48
-126
143
-114
48
-11
-94
104
-131
63
64
8
-7
-50
150
-27
93
53
-122
166
-83
-40
170
-156
42
-5
-126
72
-76
24
65
-120
20
78
-66
13
129
-49
-46
133
-24
40
44
-113
87
7
-129
78
16
-7
-12
-127
103
-30
-72
70
-81
-114
54
61
-86
-31
78
-66
41
78
-70
153
-72
-133
187
13
-86
67
-9
-23
-7
-55
-52
130
-99
-157
239
-107
-35
68
-254
31
67
-84
150
-106
-17
150
-94
110
70
0
29
6
45
6
-40
59
-74
18
-33
-92
129
-94
-79
154
-108
-41
186
-78
-61
16
4
45
73
-50
3
5
32
-28
9
141
-111
-107
126
-7
-109
59
-39
-5
15
-78
41
24
-89
-46
61
49
-57
-69
40
62
6
-59
82
-18
-126
198
-96
-65
266
-175
-29
239
-161
3
116
-57
49
11
50
-44
27
95
-230
74
61
-180
47
45
-108
59
75
-244
98
141
-247
88
147
-276
49
67
-49
136
-155
-1
232
-12
-7
-56
18
184
-72
-12
55
-105
31
3
-128
59
-10
25
2
-196
65
49
-168
120
77
-109
196
6
-150
123
78
-165
140
44
-132
164
-103
-105
117
-69
-27
76
-5
53
-7
-33
26
-76
-98
-80
-47
53
-122
-11
20
-58
93
10
-79
153
26
-74
172
-123
-11
121
-129
111
149
-219
72
181
-171
13
16
-109
101
27
-77
42
-24
-90
-125
47
129
-136
27
102
-20
105
-15
-35
181
-89
-87
116
-147
31
166
25
0
33
74
-92
68
-8
-74
110
-147
-74
-28
-7
26
-30
48
-86
27
2
-45
68
-169
140
105
-248
129
26
-83
119
-78
86
101
-189
117
60
-78
141
-97
-38
93
-85
3
-79
-2
-9
-2
-16
-127
107
-27
50
11
-125
188
-155
-136
227
-146
66
246
-120
-25
41
-3
94
-169
-54
98
-143
165
29
-234
161
52
-235
230
-29
-198
223
-62
-133
104
-37
-84
111
-74
-125
161
97
-159
79
93
-174
20
130
-68
107
-21
-133
250
-141
-52
203
-124
9
-30
9
-32
-85
193
-114
71
54
-200
239
-130
-56
143
-202
104
134
-170
87
9
-169
166
18
12
-37
-2
191
-182
65
21
-201
291
-118
-139
219
-80
-98
32
96
-143
80
71
-251
257
-26
-200
230
-81
-11
102
-98
-30
-2
-17
32
70
-17
57
52
-103
-15
31
-41
-66
51
-23
22
68
-83
1
-17
-1
-71
-22
104
-45
39
-5
-76
-5
-125
-2
100
-51
8
74
-18
-18
31
-89
35
59
-41
135
-116
-86
81
-65
54
-11
-28
2
-51
71
5
-40
72
-24
-40
91
7
-9
-1
-111
-65
117
-59
-86
203
-44
10
212
-114
96
48
-225
112
30
-17
3
-29
58
-56
-53
31
144
-41
-16
126
-118
13
10
-46
57
-95
59
61
-58
-8
-70
53
-5
-55
96
41
-67
26
-115
-49
57
-105
79
16
-112
48
86
-38
-11
3
18
1
-40
59
7
-22
33
-174
79
152
-192
152
95
-208
183
-66
-84
191
-278
90
133
-193
61
63
15
-95
-4
134
-128
139
-29
-221
272
-169
-151
231
-1
-101
20
98
-57
-13
56
-154
31
79
-93
119
20
-153
163
66
-172
92
16
-8
15
60
-104
-29
72
-268
188
80
-212
112
-34
19
-29
-15
11
-29
215
-203
16
188
-328
99
209
-273
47
117
-120
194
30
-253
242
-1
-211
249
-111
-47
95
-115
76
-39
-109
94
26
41
8
-8
102
-71
-48
82
-66
30
17
-90
148
-75
-42
69
-79
-24
-24
135
-83
-52
161
-99
27
65
-153
135
-54
-135
155
-25
-36
41
-52
-4
158
-21
-90
30
51
16
9
-29
-52
23
-32
-10
59
-118
148
35
-91
200
-205
9
133
-64
-10
-144
130
-12
-99
140
-145
3
95
-57
72
20
-29
-50
-30
23
-106
53
24
-155
64
41
-17
6
14
-30
25
46
-50
110
18
-204
57
43
-96
100
-95
-11
101
-138
144
53
-179
113
-19
-100
115
-25
-71
121
-79
-153
188
41
-164
119
-44
2
106
-26
66
-107
-8
-68
203
133
-313
145
110
-58
-50
-137
113
131
-22
-157
134
145
-278
122
74
-164
129
-19
-115
111
-24
-114
79
27
-86
29
70
-59
91
3
-94
177
-76
-109
168
-132
-35
117
-108
-42
60
81
-108
78
62
-178
243
-45
-268
185
-38
-92
160
-35
-128
110
-46
-132
151
-9
-60
92
-29
-42
73
17
-75
-55
58
-50
16
123
-170
34
80
-110
42
-14
-34
102
-30
-141
122
62
-90
-23
41
25
-16
-7
-49
51
14
-67
61
36
-21
-42
-20
103
-56
-73
112
-62
-31
72
-23
7
-48
33
5
-84
54
101
-96
8
105
-77
6
45
-90
-4
215
-118
-106
198
-110
-44
119
-64
-4
23
-32
-11
82
25
-158
26
93
-67
37
9
-79
85
14
-84
70
-26
-50
96
-18
-72
96
69
-126
28
65
-137
112
13
-123
192
-99
-141
153
-52
-20
81
-62
-26
94
-62
-130
96
-18
-59
125
-30
-102
92
2
-62
34
-41
-12
71
-32
-70
84
-13
-72
70
-62
-45
141
1
-65
19
17
-82
60
44
-182
176
29
-198
150
38
-74
2
-26
-11
46
39
-78
3
64
-55
6
17
-65
47
40
-54
89
-34
-94
77
28
-20
9
14
-68
28
86
-87
59
25
-71
124
-38
6
51
-21
13
-50
58
35
-41
-15
-35
37
54
-20
-65
-35
24
48
42
-108
-78
53
-3
22
23
-86
-22
75
-15
-3
35
-113
-41
108
26
-60
-41
-5
-8
83
-19
-130
84
9
-60
60
1
-30
-17
22
9
21
-10
-45
13
-9
28
27
9
-26
-22
72
19
40
-12
-19
65
2
60
1
31
38
-40
90
-37
36
88
-38
71
-3
-16
17
14
6
-17
9
1
62
-35
-47
13
-77
-24
-15
-38
-62
-60
-15
-38
-35
-59
-76
-35
-9
-55
-22
2
-40
-28
-49
6
14
-40
-11
-19
-24
-23
-31
-33
-35
-18
-51
-54
-7
-56
-55
-28
-84
-52
3
-18
14
66
-3
-5
65
28
59
112
84
144
161
125
170
171
182
152
162
233
99
135
185
34
208
151
-10
184
57
37
169
38
60
28
-47
61
35
-13
43
47
87
130
122
127
113
80
84
131
121
70
41
58
56
-30
-80
-66
-168
-203
-189
-502
-736
-847
-950
-761
-837
-1137
-1029
-992
-988
-868
-876
-780
-784
-836
-654
-317
-66
-23
191
405
445
680
808
870
939
859
952
1125
1221
1166
1064
1022
763
632
626
379
158
-40
-204
-200
-276
-413
-487
-564
-695
-811
-710
-638
-566
-458
-390
-121
85
248
443
471
557
659
779
856
864
926
897
909
904
817
758
624
457
348
283
154
-11
-77
-154
-241
-280
-307
-270
-287
-348
-303
-273
-235
-174
-66
59
35
179
293
306
433
323
338
390
237
255
150
62
-12
-196
-88
-153
-319
-698
-1739
-2294
-2353
-2435
-2206
-2500
-2799
-2341
-2086
-1794
-1587
-1550
-1463
-1524
-1172
-601
153
790
830
1181
1593
1811
2186
2130
2021
1897
1733
1976
2169
2253
1979
1460
1129
621
312
107
-394
-747
-1078
-1173
-878
-747
-810
-974
-1118
-1223
-1111
-703
-472
-197
49
186
669
959
1096
1236
1108
1075
1109
1264
1377
1222
1089
877
740
652
443
359
130
-201
-315
-328
-360
-488
-606
-589
-556
-365
-207
-46
218
123
154
445
515
614
744
728
821
840
816
835
734
457
256
158
-31
-149
-308
-482
-575
-654
-734
-757
-857
-1057
-1097
-1116
-1246
-1067
-807
-615
-767
-1938
-2838
-2750
-2335
-1743
-1992
-2411
-1842
-1275
-685
-412
-507
-472
-800
-723
-18
928
1684
1516
1470
1667
1763
2048
1828
1497
1173
792
1006
1335
1494
1257
549
13
-465
-691
-598
-853
-1146
-1341
-1244
-528
-17
168
42
-293
-331
-198
269
691
836
909
839
1172
1569
1594
1457
1025
715
704
835
921
763
482
108
-50
51
26
20
-182
-514
-494
-362
-188
-90
-204
-208
-50
269
610
746
754
617
559
624
692
787
704
529
434
421
457
282
45
-253
-529
-578
-684
-593
-586
-743
-589
-647
-506
-319
-543
-419
-585
-727
-489
-393
-79
-169
-889
-2017
-2899
-2840
-2750
-2529
-2577
-2818
-2041
-1618
-1328
-798
-954
-936
-1049
-885
217
1135
1825
1957
1937
2282
2207
2201
2009
1517
1343
1055
1175
1518
1363
1058
288
-434
-872
-1219
-1133
-1336
-1483
-1303
-1068
-302
111
235
330
45
154
412
869
1358
1342
1370
1302
1382
1593
1436
1235
839
441
408
417
391
253
-103
-421
-557
-434
-283
-273
-298
-497
-468
-208
-116
23
37
116
442
740
1129
1298
1211
1024
767
823
879
796
698
486
375
279
154
22
-277
-600
-883
-1005
-850
-789
-797
-700
-707
-567
-339
-326
-256
-347
-515
-476
-311
-106
-155
-632
-1868
-3183
-3445
-3237
-3000
-3033
-3693
-3312
-2135
-1600
-1159
-1166
-1309
-952
-620
294
1631
2592
2925
2706
2831
3092
3097
2813
2063
1648
1506
1406
1602
1392
810
-149
-1240
-1700
-1845
-1794
-1837
-2094
-1893
-1386
-700
90
337
353
476
568
988
1632
2025
2100
1933
1758
1780
1897
1698
1238
829
407
223
198
13
-259
-615
-933
-1002
-803
-596
-504
-452
-479
-399
-87
176
292
386
510
814
1243
1488
1589
1534
1234
945
843
817
700
447
151
-34
-152
-270
-428
-708
-994
-1278
-1359
-1206
-1103
-797
-742
-665
-219
-181
72
251
41
292
296
212
451
398
342
-120
-994
-2398
-3897
-4097
-3942
-3505
-3260
-3953
-3449
-2528
-2185
-1656
-1851
-1628
-859
-335
986
2412
3494
3820
3226
3228
3299
3247
3031
2252
2078
1846
1497
1464
912
144
-1049
-2262
-2607
-2556
-2167
-2039
-2184
-1789
-1293
-485
341
573
841
976
1310
2074
2636
3051
2966
2561
2129
1635
1559
1321
878
449
-232
-375
-319
-578
-889
-1373
-1597
-1433
-1044
-541
-241
-105
-214
-218
178
432
627
787
932
1328
1609
1798
1831
1515
1104
656
515
617
493
346
-49
-441
-502
-657
-792
-1099
-1341
-1326
-1246
-963
-794
-456
-122
-206
116
343
377
676
406
429
607
371
410
268
-228
-1078
-2449
-4006
-4952
-4884
-4472
-4028
-3933
-4013
-3230
-2405
-1985
-1696
-1586
-851
244
1244
2592
3816
4442
4242
3524
3310
3306
3015
2456
1778
1489
1180
742
261
-521
-1331
-2389
-3035
-2871
-2486
-1900
-1677
-1525
-849
-119
706
1331
1663
1982
2162
2570
3042
3194
3080
2535
1818
1441
1177
887
491
-215
-761
-1088
-1250
-1263
-1475
-1701
-1710
-1426
-860
-309
86
279
393
494
713
1082
1246
1311
1387
1532
1757
1790
1654
1293
806
463
150
28
-12
-267
-529
-779
-878
-856
-1023
-1254
-1336
-1137
-849
-668
-477
-300
118
391
504
800
764
778
692
533
763
578
260
20
-345
-747
-1681
-2683
-4079
-5547
-5791
-5383
-4364
-3739
-4108
-3603
-2569
-1736
-1026
-815
-49
1070
1900
3028
4140
5038
4964
3903
3287
2992
2813
2371
1412
892
374
-258
-639
-1236
-1874
-2730
-3378
-3194
-2621
-1894
-1375
-970
-284
483
1392
2257
2722
2973
2998
3094
3461
3636
3376
2693
1980
1219
330
-263
-844
-1309
-1659
-2217
-2240
-1961
-1935
-1861
-1668
-1182
-524
88
729
1310
1650
1552
1459
1629
1681
1674
1534
1422
1532
1391
1093
826
449
58
-350
-526
-427
-481
-636
-846
-955
-962
-1055
-980
-986
-930
-547
-280
100
452
540
890
1034
924
991
724
730
770
276
250
-22
-492
-672
-1431
-2199
-3090
-4830
-6288
-6532
-5796
-4571
-3849
-4014
-3613
-2310
-1301
-678
-336
310
1566
2598
3542
4774
5609
5347
4100
2939
2622
2529
1931
947
173
-262
-705
-1255
-1844
-2468
-3118
-3566
-3261
-2358
-1408
-681
-316
284
1185
2112
2999
3453
3542
3494
3496
3600
3499
3035
2207
1189
376
-195
-543
-889
-1573
-2236
-2609
-2547
-2133
-1900
-1756
-1395
-885
-134
738
1327
1683
1813
1708
1711
1949
2052
1878
1545
1171
1104
1124
866
495
69
-308
-530
-645
-552
-582
-824
-1061
-1204
-998
-682
-567
-471
-514
-512
-189
127
533
750
746
907
972
1039
938
556
185
-121
-249
-371
-806
-1189
-1408
-1943
-2639
-4001
-5859
-6521
-5974
-4818
-3623
-3545
-3351
-2118
-1033
-274
87
536
1535
2340
3154
4251
5155
5153
3919
2720
2241
2000
1581
632
-160
-531
-1011
-1304
-1600
-2078
-2637
-3226
-2999
-2092
-1079
-214
184
697
1463
2207
3076
3628
3678
3504
3266
3273
3217
2769
2004
943
-75
-840
-1263
-1408
-1721
-2222
-2621
-2556
-2016
-1605
-1354
-977
-478
178
912
1612
2070
2174
1987
1798
1891
1884
1645
1315
889
679
589
359
213
-18
-362
-597
-720
-628
-570
-707
-801
-756
-538
-367
-256
-87
-116
-230
-32
162
517
954
796
894
1030
752
684
289
-80
-196
-527
-655
-828
-1017
-1444
-2295
-3125
-4648
-6395
-6713
-5799
-4163
-3143
-3468
-2885
-1534
-636
-176
-178
649
1995
2705
3547
4546
5288
4847
3159
2123
1786
1655
1102
34
-375
-674
-1145
-1475
-1880
-2258
-2824
-3140
-2495
-1385
-368
218
516
1149
1812
2536
3351
3683
3735
3437
3153
3169
2823
2201
1351
353
-497
-1421
-2004
-2042
-2141
-2329
-2500
-2365
-1685
-1132
-818
-355
207
840
1475
2065
2507
2612
2271
1808
1711
1632
1271
901
568
471
387
152
97
-40
-395
-732
-828
-630
-516
-629
-663
-631
-522
-303
-129
22
53
-47
162
544
704
755
742
721
847
710
277
125
-230
-613
-670
-1085
-1206
-1213
-1860
-2398
-3678
-5859
-6753
-6124
-4692
-3346
-3362
-3194
-1814
-798
-343
-188
235
1357
2200
2946
4158
5221
5158
3724
2287
1749
1625
1169
299
-231
-499
-917
-1335
-1713
-1977
-2501
-3060
-2704
-1703
-565
233
503
923
1525
2153
2958
3493
3636
3509
3194
2997
2741
2176
1344
377
-556
-1119
-1281
-1443
-1734
-2139
-2353
-2126
-1705
-1247
-849
-404
179
728
1378
1966
2176
2155
1942
1778
1811
1649
1243
852
558
382
258
183
63
-135
-326
-546
-553
-477
-573
-567
-568
-488
-182
-134
-75
48
-18
201
363
303
502
516
615
899
669
543
317
-165
-286
-593
-866
-907
-1291
-1432
-1501
-2098
-3149
-5081
-6552
-6149
-4975
-3669
-3046
-3014
-2083
-1012
-447
-107
157
896
1836
2626
3700
4796
5111
4162
2697
1801
1413
1180
511
-203
-422
-718
-1083
-1451
-1895
-2230
-2675
-2751
-1958
-819
159
585
917
1532
2131
2768
3195
3463
3557
3245
2978
2775
2365
1667
668
-262
-993
-1468
-1644
-1901
-2159
-2368
-2507
-2230
-1758
-1302
-727
-165
424
1120
1730
2146
2311
2263
2048
1908
1804
1497
1181
799
453
321
141
41
-27
-290
-544
-693
-640
-484
-429
-436
-459
-278
-80
67
187
109
191
355
382
604
797
695
768
903
618
437
125
-396
-468
-766
-992
-988
-1312
-1525
-2018
-3033
-4404
-5992
-6379
-5552
-4277
-3138
-3028
-2620
-1482
-634
-163
-94
474
1719
2595
3356
4223
4951
4756
3279
2046
1562
1314
812
-123
-473
-498
-906
-1351
-1901
-2232
-2522
-2823
-2353
-1235
-82
472
711
1258
1905
2542
3022
3269
3512
3470
3169
2987
2533
1835
1114
167
-690
-1415
-1888
-1988
-2149
-2362
-2513
-2377
-1901
-1388
-893
-368
204
810
1380
1936
2354
2470
2240
1951
1865
1682
1325
915
593
471
291
109
54
-144
-438
-707
-817
-652
-472
-366
-284
-287
-211
-87
63
221
243
340
473
520
760
983
919
910
806
410
257
39
-288
-311
-534
-824
-991
-1308
-1860
-2641
-3758
-5240
-6348
-6291
-5254
-3805
-3131
-3148
-2482
-1428
-573
-178
27
1012
2285
3002
3689
4550
4974
4305
2842
1829
1551
1272
522
-260
-517
-685
-1133
-1785
-2198
-2279
-2616
-2754
-2187
-1072
86
531
740
1384
2164
2861
3267
3463
3680
3550
3130
2807
2388
1696
786
-133
-767
-1139
-1526
-2086
-2443
-2515
-2579
-2342
-1931
-1488
-829
-269
365
1147
1713
2143
2346
2323
2273
2138
1922
1635
1294
900
578
423
239
-1
-221
-401
-531
-654
-743
-684
-521
-408
-393
-245
15
93
96
113
186
286
585
774
799
1084
861
652
677
236
125
-201
-545
-342
-676
-913
-1118
-1504
-1775
-2591
-3327
-4553
-6030
-6030
-5286
-3829
-2776
-3020
-2469
-1481
-716
-131
24
931
2100
2731
3351
3973
4671
4289
2835
1851
1399
1317
675
-276
-404
-605
-965
-1487
-1938
-1876
-2237
-2539
-2200
-1239
46
573
734
1242
1877
2625
3069
3254
3416
3238
2931
2571
2263
1870
1052
189
-571
-1004
-1261
-1756
-2167
-2521
-2566
-2266
-2010
-1513
-975
-416
367
1028
1667
2102
2197
2232
2126
2064
1959
1702
1398
952
571
356
201
56
-168
-348
-504
-618
-526
-446
-317
-179
-117
-21
-23
25
150
206
249
181
276
537
683
930
932
792
684
352
139
-149
-289
-429
-736
-736
-1007
-1371
-1931
-2959
-3965
-5381
-6408
-6045
-4996
-3703
-3173
-3152
-2313
-1318
-609
-370
-25
1216
2300
2962
3678
4345
4739
4032
2726
1966
1621
1253
371
-291
-374
-647
-1032
-1711
-2108
-2147
-2603
-2629
-2060
-1005
13
332
717
1380
2199
2865
3129
3396
3479
3328
3076
2656
2350
1797
865
-30
-731
-1034
-1350
-1871
-2244
-2416
-2409
-2285
-2016
-1536
-938
-340
296
1069
1729
2073
2216
2222
2207
2178
2005
1711
1420
1118
803
544
322
130
-114
-371
-482
-522
-517
-464
-451
-412
-319
-231
-75
71
109
147
149
185
465
678
677
783
778
890
830
265
228
-130
-529
-405
-967
-831
-748
-1765
-2317
-3160
-4267
-5245
-6373
-5998
-4596
-3560
-3130
-3004
-2047
-963
-492
-316
220
1633
2654
3051
3723
4367
4716
3896
2503
2006
1578
1093
312
-488
-399
-704
-1305
-1801
-2220
-2192
-2461
-2536
-2019
-1131
-176
240
679
1395
2218
2866
3050
3271
3384
3175
2935
2535
2237
1874
1108
289
-471
-923
-1314
-1879
-2242
-2557
-2588
-2271
-2034
-1545
-924
-379
243
803
1380
1859
2063
2079
2053
2101
1982
1701
1440
1140
879
633
374
215
-16
-242
-344
-418
-398
-331
-298
-262
-231
-219
-158
-65
-8
2
57
151
265
511
709
866
981
852
763
581
151
2
-244
-392
-128
-444
-745
-1174
-2160
-2800
-4159
-5902
-6431
-6093
-4835
-3706
-3592
-3088
-2120
-1326
-873
-717
31
1333
2314
2879
3697
4732
4910
4039
2827
2238
2079
1236
260
-113
-202
-385
-1169
-1890
-1955
-2188
-2684
-2980
-2509
-1409
-663
-244
406
1404
2258
2695
3017
3258
3428
3300
2980
2885
2769
2429
1736
825
53
-652
-1234
-1763
-2253
-2588
-2863
-2829
-2487
-2099
-1581
-1030
-404
442
1168
1666
2055
2238
2280
2285
2204
2011
1748
1485
1193
964
735
428
152
-168
-434
-513
-505
-452
-376
-343
-300
-298
-284
-232
-223
-237
-218
-191
-25
387
687
953
1117
1045
998
684
390
333
74
-47
-123
-365
-424
-870
-1787
-2517
-3586
-5023
-6020
-6289
-5540
-4333
-3817
-3536
-2775
-1866
-1150
-835
-402
683
1845
2532
3142
4055
4732
4586
3692
2851
2489
1993
1116
269
-104
-258
-754
-1435
-1801
-1928
-2178
-2625
-2889
-2452
-1620
-839
-240
436
1439
2360
2906
3066
3149
3229
3075
2869
2724
2666
2492
1789
829
3
-665
-1250
-1921
-2514
-2786
-2742
-2521
-2184
-1700
-1230
-765
-238
367
1073
1656
2012
2164
2186
2185
2116
1893
1598
1367
1186
995
783
590
389
106
-183
-347
-425
-422
-356
-373
-426
-443
-458
-477
-534
-620
-529
-303
-69
339
623
921
1153
952
1032
763
313
415
16
-59
105
-370
-681
-1452
-2527
-3603
-5120
-6131
-6327
-5554
-4508
-4013
-3509
-2851
-1780
-1140
-1134
-483
462
1562
2470
3033
4207
4982
4745
4046
3186
2837
2246
1193
567
245
99
-527
-1261
-1522
-1841
-2265
-3003
-3246
-2690
-2134
-1483
-873
119
1392
2125
2682
2986
3134
3224
2989
2871
2891
2962
2757
2103
1524
790
-67
-869
-1716
-2240
-2499
-2714
-2691
-2351
-1928
-1571
-1214
-806
-259
328
789
1280
1700
1932
2115
2113
2008
1929
1748
1535
1384
1228
1030
730
397
158
-69
-268
-411
-508
-541
-592
-694
-740
-721
-751
-754
-754
-667
-400
-78
314
707
1072
1170
1073
1045
857
613
508
382
249
45
-569
-1219
-1833
-3164
-4645
-5726
-6224
-5582
-4895
-4665
-4063
-3164
-2216
-1578
-1312
-700
343
1145
1661
2642
3823
4654
4873
4357
4021
3734
2917
2014
1227
744
371
-387
-955
-1190
-1531
-2037
-2765
-3217
-3141
-2853
-2468
-1882
-880
322
1383
2147
2622
3013
3179
3037
2883
2910
3078
3108
2853
2439
1906
1222
343
-554
-1384
-2132
-2598
-2794
-2715
-2451
-2119
-1782
-1436
-1008
-531
-77
323
700
1031
1423
1771
1961
2101
2141
2065
1927
1742
1467
1162
878
617
444
268
59
-95
-274
-571
-763
-888
-1028
-1102
-1224
-1217
-1120
-897
-502
-126
282
543
812
970
968
1099
928
854
917
729
666
111
-697
-1376
-2679
-4064
-5258
-5894
-5532
-5214
-4960
-4509
-3766
-2755
-2294
-1958
-1333
-449
476
950
1908
3292
4295
4833
4691
4615
4526
3821
2974
2177
1670
1202
411
-160
-510
-777
-1344
-2318
-3005
-3369
-3366
-3231
-2964
-2119
-1079
71
1061
1704
2336
2647
2713
2678
2662
2997
3216
3163
2951
2640
2317
1667
791
-144
-992
-1631
-2231
-2556
-2530
-2338
-2096
-1898
-1597
-1169
-782
-570
-381
8
442
835
1240
1706
2143
2377
2413
2323
2188
1898
1464
1187
987
834
703
461
276
19
-318
-644
-1042
-1403
-1668
-1843
-1804
-1565
-1219
-793
-369
3
346
640
704
746
819
867
1053
1146
1018
642
133
-559
-1764
-3293
-4629
-5219
-5099
-5070
-5071
-4655
-3822
-3004
-2688
-2476
-1910
-1100
-480
-36
920
2346
3542
4144
4361
4704
4887
4425
3607
2910
2430
1900
1140
540
298
60
-557
-1504
-2269
-2817
-3212
-3503
-3534
-2980
-2127
-1167
-214
631
1435
1957
2147
2202
2318
2626
2864
2929
2996
3055
3052
2661
1922
1188
415
-436
-1332
-2003
-2214
-2211
-2179
-2025
-1722
-1373
-1168
-1113
-1009
-786
-547
-275
196
814
1478
1991
2283
2506
2535
2279
1910
1584
1364
1212
1057
936
839
696
422
25
-448
-953
-1438
-1840
-2035
-1996
-1781
-1452
-1071
-611
-202
51
241
317
399
565
730
940
1056
909
642
223
-629
-1777
-3091
-4163
-4507
-4637
-4742
-4563
-4123
-3349
-2722
-2551
-2236
-1667
-1185
-866
-352
626
1825
2810
3345
3924
4503
4565
4209
3581
3049
2633
1930
1266
936
779
549
-76
-845
-1487
-2049
-2602
-3118
-3213
-2902
-2319
-1605
-882
-23
748
1233
1501
1636
1898
2155
2219
2275
2370
2543
2651
2566
2231
1737
1204
458
-302
-915
-1375
-1545
-1580
-1559
-1358
-1090
-943
-950
-1054
-1085
-974
-807
-544
-71
541
1140
1651
1975
2151
2176
2008
1762
1524
1343
1205
1095
957
863
765
496
87
-433
-887
-1287
-1669
-1832
-1837
-1582
-1175
-891
-523
-255
-80
93
101
198
288
306
267
126
-16
-428
-1195
-2146
-2965
-3294
-3527
-3767
-3839
-3685
-3115
-2679
-2433
-1996
-1494
-1054
-848
-639
9
859
1548
2040
2562
3202
3610
3612
3334
3164
2937
2375
1753
1247
1062
900
391
-103
-462
-803
-1231
-1796
-2125
-2173
-2093
-1923
-1592
-986
-346
194
590
855
1184
1416
1549
1688
1722
1806
1929
1928
1809
1608
1356
1003
551
67
-331
-564
-752
-844
-803
-720
-615
-617
-675
-671
-663
-643
-564
-371
-55
313
686
1023
1338
1568
1643
1622
1545
1455
1344
1173
1002
874
732
553
293
-23
-275
-559
-876
-1098
-1197
-1219
-1186
-1075
-870
-571
-363
-214
-34
33
141
116
-159
-234
-470
-1043
-1666
-2444
-2881
-2913
-3107
-3278
-3253
-2998
-2509
-2207
-2071
-1668
-1147
-948
-879
-580
61
872
1336
1657
2268
2812
3041
2979
2813
2789
2557
2000
1506
1266
1152
922
486
70
-190
-562
-1064
-1461
-1681
-1743
-1711
-1625
-1340
-887
-450
-70
245
549
839
1082
1201
1263
1423
1533
1598
1627
1565
1515
1345
1030
749
486
176
-164
-430
-512
-453
-416
-429
-379
-343
-440
-555
-593
-548
-425
-248
34
380
680
960
1170
1289
1346
1276
1169
1097
984
857
737
581
452
340
129
-111
-339
-548
-767
-980
-1054
-1009
-882
-765
-615
-399
-237
-103
-19
57
80
-64
-240
-441
-790
-1323
-2020
-2506
-2647
-2736
-2884
-3028
-2913
-2509
-2196
-2047
-1754
-1328
-998
-884
-762
-331
288
781
1068
1525
2134
2533
2697
2717
2746
2697
2354
1876
1545
1380
1159
817
423
91
-144
-460
-818
-1064
-1223
-1346
-1432
-1415
-1217
-931
-629
-296
20
364
686
890
1040
1156
1260
1350
1381
1370
1411
1444
1263
1003
793
570
357
81
-163
-230
-223
-289
-391
-446
-486
-527
-623
-646
-519
-379
-219
-49
162
439
640
819
980
1036
1052
1054
1013
928
809
684
580
453
276
103
-66
-252
-397
-509
-609
-670
-700
-708
-675
-580
-459
-295
-156
-37
80
92
-26
-206
-443
-877
-1474
-2083
-2446
-2538
-2663
-2844
-2858
-2630
-2219
-1951
-1834
-1501
-1150
-992
-939
-786
-365
148
502
802
1314
1893
2281
2472
2567
2667
2594
2219
1827
1603
1435
1148
790
551
381
180
-104
-417
-648
-835
-1032
-1194
-1277
-1175
-963
-762
-544
-257
108
416
607
764
921
1051
1096
1027
969
1009
1018
912
816
726
602
469
300
222
195
74
-51
-160
-248
-282
-340
-399
-385
-321
-237
-110
27
177
341
463
579
704
813
897
910
860
793
688
564
422
280
162
20
-95
-175
-245
-308
-411
-477
-548
-622
-605
-542
-444
-330
-201
-72
47
38
-103
-217
-445
-874
-1412
-1991
-2310
-2441
-2661
-2760
-2721
-2509
-2156
-1926
-1713
-1375
-1070
-946
-911
-753
-405
14
297
614
1159
1653
2025
2264
2420
2593
2529
2241
1947
1679
1452
1182
845
562
381
203
-32
-231
-411
-599
-749
-951
-1101
-1124
-1061
-888
-697
-451
-138
128
393
615
811
995
1042
1030
1036
1063
1029
886
773
718
680
567
421
383
361
259
106
-53
-160
-236
-367
-439
-363
-251
-187
-129
-51
110
241
263
368
497
609
712
733
711
702
651
542
432
281
134
7
-122
-164
-209
-294
-329
-382
-410
-451
-482
-407
-346
-238
-111
-29
71
91
-8
-153
-420
-833
-1369
-1922
-2220
-2372
-2582
-2742
-2722
-2472
-2125
-1928
-1716
-1320
-1030
-936
-933
-810
-412
-51
154
498
1014
1518
1874
2113
2363
2600
2561
2235
1941
1743
1524
1196
818
557
406
189
-66
-233
-365
-495
-697
-946
-1069
-1087
-1038
-932
-784
-548
-231
55
319
604
847
1023
1118
1140
1098
1047
979
871
748
581
499
467
368
329
293
191
83
-78
-206
-225
-296
-360
-362
-314
-182
-83
-13
121
248
339
413
488
601
730
770
741
720
666
603
524
406
282
163
19
-109
-223
-337
-407
-449
-449
-421
-405
-353
-262
-148
-42
6
44
63
-23
-164
-378
-794
-1308
-1837
-2227
-2345
-2512
-2736
-2766
-2617
-2306
-2003
-1797
-1490
-1125
-963
-954
-847
-541
-109
193
426
876
1397
1789
2073
2348
2594
2590
2350
2075
1863
1655
1285
861
557
313
108
-80
-241
-353
-526
-727
-885
-1002
-1019
-984
-916
-767
-571
-312
-2
317
604
810
1020
1162
1156
1149
1104
991
867
673
512
449
363
311
314
258
169
52
-115
-233
-283
-317
-373
-378
-271
-177
-61
74
196
373
462
464
535
624
713
778
779
759
696
614
558
497
364
181
10
-130
-237
-352
-438
-480
-477
-486
-517
-475
-387
-223
-91
-75
-14
54
-11
-135
-280
-575
-1030
-1591
-2093
-2299
-2464
-2711
-2820
-2764
-2496
-2183
-1957
-1611
-1211
-933
-826
-768
-512
-105
258
537
910
1370
1758
2089
2351
2597
2707
2517
2225
1944
1671
1373
973
551
262
42
-214
-439
-592
-703
-831
-996
-1122
-1114
-1056
-982
-836
-653
-384
-38
274
570
884
1134
1285
1383
1381
1353
1275
1062
892
699
445
238
65
2
-15
-126
-237
-305
-323
-323
-370
-371
-330
-277
-218
-119
63
226
337
419
523
668
746
802
887
911
893
815
701
640
566
428
251
61
-89
-242
-383
-482
-568
-594
-612
-587
-481
-371
-256
-144
-24
105
201
175
29
-115
-340
-781
-1352
-1940
-2301
-2457
-2687
-2909
-2970
-2779
-2400
-2112
-1846
-1417
-1044
-880
-817
-612
-167
261
485
742
1184
1648
2056
2341
2586
2830
2775
2413
2036
1759
1466
1037
525
102
-146
-383
-619
-757
-848
-932
-1052
-1175
-1178
-1065
-937
-790
-577
-342
-17
347
686
1058
1345
1536
1655
1669
1616
1530
1308
1006
734
446
170
-64
-214
-290
-388
-511
-614
-605
-545
-527
-489
-426
-303
-173
-93
65
266
423
543
641
824
963
992
1069
1110
1060
969
827
741
666
479
309
149
-47
-231
-446
-593
-661
-737
-734
-688
-642
-529
-336
-116
41
123
184
177
73
-78
-326
-689
-1230
-1945
-2449
-2646
-2790
-3023
-3163
-3001
-2635
-2282
-2018
-1626
-1125
-818
-740
-587
-177
342
685
910
1293
1808
2242
2512
2721
2952
2930
2553
2126
1779
1437
978
407
-55
-330
-589
-841
-947
-991
-1066
-1136
-1195
-1152
-1016
-863
-664
-415
-142
215
595
960
1304
1564
1730
1792
1774
1692
1545
1246
867
513
159
-114
-279
-458
-598
-664
-721
-714
-707
-701
-602
-520
-454
-318
-147
55
276
448
594
758
925
1080
1171
1219
1223
1164
1070
972
868
717
543
407
233
46
-153
-387
-556
-692
-814
-872
-867
-800
-649
-506
-339
-105
102
270
370
393
276
53
-184
-585
-1210
-1978
-2550
-2738
-2911
-3169
-3307
-3156
-2758
-2411
-2120
-1674
-1109
-750
-677
-501
-20
530
859
1084
1527
2089
2483
2703
2872
3054
3003
2532
1986
1574
1184
689
103
-368
-670
-917
-1143
-1298
-1318
-1297
-1313
-1304
-1183
-969
-735
-455
-139
158
511
958
1381
1690
1882
2014
2076
2016
1810
1569
1298
891
413
-19
-340
-616
-911
-1120
-1166
-1145
-1130
-1076
-884
-626
-423
-239
-33
212
413
559
720
901
1069
1170
1218
1277
1329
1289
1186
1086
954
775
639
463
225
22
-197
-403
-564
-703
-824
-914
-933
-864
-756
-625
-411
-157
89
316
496
603
559
395
204
-81
-618
-1424
-2263
-2807
-3038
-3265
-3574
-3674
-3443
-3013
-2612
-2230
-1637
-1021
-680
-533
-276
273
833
1161
1433
1847
2367
2747
2949
3143
3254
3007
2405
1799
1344
893
310
-323
-809
-1137
-1413
-1596
-1604
-1508
-1449
-1446
-1342
-1066
-688
-343
-27
326
679
1098
1562
1966
2221
2372
2446
2349
2128
1825
1436
992
494
-53
-503
-849
-1133
-1323
-1431
-1452
-1409
-1264
-1073
-838
-568
-361
-170
74
361
636
870
1066
1236
1374
1436
1449
1456
1398
1277
1120
940
768
620
441
192
-47
-237
-431
-671
-865
-968
-1025
-1028
-986
-891
-686
-422
-146
128
386
666
838
886
838
509
206
-49
-662
-1505
-2429
-3122
-3319
-3506
-3887
-4036
-3783
-3280
-2801
-2403
-1794
-1001
-533
-440
-187
428
1147
1575
1809
2272
2843
3156
3238
3347
3406
3118
2426
1645
1106
628
-51
-714
-1183
-1500
-1696
-1870
-1902
-1741
-1613
-1555
-1389
-1029
-563
-118
309
741
1153
1564
1985
2337
2549
2639
2536
2340
2132
1759
1293
843
317
-343
-978
-1417
-1671
-1782
-1888
-1951
-1762
-1496
-1219
-822
-406
-33
266
510
792
1089
1302
1426
1528
1609
1639
1606
1537
1487
1374
1117
834
611
432
261
7
-287
-515
-713
-872
-977
-1063
-1110
-1105
-1049
-887
-593
-297
-1
390
769
998
1052
1088
1072
809
405
-118
-830
-1691
-2688
-3459
-3759
-3966
-4287
-4465
-4142
-3452
-2869
-2420
-1781
-963
-413
-250
21
767
1567
1937
2156
2645
3234
3599
3606
3523
3489
3041
2095
1225
716
216
-513
-1268
-1727
-1899
-2056
-2192
-2100
-1875
-1737
-1614
-1324
-818
-291
153
656
1197
1711
2158
2507
2814
2960
2877
2643
2324
1993
1564
979
325
-299
-824
-1328
-1736
-1939
-2070
-2146
-2036
-1752
-1350
-926
-542
-132
236
563
907
1211
1444
1603
1683
1718
1771
1787
1677
1513
1325
1086
875
633
348
141
-87
-379
-642
-827
-922
-1033
-1159
-1205
-1186
-1063
-863
-630
-315
25
357
717
1066
1312
1388
1306
1068
652
206
-301
-1158
-2268
-3270
-3814
-3989
-4262
-4559
-4507
-3978
-3306
-2770
-2106
-1205
-418
-126
-1
587
1444
2026
2230
2430
2905
3308
3351
3214
3106
2862
2104
1103
359
-75
-540
-1237
-1785
-1993
-2056
-2065
-1912
-1572
-1240
-1025
-792
-329
330
871
1256
1678
2094
2405
2609
2740
2795
2640
2237
1771
1375
950
406
-180
-753
-1356
-1975
-2316
-2364
-2339
-2208
-2000
-1620
-983
-332
240
774
1210
1466
1606
1728
1811
1844
1680
1434
1319
1195
1039
886
743
567
302
51
-110
-234
-366
-505
-651
-718
-710
-686
-667
-624
-543
-482
-320
-60
249
589
822
1015
1235
1392
1433
1306
916
324
-200
-751
-1584
-2724
-3870
-4487
-4605
-4694
-4915
-4864
-4205
-3232
-2485
-1877
-924
161
742
823
1137
1980
2719
2828
2723
2935
3240
3179
2742
2347
2069
1337
139
-761
-1128
-1412
-1936
-2493
-2570
-2255
-1982
-1693
-1210
-604
-140
177
638
1329
1977
2352
2593
2809
2979
3049
2934
2712
2340
1731
1035
435
-41
-544
-1186
-1833
-2323
-2607
-2724
-2648
-2375
-2010
-1572
-1004
-242
569
1209
1678
2040
2245
2251
2170
2117
1946
1591
1222
958
781
585
365
130
-67
-269
-464
-568
-640
-677
-759
-802
-720
-640
-524
-389
-287
-135
34
217
468
711
962
1157
1248
1382
1433
1279
1033
585
-80
-623
-1113
-1837
-2862
-4028
-4718
-4721
-4634
-4748
-4690
-4080
-3078
-2244
-1540
-492
711
1301
1284
1467
2144
2862
2959
2632
2621
2757
2530
2010
1607
1321
648
-501
-1506
-1808
-1800
-2128
-2535
-2516
-2069
-1544
-1155
-613
136
659
875
1222
1875
2498
2789
2811
2877
2950
2799
2484
2150
1720
1064
287
-337
-747
-1147
-1608
-1972
-2190
-2390
-2419
-2152
-1690
-1148
-701
-261
430
1194
1757
2125
2355
2444
2322
2000
1710
1502
1190
734
312
99
-8
-160
-345
-450
-491
-616
-769
-758
-623
-545
-551
-512
-322
-106
56
173
286
425
538
641
805
1006
1141
1149
1043
949
812
529
87
-487
-1024
-1437
-1909
-2714
-3716
-4387
-4445
-4223
-4195
-4178
-3621
-2633
-1754
-1061
-218
863
1547
1547
1500
1872
2412
2486
2076
1807
1823
1695
1217
793
576
88
-830
-1676
-1924
-1785
-1828
-1999
-1859
-1278
-634
-191
327
981
1468
1629
1741
2093
2527
2691
2543
2383
2320
2136
1758
1321
810
147
-548
-1021
-1277
-1469
-1677
-1821
-1726
-1602
-1536
-1237
-721
-208
200
541
1016
1597
2008
2149
2165
2126
1878
1446
1026
725
425
1
-340
-458
-473
-473
-490
-459
-365
-350
-408
-404
-292
-175
-69
16
145
339
479
578
645
664
628
625
667
656
615
550
458
361
197
-35
-349
-773
-1187
-1498
-1877
-2630
-3559
-4074
-4020
-3747
-3621
-3467
-2894
-1972
-1148
-546
180
1012
1496
1354
1100
1374
1835
1847
1475
1218
1211
1086
674
241
-25
-438
-1184
-1807
-1880
-1524
-1290
-1239
-971
-390
215
599
948
1355
1662
1709
1738
1971
2269
2425
2292
2050
1833
1536
1136
655
98
-471
-964
-1247
-1282
-1257
-1238
-1140
-1006
-901
-779
-562
-193
211
500
798
1230
1680
1973
2063
1979
1747
1368
885
424
86
-156
-410
-563
-517
-379
-261
-223
-193
-153
-168
-240
-261
-154
14
186
350
477
627
762
745
617
481
331
237
218
164
140
190
236
175
31
-157
-377
-686
-1076
-1361
-1722
-2398
-3163
-3640
-3641
-3349
-3153
-2999
-2490
-1713
-1011
-426
127
701
1055
920
785
1058
1402
1450
1173
903
841
745
401
-9
-280
-648
-1220
-1643
-1546
-1082
-751
-636
-436
19
491
771
992
1241
1405
1465
1596
1905
2240
2301
2112
1846
1589
1260
777
279
-204
-640
-932
-1009
-864
-714
-655
-654
-630
-551
-539
-462
-203
130
507
887
1293
1707
1944
1902
1665
1338
860
361
21
-230
-360
-386
-346
-189
-67
-63
-61
-77
-159
-240
-265
-180
-2
227
478
676
753
724
611
411
239
60
-74
-41
44
102
186
271
320
180
-66
-293
-533
-735
-1050
-1299
-1706
-2419
-2974
-3251
-3128
-2954
-2990
-2847
-2356
-1551
-919
-463
129
610
805
680
694
1090
1331
1200
870
723
775
591
199
-110
-328
-741
-1228
-1386
-1099
-677
-457
-373
-130
273
575
783
908
1065
1258
1359
1610
1939
2157
2140
1904
1622
1205
808
423
-7
-336
-668
-824
-705
-546
-458
-460
-465
-465
-498
-507
-392
-106
268
651
1057
1422
1722
1783
1543
1218
815
354
-58
-290
-308
-246
-154
-63
34
63
-33
-96
-185
-252
-154
-64
98
349
591
846
886
728
577
386
134
-54
-125
-80
30
153
234
259
269
122
-145
-378
-594
-720
-721
-724
-804
-1242
-2026
-2603
-2801
-2811
-2918
-3040
-2875
-2341
-1584
-991
-345
296
496
397
194
320
758
901
764
642
677
744
586
371
163
-191
-789
-1286
-1211
-807
-428
-210
-21
295
549
650
690
763
857
895
1037
1469
1881
2077
2045
1787
1512
1118
641
211
-171
-430
-584
-548
-362
-224
-220
-306
-348
-432
-609
-586
-367
-59
346
770
1187
1572
1744
1607
1281
861
434
61
-176
-209
-124
-82
0
86
51
-17
-111
-188
-192
-158
-50
132
352
579
754
834
741
519
285
60
-80
-132
-130
-31
109
198
230
170
34
-131
-333
-520
-741
-724
-454
-339
-528
-1347
-2286
-2668
-2715
-2746
-2960
-2982
-2506
-1835
-1180
-677
-99
340
190
-110
-175
253
772
795
729
773
828
774
436
168
-87
-565
-1049
-1167
-756
-258
-18
99
270
485
541
391
399
503
634
893
1277
1856
2177
2159
1912
1514
1184
674
276
24
-248
-295
-280
-70
110
-47
-252
-496
-659
-750
-738
-488
-168
265
640
1006
1387
1498
1408
1084
716
452
160
-26
-46
-23
40
71
37
-4
-84
-210
-324
-314
-151
29
246
433
545
688
709
636
491
272
126
3
-62
-52
13
151
225
228
192
78
-53
-232
-413
-498
-533
-425
-184
-82
-569
-1670
-2602
-2874
-2676
-2586
-2786
-2731
-2142
-1426
-965
-600
-180
-19
-255
-572
-375
438
950
872
715
771
866
591
188
-57
-292
-735
-1082
-769
-81
324
273
165
211
280
239
129
264
465
628
1020
1600
2139
2205
1882
1475
1115
761
398
314
251
181
146
142
228
3
-342
-591
-710
-689
-665
-458
-110
294
563
691
978
1157
1085
889
667
560
414
236
137
110
131
53
-41
-7
-42
-174
-262
-197
24
180
293
387
460
576
569
519
461
295
172
53
-16
56
79
73
86
93
93
46
-92
-237
-303
-437
-577
-522
-346
-100
-72
-855
-1975
-2701
-2760
-2461
-2532
-2658
-2415
-1841
-1241
-1066
-649
-176
-302
-608
-854
-245
682
803
728
697
711
622
177
33
23
-327
-822
-902
-200
423
491
329
276
318
199
37
204
468
579
823
1315
1981
2130
1805
1491
1160
893
546
456
639
563
358
249
308
197
-144
-442
-594
-493
-518
-472
-126
175
335
350
536
808
865
798
670
669
592
373
206
171
194
78
-2
-16
37
2
-163
-134
-51
33
164
215
335
455
510
501
399
365
275
125
7
-53
-4
25
61
120
87
56
-17
-179
-293
-413
-512
-551
-392
-264
-141
-339
-1367
-2295
-2752
-2559
-2241
-2541
-2464
-2058
-1495
-1017
-1036
-486
-279
-687
-944
-927
178
880
697
669
603
632
292
-90
82
27
-429
-783
-427
375
685
484
380
351
225
22
51
473
603
645
945
1471
1970
1805
1477
1259
1003
784
576
745
850
581
357
219
169
3
-291
-459
-390
-374
-406
-181
62
263
311
344
571
646
693
656
642
656
443
283
155
140
117
16
55
41
17
10
-24
25
12
-3
81
203
348
466
504
436
318
224
159
71
27
-8
-64
13
61
49
60
30
-26
-196
-351
-360
-405
-308
-275
-205
-56
-895
-1931
-2473
-2554
-2149
-2365
-2464
-2072
-1717
-1197
-1297
-920
-326
-793
-1025
-1086
-383
653
512
528
649
461
270
-135
54
246
-204
-558
-431
242
608
435
399
413
264
81
84
496
679
492
759
1249
1633
1642
1368
1309
1128
771
587
756
992
804
518
354
278
131
-56
-152
-267
-231
-247
-139
113
150
225
245
318
496
519
619
631
540
412
227
141
120
167
150
89
116
125
154
139
68
50
73
92
140
342
459
449
357
272
252
159
89
-7
-56
-40
-70
40
127
87
44
-105
-181
-291
-431
-404
-339
-335
-222
-225
-967
-1879
-2413
-2366
-1989
-2168
-2266
-1936
-1547
-1204
-1287
-941
-547
-999
-1293
-1227
-426
482
427
419
487
357
162
-112
113
283
-156
-391
-33
509
659
457
425
449
211
41
183
467
511
399
726
1204
1352
1283
1243
1249
1052
755
717
936
1017
813
626
517
425
186
-1
-5
-85
-137
-201
-95
106
121
111
115
201
288
325
461
548
462
286
205
201
178
189
241
293
287
259
244
236
170
77
77
104
150
252
324
331
293
229
183
82
-5
-56
-119
-141
-115
-23
23
24
-34
-169
-248
-307
-347
-326
-289
-291
-291
-458
-1079
-1709
-2012
-1992
-1782
-1801
-1745
-1566
-1412
-1310
-1213
-756
-767
-1214
-1266
-1008
-330
113
184
364
279
32
3
177
319
164
-132
-48
334
493
531
574
541
350
128
250
431
411
314
420
764
882
853
904
971
883
703
623
728
850
787
730
673
562
399
305
339
254
227
191
53
101
111
147
251
169
183
243
246
344
333
240
179
99
83
126
171
216
223
208
204
199
166
87
32
30
55
122
190
154
114
63
-34
-6
-13
-101
-150
-246
-296
-235
-189
-180
-207
-254
-227
-230
-286
-280
-234
-188
-189
-198
-192
-321
-579
-807
-901
-815
-737
-724
-784
-870
-829
-729
-619
-633
-863
-1025
-1043
-891
-583
-423
-376
-476
-608
-499
-328
-193
-167
-306
-335
-131
45
167
267
267
288
276
316
461
415
316
330
400
514
557
532
539
564
564
534
538
591
621
565
496
488
554
611
610
573
496
449
409
392
373
356
339
332
392
452
478
440
346
259
193
151
147
157
189
170
159
214
239
219
201
165
158
151
155
214
250
251
193
194
202
158
94
21
-37
-98
-146
-130
-79
-136
-186
-218
-226
-230
-262
-234
-240
-316
-335
-257
-291
-489
-696
-824
-857
-784
-737
-790
-889
-1012
-1001
-910
-866
-884
-1051
-1199
-1111
-973
-863
-733
-737
-805
-778
-662
-504
-391
-409
-392
-246
-48
153
221
267
339
344
379
449
515
586
593
606
663
678
694
717
693
701
708
678
656
656
718
722
674
617
617
629
580
571
549
543
503
398
373
398
367
372
371
322
339
329
251
187
125
72
106
150
166
155
96
62
58
87
117
110
76
51
117
176
118
108
136
84
84
74
15
2
-5
-63
-130
-129
-154
-166
-177
-277
-313
-294
-323
-355
-340
-321
-264
-305
-473
-633
-756
-729
-650
-640
-701
-821
-859
-801
-769
-732
-788
-912
-942
-911
-758
-624
-672
-722
-709
-625
-489
-412
-384
-388
-343
-245
-118
48
126
160
214
260
353
385
393
429
413
438
514
583
606
580
539
537
581
607
610
588
609
645
591
563
571
577
565
542
519
527
504
448
437
378
343
350
342
327
344
374
326
247
235
251
247
244
226
197
165
128
140
141
118
116
108
119
98
85
85
92
103
78
51
37
7
-61
-72
-49
-65
-123
-177
-177
-185
-221
-275
-321
-327
-325
-330
-336
-319
-332
-436
-593
-689
-672
-649
-679
-733
-798
-820
-774
-741
-743
-758
-830
-873
-832
-741
-604
-575
-625
-632
-599
-479
-351
-357
-350
-303
-249
-133
-27
64
120
178
219
239
273
284
305
332
378
462
495
498
524
550
544
550
557
597
631
637
653
646
642
627
611
616
599
522
474
465
446
426
406
366
321
308
297
301
296
251
197
183
208
203
221
222
165
169
164
142
168
183
130
77
104
109
92
114
92
55
36
-7
-17
-22
-58
-90
-101
-80
-85
-125
-178
-202
-203
-192
-180
-227
-261
-278
-316
-311
-282
-293
-374
-467
-531
-552
-568
-599
-608
-677
-759
-763
-708
-665
-675
-752
-826
-789
-716
-630
-557
-551
-560
-532
-457
-373
-331
-325
-313
-245
-143
-60
30
78
83
119
146
176
243
268
246
283
327
379
442
443
456
490
499
508
507
511
544
589
633
618
582
592
559
503
513
513
464
423
401
399
399
374
317
287
306
263
252
269
228
231
262
246
249
234
206
178
170
176
154
171
139
97
107
128
98
70
61
33
25
26
16
-8
-40
-83
-97
-106
-134
-147
-172
-201
-230
-263
-246
-246
-276
-302
-286
-267
-290
-327
-355
-413
-481
-516
-554
-557
-576
-622
-656
-658
-648
-672
-697
-675
-636
-636
-604
-554
-513
-502
-505
-474
-412
-367
-359
-318
-264
-205
-142
-68
15
67
94
118
145
153
183
234
260
295
322
339
373
385
408
429
426
406
428
493
509
536
553
530
512
508
506
493
451
389
381
404
402
386
358
295
277
280
285
307
276
273
291
259
231
248
251
229
228
195
173
191
171
168
165
132
130
105
82
100
95
63
11
-31
-52
-31
-32
-79
-114
-169
-180
-149
-180
-236
-237
-258
-266
-253
-276
-260
-257
-342
-369
-341
-362
-404
-442
-450
-464
-456
-471
-514
-500
-512
-548
-573
-589
-543
-486
-468
-478
-515
-492
-427
-442
-412
-321
-306
-298
-262
-211
-144
-107
-81
-34
46
92
105
107
89
90
148
193
183
205
215
250
310
335
351
335
305
340
368
406
436
382
396
426
427
438
422
394
380
380
354
366
361
335
336
320
335
347
314
266
256
283
287
276
267
236
234
243
199
185
189
188
193
158
129
109
83
78
92
89
59
24
-20
-15
-2
-7
-46
-95
-114
-123
-138
-176
-204
-206
-213
-230
-230
-243
-244
-253
-300
-314
-303
-324
-356
-394
-414
-394
-401
-421
-441
-468
-489
-519
-507
-494
-493
-473
-479
-451
-401
-396
-402
-390
-360
-309
-262
-267
-276
-240
-170
-127
-89
-48
-45
-12
17
26
64
88
85
101
125
132
182
239
238
231
243
245
276
338
357
364
379
358
369
400
384
388
396
391
373
341
345
351
348
340
330
344
336
295
311
318
307
314
300
302
287
243
224
208
212
199
156
148
142
138
137
106
100
92
74
74
47
62
60
20
17
-41
-78
-43
-71
-107
-139
-181
-166
-179
-205
-209
-232
-246
-247
-269
-300
-286
-284
-333
-341
-344
-356
-347
-363
-378
-373
-408
-471
-483
-444
-426
-418
-422
-456
-433
-383
-370
-366
-364
-341
-315
-287
-260
-245
-191
-168
-167
-117
-74
-51
-22
4
26
38
22
41
85
99
126
178
206
213
212
218
268
296
312
316
317
350
368
388
357
346
392
383
359
366
351
339
336
318
320
327
310
301
315
308
291
290
275
257
250
216
206
226
219
203
181
160
161
167
149
134
91
58
43
16
14
18
13
6
-31
-71
-73
-92
-124
-147
-197
-195
-162
-181
-191
-194
-192
-202
-243
-246
-253
-258
-260
-298
-301
-283
-262
-275
-316
-316
-314
-334
-360
-375
-377
-361
-363
-338
-282
-270
-276
-278
-278
-264
-249
-239
-198
-177
-186
-176
-167
-131
-123
-130
-100
-70
-43
-44
-31
-15
-11
18
39
72
103
103
130
176
216
242
235
250
280
295
315
322
319
337
348
337
322
315
305
273
270
257
268
280
237
248
266
238
239
249
254
275
287
288
276
258
234
211
211
217
186
178
152
108
110
66
37
15
-25
-24
-11
-6
-39
-70
-71
-72
-114
-162
-152
-151
-164
-161
-176
-183
-167
-182
-197
-214
-238
-241
-232
-222
-245
-271
-287
-287
-272
-270
-273
-282
-296
-311
-311
-290
-262
-255
-256
-251
-249
-233
-191
-181
-179
-173
-175
-141
-123
-116
-124
-111
-102
-106
-85
-77
-63
-39
-29
-32
-22
-4
6
17
45
83
106
113
152
178
179
231
267
256
256
256
252
266
303
307
280
266
232
262
284
264
269
260
216
195
210
211
220
216
198
184
193
209
202
201
193
175
169
168
171
174
149
124
113
83
58
69
50
9
6
-2
-8
-32
-104
-128
-123
-152
-157
-168
-165
-175
-199
-175
-161
-144
-165
-188
-188
-206
-199
-190
-186
-195
-213
-207
-225
-227
-196
-214
-228
-212
-212
-220
-213
-205
-213
-233
-236
-217
-195
-178
-159
-150
-136
-119
-109
-71
-60
-70
-44
-51
-49
-34
-39
-21
-18
-22
-9
6
23
18
32
50
53
62
75
114
116
116
142
137
149
180
206
209
192
201
228
236
233
223
214
198
191
191
177
167
161
180
183
157
167
153
135
166
174
153
139
151
142
132
145
121
113
123
84
73
76
54
36
26
21
4
-23
-28
-2
-4
-20
-38
-78
-106
-111
-124
-132
-118
-115
-93
-96
-128
-112
-115
-133
-125
-146
-139
-119
-144
-158
-148
-151
-173
-179
-189
-205
-174
-141
-166
-190
-179
-163
-155
-153
-152
-136
-100
-102
-96
-63
-69
-64
-34
-35
-46
-46
-47
-46
-33
-24
-35
-39
-54
-30
0
-36
-38
-18
-18
11
27
19
51
78
86
102
110
104
115
123
105
128
135
112
125
123
117
122
101
80
84
91
106
124
113
92
118
126
115
130
130
134
127
110
101
109
127
121
125
136
120
123
97
67
70
51
41
37
33
43
56
57
35
49
59
18
-8
-17
-7
-8
-14
6
-18
-35
-38
-75
-75
-88
-109
-88
-93
-106
-88
-78
-104
-123
-123
-139
-147
-145
-157
-147
-144
-160
-135
-115
-132
-136
-128
-134
-131
-130
-117
-96
-104
-109
-108
-111
-76
-55
-69
-48
-31
-45
-32
-31
-62
-42
-32
-43
-28
-25
-22
-4
13
21
18
32
42
33
41
60
64
67
69
71
84
89
93
100
64
60
93
72
72
72
52
84
94
78
88
84
76
74
77
60
67
80
66
76
69
62
81
82
70
70
87
68
34
33
57
81
78
61
45
60
84
52
47
61
30
28
17
-3
18
22
-1
-6
-10
-16
-19
-32
-37
-19
-10
-10
-31
-54
-53
-48
-49
-67
-68
-59
-66
-72
-74
-87
-88
-70
-92
-99
-73
-58
-20
-34
-65
-40
-53
-57
-51
-94
-84
-38
-44
-58
-48
-29
-41
-43
-39
-64
-61
-40
-48
-66
-44
-38
-52
-44
-64
-42
-1
-9
-15
-11
-6
-25
-30
-28
3
42
22
22
35
34
18
-2
-9
-7
10
24
36
45
48
52
33
16
15
13
13
7
12
17
20
44
44
44
60
55
66
66
56
42
73
109
69
81
99
81
89
70
45
52
37
49
76
62
66
63
41
40
16
4
27
39
39
34
11
11
30
13
2
7
9
-3
-4
-4
-7
1
-13
-46
-60
-43
-63
-81
-70
-66
-47
-30
-31
-28
-25
-26
-21
-33
-49
-34
-17
-12
-11
-17
-37
-31
-32
-35
-20
-33
-64
-71
-66
-84
-82
-64
-49
-43
-51
-60
-41
-30
-28
-15
-19
-14
-11
-43
-51
-28
-5
15
1
-14
-10
6
12
-14
-20
-11
-15
-6
-3
-8
-12
-32
-28
-16
-18
1
12
27
21
2
2
20
51
39
24
28
29
38
69
81
64
62
53
43
47
28
35
62
58
46
47
50
56
55
41
36
45
53
52
60
49
47
59
49
30
37
27
-3
2
5
-3
-19
-28
-10
9
-7
-25
-25
-37
-31
-19
-27
-24
-7
-5
-7
-6
-16
-13
11
8
4
0
-18
-30
-17
-17
-17
-19
-16
-15
-37
-31
-49
-54
-33
-28
-30
-19
-21
-29
-19
-16
-14
-23
-35
-24
-16
-32
-20
-10
-24
-24
-29
-53
-58
-46
-36
-24
-13
-18
-23
-8
-9
-35
-47
-32
-18
-20
-17
-18
-12
13
-8
-25
3
2
8
38
16
6
26
13
-11
9
6
11
36
13
29
40
20
42
40
26
40
38
53
86
83
71
70
63
43
56
57
37
48
44
26
28
24
14
24
15
-10
-12
-5
-10
-10
-8
-29
-30
9
2
-1
28
2
14
22
-29
1
13
-3
23
16
-3
7
8
5
8
10
2
-27
-43
-50
-49
-36
-59
-54
-11
-24
-38
-30
-28
-14
-30
-53
-35
-19
-12
-18
-23
-25
-28
-38
-52
-44
-28
-38
-37
-30
-30
-2
-12
-66
-58
-31
-40
-35
-29
-36
-31
-14
-17
-19
-12
-9
14
40
20
10
41
50
48
31
10
37
61
45
45
47
45
56
41
32
46
42
41
47
22
17
29
32
48
29
42
63
42
42
34
20
25
28
46
47
40
44
11
-9
9
15
-2
-12
9
16
13
-3
-24
-7
-19
-43
-18
-13
-18
-1
-7
-14
-14
-38
-48
-28
-26
-22
-34
-43
-18
-39
-62
-47
-54
-63
-50
-24
-9
-16
-21
-27
-29
-38
-51
