5
-28
38
73
50
37
42
40
30
37
78
107
97
79
48
49
72
66
97
121
75
37
48
57
55
71
81
62
64
87
57
50
72
46
14
14
31
41
35
26
40
43
34
62
39
7
11
5
3
31
38
27
30
-12
0
57
25
-26
13
25
11
45
49
25
16
1
16
46
44
32
35
46
51
41
70
55
-3
31
80
94
79
50
39
34
50
62
49
42
23
-9
-3
24
30
32
33
35
-1
-8
0
12
12
-30
-20
-22
-44
-21
-38
-55
-7
16
-50
-61
-31
-66
-83
-90
-96
-68
-45
-19
5
-9
-22
-50
-87
-54
-26
-40
-24
-30
-33
-11
-32
-50
0
36
-7
-28
-8
13
-9
-8
-13
-38
-14
-13
-23
-7
2
-37
-52
1
22
-63
-74
-4
-26
-59
-30
-16
-28
-32
-47
-35
8
8
-36
-66
-42
16
19
-15
-24
-8
-3
5
16
28
11
3
6
-1
11
37
39
16
1
4
21
59
81
29
17
73
63
15
41
55
51
62
30
5
31
36
13
4
14
29
33
11
6
21
1
11
22
-3
17
33
10
15
15
40
56
22
-4
1
-27
-9
58
81
80
82
65
51
58
36
48
74
71
55
60
46
58
66
56
76
65
1
-16
5
21
6
-54
-20
18
-50
-48
25
-10
-84
-123
-133
-122
-131
-137
-106
-120
-160
-155
-159
-168
-150
-137
-185
-232
-195
-147
-138
-128
-110
-133
-160
-151
-123
-90
-91
-90
-45
-64
-90
-56
-38
-30
-33
-12
25
28
12
48
53
45
86
92
65
87
119
104
88
98
105
129
148
158
188
150
87
113
159
145
137
158
158
145
131
130
132
128
127
110
121
134
99
65
92
129
83
49
67
60
34
31
48
57
38
20
13
-2
-6
14
21
-2
-48
-55
-5
-4
-30
-22
-55
-87
-63
-61
-52
-29
-42
-104
-130
-59
-23
-70
-64
-36
-62
-100
-103
-76
-77
-106
-110
-126
-114
-75
-95
-111
-93
-93
-132
-130
-77
-39
-51
-56
-64
-73
-49
-55
-93
-54
-35
-57
-46
-41
-51
-63
-55
-18
-23
-60
-25
14
-12
-76
-8
82
39
-12
-13
-14
16
42
16
10
32
2
24
79
46
23
41
47
48
41
38
69
72
91
83
12
29
70
31
-7
8
74
115
84
75
70
58
49
58
69
47
62
98
45
-2
63
104
106
81
18
2
35
47
11
-17
-11
30
70
56
41
27
11
13
38
-3
-8
41
12
-15
-18
2
40
18
-37
6
33
8
13
-7
-50
-23
-21
-42
11
-6
-70
-38
16
27
-38
-86
-27
-33
-99
-48
-6
-77
-75
-26
-31
-10
-3
-29
-15
-44
-104
-87
-44
-38
-24
-21
-44
-42
-2
34
12
-37
-56
-42
-18
-5
-16
-61
-58
-30
-19
-10
15
10
-15
-19
-20
-23
-30
-26
-10
28
-2
-28
35
36
-48
-29
8
11
19
5
1
-17
-33
-6
8
28
33
-10
-1
30
17
-7
-13
15
26
-18
23
126
108
36
33
42
23
28
18
-5
5
20
0
30
55
26
31
42
-26
-55
11
44
52
32
17
1
-9
22
29
-6
-14
5
77
70
-40
21
105
17
2
11
-11
57
31
-94
-94
-7
54
63
41
34
-5
-15
-15
-18
-3
33
-15
-66
-41
-23
23
-43
-78
62
62
-21
-34
-94
-40
0
-92
-17
85
77
16
-81
-40
3
-78
-27
65
-5
-50
-32
-17
-29
-62
-13
19
-37
-89
-69
-20
21
44
1
-74
-26
-11
-36
-20
-79
-90
-25
13
75
64
-12
61
67
7
18
-31
-21
12
-55
-46
-16
3
59
113
139
119
26
-25
-13
-27
-7
15
0
29
62
34
54
50
44
24
-27
-31
-31
-41
-46
-22
-2
-10
36
82
18
-34
-42
-45
-41
-59
-9
6
-38
13
40
-22
-11
3
-22
7
7
-26
46
34
-64
-57
-46
-46
18
98
43
-46
8
69
25
41
58
-41
-58
3
-18
-75
-28
101
84
72
48
-29
-28
1
-12
-26
-17
-47
-35
-16
32
91
85
37
-25
-65
-12
-45
-86
13
-5
-20
73
15
-32
-7
-24
-10
-15
14
27
-22
-39
-56
-86
-10
71
76
19
-32
-48
-56
-10
32
25
-5
-23
33
38
-56
16
52
-31
-8
-36
-91
18
55
-32
-6
27
1
49
78
29
-29
-21
5
-47
-35
24
-2
-39
-24
-27
18
81
78
41
10
-9
-28
-52
-58
33
47
-77
-65
95
40
-11
61
33
6
1
36
35
-65
-67
29
14
44
42
-43
7
48
23
47
44
-9
-27
-41
-29
7
7
19
28
-9
-34
-27
31
17
-6
-7
-1
-15
-8
22
-42
-27
20
11
-38
-23
35
51
26
-20
-9
-14
0
29
-1
-58
-87
-36
3
38
42
-13
-36
-50
-6
75
43
-67
-76
-39
-30
21
-12
-39
54
-10
-107
-2
105
31
-20
3
-2
0
-24
-37
-75
-82
18
42
6
7
-40
-2
93
44
8
6
-79
-61
-35
-72
16
53
64
32
-1
3
-14
2
46
58
30
32
5
-19
-2
32
-18
-19
28
-26
-44
60
115
97
49
2
-13
-13
17
17
-6
13
-13
-19
75
116
83
19
-51
-70
10
54
2
27
51
1
2
65
55
-40
-49
0
-5
-2
31
-11
-18
18
3
11
66
27
-57
-25
3
-82
-114
-31
31
19
23
26
-36
-52
-46
-77
-60
5
-7
-28
18
11
-21
-54
-131
-98
-14
-29
-54
-14
-6
-19
-42
-70
-48
-5
-15
-40
-70
-92
-84
-69
-52
-84
-52
-21
-24
12
21
-18
-36
-60
-85
-72
-47
18
17
-20
-23
-38
-33
32
66
56
44
50
82
86
77
19
21
69
56
56
119
135
111
108
81
94
118
100
89
100
104
81
92
133
137
71
-4
-9
41
62
76
120
122
103
104
91
91
85
50
22
5
26
40
22
1
-6
-30
-51
-35
-7
-5
-29
-73
-104
-70
-55
-105
-139
-136
-137
-211
-249
-206
-206
-219
-206
-178
-134
-113
-126
-103
-103
-112
-103
-123
-171
-203
-209
-168
-99
-51
-5
20
36
17
-37
-48
10
95
170
230
244
225
223
244
264
235
171
135
138
157
185
212
246
279
289
266
220
206
171
112
60
7
-38
-64
-69
-80
-62
-50
-64
-65
-82
-106
-112
-139
-208
-240
-240
-270
-284
-305
-303
-271
-284
-292
-239
-191
-176
-192
-221
-196
-174
-199
-204
-181
-187
-234
-274
-271
-244
-243
-269
-261
-244
-261
-266
-267
-274
-260
-253
-255
-210
-165
-152
-127
-107
-77
-17
45
83
130
198
275
341
399
502
627
714
801
885
939
999
1038
1038
1016
998
981
972
980
998
1023
1033
1026
970
889
794
654
490
334
205
86
-19
-103
-149
-144
-109
-81
-43
9
43
84
111
75
-4
-78
-144
-195
-254
-336
-387
-401
-449
-466
-445
-491
-517
-528
-602
-618
-613
-696
-759
-805
-918
-1056
-1181
-1322
-1481
-1584
-1664
-1734
-1728
-1776
-1931
-1970
-1835
-1616
-1439
-1436
-1454
-1295
-1115
-1012
-819
-487
-184
-101
-175
-214
-220
-348
-474
-289
205
854
1545
2236
2801
2993
2850
2616
2394
2160
1968
1942
2072
2102
1923
1699
1529
1364
1143
974
975
1090
1232
1402
1556
1537
1262
836
407
47
-283
-598
-771
-833
-865
-875
-853
-773
-678
-628
-619
-600
-544
-509
-565
-685
-795
-894
-1048
-1230
-1331
-1350
-1369
-1384
-1348
-1232
-1089
-971
-808
-571
-322
-157
-17
144
317
460
505
552
642
645
583
524
458
413
347
225
141
58
-119
-249
-316
-381
-400
-455
-487
-437
-382
-249
-135
-126
-313
-774
-1150
-1253
-1276
-1328
-1452
-1501
-1227
-864
-576
-174
375
875
1108
1276
1695
2275
2750
2994
3171
3265
3080
2692
2246
1845
1414
868
450
350
414
494
564
582
430
69
-344
-692
-1061
-1551
-2057
-2440
-2718
-2893
-2871
-2640
-2272
-1931
-1614
-1174
-696
-329
-44
270
541
717
769
786
919
1011
961
891
885
906
875
813
720
600
401
119
-203
-556
-869
-1138
-1455
-1732
-1835
-1846
-1790
-1674
-1505
-1277
-971
-670
-417
-168
42
203
314
382
469
565
593
618
691
755
815
940
1054
1130
1242
1349
1393
1409
1443
1428
1385
1411
1380
1302
1289
1260
1143
968
657
212
-247
-736
-1285
-1784
-2260
-2662
-2761
-2756
-2713
-2377
-1858
-1268
-635
-81
536
1166
1554
1718
1849
1912
1791
1546
1268
1048
863
588
385
372
364
337
350
385
423
332
128
-52
-283
-664
-1095
-1462
-1777
-2054
-2261
-2311
-2161
-1929
-1666
-1258
-718
-208
230
632
1016
1339
1474
1470
1464
1379
1149
874
597
320
82
-129
-297
-318
-304
-346
-283
-140
-30
53
148
245
308
315
317
371
402
405
435
457
497
602
684
730
809
878
898
904
918
882
775
628
452
257
13
-215
-429
-666
-846
-972
-1045
-1113
-1132
-1028
-954
-881
-767
-702
-560
-402
-337
-299
-373
-357
-372
-775
-1087
-1427
-2050
-2516
-3003
-3448
-3561
-3640
-3650
-3452
-3084
-2467
-1713
-985
-284
452
1088
1610
2086
2382
2561
2740
2663
2428
2338
2270
2229
2159
2022
2005
2063
2104
2111
2112
2081
1954
1722
1341
982
675
250
-186
-553
-875
-1034
-1032
-948
-743
-452
-124
268
658
1002
1333
1604
1694
1662
1590
1453
1325
1083
694
395
191
-22
-227
-315
-361
-399
-405
-461
-449
-357
-333
-382
-447
-474
-474
-495
-513
-457
-391
-367
-298
-168
-70
19
141
158
173
209
167
150
121
13
-91
-195
-328
-428
-530
-656
-744
-844
-935
-957
-1034
-1131
-1071
-997
-974
-927
-937
-851
-677
-690
-679
-581
-790
-1150
-1448
-1891
-2357
-2873
-3488
-3800
-3856
-4018
-3979
-3553
-2970
-2242
-1500
-704
292
1156
1731
2266
2794
3109
3154
3056
2890
2748
2485
2105
1926
1836
1669
1567
1547
1606
1680
1633
1560
1522
1339
978
631
329
-49
-473
-853
-1084
-1112
-1121
-1045
-722
-304
101
517
965
1432
1814
2002
2055
2073
1962
1677
1365
1071
785
511
238
39
-21
-36
-54
-37
8
35
16
-33
-85
-134
-233
-359
-410
-427
-400
-297
-167
10
204
378
545
699
798
823
791
680
534
375
209
40
-160
-373
-556
-696
-778
-830
-954
-1012
-972
-1033
-1085
-1111
-1185
-1093
-1001
-1100
-1069
-946
-882
-808
-815
-921
-1077
-1337
-1876
-2430
-2784
-3304
-3848
-4128
-4339
-4296
-4053
-3770
-3064
-2174
-1407
-540
359
1242
2005
2494
2873
3189
3294
3090
2846
2709
2434
2122
1837
1637
1624
1542
1466
1568
1660
1642
1512
1364
1221
962
554
88
-272
-618
-1043
-1287
-1312
-1244
-1084
-865
-470
69
548
976
1423
1848
2072
2108
2060
1949
1837
1532
1094
827
572
330
186
70
45
50
29
31
83
122
69
-17
-118
-203
-249
-313
-296
-183
-113
7
205
392
598
754
849
900
900
843
704
587
427
180
-41
-255
-391
-510
-668
-787
-868
-888
-883
-953
-950
-884
-980
-1031
-989
-990
-935
-882
-1001
-1034
-903
-980
-1288
-1617
-2025
-2442
-2813
-3369
-3798
-3964
-4159
-4185
-3963
-3625
-2944
-2125
-1412
-562
329
1131
1875
2481
2862
3084
3208
3128
2942
2719
2390
2158
1909
1570
1402
1334
1313
1348
1302
1224
1202
1132
938
656
347
-2
-358
-723
-1099
-1294
-1353
-1345
-1201
-989
-629
-118
382
838
1232
1610
1919
2028
1996
1926
1804
1586
1282
951
691
561
395
192
125
121
105
52
-9
-17
-41
-158
-287
-350
-388
-401
-364
-285
-153
30
230
444
677
833
915
981
1007
948
798
641
469
257
16
-192
-305
-433
-592
-687
-731
-711
-730
-815
-819
-852
-880
-917
-1010
-974
-974
-1047
-991
-987
-1014
-950
-1075
-1250
-1512
-2076
-2458
-2699
-3166
-3548
-3797
-3958
-3798
-3526
-3221
-2562
-1700
-949
-220
569
1385
2143
2646
2892
3101
3218
3051
2835
2590
2270
2019
1695
1396
1279
1201
1148
1171
1180
1135
1045
962
863
656
296
-103
-384
-679
-1046
-1266
-1313
-1240
-1107
-961
-625
-92
393
778
1155
1508
1769
1870
1829
1802
1722
1443
1131
868
673
514
323
177
100
58
1
-43
-50
-79
-152
-235
-325
-364
-359
-361
-300
-207
-105
66
266
453
627
750
825
858
840
773
682
541
353
177
-18
-188
-325
-441
-503
-564
-603
-631
-703
-703
-717
-774
-765
-804
-828
-854
-933
-921
-928
-922
-908
-1251
-1562
-1854
-2440
-2838
-3267
-3730
-3859
-4102
-4299
-4055
-3610
-2966
-2262
-1531
-626
317
1149
1834
2539
3128
3359
3429
3344
3176
3048
2658
2248
1979
1609
1325
1166
1105
1124
1075
1030
1002
977
851
593
411
130
-306
-715
-1072
-1255
-1382
-1536
-1490
-1240
-908
-541
-80
505
1019
1406
1695
1911
2083
2083
1937
1759
1542
1266
950
694
510
351
216
85
17
-11
-79
-139
-209
-294
-377
-460
-512
-509
-456
-374
-249
-69
156
392
607
782
941
1056
1068
1029
932
768
611
409
138
-78
-223
-395
-507
-581
-649
-656
-669
-702
-721
-738
-736
-794
-887
-890
-932
-1023
-1086
-1057
-1028
-1263
-1550
-1791
-2281
-2700
-3056
-3496
-3719
-3941
-4212
-4116
-3717
-3215
-2615
-1925
-1023
-74
705
1418
2230
2931
3235
3355
3408
3331
3189
2833
2385
2116
1790
1399
1143
1036
1038
987
899
901
935
843
674
555
332
-53
-417
-744
-1021
-1218
-1405
-1439
-1278
-1059
-771
-344
216
736
1148
1540
1866
2075
2111
2031
1950
1766
1438
1093
827
627
386
172
70
36
-32
-151
-184
-163
-223
-325
-389
-414
-417
-422
-375
-244
-77
91
262
501
737
866
972
1066
1076
980
817
670
534
309
62
-135
-307
-463
-512
-567
-641
-622
-709
-757
-684
-715
-842
-862
-833
-920
-1042
-1029
-1038
-1111
-1230
-1556
-1823
-2205
-2719
-3060
-3484
-3819
-3978
-4275
-4232
-3861
-3487
-2892
-2154
-1278
-422
361
1259
2071
2714
3146
3358
3549
3487
3269
3042
2662
2367
2002
1541
1321
1204
1083
977
940
993
920
810
740
606
411
28
-340
-604
-923
-1179
-1389
-1467
-1352
-1232
-1017
-623
-76
433
828
1276
1646
1883
2036
2057
2027
1907
1630
1338
1077
841
611
366
198
85
-31
-128
-166
-172
-272
-355
-374
-433
-457
-449
-408
-297
-190
-56
144
380
607
754
907
1042
1081
1041
950
847
673
435
219
39
-142
-336
-495
-569
-589
-647
-713
-728
-684
-668
-738
-793
-776
-779
-837
-931
-1007
-1008
-1170
-1524
-1836
-2282
-2721
-3148
-3724
-4013
-4118
-4326
-4342
-4125
-3615
-2850
-2145
-1354
-429
521
1351
2016
2684
3225
3516
3557
3397
3307
3108
2667
2299
1954
1621
1329
1073
1010
1015
948
877
862
887
769
552
380
135
-199
-650
-1041
-1191
-1364
-1556
-1585
-1411
-1096
-768
-367
190
794
1236
1554
1861
2091
2248
2223
1988
1816
1595
1225
929
655
421
230
19
-116
-200
-248
-270
-317
-364
-427
-446
-445
-485
-437
-365
-268
-90
63
249
485
697
854
945
1036
1079
1024
900
749
571
334
106
-54
-230
-390
-484
-596
-649
-648
-654
-681
-663
-686
-785
-806
-770
-808
-863
-903
-959
-1024
-1245
-1506
-1860
-2329
-2740
-3215
-3688
-3953
-4155
-4294
-4207
-3937
-3439
-2772
-1973
-1097
-222
649
1490
2253
2850
3265
3545
3617
3479
3265
2952
2602
2257
1824
1434
1198
1056
943
867
884
928
899
826
738
654
445
103
-227
-580
-923
-1222
-1456
-1538
-1514
-1418
-1195
-791
-284
198
697
1191
1633
1914
2059
2209
2205
2039
1864
1557
1241
1000
650
372
219
37
-128
-241
-286
-305
-366
-428
-468
-468
-501
-530
-453
-383
-273
-118
17
246
488
679
861
990
1056
1047
1001
908
736
545
325
103
-68
-285
-431
-473
-538
-596
-618
-618
-601
-596
-610
-681
-734
-708
-815
-922
-966
-1065
-1204
-1488
-1857
-2240
-2681
-3100
-3509
-3849
-4059
-4275
-4280
-4044
-3629
-2988
-2348
-1558
-597
255
1079
1849
2572
3169
3412
3508
3535
3467
3244
2810
2435
2102
1726
1375
1072
996
978
845
809
816
835
770
601
483
257
-84
-442
-775
-1001
-1259
-1493
-1533
-1464
-1279
-1030
-659
-99
434
892
1254
1633
2022
2148
2161
2142
1981
1792
1498
1146
880
610
342
92
-96
-206
-298
-354
-423
-464
-469
-529
-514
-462
-463
-383
-287
-166
18
172
366
570
754
897
962
1012
1005
937
818
625
464
301
82
-92
-222
-349
-454
-531
-587
-584
-575
-616
-645
-637
-678
-699
-731
-793
-801
-927
-1201
-1445
-1670
-2143
-2711
-3168
-3580
-3877
-4140
-4450
-4413
-4099
-3742
-3179
-2477
-1606
-650
169
972
1809
2544
3069
3362
3523
3501
3366
3165
2809
2450
2067
1665
1409
1170
971
897
875
900
867
775
726
690
558
227
-128
-413
-719
-1025
-1321
-1510
-1518
-1483
-1363
-1087
-667
-138
354
794
1246
1683
2011
2183
2208
2127
2029
1853
1535
1191
880
600
375
120
-120
-212
-265
-369
-464
-485
-444
-432
-477
-512
-463
-386
-339
-246
-107
62
260
437
622
817
941
1026
1064
1024
910
763
621
448
228
6
-168
-260
-363
-481
-530
-558
-552
-595
-646
-609
-599
-656
-719
-785
-835
-939
-1148
-1419
-1739
-2137
-2638
-3117
-3482
-3777
-4035
-4258
-4264
-3996
-3641
-3109
-2420
-1616
-734
49
816
1620
2328
2855
3131
3272
3353
3257
3026
2727
2426
2096
1705
1406
1207
1081
1002
913
886
870
805
735
637
508
266
-77
-381
-667
-942
-1205
-1387
-1417
-1384
-1285
-1030
-644
-167
291
699
1107
1487
1828
2018
2086
2057
1840
1655
1482
1168
877
594
304
142
-54
-226
-242
-254
-332
-433
-447
-396
-378
-408
-454
-418
-340
-306
-178
-1
145
333
505
681
872
977
1027
1059
1006
835
664
555
390
175
-72
-258
-297
-393
-522
-551
-543
-504
-555
-625
-569
-529
-528
-543
-641
-784
-949
-1247
-1563
-1995
-2550
-3047
-3477
-3779
-4065
-4318
-4266
-3974
-3651
-3181
-2498
-1581
-668
51
774
1587
2316
2788
3015
3180
3258
3134
2856
2542
2288
1982
1607
1348
1173
1026
954
931
953
921
810
745
676
502
192
-133
-409
-704
-1043
-1341
-1448
-1426
-1411
-1325
-1042
-589
-113
286
698
1134
1519
1793
1921
2008
1988
1781
1562
1323
1046
799
512
241
56
-110
-205
-236
-272
-323
-352
-359
-371
-378
-393
-415
-392
-386
-368
-247
-92
73
261
451
655
840
980
1074
1118
1090
945
792
646
478
295
59
-133
-232
-379
-494
-520
-547
-565
-572
-612
-602
-529
-516
-551
-550
-604
-801
-1050
-1332
-1726
-2182
-2659
-3204
-3575
-3800
-4069
-4154
-3973
-3665
-3170
-2588
-1886
-975
-136
578
1289
1963
2497
2820
2963
2994
2944
2750
2404
2120
1881
1570
1305
1122
1042
1031
976
973
1031
1010
912
771
612
384
54
-318
-649
-908
-1182
-1408
-1442
-1362
-1239
-1010
-666
-207
251
623
982
1353
1647
1779
1817
1809
1646
1384
1110
825
633
431
148
-28
-105
-179
-199
-202
-181
-144
-176
-238
-243
-239
-293
-342
-354
-344
-283
-167
-3
219
409
557
778
977
1085
1135
1129
1046
901
693
484
305
104
-141
-349
-460
-541
-609
-624
-622
-574
-515
-533
-492
-392
-369
-359
-404
-603
-850
-1165
-1548
-2046
-2543
-3032
-3514
-3805
-4026
-4166
-3978
-3658
-3238
-2611
-1942
-1097
-215
509
1203
1843
2332
2646
2797
2832
2737
2561
2282
1970
1763
1518
1309
1207
1115
1112
1120
1107
1143
1106
987
823
598
317
-59
-421
-749
-1053
-1301
-1495
-1500
-1367
-1198
-906
-520
-63
421
826
1169
1434
1647
1775
1747
1661
1466
1184
943
659
394
237
95
-36
-114
-163
-138
-53
-33
-73
-86
-104
-173
-261
-336
-364
-373
-412
-385
-230
-32
164
387
632
862
1044
1169
1253
1276
1164
972
764
536
319
79
-176
-373
-491
-599
-662
-618
-598
-555
-461
-462
-426
-327
-321
-306
-315
-562
-848
-1101
-1477
-1959
-2404
-2919
-3445
-3708
-3921
-4077
-3920
-3637
-3244
-2622
-2012
-1245
-347
357
981
1573
2010
2359
2573
2569
2480
2366
2149
1898
1715
1527
1404
1358
1256
1246
1312
1293
1281
1219
1037
822
536
203
-153
-518
-859
-1147
-1336
-1454
-1420
-1224
-991
-656
-245
173
631
1036
1343
1573
1689
1694
1576
1391
1205
1028
691
276
132
70
-55
-108
-155
-124
29
34
-17
50
93
24
-165
-333
-358
-357
-464
-541
-419
-261
-133
106
387
678
931
1085
1257
1366
1323
1239
1132
892
553
267
45
-156
-364
-612
-724
-665
-655
-673
-649
-456
-282
-317
-342
-243
-139
-137
-326
-631
-876
-1160
-1602
-2194
-2634
-3013
-3482
-3781
-3969
-3986
-3674
-3349
-2965
-2315
-1637
-867
-96
496
1069
1574
1903
2112
2228
2226
2154
2069
1905
1726
1673
1615
1617
1638
1557
1581
1626
1552
1422
1191
920
620
228
-221
-632
-909
-1151
-1367
-1446
-1376
-1125
-825
-543
-134
313
693
1017
1260
1450
1559
1542
1425
1280
1130
821
523
425
321
189
30
-148
-110
49
33
-28
-39
-61
-108
-215
-327
-322
-318
-455
-558
-494
-340
-160
23
187
419
660
860
1086
1249
1288
1275
1221
1085
890
665
411
184
-50
-340
-503
-558
-607
-627
-663
-665
-528
-395
-357
-318
-285
-266
-255
-268
-381
-611
-910
-1274
-1717
-2194
-2599
-3074
-3521
-3735
-3869
-3888
-3622
-3224
-2723
-2120
-1527
-783
-8
574
1056
1458
1760
1960
2035
2020
1995
1982
1860
1734
1747
1780
1815
1826
1801
1827
1755
1565
1370
1113
747
305
-130
-520
-872
-1152
-1322
-1346
-1269
-1120
-820
-437
-62
317
638
938
1192
1302
1319
1297
1241
1111
872
685
617
563
444
317
309
349
344
308
261
218
152
-26
-253
-384
-469
-600
-760
-835
-757
-628
-515
-350
-67
222
452
680
907
1102
1217
1255
1237
1166
1045
892
702
490
246
21
-141
-251
-351
-477
-533
-494
-477
-476
-434
-422
-391
-374
-460
-469
-391
-419
-564
-791
-1090
-1325
-1695
-2213
-2565
-2973
-3380
-3527
-3662
-3628
-3278
-2936
-2496
-1886
-1249
-552
94
623
1087
1439
1641
1783
1907
1871
1790
1800
1740
1708
1744
1754
1844
1874
1804
1746
1641
1451
1169
811
403
3
-376
-771
-1037
-1128
-1193
-1147
-986
-732
-359
-20
296
625
866
1014
1095
1119
1075
986
890
783
730
718
712
736
638
474
486
514
407
231
2
-182
-274
-451
-640
-670
-642
-668
-708
-624
-373
-106
4
94
317
507
605
745
883
971
994
978
1012
1021
934
844
741
518
280
119
-24
-146
-306
-533
-612
-602
-640
-616
-595
-526
-438
-515
-521
-404
-331
-387
-640
-955
-1219
-1553
-2072
-2537
-2899
-3295
-3493
-3576
-3579
-3161
-2679
-2298
-1715
-1063
-407
171
555
923
1222
1314
1328
1388
1449
1412
1453
1516
1580
1763
1877
2005
2130
2043
1884
1681
1394
1035
558
83
-314
-661
-991
-1188
-1123
-992
-840
-584
-273
135
449
612
795
898
887
799
698
631
567
542
544
623
794
900
972
1049
1006
1018
868
305
-33
-159
-517
-809
-1024
-1223
-1065
-895
-874
-574
-157
131
279
326
489
729
714
517
550
619
556
670
827
917
1038
1067
1075
1059
854
640
471
168
-169
-443
-674
-781
-878
-915
-886
-786
-598
-493
-414
-305
-238
-189
-265
-562
-886
-1280
-1737
-2286
-2802
-3100
-3378
-3503
-3464
-3297
-2711
-2185
-1752
-1075
-492
0
308
519
802
891
829
789
918
1077
1116
1325
1598
1838
2060
2130
2265
2287
2021
1694
1285
849
359
-156
-503
-761
-917
-996
-919
-623
-398
-145
141
369
565
564
547
563
464
329
232
257
321
411
621
843
1079
1235
1302
1314
1108
873
665
280
-187
-555
-807
-960
-997
-964
-854
-579
-303
-156
52
272
390
371
247
240
247
178
211
351
509
664
904
1158
1309
1380
1371
1258
976
594
286
-8
-290
-577
-760
-835
-830
-727
-617
-479
-317
-241
-227
-221
-320
-363
-462
-740
-1109
-1487
-1757
-2116
-2540
-2810
-2995
-2963
-2873
-2847
-2496
-1991
-1595
-1212
-819
-377
-23
150
330
523
666
746
913
1135
1258
1476
1707
1861
1988
1961
1916
1843
1579
1210
871
584
249
-98
-338
-446
-440
-462
-439
-259
-107
5
102
164
247
273
235
203
212
269
316
431
578
721
907
1040
1142
1182
1151
1044
800
473
66
-199
-341
-697
-912
-843
-824
-676
-449
-330
-92
140
157
145
187
226
197
95
81
223
370
470
733
1008
1143
1328
1432
1381
1295
1100
777
420
82
-212
-377
-514
-642
-623
-581
-513
-431
-368
-297
-285
-362
-467
-606
-654
-689
-874
-1020
-1217
-1465
-1776
-2171
-2418
-2619
-2689
-2681
-2773
-2570
-2107
-1710
-1308
-866
-390
9
206
356
539
721
804
826
920
1043
1255
1467
1594
1764
1817
1758
1674
1465
1174
858
560
220
-137
-335
-392
-368
-356
-311
-128
18
99
182
241
286
277
205
169
211
311
394
488
637
788
920
995
1017
1006
910
785
588
374
161
-370
-754
-661
-802
-955
-731
-681
-565
-217
-159
-14
341
367
220
190
257
326
312
321
525
702
680
953
1309
1274
1293
1379
1191
904
629
362
138
-98
-326
-476
-531
-545
-477
-479
-501
-364
-392
-529
-488
-523
-629
-636
-728
-853
-848
-807
-942
-1482
-2058
-2233
-2426
-2665
-2702
-2671
-2519
-2126
-1743
-1335
-726
-134
165
139
166
353
499
499
522
663
783
1007
1311
1532
1768
1941
1845
1553
1259
1008
737
447
104
-214
-347
-296
-150
-57
54
228
254
112
50
123
147
59
-30
-16
122
331
536
741
916
1019
1039
934
808
736
596
395
172
-44
-271
-429
-493
-585
-493
-342
-394
-437
-307
-157
-69
-9
14
104
207
231
293
438
571
654
683
725
877
1021
1063
1111
1131
1066
996
839
575
342
159
-23
-241
-456
-533
-488
-528
-576
-536
-521
-469
-476
-575
-550
-543
-662
-705
-758
-748
-624
-689
-1191
-1856
-2163
-2297
-2427
-2512
-2592
-2380
-1895
-1668
-1406
-760
-131
116
-29
-130
59
234
234
336
611
805
994
1330
1608
1786
1861
1718
1431
1035
641
465
386
172
-82
-105
68
216
222
226
358
296
-31
-241
-218
-119
-76
-22
134
384
634
802
925
1018
998
839
596
381
317
246
113
79
124
62
-71
-213
-403
-404
-341
-507
-602
-459
-323
-206
-13
200
420
534
516
538
543
517
540
562
584
697
867
1016
1188
1252
1137
1006
790
416
117
-43
-189
-333
-479
-519
-418
-363
-392
-397
-399
-516
-716
-875
-913
-913
-906
-873
-747
-556
-462
-531
-1098
-1842
-2100
-2277
-2507
-2510
-2431
-2145
-1606
-1276
-899
-230
229
234
-44
-152
-93
-28
-4
220
649
838
1063
1477
1731
1787
1697
1430
1024
589
245
133
201
215
207
300
417
503
509
412
273
6
-330
-464
-350
-182
22
332
588
727
856
921
923
812
600
349
139
31
107
189
6
-44
63
-48
-138
-121
-188
-190
-283
-453
-348
-113
60
177
301
432
459
421
378
485
504
394
495
643
733
890
1093
1168
1088
945
731
514
255
43
-62
-197
-320
-356
-308
-264
-323
-402
-386
-516
-779
-866
-829
-971
-1047
-843
-684
-684
-512
-334
-409
-828
-1584
-2067
-2261
-2326
-2197
-2051
-1871
-1315
-869
-828
-449
96
112
-221
-445
-413
-256
-49
191
650
1095
1165
1319
1514
1484
1286
994
724
418
128
105
407
600
562
644
721
544
288
138
14
-180
-394
-438
-233
29
306
617
800
783
704
596
425
312
207
102
72
117
214
348
479
409
230
61
-201
-346
-319
-312
-286
-143
11
147
313
391
454
471
362
208
113
196
358
516
649
815
986
1010
965
884
736
524
283
23
-118
-73
8
47
69
38
-96
-236
-382
-542
-617
-744
-923
-971
-952
-885
-766
-654
-514
-457
-560
-660
-702
-717
-1090
-1787
-2025
-1946
-1890
-1621
-1270
-991
-714
-635
-649
-389
-212
-314
-354
-235
-195
-132
161
590
956
1045
1037
1050
879
719
731
685
512
414
459
504
580
674
759
760
531
184
-20
-88
-117
-64
33
107
206
324
465
564
557
470
313
113
-41
-8
157
242
268
317
289
285
294
194
126
9
-183
-167
-45
35
182
303
324
294
229
141
153
234
225
239
328
427
545
680
810
864
780
584
399
260
154
88
51
83
129
103
58
77
22
-130
-294
-470
-566
-637
-719
-681
-598
-606
-641
-610
-601
-635
-658
-724
-752
-716
-717
-826
-1088
-1390
-1550
-1557
-1416
-1171
-991
-875
-744
-642
-535
-374
-270
-206
-92
-89
-166
-64
166
367
555
733
824
789
682
606
603
613
573
555
547
482
457
527
614
602
476
322
187
77
37
88
166
235
293
324
324
307
308
276
243
153
-65
-139
-116
-64
186
405
422
436
351
128
120
189
184
258
316
225
158
206
187
252
353
299
269
250
210
239
363
500
596
679
653
537
416
277
151
83
49
7
-3
6
-11
-31
-54
-104
-156
-254
-385
-475
-568
-616
-610
-620
-580
-543
-571
-599
-678
-743
-744
-738
-681
-574
-539
-584
-711
-943
-1120
-1183
-1162
-1011
-779
-625
-507
-422
-427
-378
-298
-253
-173
-139
-149
-130
-67
41
175
370
534
629
654
564
469
402
376
412
489
568
601
602
576
549
512
464
394
334
307
265
261
275
280
302
324
317
288
223
98
-10
-44
-26
64
196
293
358
382
334
260
213
186
189
228
272
304
322
298
250
218
201
215
230
223
222
225
232
231
235
224
209
226
221
133
-34
-136
-202
-303
-283
-211
-238
-276
-345
-423
-380
-310
-383
-446
-393
-405
-450
-396
-428
-551
-548
-541
-495
-348
-295
-330
-417
-458
-427
-423
-361
-225
-125
-116
-124
-117
-116
-133
-179
-170
-120
-115
-71
-15
-30
-41
-75
-136
-140
-115
-88
-37
35
91
89
52
31
39
25
37
89
114
136
148
131
129
158
185
204
229
252
272
293
302
299
284
281
279
283
301
310
299
253
214
179
163
179
191
216
239
241
240
220
189
170
133
93
78
57
40
31
34
38
34
30
17
31
39
46
66
65
52
31
11
-1
-2
1
2
-5
-20
-66
-122
-150
-176
-181
-161
-140
-115
-107
-109
-119
-143
-152
-155
-156
-146
-138
-118
-111
-119
-119
-126
-126
-116
-109
-102
-105
-110
-109
-102
-109
-112
-99
-90
-77
-66
-64
-71
-96
-131
-156
-170
-168
-153
-134
-116
-101
-92
-91
-86
-76
-69
-64
-44
-16
-4
1
4
3
1
4
23
42
45
56
68
78
97
113
118
132
151
158
162
157
145
123
98
73
58
63
69
73
87
95
95
103
113
115
99
92
95
87
68
54
46
39
42
43
39
51
63
77
92
97
103
114
115
111
117
119
96
72
57
41
18
0
-13
-19
-27
-55
-69
-68
-73
-68
-65
-56
-50
-50
-42
-43
-46
-32
-27
-19
-22
-35
-30
-41
-64
-74
-83
-90
-80
-68
-67
-68
-73
-77
-70
-58
-47
-47
-57
-70
-93
-115
-123
-113
-108
-104
-92
-97
-103
-101
-76
-48
-31
-14
-11
-5
-3
-8
-7
-14
-17
2
16
26
31
33
18
-8
-19
-16
4
47
99
123
117
89
37
-9
-17
-20
-6
25
41
37
22
8
-1
-6
17
61
77
79
77
72
46
24
29
20
25
50
77
70
57
60
50
47
54
72
94
109
107
97
81
71
53
27
-17
-61
-43
12
29
10
-37
-100
-127
-146
-110
-19
30
16
-13
-53
-98
-81
1
37
26
23
-14
-53
-45
-21
15
56
38
-23
-55
-36
-15
-3
31
42
9
-30
-40
-49
-99
-78
-28
-33
-55
-67
-51
-58
-102
-68
10
-21
-28
50
37
-47
-63
3
1
-11
42
57
31
-33
-129
-98
48
94
77
87
42
-37
-46
8
116
194
94
12
45
-34
-99
-19
18
13
30
27
6
-51
-94
-9
85
49
23
18
-58
-67
12
12
-3
32
42
1
-3
78
116
54
-47
-67
14
77
105
147
139
68
-36
-107
-105
-76
26
115
73
-46
-141
-136
-74
-18
67
105
13
-152
-204
-95
-5
85
179
118
-40
-127
-141
-69
80
116
23
-84
-182
-222
-104
55
174
232
74
-167
-199
-93
-21
65
137
93
-23
-116
-152
-111
-6
98
145
70
-63
-128
-108
-31
33
72
97
39
-65
-99
-71
27
120
99
23
-29
-49
-10
68
102
110
143
105
12
-24
-24
6
60
86
66
18
-10
-18
-50
-29
53
50
-11
-10
-9
17
51
-26
-78
-58
-42
-4
24
27
30
-20
-71
-33
34
99
124
44
-58
-50
28
79
100
99
71
-9
-108
-105
-40
2
36
32
-37
-101
-121
-100
-43
-10
-18
-42
-101
-150
-128
-37
63
110
71
-17
-69
-59
-39
-30
7
29
-16
-55
-34
7
50
78
61
-4
-77
-89
-48
-23
11
67
54
-5
-39
-51
-55
-45
-43
-37
-21
-13
0
22
33
49
78
64
-3
-40
-22
4
35
47
54
80
65
6
-12
25
55
67
74
70
52
51
67
60
49
45
17
-6
-34
-60
-34
5
18
12
-4
-8
-6
-14
-33
-45
-23
-13
-24
-3
34
39
42
33
-13
-36
-26
-14
13
48
73
74
48
20
6
1
13
19
-9
-44
-50
-43
-32
-11
-10
-23
-33
-52
-70
-79
-87
-89
-89
-72
-39
-20
-7
-2
1
21
12
-17
-45
-51
-24
-10
-4
20
33
38
26
16
25
17
2
-16
-31
-23
-14
-8
6
9
8
14
5
-26
-48
-52
-50
-27
4
26
32
15
-3
24
59
59
41
9
-23
-26
-8
34
81
90
64
18
-13
-1
28
45
41
35
37
27
8
4
13
9
1
-7
-26
-25
-14
-22
-15
-2
-7
-5
-13
-34
-37
-26
-16
0
14
17
22
23
10
10
30
30
26
37
38
25
16
21
40
62
65
37
-11
-46
-48
-16
18
38
25
-14
-53
-74
-63
-31
-17
-26
-44
-59
-54
-27
-6
-5
3
-2
-24
-34
-36
-23
-2
-3
-13
-24
-21
-8
2
14
11
-3
-13
-16
-13
-14
-12
-7
-9
-18
-21
-12
-27
-60
-64
-38
-10
11
14
0
-14
-21
-20
-1
16
25
33
31
15
-6
-7
17
46
52
42
31
17
26
40
38
44
58
39
3
-7
17
52
63
58
30
-11
-34
-41
-29
-1
25
17
-22
-40
-30
-4
23
27
15
-7
-23
-23
-10
9
17
4
-21
-20
19
55
54
45
37
23
12
19
28
24
14
-1
-7
-1
7
19
24
22
5
-27
-45
-66
-79
-65
-41
-24
-16
-15
-12
-6
2
-5
-28
-54
-58
-39
-26
-5
22
34
27
12
8
-4
-22
-36
-40
-36
-23
-9
-4
4
5
-12
-29
-43
-56
-51
-45
-37
-16
8
24
17
1
-12
-20
-19
-12
-4
-6
-11
-5
9
37
67
82
71
22
-29
-48
-37
5
54
94
113
90
47
11
-11
-9
4
19
29
27
6
-1
21
38
52
45
-5
-54
-64
-58
-24
26
57
67
49
24
16
7
-10
-26
-39
-37
-11
22
36
48
54
33
13
2
-15
-23
-20
-16
-4
24
44
36
26
13
-4
-17
-44
-65
-57
-42
-24
-5
1
1
-5
-27
-44
-45
-46
-49
-53
-53
-32
-4
7
4
1
-8
-20
-33
-45
-42
-27
-11
-7
-10
-10
-5
-6
-19
-28
-32
-26
-21
-15
2
11
3
-6
-17
-26
-24
-11
6
21
23
17
14
18
23
30
33
26
17
8
15
28
34
40
48
51
51
51
43
34
31
26
24
29
37
38
25
7
-4
-3
-2
0
2
-1
-3
-4
-5
-1
13
22
26
22
13
7
1
0
1
3
6
3
1
7
16
25
29
19
0
-15
-22
-23
-19
-6
3
1
-4
-17
-32
-39
-48
-53
-50
-50
-42
-21
-14
-15
-16
-20
-25
-29
-32
-33
-35
-34
-28
-15
-2
1
-5
-8
-5
-10
-17
-19
-21
-13
-6
0
11
17
14
0
-5
-11
-17
-14
-14
-5
1
8
10
