3
3
0
1
1
-2
-4
-1
-1
1
5
5
1
-3
-1
0
-2
-1
-2
2
1
-1
0
3
0
-3
-6
-6
-6
-4
-5
-6
-4
0
0
0
0
-3
-4
-2
-2
-1
-1
-3
-8
-6
2
2
-3
-3
-5
-6
-2
-1
-2
0
3
2
3
3
0
-4
-4
-2
2
6
8
13
13
7
4
3
3
5
10
9
10
11
11
17
19
16
15
12
9
2
5
13
12
14
17
15
9
9
4
-3
-2
-5
-5
3
6
6
6
4
-6
-10
-6
-15
-12
-15
-49
-43
-26
-17
11
7
-34
-59
-67
-55
-26
2
5
0
10
25
2
-37
-52
-77
-59
-8
-1
0
9
-14
-25
-14
-20
-20
2
23
17
-6
-12
-13
-7
16
22
-4
-35
-38
-35
-5
47
65
87
114
119
113
102
35
-15
35
72
162
250
170
76
34
-12
34
132
129
41
47
66
58
127
115
18
-12
0
-40
-62
-37
-62
-47
38
51
39
17
-53
-136
-171
-140
-162
-149
-56
-85
-94
-85
-178
-210
-202
-201
-215
-225
-233
-274
-194
-127
-125
-48
-103
-200
-194
-206
-232
-204
-124
-100
-43
53
13
18
70
15
-18
6
19
43
163
240
233
301
302
279
361
359
318
314
310
352
443
540
581
612
611
530
456
377
320
310
316
359
379
377
338
270
222
124
38
-25
-95
-81
-73
-56
-44
-152
-185
-235
-341
-347
-429
-546
-672
-934
-1141
-1244
-1210
-1108
-1192
-1315
-1443
-1545
-1463
-1420
-1327
-1157
-1118
-1041
-966
-794
-448
-232
-29
224
456
732
928
1094
1275
1388
1511
1580
1609
1716
1701
1639
1576
1394
1244
1063
818
602
364
135
-97
-318
-489
-709
-874
-988
-1139
-1248
-1356
-1476
-1457
-1342
-1215
-997
-718
-444
-205
81
389
620
837
955
1087
1363
1584
1747
1923
2052
2109
2094
2053
1924
1769
1625
1377
1162
1051
859
651
549
384
176
14
-191
-468
-612
-628
-645
-681
-723
-926
-1029
-1067
-1258
-1423
-1702
-2246
-2686
-2780
-2729
-2692
-2727
-2799
-2810
-2611
-2505
-2491
-2311
-2080
-1996
-1823
-1506
-1085
-522
-10
458
944
1398
1752
2041
2292
2379
2465
2619
2702
2743
2729
2676
2573
2395
2053
1665
1341
936
444
-2
-307
-534
-775
-961
-1124
-1287
-1435
-1539
-1663
-1718
-1639
-1503
-1291
-1066
-805
-462
-111
197
446
716
970
1152
1315
1443
1618
1782
1852
1881
1935
1963
1937
1854
1683
1512
1345
1117
937
779
661
564
471
384
279
223
182
100
56
10
33
95
118
162
112
-86
-356
-673
-1016
-1300
-1719
-2333
-2866
-3166
-3365
-3497
-3659
-3820
-3829
-3720
-3684
-3624
-3428
-3158
-2855
-2570
-2196
-1678
-1021
-296
369
1002
1625
2168
2676
3070
3290
3498
3674
3752
3735
3599
3456
3302
3041
2645
2152
1667
1222
687
134
-367
-848
-1256
-1633
-1943
-2165
-2327
-2399
-2410
-2378
-2245
-2002
-1704
-1341
-1025
-763
-392
62
438
767
1135
1482
1816
2114
2309
2456
2571
2601
2567
2497
2355
2197
2018
1784
1523
1344
1215
1047
885
676
519
415
299
217
112
23
14
-22
31
30
-22
-82
-365
-682
-862
-1165
-1580
-2172
-2987
-3552
-3773
-3962
-4112
-4282
-4409
-4262
-4190
-4100
-3849
-3520
-3127
-2790
-2490
-2030
-1416
-640
159
887
1626
2307
2916
3455
3813
4069
4310
4428
4384
4145
3832
3615
3353
2985
2506
1992
1520
942
299
-273
-780
-1259
-1717
-2205
-2521
-2700
-2862
-2900
-2842
-2673
-2403
-2104
-1726
-1340
-947
-564
-179
237
599
961
1315
1669
2013
2328
2576
2752
2840
2793
2731
2641
2454
2256
1988
1693
1430
1235
1085
945
828
685
523
384
278
190
119
41
-55
-129
-132
-156
-191
-321
-545
-792
-1005
-1386
-1906
-2506
-3282
-3741
-4039
-4356
-4547
-4767
-4858
-4611
-4253
-3954
-3710
-3388
-3010
-2537
-2051
-1597
-997
-271
493
1173
1837
2562
3294
3957
4414
4634
4784
4816
4684
4413
4016
3614
3240
2773
2246
1701
1191
700
140
-435
-970
-1468
-1939
-2425
-2818
-3055
-3167
-3244
-3206
-3023
-2750
-2305
-1807
-1380
-957
-483
23
468
852
1207
1527
1847
2168
2465
2688
2879
3020
3081
3048
2927
2766
2566
2284
1969
1659
1376
1096
892
742
637
563
445
326
242
119
10
-60
-193
-258
-347
-475
-568
-732
-952
-1182
-1557
-1953
-2464
-3162
-3658
-3964
-4301
-4586
-4897
-5115
-4920
-4583
-4234
-3853
-3449
-2957
-2458
-1957
-1467
-958
-301
396
1012
1636
2283
2964
3681
4220
4539
4789
4929
4981
4822
4403
3981
3545
3009
2358
1693
1154
756
301
-241
-775
-1293
-1712
-2142
-2587
-2921
-3153
-3296
-3376
-3361
-3193
-2859
-2353
-1864
-1378
-891
-374
184
679
1094
1433
1797
2122
2412
2669
2823
3016
3188
3236
3227
3090
2965
2836
2575
2226
1865
1579
1301
1018
828
676
505
306
123
0
-72
-158
-223
-287
-415
-585
-782
-916
-1073
-1336
-1564
-1851
-2279
-2728
-3286
-3761
-4002
-4362
-4686
-4852
-4914
-4731
-4497
-4219
-3782
-3307
-2862
-2394
-1849
-1250
-645
-15
605
1188
1735
2349
3045
3711
4234
4531
4765
4927
4872
4704
4416
4038
3610
3037
2411
1800
1236
716
181
-323
-822
-1311
-1740
-2176
-2555
-2872
-3143
-3339
-3461
-3435
-3285
-2974
-2536
-2064
-1535
-1050
-517
63
598
1052
1370
1747
2142
2433
2678
2883
3106
3247
3309
3366
3288
3180
3041
2779
2462
2136
1812
1483
1204
952
700
458
231
31
-105
-194
-345
-423
-489
-633
-747
-902
-1012
-1168
-1406
-1652
-1917
-2204
-2647
-3106
-3520
-3829
-4072
-4422
-4709
-4845
-4758
-4459
-4141
-3785
-3387
-2914
-2422
-1930
-1366
-821
-212
414
971
1517
2068
2681
3309
3880
4262
4519
4773
4889
4821
4601
4266
3821
3317
2723
2065
1457
931
403
-145
-659
-1130
-1531
-1867
-2226
-2620
-2893
-3116
-3317
-3377
-3344
-3145
-2824
-2455
-1949
-1439
-923
-289
336
891
1332
1688
2089
2426
2704
2928
3063
3226
3298
3282
3302
3239
3146
2982
2688
2404
2106
1790
1467
1147
833
495
176
-48
-248
-425
-543
-617
-667
-714
-770
-843
-920
-1032
-1185
-1370
-1578
-1827
-2187
-2608
-3087
-3538
-3791
-4053
-4404
-4669
-4758
-4600
-4278
-4006
-3742
-3363
-2836
-2346
-1884
-1371
-838
-226
332
870
1394
1958
2612
3217
3792
4190
4416
4691
4872
4826
4563
4177
3813
3374
2746
2048
1448
955
438
-156
-697
-1107
-1434
-1774
-2122
-2442
-2702
-2904
-3101
-3202
-3172
-3025
-2730
-2375
-2008
-1550
-1003
-359
262
810
1328
1731
2183
2568
2794
2974
3100
3205
3247
3213
3190
3129
3006
2857
2630
2392
2132
1852
1550
1163
826
526
225
-51
-329
-522
-648
-737
-796
-855
-835
-860
-921
-958
-1053
-1136
-1328
-1545
-1793
-2194
-2562
-3106
-3547
-3835
-4181
-4403
-4677
-4716
-4479
-4230
-3861
-3592
-3232
-2690
-2246
-1699
-1206
-733
-155
346
923
1441
1952
2602
3171
3701
4084
4342
4666
4807
4765
4568
4186
3767
3237
2626
2002
1356
813
270
-242
-721
-1183
-1485
-1743
-2019
-2326
-2584
-2739
-2871
-2910
-2900
-2794
-2544
-2263
-1877
-1450
-907
-260
339
947
1424
1855
2312
2642
2935
3082
3118
3202
3164
3122
3052
2890
2799
2649
2429
2183
1890
1698
1458
1133
833
473
187
-63
-329
-540
-718
-853
-928
-953
-935
-946
-931
-901
-943
-1019
-1165
-1364
-1597
-2003
-2473
-2964
-3429
-3747
-4135
-4448
-4699
-4844
-4640
-4362
-4034
-3665
-3290
-2721
-2189
-1688
-1197
-736
-144
350
804
1281
1756
2360
2926
3417
3852
4165
4484
4712
4764
4636
4291
3921
3449
2829
2185
1507
923
394
-183
-703
-1065
-1288
-1535
-1796
-2013
-2242
-2367
-2488
-2556
-2585
-2573
-2403
-2205
-1947
-1624
-1190
-594
48
585
1069
1580
2070
2496
2796
2991
3078
3119
3066
2970
2850
2649
2489
2322
2138
1953
1806
1696
1537
1272
1006
761
519
265
-60
-315
-542
-741
-918
-1055
-1042
-1068
-1015
-919
-906
-880
-972
-1082
-1174
-1487
-1970
-2523
-3061
-3515
-3961
-4360
-4723
-4956
-4923
-4693
-4288
-3884
-3524
-2977
-2396
-1819
-1333
-927
-415
57
460
873
1278
1786
2347
2847
3350
3761
4127
4475
4705
4766
4604
4283
3894
3402
2770
2084
1453
889
297
-288
-755
-1054
-1244
-1426
-1643
-1834
-1946
-2036
-2099
-2173
-2263
-2277
-2256
-2165
-1969
-1705
-1295
-780
-276
225
755
1341
1888
2311
2644
2855
2969
3016
2928
2801
2647
2418
2247
2074
1878
1757
1710
1635
1528
1390
1216
1071
851
584
275
-58
-349
-647
-891
-1039
-1141
-1136
-1098
-1067
-996
-966
-924
-966
-1154
-1469
-1968
-2510
-3087
-3626
-4034
-4573
-5007
-5176
-5140
-4854
-4533
-4110
-3524
-2900
-2270
-1687
-1098
-478
-14
322
681
1052
1421
1844
2259
2726
3204
3581
4025
4458
4695
4775
4692
4526
4229
3650
3047
2407
1723
1031
276
-315
-771
-1188
-1418
-1614
-1773
-1832
-1938
-1946
-1979
-2070
-2123
-2162
-2161
-2158
-2069
-1818
-1502
-1130
-654
-149
401
992
1561
2112
2536
2782
2973
3073
3033
2921
2680
2445
2266
2032
1835
1733
1670
1618
1544
1429
1352
1221
1056
863
536
219
-108
-437
-713
-957
-1097
-1160
-1179
-1159
-1172
-1095
-962
-992
-1178
-1556
-1998
-2429
-2909
-3421
-3960
-4522
-4952
-5146
-5156
-4999
-4726
-4318
-3785
-3161
-2525
-1881
-1207
-624
-113
312
663
1042
1466
1878
2263
2695
3075
3438
3900
4306
4560
4716
4740
4630
4354
3905
3407
2827
2124
1348
613
6
-521
-991
-1344
-1626
-1794
-1904
-2037
-2077
-2074
-2092
-2128
-2181
-2210
-2189
-2121
-1967
-1760
-1479
-1072
-586
-53
518
1103
1660
2177
2552
2788
2965
3053
2996
2852
2662
2442
2217
2036
1895
1737
1650
1594
1541
1492
1369
1255
1102
854
561
225
-56
-334
-599
-810
-967
-1032
-1121
-1181
-1111
-1057
-1068
-1235
-1533
-1836
-2293
-2776
-3270
-3839
-4367
-4857
-5159
-5245
-5217
-4991
-4594
-4095
-3542
-2913
-2209
-1485
-811
-272
237
696
1048
1450
1870
2254
2626
2942
3312
3704
4035
4340
4578
4704
4642
4400
4096
3684
3134
2491
1747
1022
351
-254
-789
-1244
-1555
-1823
-2005
-2063
-2117
-2108
-2032
-1996
-2031
-2108
-2100
-2004
-1937
-1796
-1559
-1287
-913
-430
118
652
1167
1685
2164
2550
2796
2954
3031
3001
2898
2683
2406
2214
2035
1831
1700
1636
1534
1462
1457
1345
1207
1058
810
555
297
-19
-337
-602
-814
-972
-1105
-1186
-1237
-1271
-1230
-1250
-1466
-1811
-2214
-2582
-2928
-3451
-4046
-4583
-4998
-5149
-5163
-5110
-4872
-4497
-3940
-3329
-2757
-2007
-1236
-563
20
433
848
1345
1785
2181
2508
2777
3103
3457
3804
4137
4345
4471
4537
4417
4184
3864
3464
2971
2290
1542
899
279
-308
-836
-1332
-1647
-1862
-2065
-2179
-2204
-2139
-2088
-2113
-2099
-2055
-2048
-1953
-1810
-1635
-1405
-1150
-748
-287
172
710
1253
1723
2167
2507
2774
2983
3034
3006
2891
2721
2537
2336
2184
2027
1825
1729
1633
1498
1446
1295
1111
973
743
463
183
-83
-307
-561
-826
-971
-1112
-1231
-1342
-1447
-1374
-1526
-1853
-2151
-2617
-2923
-3308
-3864
-4246
-4763
-5088
-5168
-5224
-4961
-4733
-4395
-3741
-3184
-2530
-1832
-1157
-350
176
600
1113
1562
2073
2441
2711
3030
3347
3680
3938
4184
4367
4424
4432
4294
4079
3750
3287
2789
2150
1487
813
162
-287
-839
-1333
-1610
-1857
-1979
-2148
-2225
-2141
-2157
-2150
-2113
-2105
-2043
-1939
-1758
-1594
-1443
-1154
-731
-222
218
674
1179
1635
2102
2434
2718
2982
3043
3052
2956
2780
2646
2415
2253
2100
1909
1836
1697
1583
1463
1284
1177
936
669
425
130
-106
-419
-690
-865
-1120
-1271
-1395
-1505
-1477
-1600
-1804
-2117
-2507
-2760
-3128
-3560
-3956
-4438
-4825
-5059
-5064
-4912
-4758
-4455
-4039
-3500
-2834
-2173
-1469
-763
-206
309
802
1276
1742
2166
2554
2846
3139
3437
3726
4007
4214
4354
4366
4300
4175
3897
3545
3133
2584
1931
1234
633
87
-465
-963
-1373
-1678
-1943
-2140
-2228
-2294
-2293
-2283
-2332
-2271
-2189
-2108
-1980
-1823
-1618
-1378
-999
-549
-93
396
882
1392
1879
2278
2638
2928
3072
3134
3105
2985
2829
2661
2521
2371
2179
2002
1898
1789
1661
1496
1268
1094
837
510
234
-57
-281
-549
-869
-1020
-1187
-1362
-1474
-1589
-1595
-1647
-1882
-2234
-2634
-2921
-3197
-3603
-4091
-4592
-4902
-5015
-5002
-4914
-4744
-4376
-3883
-3298
-2685
-2101
-1366
-655
-120
393
849
1351
1890
2266
2583
2907
3248
3590
3872
4133
4329
4467
4506
4399
4218
3947
3557
3063
2482
1796
1124
574
8
-542
-1045
-1491
-1789
-2014
-2208
-2320
-2412
-2418
-2388
-2414
-2381
-2355
-2249
-2057
-1931
-1699
-1361
-961
-449
17
562
1145
1648
2157
2529
2850
3138
3275
3294
3201
3079
2933
2782
2612
2372
2172
2028
1878
1741
1591
1370
1148
931
659
362
26
-295
-602
-918
-1112
-1298
-1447
-1508
-1658
-1715
-1701
-1833
-1985
-2348
-2761
-3038
-3396
-3755
-4258
-4735
-4910
-4994
-4953
-4809
-4587
-4134
-3564
-2945
-2347
-1713
-964
-312
242
715
1133
1622
2046
2430
2764
3024
3364
3685
3973
4203
4339
4454
4438
4294
4029
3677
3321
2848
2223
1504
841
257
-305
-847
-1339
-1716
-1934
-2120
-2265
-2321
-2394
-2348
-2314
-2348
-2258
-2179
-2067
-1892
-1748
-1468
-1104
-696
-218
240
784
1371
1909
2358
2727
3036
3221
3295
3258
3175
3036
2781
2578
2389
2180
2042
1858
1695
1549
1364
1210
1003
788
502
189
-44
-374
-683
-934
-1172
-1291
-1441
-1594
-1647
-1700
-1690
-1781
-2085
-2439
-2785
-3042
-3373
-3903
-4386
-4762
-4940
-4936
-4926
-4797
-4492
-3979
-3402
-2872
-2228
-1547
-821
-153
341
813
1265
1789
2246
2532
2822
3098
3431
3787
4000
4207
4384
4426
4425
4263
3963
3636
3209
2633
2001
1330
702
152
-436
-955
-1410
-1740
-1935
-2109
-2218
-2229
-2250
-2255
-2257
-2304
-2199
-2070
-1992
-1854
-1714
-1420
-1018
-668
-175
348
880
1466
1927
2387
2794
3044
3188
3230
3178
3049
2902
2739
2545
2310
2103
1965
1831
1686
1535
1391
1256
1013
735
503
169
-185
-518
-847
-1038
-1273
-1424
-1452
-1592
-1646
-1658
-1700
-1725
-2050
-2477
-2737
-3069
-3399
-3933
-4503
-4793
-5003
-5015
-4919
-4775
-4387
-3941
-3392
-2719
-2091
-1425
-727
-70
456
849
1286
1751
2180
2501
2714
3039
3407
3750
4001
4161
4401
4507
4431
4262
3985
3660
3216
2655
2042
1371
694
100
-421
-931
-1403
-1729
-1893
-1995
-2128
-2195
-2151
-2161
-2191
-2241
-2210
-2046
-1981
-1932
-1804
-1571
-1146
-733
-279
311
838
1408
1958
2371
2759
3039
3201
3257
3160
3014
2845
2686
2496
2195
1973
1870
1749
1638
1505
1369
1250
1067
803
505
185
-158
-476
-801
-1096
-1303
-1424
-1479
-1547
-1636
-1609
-1524
-1501
-1730
-2138
-2478
-2742
-3079
-3571
-4176
-4640
-4812
-4906
-4889
-4783
-4536
-4080
-3547
-2959
-2350
-1726
-980
-270
236
628
1026
1526
2004
2295
2476
2723
3113
3483
3743
3988
4234
4416
4411
4298
4120
3839
3467
2949
2337
1667
1007
423
-99
-612
-1125
-1520
-1775
-1915
-2065
-2191
-2141
-2073
-2087
-2156
-2216
-2132
-2010
-1950
-1843
-1668
-1385
-990
-556
-26
542
1069
1608
2101
2518
2842
3057
3170
3165
3010
2854
2711
2458
2245
2058
1877
1763
1638
1532
1436
1322
1148
922
701
423
87
-264
-577
-856
-1133
-1297
-1378
-1420
-1448
-1492
-1415
-1335
-1409
-1678
-2086
-2394
-2672
-3132
-3620
-4194
-4654
-4826
-4921
-4843
-4733
-4464
-3923
-3405
-2814
-2184
-1530
-778
-222
225
643
1047
1549
1908
2159
2425
2688
3067
3419
3698
3969
4146
4301
4342
4214
4017
3728
3354
2824
2150
1524
939
354
-173
-720
-1179
-1427
-1610
-1757
-1862
-1931
-1912
-1898
-1979
-2011
-2021
-2031
-1964
-1942
-1867
-1683
-1431
-1007
-603
-107
480
969
1552
2077
2447
2766
2936
3001
2962
2795
2650
2444
2220
2057
1888
1766
1655
1605
1541
1421
1358
1166
960
742
421
171
-180
-524
-768
-1047
-1170
-1258
-1317
-1323
-1392
-1317
-1256
-1305
-1525
-1976
-2332
-2655
-3051
-3558
-4205
-4616
-4789
-4864
-4845
-4778
-4402
-3881
-3402
-2793
-2190
-1501
-775
-221
279
658
1049
1524
1875
2139
2329
2577
2996
3350
3589
3810
4107
4332
4307
4201
4015
3790
3466
2843
2194
1594
995
449
-114
-650
-1095
-1365
-1529
-1678
-1840
-1901
-1835
-1801
-1850
-1966
-2021
-1931
-1869
-1890
-1826
-1636
-1336
-991
-605
-114
412
931
1429
1886
2303
2577
2721
2805
2756
2650
2524
2339
2165
1976
1776
1697
1660
1529
1422
1341
1236
1102
878
649
442
167
-133
-435
-715
-893
-1045
-1119
-1167
-1256
-1258
-1205
-1164
-1254
-1547
-1961
-2309
-2616
-3053
-3620
-4193
-4553
-4718
-4783
-4844
-4741
-4357
-3915
-3385
-2823
-2274
-1562
-842
-297
145
524
968
1499
1905
2111
2326
2666
3053
3432
3679
3857
4115
4308
4311
4186
3983
3765
3422
2872
2225
1632
1130
597
56
-464
-912
-1161
-1360
-1623
-1773
-1818
-1831
-1819
-1989
-2153
-2075
-2021
-2015
-2008
-1954
-1696
-1349
-1000
-617
-148
387
877
1350
1758
2073
2359
2525
2596
2613
2542
2476
2377
2210
2024
1927
1870
1735
1636
1556
1437
1344
1157
919
691
423
190
-73
-349
-578
-816
-954
-1016
-1105
-1191
-1261
-1257
-1253
-1440
-1851
-2230
-2507
-2840
-3289
-3926
-4433
-4599
-4735
-4791
-4784
-4630
-4170
-3702
-3243
-2689
-2043
-1352
-725
-222
231
653
1105
1593
1964
2184
2416
2835
3239
3515
3745
3981
4236
4329
4257
4095
3940
3725
3244
2645
2094
1537
997
487
-31
-503
-897
-1222
-1450
-1600
-1779
-1857
-1843
-1928
-2057
-2132
-2075
-1979
-2005
-2053
-1931
-1638
-1305
-991
-634
-159
336
795
1275
1747
2096
2320
2471
2523
2547
2533
2449
2319
2154
2040
1953
1887
1811
1694
1591
1502
1353
1175
1004
766
521
249
-87
-397
-636
-835
-987
-1046
-1146
-1235
-1215
-1288
-1351
-1586
-2065
-2351
-2674
-3050
-3454
-4118
-4485
-4579
-4736
-4758
-4759
-4531
-4048
-3590
-3078
-2492
-1806
-1140
-578
-33
419
926
1416
1803
2173
2356
2631
3048
3358
3624
3758
3961
4250
4251
4147
4023
3820
3566
3075
2484
1957
1414
918
392
-169
-658
-1055
-1329
-1538
-1703
-1890
-1991
-2031
-2149
-2193
-2175
-2117
-2041
-2086
-2030
-1765
-1526
-1209
-838
-455
51
511
926
1370
1760
2095
2295
2424
2512
2574
2605
2511
2391
2220
2096
2039
1931
1841
1680
1528
1486
1302
1036
824
581
351
63
-257
-468
-642
-829
-965
-1080
-1216
-1262
-1300
-1389
-1519
-1925
-2318
-2512
-2826
-3215
-3777
-4279
-4425
-4555
-4621
-4604
-4496
-4103
-3671
-3209
-2660
-2085
-1372
-756
-257
217
650
1171
1595
1936
2222
2410
2778
3155
3435
3682
3792
3991
4138
4058
3943
3763
3567
3230
2676
2116
1595
1138
632
101
-359
-774
-1107
-1377
-1567
-1724
-1831
-1881
-2035
-2153
-2148
-2113
-2063
-2101
-2076
-1897
-1666
-1344
-1049
-708
-239
200
667
1102
1512
1891
2142
2342
2431
2473
2537
2502
2437
2324
2171
2137
2056
1929
1787
1609
1511
1357
1155
944
726
519
207
-118
-383
-620
-766
-976
-1119
-1170
-1313
-1296
-1331
-1554
-1804
-2154
-2460
-2676
-3041
-3559
-4023
-4328
-4436
-4470
-4602
-4523
-4178
-3774
-3303
-2828
-2232
-1542
-916
-374
126
583
1055
1512
1880
2132
2360
2678
3018
3330
3499
3637
3870
4026
4047
3881
3690
3570
3228
2790
2294
1762
1316
792
254
-209
-674
-1039
-1275
-1501
-1693
-1843
-1953
-2008
-2076
-2137
-2113
-2082
-2068
-2019
-1929
-1675
-1355
-1116
-783
-376
76
537
920
1331
1717
2021
2208
2328
2448
2526
2536
2443
2322
2226
2111
2028
1935
1759
1630
1511
1335
1128
907
725
507
250
-36
-299
-484
-691
-873
-963
-1082
-1231
-1297
-1322
-1481
-1807
-2175
-2482
-2631
-2976
-3585
-4017
-4234
-4293
-4397
-4531
-4374
-4042
-3669
-3243
-2763
-2156
-1525
-969
-408
50
500
1027
1491
1869
2110
2353
2717
3082
3317
3465
3645
3849
3989
3952
3801
3716
3543
3130
2646
2164
1729
1293
733
215
-190
-606
-979
-1271
-1515
-1725
-1897
-2035
-2093
-2178
-2248
-2157
-2074
-2039
-2006
-1879
-1557
-1241
-1013
-667
-257
160
583
925
1335
1753
1987
2137
2305
2409
2423
2460
2408
2281
2183
2076
2035
1910
1710
1597
1455
1294
1090
829
624
432
180
-129
-380
-507
-682
-856
-936
-1035
-1134
-1188
-1329
-1581
-1899
-2258
-2495
-2728
-3231
-3766
-4095
-4217
-4253
-4396
-4409
-4151
-3783
-3388
-2988
-2455
-1806
-1213
-700
-235
235
728
1185
1615
1927
2117
2424
2819
3160
3346
3454
3681
3888
3956
3846
3702
3648
3364
2889
2406
1945
1564
1027
436
-46
-467
-821
-1181
-1440
-1617
-1803
-1937
-2039
-2110
-2170
-2187
-2140
-2074
-2027
-1955
-1705
-1410
-1132
-820
-496
-51
396
761
1126
1478
1814
2053
2131
2214
2318
2376
2343
2217
2140
2069
1986
1892
1758
1625
1501
1339
1167
955
747
582
293
15
-204
-411
-554
-723
-849
-948
-1057
-1073
-1191
-1435
-1729
-2053
-2297
-2533
-2992
-3564
-3949
-4159
-4232
-4288
-4334
-4170
-3847
-3457
-2990
-2477
-1900
-1318
-789
-324
145
664
1141
1523
1820
2057
2347
2693
3002
3245
3381
3548
3715
3799
3772
3630
3521
3302
2924
2515
1989
1516
1086
569
59
-445
-861
-1177
-1447
-1619
-1786
-1963
-2043
-2087
-2079
-2031
-1946
-1841
-1808
-1721
-1506
-1252
-971
-724
-474
-122
253
605
955
1291
1572
1817
1989
2075
2213
2257
2185
2118
2018
1978
1913
1747
1614
1475
1322
1160
977
827
651
488
299
68
-98
-258
-386
-484
-619
-744
-898
-974
-1117
-1462
-1751
-2038
-2321
-2630
-3154
-3598
-3814
-3926
-3930
-4035
-4046
-3829
-3519
-3111
-2747
-2306
-1745
-1218
-750
-370
90
619
1013
1375
1680
1967
2323
2676
3009
3210
3346
3540
3646
3683
3609
3470
3316
2984
2586
2147
1706
1300
825
357
-41
-432
-768
-1014
-1289
-1534
-1683
-1843
-1914
-1982
-2102
-2066
-1977
-1883
-1797
-1684
-1392
-1101
-861
-538
-206
167
508
777
1108
1410
1610
1727
1848
1971
2002
1993
1955
1958
1939
1810
1768
1685
1505
1383
1239
1095
923
700
497
281
94
-102
-254
-358
-550
-621
-665
-781
-808
-955
-1197
-1451
-1766
-1993
-2243
-2679
-3198
-3522
-3640
-3699
-3745
-3836
-3704
-3396
-3146
-2779
-2300
-1780
-1268
-915
-546
-72
387
814
1174
1433
1673
1968
2342
2698
2935
3099
3272
3453
3480
3398
3347
3285
3069
2598
2117
1785
1429
979
458
-22
-394
-768
-1061
-1256
-1427
-1589
-1788
-1890
-1878
-1885
-1840
-1719
-1663
-1620
-1507
-1272
-927
-670
-502
-226
124
421
729
1002
1276
1535
1640
1716
1858
1953
1962
1890
1821
1792
1705
1578
1461
1332
1205
1041
870
721
538
374
229
59
-130
-282
-358
-423
-538
-621
-690
-722
-757
-1029
-1370
-1586
-1754
-1927
-2320
-2868
-3174
-3278
-3353
-3421
-3508
-3437
-3167
-2933
-2703
-2290
-1796
-1370
-990
-645
-274
163
542
906
1238
1422
1671
2062
2435
2687
2806
3006
3254
3308
3241
3192
3175
2987
2556
2096
1737
1425
1034
565
127
-208
-550
-871
-1091
-1297
-1460
-1567
-1680
-1759
-1830
-1829
-1685
-1645
-1628
-1515
-1312
-982
-749
-527
-200
114
447
742
1029
1316
1467
1573
1677
1756
1817
1793
1767
1702
1574
1546
1508
1438
1322
1128
1020
913
725
506
322
175
6
-192
-358
-454
-543
-593
-663
-740
-734
-764
-991
-1268
-1451
-1583
-1718
-2109
-2633
-2885
-3005
-3110
-3201
-3328
-3210
-2955
-2801
-2509
-2089
-1613
-1169
-868
-533
-142
270
609
891
1172
1322
1539
1880
2180
2430
2566
2731
2935
2991
2967
2961
3001
2812
2360
2000
1666
1337
933
416
43
-347
-719
-968
-1210
-1367
-1579
-1680
-1623
-1705
-1698
-1557
-1415
-1262
-1252
-1164
-861
-616
-465
-281
23
284
518
773
990
1269
1390
1446
1626
1710
1749
1710
1677
1696
1541
1432
1348
1184
1053
866
737
584
345
160
13
-39
-172
-362
-399
-453
-505
-603
-677
-623
-649
-787
-1116
-1353
-1382
-1523
-1699
-2209
-2677
-2662
-2773
-2870
-2950
-3020
-2736
-2492
-2332
-2040
-1682
-1239
-949
-708
-397
-56
324
555
833
1069
1194
1527
1849
2095
2290
2423
2698
2808
2764
2762
2762
2741
2403
1991
1732
1399
1086
671
252
-46
-419
-677
-841
-1030
-1211
-1381
-1395
-1430
-1510
-1471
-1358
-1174
-1183
-1163
-895
-659
-433
-290
-90
224
435
654
859
1089
1307
1350
1461
1548
1564
1598
1536
1486
1371
1224
1188
1099
1008
829
619
542
361
192
77
-72
-161
-332
-459
-479
-550
-588
-677
-717
-654
-782
-1085
-1291
-1365
-1438
-1622
-2055
-2418
-2472
-2563
-2684
-2746
-2754
-2558
-2423
-2272
-1938
-1589
-1215
-925
-663
-333
-12
295
588
839
995
1143
1448
1755
1961
2093
2227
2439
2508
2479
2508
2561
2490
2180
1895
1645
1346
1028
597
251
-66
-411
-648
-864
-1035
-1196
-1245
-1218
-1266
-1238
-1165
-995
-808
-832
-768
-530
-328
-191
-73
134
343
461
605
798
1031
1195
1250
1352
1422
1483
1514
1468
1437
1279
1116
1015
874
737
517
373
246
24
-79
-145
-214
-296
-427
-478
-497
-538
-597
-660
-689
-761
-976
-1212
-1381
-1532
-1700
-1947
-2234
-2423
-2515
-2528
-2447
-2406
-2252
-2023
-1867
-1606
-1278
-984
-714
-489
-286
-55
209
461
692
866
954
1140
1415
1647
1851
2009
2167
2273
2277
2264
2210
2099
1903
1624
1322
984
689
438
128
-123
-388
-610
-707
-833
-895
-941
-945
-923
-957
-935
-842
-703
-608
-572
-443
-257
-102
64
229
414
567
721
892
1040
1231
1289
1319
1397
1361
1331
1307
1224
1131
999
862
726
587
470
286
143
10
-130
-186
-272
-350
-459
-569
-601
-658
-695
-749
-801
-828
-993
-1127
-1196
-1326
-1431
-1574
-1775
-1908
-1976
-1984
-1962
-1942
-1893
-1775
-1597
-1389
-1141
-908
-671
-436
-276
-85
99
273
500
664
765
867
1056
1260
1396
1505
1604
1670
1721
1699
1665
1637
1465
1253
1056
856
650
425
228
43
-187
-364
-495
-563
-598
-661
-666
-649
-629
-609
-528
-412
-356
-286
-189
-28
107
204
368
502
620
709
830
966
1064
1146
1118
1141
1186
1149
1145
1083
967
884
740
624
533
378
260
125
7
-80
-227
-327
-386
-471
-562
-668
-713
-759
-829
-853
-940
-988
-1061
-1210
-1264
-1380
-1508
-1587
-1754
-1823
-1805
-1767
-1669
-1637
-1529
-1304
-1115
-885
-634
-411
-216
-65
111
277
435
536
627
757
822
904
1036
1141
1221
1253
1270
1316
1317
1299
1219
1107
988
767
553
369
203
36
-165
-321
-434
-498
-532
-552
-560
-567
-518
-453
-408
-317
-179
-88
-42
79
239
361
444
537
663
751
821
939
1043
1127
1141
1139
1169
1155
1140
1096
999
877
726
593
498
354
219
79
-52
-128
-259
-362
-456
-560
-565
-600
-706
-772
-828
-861
-879
-963
-1045
-1057
-1057
-1116
-1214
-1242
-1245
-1283
-1325
-1356
-1309
-1219
-1156
-1087
-1013
-880
-694
-512
-354
-211
-82
51
188
267
324
419
520
588
615
645
700
743
756
737
745
774
762
697
624
569
504
375
253
184
85
20
-65
-178
-211
-235
-270
-258
-227
-199
-130
-46
34
80
136
250
356
416
478
565
665
720
721
759
823
878
885
885
950
948
901
882
823
763
675
595
513
382
285
209
93
-29
-136
-213
-268
-368
-447
-481
-526
-596
-650
-722
-749
-738
-809
-838
-864
-909
-914
-942
-958
-1002
-1043
-998
-976
-972
-985
-979
-908
-838
-812
-741
-614
-511
-415
-305
-170
-55
23
97
160
227
288
354
401
426
466
492
515
536
522
500
469
416
380
357
326
274
240
178
111
46
-12
-15
-66
-85
-74
-73
-50
-43
5
59
93
167
224
315
417
476
548
616
692
739
727
735
783
827
796
774
790
750
728
713
649
609
541
447
400
320
208
129
37
-59
-148
-218
-263
-326
-390
-452
-487
-536
-618
-674
-666
-652
-681
-685
-671
-638
-631
-669
-662
-600
-584
-602
-596
-590
-607
-586
-556
-596
-594
-586
-574
-505
-455
-388
-346
-311
-232
-192
-125
-18
37
69
95
123
152
193
191
174
207
188
181
192
189
224
217
184
185
172
166
164
155
119
94
105
83
73
97
76
91
148
166
217
255
328
453
489
492
517
572
649
677
675
708
705
654
618
595
594
604
551
492
491
439
387
334
266
236
169
93
31
-53
-102
-158
-220
-257
-314
-342
-356
-386
-415
-457
-490
-488
-484
-463
-447
-442
-438
-467
-500
-497
-470
-461
-432
-411
-411
-390
-407
-408
-416
-438
-411
-409
-397
-363
-343
-327
-322
-304
-300
-290
-227
-173
-139
-96
-75
-73
-58
-50
-60
-70
-37
-13
-25
-9
-20
-19
0
12
39
71
120
167
196
227
256
246
272
331
351
372
422
439
449
444
445
489
512
551
583
594
608
588
543
549
548
487
415
388
369
316
298
283
257
258
217
199
222
185
131
97
57
15
-17
-51
-69
-74
-119
-160
-182
-238
-243
-245
-279
-274
-283
-286
-299
-337
-364
-368
-379
-407
-403
-377
-396
-406
-396
-410
-398
-406
-421
-403
-387
-397
-392
-395
-375
-349
-356
-332
-314
-308
-285
-258
-255
-233
-218
-205
-169
-149
-112
-120
-91
-56
-71
-44
-32
-45
-15
32
65
100
122
165
201
206
214
237
273
315
348
371
393
410
429
443
477
486
482
495
494
484
463
454
450
417
405
391
347
347
330
278
246
226
205
203
215
197
171
151
142
124
92
76
52
20
2
4
-7
-28
-51
-99
-130
-159
-147
-152
-186
-176
-206
-240
-239
-284
-333
-323
-327
-356
-373
-360
-337
-346
-375
-377
-362
-355
-322
-321
-350
-309
-283
-294
-286
-293
-289
-256
-246
-235
-204
-187
-147
-118
-118
-107
-120
-118
-82
-103
-123
-114
-105
-92
-108
-126
-89
-53
-46
-4
21
46
59
63
105
146
187
227
266
275
284
310
313
321
370
407
423
434
431
430
415
394
384
392
384
358
353
329
293
269
248
211
186
175
199
204
179
158
133
148
132
103
106
89
42
24
33
11
-18
-65
-91
-74
-88
-114
-128
-127
-143
-198
-236
-255
-267
-278
-317
-335
-338
-353
-351
-374
-412
-413
-392
-334
-282
-268
-240
-229
-223
-194
-173
-162
-152
-130
-113
-90
-66
-51
-45
-52
-40
-56
-56
-23
-31
-35
-23
-42
-80
-89
-118
-114
-94
-121
-110
-100
-104
-38
-33
-71
-3
19
26
86
107
141
165
170
218
241
245
265
275
288
300
321
314
315
332
301
276
287
276
269
259
218
201
201
233
241
204
195
190
178
184
181
163
150
129
121
120
105
73
39
0
-28
-56
-91
-70
-73
-104
-107
-154
-186
-200
-226
-245
-278
-284
-267
-290
-276
-267
-299
-290
-310
-308
-246
-226
-218
-181
-161
-127
-102
-98
-64
-40
-48
-33
-21
-29
5
-5
-39
-39
-43
-32
-15
-41
-53
-56
-72
-58
-84
-117
-98
-109
-117
-105
-139
-126
-106
-110
-66
-61
-62
-18
9
7
42
85
103
130
147
161
186
206
199
207
226
235
257
265
266
275
264
266
278
293
299
267
247
253
229
180
171
171
163
146
101
105
115
84
53
13
22
30
-26
-28
-23
-65
-114
-148
-136
-135
-192
-211
-170
-165
-202
-202
-191
-209
-208
-211
-192
-166
-165
-147
-124
-116
-103
-99
-93
-77
-72
-49
-28
-24
-1
12
-4
-6
-13
-1
5
-8
-9
-48
-67
-52
-79
-95
-118
-141
-145
-154
-146
-143
-163
-160
-139
-110
-76
-78
-89
-71
-50
-33
-5
24
71
75
67
108
133
153
151
147
173
183
186
224
237
224
218
208
226
234
215
206
212
232
218
183
182
167
144
132
106
96
95
93
87
77
57
10
-22
-24
-36
-69
-89
-102
-119
-131
-150
-156
-140
-155
-167
-158
-162
-162
-161
-144
-129
-138
-122
-107
-97
-79
-85
-67
-30
-24
-14
-5
-5
3
17
14
-3
8
20
32
43
24
-12
-20
-24
-58
-74
-72
-75
-67
-73
-99
-115
-134
-168
-166
-148
-159
-161
-149
-134
-106
-87
-82
-53
-33
-49
-30
26
37
49
76
80
118
169
180
190
183
187
214
216
227
228
242
260
254
246
218
206
183
168
182
157
140
132
93
77
67
39
18
-18
-22
-3
-22
-27
-42
-80
-92
-122
-144
-133
-131
-140
-166
-154
-136
-151
-127
-113
-120
-110
-96
-77
-75
-72
-68
-43
-6
-1
11
17
21
39
23
15
16
-4
-8
1
-9
-1
7
-41
-54
-21
-40
-69
-86
-95
-79
-74
-94
-107
-98
-91
-93
-91
-114
-120
-90
-104
-123
-96
-75
-57
-51
-53
-19
-6
-20
4
42
59
86
92
98
130
141
137
147
168
177
182
218
219
213
213
192
184
191
192
179
173
139
123
111
95
75
34
24
24
9
-8
-41
-56
-50
-86
-127
-117
-114
-127
-136
-144
-121
-117
-135
-134
-114
-84
-105
-94
-74
-69
-28
-36
-25
-4
1
26
32
35
49
17
31
57
35
52
43
21
27
17
20
36
2
-7
-24
-42
-23
-63
-83
-77
-92
-99
-116
-121
-109
-124
-136
-144
-148
-143
-126
-117
-135
-99
-89
-98
-80
-65
-50
-36
-9
14
43
57
65
90
115
124
157
181
156
172
192
199
215
217
227
252
229
203
220
229
189
134
143
155
106
76
65
47
28
-4
-39
-75
-99
-119
-141
-142
-124
-147
-174
-158
-159
-179
-185
-167
-143
-124
-128
-106
-58
-58
-56
-35
-31
-22
-1
9
16
17
25
31
37
62
50
69
89
45
39
53
34
30
42
37
31
10
-4
3
-23
-20
-4
-62
-68
-63
-99
-82
-109
-123
-119
-168
-150
-134
-163
-147
-143
-144
-120
-98
-74
-65
-52
-25
-5
14
44
89
116
131
161
179
176
189
211
229
242
222
235
246
217
203
189
182
166
139
129
136
119
70
40
29
7
-7
-7
-33
-53
-66
-105
-120
-129
-155
-151
-163
-157
-121
-130
-164
-149
-125
-153
-155
-120
-96
-89
-80
-74
-38
-7
-23
-12
-2
26
51
37
48
49
60
66
25
50
58
31
50
37
20
40
38
15
5
-21
-4
2
-24
-21
-42
-43
-65
-102
-80
-62
-120
-144
-122
-126
-115
-140
-155
-106
-85
-90
-60
-42
-50
-31
-18
-27
18
47
53
98
89
93
137
151
157
167
180
196
204
197
194
205
209
212
197
179
156
147
139
122
102
73
59
40
25
-10
-25
-44
-80
-102
-133
-149
-165
-149
-152
-164
-153
-179
-182
-167
-177
-160
-126
-114
-81
-52
-65
-52
-24
-8
-6
4
54
79
73
65
78
94
100
80
88
126
96
90
99
72
48
17
-19
-21
-14
-36
-54
-84
-74
-70
-110
-107
-108
-121
-121
-133
-126
-120
-139
-137
-128
-118
-107
-101
-68
-73
-88
-50
-16
19
22
-2
25
47
34
77
126
121
137
157
140
157
182
174
197
212
194
200
204
192
175
163
144
109
110
101
68
37
26
3
-27
-51
-55
-67
-104
-112
-111
-124
-139
-146
-153
-143
-144
-154
-148
-118
-111
-112
-69
-56
-67
-45
-46
-47
-21
-7
-11
-14
6
38
61
65
66
74
73
62
60
64
62
65
60
52
49
31
18
22
36
33
6
-18
-53
-47
-44
-47
-44
-59
-65
-89
-115
-108
-107
-118
-123
-136
-111
-96
-70
-61
-101
-80
-66
-62
-22
-8
-12
14
36
46
56
75
83
87
107
151
181
179
185
177
178
175
168
175
171
171
173
160
126
98
73
49
26
-17
-38
-28
-39
-83
-102
-107
-110
-114
-129
-138
-139
-146
-131
-123
-130
-105
-116
-129
-95
-81
-68
-32
-32
-36
-28
-19
4
26
52
49
55
65
57
65
55
37
72
81
51
61
54
52
50
24
18
12
19
18
8
9
-10
-34
-38
-42
-41
-54
-78
-75
-61
-58
-86
-99
-80
-83
-101
-97
-89
-84
-67
-60
-44
-30
-49
-36
4
-3
14
51
56
68
70
78
104
112
132
134
119
133
134
128
121
114
106
113
121
88
75
67
60
70
49
11
3
5
-12
-12
-32
-59
-70
-103
-104
-89
-96
-86
-85
-89
-94
-96
-81
-97
-101
-71
-70
-63
-43
-43
-26
-1
-23
-30
13
26
26
48
59
43
35
37
35
26
24
40
39
32
19
13
29
19
12
6
3
6
2
1
-16
-30
-29
-40
-55
-66
-70
-51
-26
-31
-43
-42
-64
-74
-62
-75
-65
-47
-24
-15
-13
1
1
2
-15
1
32
47
79
87
106
118
96
97
109
113
106
104
112
115
115
109
93
70
56
45
54
59
25
11
-6
-21
-21
-32
-27
-27
-56
-78
-85
-110
-94
-99
-116
-91
-72
-65
-84
-78
-68
-87
-79
-82
-63
-27
-40
-47
-28
1
14
-6
-11
16
46
50
35
49
74
49
29
41
51
64
51
36
34
15
-2
2
3
1
20
21
-2
-15
-25
-31
-12
-9
-31
-19
-17
-25
-30
-54
-66
-62
-67
-56
-33
-19
-34
-54
-48
-62
-52
-37
-14
8
11
14
29
43
22
40
70
57
71
108
94
112
130
99
116
108
68
75
73
71
80
41
21
22
20
4
-10
-2
-25
-45
-44
-38
-37
-31
-39
-45
-50
-70
-76
-74
-56
-50
-45
-38
-39
-28
-21
-36
-38
-26
-24
-27
-43
-25
5
15
14
-10
-14
7
-5
9
39
28
25
-4
-10
20
10
10
41
39
35
15
-11
-1
-4
-4
3
-2
4
20
13
-13
-23
-40
-43
-32
-49
-59
-37
-31
-45
-59
-82
-71
-36
-49
-49
5
8
-6
7
-3
7
33
32
46
72
53
67
81
55
76
107
106
99
75
57
61
49
44
39
24
19
22
11
5
12
9
-1
-23
-22
-7
-14
-24
-21
-10
-23
-50
-58
-42
-35
-57
-66
-50
-49
-44
-14
-16
-41
-37
-48
-44
-19
-34
-52
-39
-30
-12
-4
-11
3
8
2
15
36
28
17
27
23
35
51
43
40
38
37
33
17
-4
-6
10
9
-2
3
15
13
-8
-32
-51
-60
-51
-30
-36
-41
-46
-59
-56
-67
-48
-26
-13
17
17
19
29
18
32
34
16
52
84
82
75
63
65
54
53
66
58
48
56
66
61
41
-6
-11
8
-6
-1
-9
-23
5
8
-19
-19
-8
-16
-21
-25
-22
5
-11
-51
-50
-62
-73
-53
-50
-43
-34
-51
-39
-36
-65
-73
-53
-32
-39
-42
-20
1
4
-12
-21
-12
-12
-14
-2
28
62
54
56
68
55
16
4
33
26
21
46
41
31
39
35
28
10
-19
-23
-7
-9
-16
-18
-35
-41
-56
-67
-49
-54
-72
-68
-57
-43
-43
-39
-11
-4
0
9
36
37
10
26
60
82
76
66
97
116
74
64
77
61
59
62
65
80
73
35
16
26
-2
-18
12
20
15
-2
-2
5
-12
-40
-41
-20
-34
-50
-54
-42
-46
-73
-69
-53
-56
-63
-70
-54
-32
-62
-76
-50
-30
-25
-15
3
-2
-24
-11
2
1
12
20
24
39
56
48
27
18
24
30
18
21
29
27
34
18
-17
-28
-23
-14
-17
-20
0
-3
-35
-50
-63
-63
-38
-33
-23
-8
-15
-20
-27
-46
-44
-31
-16
10
12
10
31
41
5
-16
15
19
41
66
81
96
64
45
46
34
38
60
55
51
62
51
27
10
10
0
0
13
12
25
20
13
16
-13
-19
-10
-13
-12
-23
-38
-47
-35
-17
-20
-28
-33
-44
-52
-54
-47
-44
-45
-29
-33
-42
-13
2
-11
-18
-23
-5
9
6
21
35
24
39
67
42
9
15
24
25
34
28
13
31
39
14
-9
-3
8
-2
0
6
5
-17
-50
-53
-51
-49
-44
-60
-54
-38
-43
-47
-67
-54
-32
-56
-36
-3
-8
5
11
23
27
18
42
47
34
53
51
51
69
44
44
65
67
62
42
37
49
49
19
10
36
27
7
3
-7
-13
-20
-16
