-1
-4
-2
-1
0
1
-1
2
-1
-2
4
0
-1
0
-3
1
-1
-4
1
2
1
0
3
4
-3
-3
2
0
-5
-5
7
5
-6
-1
4
6
-6
-10
14
2
-11
1
-8
-1
-4
-17
0
9
1
18
1
-9
35
-3
-21
21
-4
10
11
-11
9
14
7
3
-7
-27
15
31
-4
1
-10
2
6
-26
-7
9
-43
-40
-22
-49
1
-1
-43
-73
-82
86
127
-29
-29
66
91
47
10
46
68
-14
-19
37
0
2
-15
-39
-23
-31
8
2
-32
17
12
-37
11
1
-54
-22
-25
-29
-41
2
47
-18
-22
35
38
-9
1
30
19
-18
18
63
11
26
-2
-34
3
-11
30
-7
-49
15
-10
-9
-18
-12
9
-34
22
-37
-98
25
34
-76
-48
34
47
14
-34
79
112
-5
18
68
49
-1
-14
3
-21
-13
23
-25
-67
15
3
-53
-45
1
72
-47
-98
20
-14
-44
11
-13
-19
-8
-10
14
-10
26
77
16
23
82
11
-27
34
34
0
-29
-27
32
-26
-67
40
17
-30
-28
-27
28
-42
-61
27
-16
-31
-28
-47
34
45
-11
10
28
54
59
8
48
39
9
53
3
-25
-14
-16
-25
-27
0
-9
-19
-43
-3
10
-34
-8
-11
-6
1
-11
21
11
-42
38
36
-13
29
11
18
19
13
25
-22
17
2
-70
-11
-13
-7
-37
-51
35
20
-5
-6
-2
19
-11
9
26
-28
-10
32
7
-4
-14
-2
34
-18
11
56
-8
-29
-2
-29
-39
-1
-5
-3
-18
38
41
-55
24
26
-20
34
-18
18
23
-37
19
-15
-13
16
-34
3
40
-45
-33
44
1
11
-35
-38
62
0
-27
29
33
-8
-42
24
38
-20
3
21
-31
-17
13
3
28
-7
-7
31
3
-26
-98
-38
41
-10
-8
-23
15
7
-61
0
55
-4
-10
67
45
9
5
56
59
-36
-24
4
-4
-7
-31
39
20
-75
-27
30
41
-16
-61
-10
23
8
-41
-47
23
-8
-51
-22
-8
8
-5
29
94
40
15
27
13
22
-5
-14
-4
12
12
5
18
5
-13
-33
-42
-5
-15
-43
-35
-14
24
2
-24
-24
-26
4
15
-4
5
9
21
45
49
31
5
4
-8
-4
5
-5
-19
9
29
-11
-11
1
-26
-48
-52
-49
-52
-41
-24
-16
-10
-20
-28
16
41
26
28
21
23
64
57
39
30
16
16
12
17
4
-1
10
1
-29
-40
-12
-4
-25
-25
11
13
-13
-15
4
7
-18
2
42
32
14
19
42
46
45
55
46
52
41
24
44
56
48
16
14
37
36
1
-31
-9
1
-37
-38
24
26
-35
-52
-44
-39
-28
-42
-47
-34
-41
-41
-35
-37
-28
-35
-43
-45
-31
-21
-42
-50
-71
-74
-47
-38
-43
-58
-73
-60
-55
-56
-28
-12
-12
-16
-3
14
31
46
47
66
93
104
100
106
117
129
122
113
124
134
131
133
130
103
83
71
77
89
83
60
46
61
67
49
14
4
24
36
33
21
12
18
10
-8
11
12
-4
-2
3
9
7
-13
-28
-2
26
21
-7
-27
-53
-91
-86
-81
-96
-95
-119
-134
-105
-77
-57
-75
-100
-68
25
12
-267
-588
-696
-732
-782
-864
-934
-822
-817
-941
-913
-773
-610
-645
-780
-689
-454
-224
-114
-16
198
239
192
316
535
725
779
749
802
879
925
964
945
863
750
659
619
600
585
512
409
366
363
376
380
328
222
148
158
235
281
318
374
405
394
384
458
533
554
547
528
545
520
456
393
293
242
196
121
83
69
21
-75
-220
-357
-391
-357
-320
-294
-265
-265
-270
-247
-246
-262
-275
-252
-183
-141
-151
-158
-138
-118
-162
-277
-324
-283
-334
-421
-460
-469
-505
-540
-525
-487
-566
-1137
-1871
-2158
-2096
-1798
-1824
-2206
-2272
-2119
-1905
-1774
-1659
-1388
-1269
-1350
-1172
-608
56
376
462
676
863
1024
1242
1561
1946
2038
1947
2084
2281
2312
2130
1875
1662
1408
1132
885
760
600
326
161
57
-24
-70
-120
-152
-222
-273
-179
18
190
230
232
357
525
643
743
877
1071
1173
1103
1062
1111
1114
1037
925
825
781
695
501
349
196
-24
-214
-338
-358
-342
-327
-320
-326
-360
-463
-468
-401
-397
-373
-318
-215
-149
-218
-272
-245
-175
-223
-330
-395
-387
-326
-420
-618
-707
-677
-761
-903
-998
-986
-886
-850
-880
-859
-1009
-1529
-2147
-2540
-2394
-1902
-1698
-1917
-2166
-2051
-1608
-1418
-1533
-1545
-1410
-1129
-848
-544
-24
508
800
823
748
846
1202
1624
1930
2050
2144
2358
2528
2529
2367
2146
1916
1647
1393
1221
1110
953
655
318
70
-69
-165
-259
-371
-502
-552
-448
-268
-91
71
151
204
332
545
700
810
961
1014
957
933
1049
1183
1200
1053
813
732
803
795
634
407
111
-26
-44
-162
-183
-298
-420
-284
-270
-451
-666
-729
-577
-523
-517
-543
-648
-661
-588
-490
-645
-931
-909
-686
-655
-883
-980
-871
-723
-731
-815
-820
-788
-671
-594
-545
-509
-516
-439
-283
-175
-145
-70
-32
-99
-247
-414
-351
-213
-207
-257
-363
-426
-416
-372
-379
-456
-565
-646
-640
-591
-439
-327
-239
-156
-157
-81
-7
75
190
218
266
393
540
698
810
828
790
723
685
676
675
711
751
739
708
765
815
729
604
520
468
436
435
459
497
515
470
425
409
380
343
326
319
299
264
265
305
340
349
333
290
212
197
188
122
111
148
164
126
45
14
43
11
-51
-96
-133
-171
-216
-241
-220
-169
-170
-223
-248
-261
-270
-306
-360
-353
-334
-355
-362
-337
-346
-367
-392
-446
-474
-489
-503
-496
-501
-482
-466
-482
-494
-492
-456
-449
-427
-388
-346
-264
-257
-261
-217
-210
-200
-191
-154
-102
-83
-83
-83
-62
-93
-125
-157
-191
-213
-233
-223
-220
-183
-172
-200
-216
-209
-164
-125
-136
-134
-51
7
30
51
93
189
241
229
260
305
331
395
425
435
472
495
506
541
560
523
505
511
512
529
554
588
607
579
559
561
566
560
546
540
520
491
481
474
465
461
430
402
365
308
272
232
203
160
98
64
21
-6
-27
-69
-101
-165
-223
-248
-282
-288
-322
-349
-350
-384
-393
-398
-432
-472
-472
-460
-460
-463
-466
-456
-450
-471
-467
-421
-436
-437
-385
-354
-323
-303
-287
-255
-227
-173
-162
-160
-115
-66
-38
-69
-67
-54
-75
-103
-112
-83
-106
-147
-179
-235
-284
-319
-325
-351
-381
-416
-425
-380
-354
-343
-356
-350
-306
-275
-228
-200
-143
-57
7
58
74
115
168
198
228
284
365
430
437
433
472
532
551
522
511
537
577
569
568
582
592
585
550
561
560
557
524
478
462
453
430
396
373
335
265
218
218
170
150
136
100
86
61
47
46
19
-21
0
12
-26
-63
-33
-24
-80
-106
-119
-111
-117
-146
-139
-120
-139
-176
-195
-206
-222
-238
-275
-287
-270
-290
-304
-304
-345
-371
-369
-371
-370
-383
-395
-383
-376
-349
-317
-294
-261
-253
-255
-244
-228
-205
-155
-118
-109
-104
-83
-94
-99
-76
-73
-60
-69
-114
-131
-101
-115
-129
-117
-147
-180
-189
-200
-206
-201
-187
-155
-122
-129
-146
-123
-105
-88
-62
-46
-17
0
13
50
74
103
169
202
171
92
66
242
491
524
307
196
360
511
519
460
388
396
515
572
531
501
481
509
521
451
403
405
404
409
379
320
282
250
233
213
148
75
54
67
86
55
-13
-43
-45
-54
-95
-127
-127
-140
-159
-160
-162
-168
-183
-206
-219
-211
-188
-203
-234
-222
-215
-228
-241
-270
-289
-290
-420
-659
-434
147
171
-442
-781
-247
369
248
-252
-414
-138
91
140
26
-132
-81
50
83
25
-8
112
187
60
-113
-177
-143
-89
-107
-224
-250
-223
-265
-357
-413
-325
-322
-437
-478
-442
-424
-405
-328
-269
-255
-324
-334
-215
-148
-104
-61
28
131
119
106
149
309
392
242
134
155
325
401
336
379
466
457
170
62
309
545
543
243
252
473
490
449
445
541
433
165
164
270
336
356
269
290
249
101
221
382
373
319
143
21
41
-48
-26
-30
-215
-110
13
-51
15
-83
-132
19
-172
-152
22
-85
41
-49
-124
144
-76
-127
135
-132
-174
38
-109
-24
-47
-221
84
-56
-373
-150
-135
-92
-52
-282
-139
-66
-152
-8
-15
66
125
41
156
141
101
189
6
-286
-476
-582
-462
-391
-527
-631
-694
-801
-954
-1059
-1072
-1058
-1060
-1146
-1159
-1022
-809
-664
-630
-583
-580
-453
-239
-52
211
418
630
736
684
771
937
1019
1085
1110
1006
993
1072
1068
1066
991
856
752
581
442
409
403
337
180
10
-47
-26
-51
-113
-218
-250
-208
-258
-267
-229
-180
-181
-213
-237
-319
-230
-16
150
121
-28
-8
106
219
286
184
98
327
689
804
687
608
619
661
643
548
649
706
626
654
476
250
306
151
-68
-155
-263
-159
-225
-331
-288
-368
-398
-454
-441
-375
-446
-381
-277
-308
-191
-73
-87
49
139
129
31
-331
-713
-965
-1054
-1055
-1163
-1324
-1397
-1516
-1721
-1906
-1966
-1910
-1942
-1984
-1887
-1698
-1465
-1235
-1090
-854
-636
-442
-132
199
606
984
1234
1421
1606
1838
2048
2180
2258
2248
2177
2079
1957
1865
1719
1532
1422
1266
1031
728
468
283
96
-182
-471
-580
-646
-792
-1028
-1220
-1243
-1192
-1135
-1038
-865
-681
-605
-503
-313
-73
221
429
625
834
926
984
1098
1163
1176
1200
1200
1197
1316
1355
1234
1187
1083
873
673
534
502
423
136
-115
-137
-285
-505
-550
-672
-675
-646
-788
-732
-722
-756
-673
-697
-571
-380
-312
-231
-297
-311
-120
-24
63
57
-181
-543
-1051
-1434
-1420
-1324
-1342
-1597
-1925
-2037
-2183
-2388
-2455
-2325
-2118
-1995
-2025
-2003
-1677
-1213
-942
-872
-728
-381
55
477
849
1258
1627
1799
1857
1991
2294
2649
2868
2809
2597
2435
2336
2221
2089
1945
1859
1741
1402
963
594
278
43
-215
-547
-744
-872
-1055
-1266
-1506
-1645
-1650
-1679
-1625
-1364
-1065
-826
-723
-617
-315
23
365
741
1087
1326
1404
1405
1485
1632
1689
1694
1757
1835
1863
1752
1548
1375
1183
949
772
660
561
395
171
-122
-502
-726
-815
-798
-790
-936
-980
-942
-958
-989
-996
-875
-709
-574
-516
-407
-228
-81
9
-87
-370
-839
-1366
-1619
-1528
-1499
-1636
-1979
-2358
-2557
-2673
-2687
-2553
-2443
-2443
-2526
-2512
-2192
-1705
-1306
-1135
-913
-581
-231
175
622
1110
1553
1764
1921
2203
2562
2910
3085
3038
2878
2742
2631
2543
2483
2373
2138
1820
1463
1179
927
612
241
-150
-509
-782
-944
-1116
-1283
-1423
-1552
-1608
-1726
-1902
-1858
-1534
-1080
-786
-746
-643
-312
111
519
918
1316
1575
1610
1626
1764
1955
2057
2071
2058
2114
2145
2031
1867
1700
1441
1150
967
850
747
523
119
-274
-532
-735
-859
-918
-985
-1028
-1058
-1063
-1047
-998
-933
-822
-660
-593
-505
-314
-79
86
-30
-649
-1677
-2421
-2387
-1832
-1440
-1720
-2382
-2951
-3300
-3440
-3368
-3001
-2562
-2485
-2709
-2802
-2511
-1876
-1353
-1086
-787
-359
169
689
1122
1557
1941
2186
2390
2703
3167
3563
3677
3470
3072
2757
2626
2645
2670
2524
2176
1749
1295
806
379
82
-185
-504
-844
-1178
-1399
-1540
-1744
-1937
-2003
-1935
-1725
-1456
-1183
-982
-896
-807
-511
-21
489
896
1148
1349
1555
1709
1849
2021
2225
2271
2170
2167
2221
2288
2242
1993
1721
1421
1134
936
814
712
432
48
-291
-579
-738
-817
-895
-908
-929
-997
-1033
-1082
-1074
-941
-831
-702
-669
-623
-358
-125
-100
-622
-1750
-2711
-2969
-2335
-1469
-1486
-2386
-3449
-3970
-3706
-3218
-2905
-2622
-2625
-2831
-3030
-2941
-2183
-1225
-692
-547
-553
-189
569
1191
1577
1864
2148
2553
2971
3303
3630
3722
3473
3035
2702
2724
2962
3004
2699
2140
1588
1177
870
622
366
90
-244
-747
-1242
-1449
-1547
-1680
-1804
-1872
-1762
-1569
-1425
-1295
-1164
-1005
-844
-582
-75
476
821
1025
1166
1375
1658
1863
2016
2152
2230
2173
2078
2127
2263
2272
2086
1739
1423
1240
1120
1002
812
539
200
-114
-389
-605
-658
-707
-764
-787
-881
-1021
-1073
-1039
-1051
-864
-680
-614
-569
-467
-309
-133
-380
-1624
-2946
-3348
-2616
-1417
-1304
-2464
-3636
-4163
-3940
-3380
-3015
-2688
-2455
-2845
-3471
-3434
-2485
-1276
-700
-750
-713
-187
520
940
1246
1730
2251
2739
3041
3281
3603
3753
3486
3056
2902
3091
3319
3184
2665
2058
1708
1495
1233
895
487
140
-248
-785
-1197
-1357
-1452
-1588
-1791
-1963
-1893
-1746
-1673
-1536
-1317
-1073
-837
-585
-243
190
493
687
1041
1452
1740
1908
1930
2000
2151
2156
2152
2314
2481
2483
2242
1884
1664
1523
1376
1221
992
778
509
125
-220
-421
-558
-646
-758
-860
-846
-1008
-1167
-1168
-1189
-928
-733
-748
-594
-560
-478
-462
-979
-2060
-3089
-3051
-1948
-1122
-1612
-3134
-4256
-4081
-3305
-2852
-2774
-2737
-2680
-3008
-3588
-3232
-1918
-832
-752
-1137
-971
-133
654
910
1066
1573
2244
2719
2997
3255
3412
3363
3099
2858
3073
3426
3507
3144
2358
1757
1617
1713
1633
1181
581
137
-251
-737
-1064
-1151
-1215
-1411
-1741
-1949
-1800
-1675
-1732
-1678
-1456
-1117
-867
-762
-492
-59
241
457
851
1339
1588
1580
1616
1839
2201
2388
2350
2429
2539
2408
2149
1952
1925
2006
1854
1470
1147
868
581
273
28
-76
-218
-459
-734
-888
-1000
-1098
-1104
-1068
-1036
-969
-933
-967
-793
-779
-1016
-1228
-1788
-2588
-2924
-2524
-1765
-1570
-2617
-3843
-4039
-3380
-2690
-2563
-2770
-2863
-2892
-3148
-3149
-2314
-1190
-716
-917
-1033
-557
347
841
948
1269
1879
2517
2890
3003
3051
3138
3068
2991
3034
3261
3364
3080
2526
1982
1822
1936
1892
1399
700
182
-52
-336
-705
-869
-942
-1221
-1673
-1976
-1874
-1593
-1570
-1684
-1581
-1306
-1110
-1026
-848
-470
-55
236
508
882
1192
1235
1205
1431
1924
2349
2467
2387
2310
2272
2182
2115
2167
2227
2062
1723
1376
1138
967
716
484
276
25
-177
-343
-504
-656
-808
-920
-986
-1009
-952
-919
-917
-932
-1064
-1247
-1469
-2096
-3105
-3408
-2515
-1510
-1676
-3161
-4431
-4183
-3116
-2442
-2559
-2930
-2881
-2805
-3082
-2976
-2010
-833
-507
-1038
-1149
-274
747
1076
929
1217
2084
2723
2845
2764
2849
3067
3017
2842
2987
3372
3355
2740
2008
1777
1977
2148
1888
1118
417
68
-94
-276
-519
-730
-1005
-1442
-1770
-1716
-1482
-1405
-1641
-1816
-1565
-1248
-1081
-1024
-884
-493
-99
134
466
883
1032
928
954
1374
2003
2359
2246
2113
2165
2220
2199
2127
2154
2198
2009
1629
1335
1219
1129
867
545
372
268
92
-196
-483
-637
-589
-589
-742
-795
-779
-769
-775
-967
-1148
-1304
-1731
-2487
-3206
-3041
-2058
-1577
-2469
-4053
-4609
-3641
-2510
-2397
-2998
-3285
-3045
-2910
-3074
-2626
-1350
-507
-809
-1310
-866
298
1008
907
935
1683
2603
2886
2660
2659
2960
3120
3020
2986
3236
3365
2938
2230
1834
2025
2267
2028
1421
708
206
25
-130
-328
-531
-814
-1212
-1650
-1766
-1581
-1426
-1530
-1783
-1711
-1373
-1190
-1179
-1084
-729
-321
-32
185
455
771
820
729
1016
1648
2137
2163
1953
1951
2183
2303
2179
2118
2195
2137
1903
1616
1448
1378
1149
764
536
431
335
105
-176
-353
-437
-513
-686
-692
-730
-720
-703
-924
-1246
-1432
-1529
-2191
-3136
-3304
-2421
-1558
-2131
-3733
-4609
-3974
-2787
-2393
-2947
-3393
-3068
-2851
-3106
-2919
-1777
-628
-664
-1319
-1136
36
952
927
819
1526
2508
2916
2618
2441
2816
3216
3151
3005
3247
3450
3114
2326
1938
2114
2336
2162
1508
800
363
161
-62
-332
-554
-764
-1120
-1581
-1750
-1623
-1502
-1598
-1811
-1757
-1439
-1247
-1290
-1276
-938
-435
-98
62
294
616
693
660
965
1582
2074
2090
1790
1761
2089
2315
2257
2154
2154
2119
1901
1640
1556
1526
1328
958
670
577
491
279
-50
-261
-327
-383
-515
-632
-638
-539
-558
-988
-1430
-1496
-1409
-1930
-3040
-3432
-2638
-1719
-2097
-3643
-4572
-3971
-2844
-2524
-3106
-3429
-2933
-2708
-3053
-2955
-1890
-695
-642
-1303
-1140
9
935
944
763
1419
2533
2946
2608
2376
2800
3248
3153
2986
3212
3469
3140
2399
1964
2121
2359
2123
1438
841
525
274
-43
-392
-613
-752
-1096
-1538
-1714
-1592
-1543
-1747
-1926
-1783
-1422
-1259
-1407
-1424
-1065
-517
-172
-46
196
512
653
644
834
1418
1994
2017
1739
1713
2013
2326
2286
2111
2136
2128
1964
1676
1519
1570
1482
1109
757
610
550
336
42
-60
-102
-215
-440
-656
-519
-291
-475
-1053
-1588
-1427
-1246
-2156
-3250
-3229
-2201
-1666
-2765
-4277
-4366
-3229
-2554
-3069
-3737
-3362
-2587
-2698
-3274
-2893
-1483
-637
-1149
-1554
-698
579
942
503
677
1918
2867
2713
2270
2471
3164
3398
3003
2882
3287
3501
2997
2287
2211
2519
2479
1791
1010
716
699
505
-44
-626
-765
-785
-1165
-1709
-1834
-1563
-1498
-1780
-2029
-1782
-1396
-1446
-1600
-1336
-744
-387
-395
-344
101
634
734
674
1019
1620
1907
1785
1693
2012
2386
2323
2087
2111
2328
2308
1920
1555
1521
1653
1479
1011
719
672
499
207
-23
-4
17
-281
-620
-703
-455
-331
-746
-1411
-1541
-1449
-2064
-3023
-3130
-2289
-1774
-2615
-4087
-4475
-3472
-2494
-2763
-3698
-3779
-2927
-2538
-2986
-3060
-1971
-893
-1000
-1526
-1066
249
962
596
505
1553
2752
2959
2304
2194
2978
3627
3363
2878
3034
3385
3188
2420
2142
2500
2620
2038
1156
710
721
635
155
-359
-506
-558
-989
-1580
-1825
-1632
-1444
-1646
-1875
-1748
-1538
-1564
-1707
-1491
-875
-409
-396
-480
-173
339
575
610
887
1456
1802
1661
1458
1674
2171
2370
2180
2044
2130
2203
2002
1639
1554
1693
1602
1219
831
697
639
384
99
33
6
-213
-468
-714
-671
-336
-480
-1088
-1560
-1666
-1905
-2643
-3046
-2558
-1875
-2198
-3529
-4421
-3917
-2738
-2423
-3141
-3636
-3216
-2681
-2839
-3014
-2266
-1174
-916
-1372
-1315
-302
613
626
486
1193
2367
2818
2356
2062
2578
3315
3454
3108
3025
3157
3041
2578
2251
2440
2611
2257
1517
947
776
664
320
-122
-349
-426
-754
-1338
-1669
-1564
-1427
-1526
-1719
-1743
-1598
-1573
-1711
-1588
-1047
-464
-285
-412
-269
138
415
519
738
1251
1749
1782
1521
1567
1985
2305
2266
2069
2077
2153
1982
1700
1557
1626
1646
1320
895
693
598
410
116
-23
22
-101
-372
-649
-721
-492
-397
-854
-1349
-1508
-1683
-2279
-2924
-2803
-2050
-1790
-2788
-4047
-4187
-3175
-2416
-2790
-3512
-3441
-2785
-2666
-3067
-2789
-1691
-996
-1199
-1453
-862
233
606
373
700
1751
2628
2572
2024
2112
2914
3427
3273
3025
3094
3145
2798
2344
2322
2653
2596
1896
1161
880
929
720
136
-345
-386
-464
-944
-1502
-1716
-1528
-1400
-1600
-1774
-1651
-1541
-1690
-1809
-1425
-740
-390
-465
-494
-138
311
496
566
927
1491
1774
1685
1544
1773
2233
2330
2148
2141
2257
2231
1952
1664
1668
1727
1542
1197
888
717
544
251
28
39
45
-152
-584
-791
-656
-418
-443
-991
-1395
-1452
-1764
-2432
-2850
-2544
-1861
-2036
-3248
-4117
-3715
-2671
-2376
-3155
-3660
-3175
-2586
-2747
-3093
-2559
-1480
-1086
-1474
-1507
-636
263
309
163
823
1933
2440
2123
1806
2253
2973
3177
2989
2903
3054
2988
2574
2319
2465
2575
2293
1725
1160
971
945
695
224
-207
-380
-532
-859
-1314
-1548
-1439
-1371
-1491
-1626
-1673
-1670
-1733
-1724
-1280
-726
-507
-563
-545
-145
307
514
664
1013
1478
1658
1541
1603
1994
2309
2310
2182
2254
2437
2333
2026
1838
1851
1841
1554
1194
1047
937
675
365
134
64
-19
-254
-545
-670
-571
-499
-761
-1281
-1551
-1548
-1866
-2579
-2911
-2518
-1948
-2275
-3441
-4078
-3526
-2671
-2585
-3227
-3523
-3027
-2652
-2855
-2933
-2237
-1322
-1156
-1458
-1247
-390
337
293
292
1080
2034
2285
1942
1808
2352
2964
3009
2842
2854
2945
2802
2418
2247
2418
2472
2127
1532
1064
920
872
578
150
-212
-416
-607
-955
-1267
-1418
-1443
-1460
-1543
-1578
-1614
-1726
-1774
-1596
-1206
-811
-619
-611
-471
-98
249
430
658
1067
1444
1566
1554
1719
2077
2308
2279
2227
2314
2414
2312
2099
2017
2049
1926
1574
1245
1063
937
725
401
142
55
-40
-258
-492
-548
-432
-460
-795
-1168
-1525
-1776
-2023
-2357
-2404
-2220
-2264
-2803
-3487
-3648
-3166
-2718
-2803
-3206
-3283
-3006
-2853
-2865
-2638
-2077
-1533
-1370
-1381
-983
-343
45
222
640
1372
1934
1984
1838
2049
2565
2917
2947
2886
2876
2805
2646
2452
2419
2459
2203
1802
1453
1134
893
631
324
69
-182
-497
-879
-1193
-1386
-1495
-1541
-1634
-1685
-1720
-1823
-1837
-1702
-1405
-1111
-951
-798
-576
-301
-26
217
481
822
1160
1392
1497
1603
1887
2163
2297
2312
2320
2417
2397
2216
2124
2173
2150
1920
1527
1244
1119
980
741
455
226
74
-57
-235
-438
-561
-516
-601
-862
-1055
-1338
-1943
-2580
-2603
-2047
-1722
-2327
-3438
-3847
-3286
-2611
-2594
-3172
-3437
-3062
-2800
-2923
-2772
-2209
-1686
-1569
-1587
-1150
-472
-141
-155
99
970
1842
2060
1839
1743
2223
2789
2958
2919
2907
2891
2727
2439
2330
2490
2466
2078
1547
1208
1091
901
472
94
-75
-286
-693
-1151
-1396
-1381
-1448
-1697
-1812
-1760
-1767
-1932
-2002
-1717
-1262
-982
-909
-870
-600
-156
51
231
625
1058
1392
1385
1353
1686
2103
2280
2286
2351
2452
2448
2310
2162
2187
2280
2103
1744
1454
1262
1128
879
604
442
253
68
-161
-359
-432
-468
-515
-761
-1093
-1283
-1696
-2303
-2474
-2277
-2038
-2205
-2930
-3542
-3476
-2971
-2650
-2834
-3181
-3169
-2946
-2866
-2740
-2360
-1851
-1598
-1549
-1246
-740
-313
-101
172
784
1487
1870
1901
1917
2160
2563
2851
2890
2864
2805
2642
2506
2456
2520
2446
2095
1676
1284
1006
796
550
264
7
-288
-695
-1140
-1404
-1448
-1455
-1631
-1876
-1900
-1824
-1851
-1942
-1840
-1477
-1086
-881
-794
-627
-327
-34
206
531
986
1353
1422
1424
1622
1991
2297
2361
2364
2457
2470
2352
2214
2202
2242
2165
1894
1562
1357
1225
997
672
463
354
183
-62
-244
-395
-501
-552
-711
-1085
-1418
-1743
-2193
-2399
-2365
-2263
-2327
-2897
-3462
-3460
-3108
-2784
-2870
-3209
-3207
-2930
-2761
-2636
-2365
-1843
-1483
-1438
-1249
-777
-241
101
296
795
1469
1828
1885
1879
2127
2576
2860
2931
2873
2760
2620
2483
2415
2465
2429
2128
1678
1272
1039
840
614
320
-27
-300
-576
-987
-1350
-1522
-1491
-1484
-1760
-2013
-2000
-1920
-1920
-1936
-1728
-1257
-893
-809
-726
-463
-136
141
418
730
1121
1445
1510
1577
1863
2155
2299
2294
2294
2458
2505
2339
2200
2184
2160
1961
1676
1454
1277
1111
821
469
284
204
71
-91
-335
-508
-530
-632
-1057
-1496
-1703
-1967
-2164
-2277
-2353
-2386
-2758
-3274
-3388
-3107
-2735
-2730
-3113
-3264
-2900
-2569
-2531
-2419
-1994
-1516
-1252
-1122
-847
-358
57
309
739
1338
1754
1891
1883
2027
2457
2788
2776
2692
2663
2578
2467
2390
2345
2254
2009
1638
1310
1052
792
555
314
45
-245
-545
-914
-1258
-1461
-1522
-1504
-1615
-1881
-2001
-1970
-1861
-1728
-1625
-1393
-1053
-895
-762
-478
-185
93
341
577
904
1281
1490
1596
1763
2068
2349
2319
2235
2322
2385
2399
2332
2221
2167
1963
1663
1487
1357
1190
950
631
366
190
107
-3
-231
-393
-484
-559
-954
-1444
-1643
-1921
-2169
-2175
-2226
-2330
-2704
-3225
-3342
-3004
-2638
-2689
-3035
-3178
-2919
-2614
-2532
-2411
-1939
-1493
-1338
-1264
-943
-409
15
251
636
1211
1641
1779
1789
1955
2370
2744
2746
2618
2558
2499
2443
2358
2317
2237
2005
1652
1250
972
798
632
310
25
-195
-509
-877
-1167
-1359
-1455
-1451
-1519
-1774
-2006
-1955
-1780
-1647
-1535
-1327
-1081
-955
-833
-514
-148
130
364
580
820
1120
1377
1488
1663
1982
2187
2198
2192
2254
2361
2366
2289
2270
2234
1949
1625
1532
1440
1236
953
600
371
233
100
-3
-149
-290
-415
-540
-909
-1265
-1478
-1893
-2168
-2030
-1927
-2107
-2735
-3318
-3260
-2862
-2598
-2679
-2985
-3118
-2899
-2704
-2634
-2362
-1867
-1578
-1518
-1362
-957
-469
-125
83
558
1205
1571
1652
1696
1932
2359
2643
2679
2621
2580
2523
2418
2394
2394
2315
2083
1716
1335
1037
868
760
484
108
-237
-501
-754
-1071
-1387
-1479
-1381
-1403
-1701
-2061
-2085
-1892
-1692
-1542
-1408
-1183
-1022
-936
-654
-284
31
313
475
684
1012
1273
1425
1614
1918
2119
2122
2068
2139
2307
2338
2255
2214
2119
1862
1610
1499
1476
1395
1103
716
416
246
178
100
-45
-159
-318
-480
-788
-1177
-1319
-1706
-2137
-2174
-2058
-1931
-2346
-3144
-3395
-3032
-2467
-2347
-2802
-3111
-2977
-2713
-2563
-2402
-1945
-1487
-1434
-1442
-1117
-550
-97
107
441
1001
1443
1633
1664
1785
2176
2610
2731
2607
2504
2422
2415
2371
2344
2354
2171
1796
1312
967
877
824
557
172
-151
-397
-701
-1125
-1384
-1345
-1290
-1356
-1677
-1951
-1928
-1848
-1731
-1565
-1374
-1154
-1030
-987
-737
-314
-6
154
321
619
938
1135
1269
1513
1833
2050
2073
1969
1971
2126
2226
2236
2234
2114
1860
1556
1374
1408
1403
1161
779
467
298
157
50
-73
-106
-200
-358
-620
-1045
-1200
-1627
-2153
-1927
-1598
-1620
-2361
-3373
-3382
-2683
-2145
-2327
-2904
-3085
-2846
-2676
-2629
-2373
-1786
-1441
-1579
-1543
-1051
-508
-275
-210
269
1063
1507
1374
1227
1545
2080
2526
2634
2498
2452
2311
2143
2177
2366
2487
2246
1767
1247
1027
1012
892
601
354
69
-234
-584
-1071
-1238
-1138
-1167
-1304
-1531
-1782
-1886
-1920
-1835
-1498
-1190
-1097
-1103
-1088
-814
-361
-20
145
378
643
811
965
1163
1494
1839
1945
1916
1972
2026
2047
2088
2178
2225
2120
1868
1548
1332
1355
1302
1085
838
539
309
95
-14
-78
-102
-191
-330
-567
-1011
-1312
-1742
-2070
-1748
-1489
-1720
-2489
-3256
-3176
-2552
-2100
-2174
-2587
-2901
-2944
-2790
-2483
-2039
-1611
-1526
-1639
-1471
-1037
-697
-479
-139
442
1015
1254
1196
1211
1487
1881
2286
2544
2481
2258
2003
1966
2153
2326
2351
2072
1634
1251
999
902
882
700
397
116
-189
-559
-954
-1135
-1035
-989
-1141
-1361
-1550
-1714
-1787
-1673
-1304
-932
-871
-1048
-1067
-748
-335
5
264
470
644
746
844
1114
1533
1798
1827
1812
1860
1890
1923
1973
2043
2095
1962
1710
1425
1226
1217
1198
1076
827
482
215
14
-25
-17
-47
-170
-359
-649
-1008
-1297
-1770
-1981
-1597
-1338
-1632
-2547
-3264
-2978
-2277
-1950
-2244
-2607
-2657
-2583
-2557
-2431
-1990
-1491
-1447
-1548
-1332
-871
-526
-450
-193
458
1043
1152
999
1076
1461
1854
2169
2216
2180
2128
1851
1771
1980
2181
2207
1913
1448
1071
877
813
700
458
263
117
-142
-614
-1047
-1041
-859
-838
-1046
-1282
-1380
-1509
-1618
-1447
-1013
-717
-753
-927
-898
-475
-85
14
189
511
723
794
833
1060
1480
1707
1691
1687
1734
1742
1710
1768
1884
1901
1789
1518
1233
1143
1171
1122
960
677
467
288
40
-12
30
-25
-133
-381
-680
-992
-1580
-1887
-1512
-1161
-1373
-2272
-3027
-2811
-2209
-1928
-2206
-2525
-2440
-2344
-2468
-2488
-2055
-1469
-1375
-1536
-1348
-873
-569
-598
-343
367
933
1045
872
877
1257
1620
1833
2011
2045
1952
1738
1592
1698
1919
1993
1753
1388
1033
809
705
526
379
329
199
-170
-687
-951
-903
-838
-866
-971
-1122
-1215
-1283
-1398
-1294
-909
-646
-659
-720
-643
-359
-49
73
240
546
679
693
832
1066
1352
1547
1615
1659
1648
1581
1571
1643
1723
1767
1681
1445
1200
1075
1051
996
879
732
555
342
167
131
117
74
-106
-355
-583
-1202
-1830
-1652
-1070
-885
-1653
-2711
-2828
-2230
-1840
-2081
-2462
-2369
-2191
-2367
-2573
-2172
-1429
-1306
-1602
-1513
-950
-528
-618
-655
-36
715
975
803
752
1090
1429
1615
1786
1930
1974
1688
1417
1514
1703
1830
1696
1310
1026
815
593
532
384
206
42
-266
-516
-702
-811
-859
-957
-988
-989
-985
-1083
-1283
-1260
-963
-667
-575
-623
-569
-356
-138
53
270
502
634
645
731
950
1244
1489
1495
1455
1520
1604
1582
1484
1510
1581
1579
1408
1205
1039
917
850
781
738
637
397
153
73
36
20
-86
-176
-376
-1201
-1868
-1554
-830
-685
-1671
-2711
-2625
-1858
-1560
-2009
-2346
-2091
-1820
-2039
-2231
-1781
-1238
-1318
-1566
-1202
-478
-328
-665
-610
102
807
907
686
745
1042
1230
1401
1633
1801
1711
1363
1207
1313
1457
1477
1330
1093
785
556
516
397
192
-19
-214
-251
-429
-745
-897
-915
-824
-759
-820
-879
-964
-1092
-1047
-691
-364
-326
-423
-412
-194
63
204
332
555
722
738
726
870
1115
1272
1324
1315
1374
1369
1230
1238
1306
1318
1257
1113
1008
922
783
644
638
667
544
339
143
10
-40
-91
-62
-80
-686
-1527
-1565
-930
-575
-1185
-2220
-2405
-1817
-1423
-1678
-2104
-2055
-1833
-1889
-1980
-1666
-1136
-1148
-1465
-1265
-602
-243
-456
-566
-54
636
842
716
731
933
1105
1253
1480
1606
1571
1344
1149
1235
1388
1370
1222
959
643
489
425
383
156
-143
-226
-245
-409
-719
-881
-808
-708
-727
-795
-712
-680
-904
-989
-703
-318
-181
-332
-343
-55
170
187
269
528
709
702
675
814
1057
1203
1156
1108
1144
1174
1088
973
1035
1148
1123
956
776
679
596
529
524
545
464
223
72
25
15
-4
-45
-43
-647
-1493
-1399
-701
-331
-1031
-2141
-2307
-1697
-1243
-1523
-1929
-1780
-1622
-1732
-1860
-1572
-994
-1078
-1388
-1056
-447
-161
-435
-541
40
620
784
683
717
922
1006
1204
1477
1590
1559
1223
1016
1120
1215
1290
1171
908
567
352
405
339
47
-185
-264
-204
-347
-723
-832
-776
-742
-705
-708
-624
-655
-936
-964
-610
-181
-121
-315
-264
-20
187
222
310
636
763
661
613
768
1082
1203
1123
1070
1111
1085
945
889
974
1029
926
761
641
566
470
347
341
465
410
158
-4
-82
-60
2
-35
54
-450
-1419
-1419
-757
-253
-738
-1849
-2112
-1622
-1175
-1333
-1715
-1597
-1507
-1655
-1738
-1468
-881
-962
-1328
-1036
-461
-179
-430
-522
21
510
707
675
708
886
848
1001
1366
1491
1468
1152
954
1099
1147
1119
988
897
702
413
329
208
35
-143
-268
-198
-356
-694
-807
-735
-616
-621
-697
-650
-663
-764
-795
-586
-203
-111
-223
-224
-35
237
270
311
606
779
710
608
740
1026
1161
1101
1045
1122
1119
904
762
862
993
934
666
491
461
382
288
244
335
289
41
-112
-168
-105
-62
-199
-100
-304
-1136
-1356
-879
-344
-530
-1491
-1941
-1612
-1136
-1138
-1445
-1424
-1418
-1503
-1562
-1375
-850
-842
-1166
-964
-471
-161
-364
-553
-86
413
654
680
706
865
793
827
1213
1417
1372
1131
947
1024
1077
1099
995
853
653
288
214
228
68
-14
-138
-234
-425
-705
-733
-679
-567
-571
-705
-628
-614
-648
-705
-615
-218
-136
-255
-171
-11
209
269
308
563
681
640
589
675
936
1071
1032
940
911
949
828
720
851
942
810
555
435
393
326
294
217
220
177
2
-143
-209
-197
-138
-193
-193
-199
-767
-1300
-1075
-506
-282
-897
-1575
-1555
-1239
-1053
-1166
-1113
-986
-1159
-1304
-1223
-828
-541
-795
-817
-413
-117
-192
-394
-137
251
453
590
610
688
609
516
902
1165
1084
974
820
824
800
727
793
771
645
345
165
172
62
-14
-123
-144
-149
-464
-674
-612
-431
-384
-585
-595
-463
-517
-612
-536
-280
-115
-197
-213
-72
153
261
249
402
576
619
537
523
722
878
918
862
801
831
693
575
709
802
783
644
478
443
320
212
190
197
208
53
-98
-195
-263
-259
-271
-239
-184
-342
-697
-977
-900
-593
-491
-712
-1008
-1115
-1094
-1023
-902
-848
-823
-888
-965
-856
-670
-516
-544
-520
-316
-183
-133
-159
-84
119
271
396
458
457
407
417
634
791
749
644
539
506
458
453
577
613
444
214
158
173
93
-16
-91
-9
2
-221
-375
-357
-296
-272
-278
-266
-285
-384
-432
-319
-94
31
-28
-87
-15
101
178
243
350
461
460
381
434
534
574
602
659
696
618
524
497
562
628
585
508
478
376
274
263
275
303
186
24
-20
-75
-95
-117
-127
-17
17
-182
-438
-584
-680
-568
-397
-438
-652
-963
-1045
-918
-815
-771
-843
-902
-929
-989
-967
-844
-678
-584
-599
-540
-396
-359
-320
-155
39
193
270
309
318
357
496
622
716
721
664
638
604
622
635
667
692
549
378
333
320
199
68
77
75
-18
-160
-253
-237
-232
-233
-220
-280
-332
-357
-355
-284
-133
-63
-132
-174
-119
8
125
232
307
340
309
292
413
495
542
618
614
559
478
437
487
523
506
488
440
362
275
219
223
242
241
149
46
-22
-123
-130
-95
-44
-57
-162
-183
-286
-417
-423
-478
-507
-522
-525
-581
-803
-925
-858
-700
-673
-803
-845
-878
-859
-734
-662
-553
-516
-549
-446
-326
-216
-106
-27
98
177
223
274
319
419
482
542
644
665
613
523
516
576
561
553
511
448
348
232
236
173
57
42
22
1
-76
-196
-217
-215
-226
-225
-250
-281
-289
-277
-242
-125
-51
-82
-100
-80
9
79
168
281
282
283
313
356
430
477
493
546
547
503
493
475
464
453
456
415
345
305
229
192
196
150
114
52
-21
-20
-57
-122
-174
-177
-169
-197
-236
-372
-411
-316
-390
-571
-603
-559
-528
-587
-699
-699
-661
-677
-690
-657
-649
-635
-589
-542
-420
-335
-370
-338
-248
-132
-48
-13
68
144
195
254
313
348
330
386
472
485
497
464
465
467
412
395
372
322
256
182
103
60
26
-15
-66
-126
-141
-209
-235
-187
-195
-230
-229
-210
-170
-131
-122
-82
-38
-5
57
110
110
138
207
255
291
345
407
433
432
462
484
469
478
494
500
462
381
395
395
328
293
233
180
140
100
94
49
-29
-51
-87
-130
-176
-235
-247
-234
-226
-248
-258
-307
-385
-380
-316
-282
-433
-551
-495
-395
-370
-469
-503
-511
-493
-439
-444
-420
-385
-366
-300
-284
-272
-237
-217
-159
-116
-52
-39
-16
47
55
162
232
186
187
216
260
265
240
270
269
236
223
200
166
133
121
95
20
15
18
-27
-44
-47
-57
-128
-103
-35
-55
-38
-53
-66
-35
1
68
95
125
171
173
227
253
237
286
313
382
419
390
409
374
348
437
474
443
398
309
283
294
260
217
200
172
131
121
93
23
-57
-77
-97
-109
-143
-200
-203
-213
-238
-222
-215
-261
-272
-275
-316
-320
-260
-229
-222
-276
-420
-434
-305
-243
-295
-340
-334
-305
-314
-326
-284
-288
-330
-346
-327
-257
-200
-202
-172
-145
-183
-161
-104
-63
-19
20
52
79
78
74
125
136
150
165
141
151
166
159
160
123
66
81
88
72
43
27
28
37
34
25
21
7
16
19
63
140
115
88
130
158
219
259
284
317
317
316
325
353
376
398
397
395
405
366
352
336
340
353
292
245
200
182
186
129
76
57
31
-4
-48
-127
-157
-141
-139
-142
-157
-201
-252
-278
-260
-230
-243
-233
-220
-240
-284
-317
-265
-202
-197
-238
-270
-263
-277
-293
-239
-195
-224
-289
-339
-305
-267
-279
-281
-260
-266
-322
-297
-223
-179
-145
-187
-220
-136
-89
-71
-25
-40
-15
41
31
28
32
24
78
116
76
72
79
66
85
105
103
127
102
54
98
108
109
143
136
132
128
130
160
164
183
212
219
273
291
252
259
302
336
339
322
326
349
369
365
369
355
340
346
321
280
269
267
202
171
176
129
119
56
6
42
-13
-38
-33
-116
-146
-145
-179
-165
-185
-225
-202
-201
-232
-221
-197
-201
-194
-202
-206
-193
-210
-231
-192
-153
-185
-196
-225
-242
-210
-231
-240
-226
-271
-290
-289
-308
-307
-323
-293
-239
-233
-239
-264
-258
-248
-240
-194
-167
-151
-161
-158
-101
-85
-96
-95
-87
-61
-33
14
10
-1
36
56
83
77
64
95
139
159
173
194
178
160
196
231
259
276
255
252
297
340
354
368
370
346
350
380
413
415
383
410
426
394
386
348
306
311
287
265
260
202
181
172
103
74
62
9
-31
-43
-53
-82
-94
-108
-130
-127
-146
-187
-211
-212
-188
-173
-199
-214
-201
-201
-194
-180
-191
-200
-173
-180
-180
-159
-207
-203
-174
-181
-188
-200
-177
-206
-223
-194
-214
-217
-258
-278
-252
-294
-319
-281
-227
-207
-217
-235
-279
-274
-218
-202
-191
-161
-128
-110
-131
-159
-135
-86
-61
-51
-41
-35
14
41
22
37
84
103
93
103
144
170
173
193
247
281
309
349
324
311
346
364
396
406
380
372
387
408
402
418
463
431
376
353
342
362
306
241
225
187
171
151
103
97
87
38
7
-28
-54
-62
-88
-101
-113
-124
-121
-130
-132
-146
-156
-142
-159
-167
-150
-144
-132
-151
-174
-149
-139
-135
-119
-110
-122
-130
-123
-151
-173
-137
-138
-179
-159
-152
-161
-162
-202
-230
-247
-247
-235
-280
-304
-285
-275
-272
-278
-276
-279
-281
-276
-263
-243
-248
-236
-174
-173
-177
-133
-127
-110
-86
-73
-46
-16
4
24
61
103
104
149
189
165
197
248
276
296
306
314
316
342
358
377
411
384
354
358
349
324
317
315
333
336
277
244
241
254
238
180
147
157
148
109
92
92
93
68
29
31
23
-22
-38
-20
5
-24
-61
-61
-47
-33
-37
-41
-40
-30
-47
-42
-12
-15
-36
-42
-24
-35
-35
-37
-76
-76
-81
-102
-110
-142
-184
-192
-190
-206
-203
-228
-269
-270
-261
-270
-306
-348
-344
-332
-361
-362
-320
-328
-366
-373
-353
-311
-298
-290
-278
-240
-178
-154
-137
-120
-89
-44
-53
-42
25
53
72
103
128
157
164
157
196
231
250
255
242
272
303
300
303
316
293
285
305
278
283
272
213
225
228
215
235
189
162
177
149
146
156
116
134
158
112
106
126
109
102
88
89
113
86
65
75
71
71
81
82
78
69
67
53
47
58
76
72
48
29
10
-7
-27
-42
-55
-76
-99
-122
-141
-136
-162
-194
-226
-266
-256
-247
-281
-313
-315
-322
-341
-347
-328
-327
-355
-338
-308
-308
-303
-278
-264
-243
-244
-262
-216
-189
-162
-125
-119
-123
-92
-58
-53
-17
1
17
48
59
79
105
119
150
157
141
167
199
189
186
174
185
217
196
203
215
207
217
190
185
185
163
179
169
147
168
159
135
135
122
119
109
99
91
83
121
112
96
132
138
124
111
109
137
143
127
133
142
147
138
130
127
146
129
86
80
70
34
29
8
-29
-19
-37
-60
-67
-89
-122
-144
-167
-194
-196
-208
-240
-235
-239
-260
-260
-294
-311
-312
-299
-263
-254
-259
-250
-216
-206
-199
-190
-216
-201
-159
-122
-82
-90
-112
-88
-65
-58
-51
-41
-12
-12
-18
13
43
60
46
39
74
93
68
84
93
98
98
62
77
107
98
111
126
115
121
111
103
114
107
92
106
117
112
124
126
114
101
98
109
120
122
120
114
105
91
116
127
123
146
136
133
151
151
152
126
97
104
122
124
114
105
100
72
50
39
9
-1
-18
-26
-22
-32
-47
-63
-94
-110
-113
-139
-151
-176
-202
-200
-190
-190
-201
-208
-229
-252
-240
-227
-214
-193
-189
-193
-204
-190
-158
-147
-132
-118
-106
-90
-95
-73
-41
-26
-13
-18
8
13
-2
17
25
30
33
37
31
23
38
26
32
59
41
53
73
74
83
69
71
91
76
99
104
90
109
121
128
124
125
107
99
107
101
106
99
114
133
107
97
92
90
100
102
93
105
129
123
113
95
90
83
61
80
68
44
52
36
25
45
39
9
-11
-33
-28
-33
-63
-63
-57
-71
-85
-114
-126
-114
-140
-151
-139
-139
-142
-158
-170
-172
-161
-148
-149
-131
-124
-161
-157
-134
-136
-110
-101
-115
-95
-77
-82
-76
-87
-97
-74
-61
-52
-25
-35
-27
-5
-23
-27
-4
-5
5
31
31
39
56
45
61
89
72
76
73
65
82
105
129
143
140
122
124
127
123
133
140
138
132
129
139
147
136
116
96
115
121
90
80
95
82
64
56
34
48
39
37
61
39
42
33
14
34
19
6
-2
-6
21
16
-1
-24
-37
-13
-29
-62
-40
-45
-88
-92
-96
-112
-103
-119
-140
-134
-160
-163
-152
-169
-151
-155
-165
-146
-147
-149
-138
-128
-121
-118
-128
-113
-100
-95
-67
-56
-63
-71
-64
-39
-26
-44
-23
-6
-42
-23
-22
-46
6
13
14
37
11
30
55
42
59
72
73
77
81
103
111
115
144
140
134
139
124
146
157
128
137
155
142
142
131
130
124
99
108
101
101
111
89
70
65
47
46
61
54
44
43
35
19
23
16
20
27
7
22
11
-1
1
-2
-5
-15
-20
-30
-28
-43
-54
-66
-93
-77
-59
-71
-89
-97
-97
-122
-148
-124
-129
-153
-161
-167
-150
-127
-120
-128
-131
-141
-151
-151
-128
-121
-115
-94
-81
-68
-77
-71
-66
-49
-76
-103
-50
-19
-30
-36
-26
-19
-19
-16
-11
9
26
26
34
40
42
55
85
98
104
108
101
109
113
115
107
135
158
128
131
156
143
135
144
127
121
115
117
138
120
89
79
82
94
87
42
50
79
67
43
36
60
65
42
28
36
33
25
31
11
8
2
0
20
8
10
-6
-17
-12
-38
-60
-44
-43
-55
-54
-65
-54
-72
-111
-102
-109
-116
-107
-134
-145
-128
-120
-111
-124
-150
-154
-148
-141
-142
-137
-113
-120
-137
-119
-123
-115
-88
-70
-78
-89
-70
-64
-48
-24
-39
-22
-16
-31
-10
10
14
-7
-4
37
62
43
51
80
81
70
62
85
118
121
117
126
116
109
134
131
111
108
112
121
137
152
141
131
144
118
92
91
75
89
97
80
51
37
49
45
30
33
32
40
39
19
11
9
2
-10
4
3
-5
-1
-15
-9
-6
-18
-17
-6
-19
-36
-39
-44
-42
-58
-87
-79
-75
-94
-82
-76
-90
-98
-115
-105
-114
-134
-110
-103
-91
-90
-103
-86
-90
-104
-107
-107
-92
-70
-63
-61
-66
-75
-51
-37
-50
-57
-67
-52
-39
-32
-27
-31
-4
-13
-33
-5
12
29
34
22
27
60
89
95
75
71
100
79
79
108
109
123
127
117
130
130
115
100
105
106
73
89
122
112
88
74
70
56
57
53
31
45
39
5
17
19
-2
38
41
-3
-6
-3
-6
-8
-11
-18
-12
-2
-12
-7
-3
-32
-56
-65
-33
-5
-15
-9
-19
-60
-72
-79
-74
-40
-42
-75
-78
-62
-81
-90
-82
-91
-86
-77
-85
-76
-72
-100
-105
-89
-80
-48
-49
-59
-34
-42
-55
-59
-59
-51
-25
-32
-41
-19
-25
-31
-15
-11
-4
24
21
23
36
41
45
51
63
50
57
86
62
61
67
62
81
82
81
93
86
72
77
86
104
93
65
74
61
65
83
67
51
43
33
41
45
30
15
11
14
29
38
19
13
15
2
-20
-21
-9
-4
-7
-20
-28
-17
3
-15
-49
-38
-23
-28
-26
-16
0
-7
-36
-41
-35
-26
-44
-69
-39
-24
-37
-58
-76
-81
-61
-62
-65
-45
-58
-68
-74
-84
-73
-79
-94
-60
-47
-61
-44
-52
-68
-59
-49
-36
-35
-52
-35
-20
-10
-6
-7
5
-10
8
29
22
39
58
59
50
51
52
64
70
62
67
94
102
80
79
74
66
60
64
86
84
76
70
73
72
41
34
37
27
38
41
42
55
35
4
13
13
-9
-5
9
33
34
13
2
-7
3
-4
-15
-11
-24
-3
7
-10
11
-9
-28
-17
-33
-27
-22
-36
-26
-30
-36
-32
-43
-50
-42
-49
-59
-46
-31
-35
-50
-49
-44
-63
-66
-72
-77
-44
-55
-62
-44
-66
-64
-71
-107
-69
-57
-80
-51
-50
-50
-43
-42
-31
-19
-11
-14
-22
-3
5
14
51
43
35
47
57
73
71
60
73
94
