-21
-32
-25
-22
-24
-19
-18
-20
-12
-18
-20
-22
-13
3
-1
2
-9
-1
7
-5
5
3
3
13
2
-6
11
8
2
5
-1
5
5
3
11
11
21
21
12
14
18
24
30
45
70
74
64
78
86
85
93
80
66
54
36
33
7
-12
-24
-35
-33
-40
-32
-32
-27
-22
-37
-38
-37
-54
-73
-82
-80
-82
-97
-110
-125
-157
-183
-187
-202
-218
-238
-269
-269
-246
-235
-224
-183
-134
-101
-85
-49
27
72
75
76
102
129
148
148
143
188
181
151
180
212
221
207
176
132
126
134
117
109
108
92
96
111
122
142
168
155
195
251
253
294
318
325
351
340
303
297
302
302
293
267
247
253
252
205
109
96
91
39
27
7
-1
14
6
0
32
77
75
44
59
92
95
112
106
85
118
108
84
54
-2
-28
-52
-145
-252
-415
-722
-986
-1237
-1497
-1705
-1987
-2117
-2073
-2036
-1838
-1612
-1361
-997
-693
-454
-197
104
304
387
420
453
566
644
718
828
902
1060
1184
1234
1321
1318
1263
1118
836
570
326
53
-248
-475
-596
-679
-700
-644
-541
-376
-233
-117
49
158
256
311
306
358
396
422
438
470
580
676
739
799
830
846
833
727
552
435
333
144
18
-47
-83
-50
-34
-16
52
155
187
232
276
274
315
334
319
280
269
306
291
256
266
284
303
291
249
190
127
61
-30
-147
-249
-330
-435
-483
-480
-526
-580
-818
-1236
-1529
-1737
-1969
-2268
-2652
-2867
-2790
-2642
-2419
-2042
-1559
-1030
-613
-290
142
624
934
1044
996
931
1005
1049
1022
1076
1145
1248
1328
1353
1482
1608
1569
1343
993
643
325
0
-394
-776
-1042
-1176
-1212
-1150
-940
-679
-448
-174
99
330
541
639
637
569
469
411
375
371
376
428
536
613
722
874
944
921
860
727
603
464
278
112
-12
-91
-112
-101
-10
156
261
385
510
596
678
706
659
600
561
472
373
302
239
213
199
163
134
103
98
59
-45
-130
-190
-235
-268
-313
-363
-424
-494
-658
-1043
-1571
-2054
-2374
-2653
-3088
-3531
-3664
-3424
-3049
-2718
-2234
-1513
-782
-217
194
675
1200
1442
1387
1236
1204
1247
1243
1262
1288
1369
1478
1570
1731
1865
1868
1702
1341
853
321
-183
-680
-1182
-1617
-1929
-2003
-1875
-1633
-1272
-827
-362
85
470
793
1040
1114
1038
918
784
667
596
574
641
783
893
1012
1192
1327
1334
1232
1030
805
569
265
-20
-267
-439
-488
-480
-393
-192
87
390
621
782
908
997
1008
931
843
761
640
496
379
294
255
281
262
171
173
181
119
17
-125
-194
-236
-366
-491
-628
-788
-1019
-1466
-2072
-2671
-3126
-3585
-4122
-4591
-4710
-4378
-3902
-3330
-2596
-1653
-609
200
746
1361
1969
2235
2188
1990
1880
1835
1665
1464
1437
1526
1620
1716
1812
1884
1882
1678
1250
760
191
-484
-1140
-1780
-2337
-2625
-2672
-2479
-2077
-1580
-906
-169
479
1078
1522
1793
1900
1801
1604
1410
1158
926
780
727
763
811
899
1037
1153
1147
1018
843
609
299
-67
-404
-638
-785
-867
-782
-546
-219
168
546
895
1183
1420
1570
1625
1551
1400
1211
991
833
650
475
365
289
262
174
59
-5
-83
-194
-365
-506
-619
-788
-893
-1161
-1540
-1821
-2358
-2959
-3494
-4097
-4390
-4660
-5014
-4837
-4358
-3671
-2802
-2049
-1138
-74
786
1421
1971
2396
2644
2673
2475
2341
2309
2101
1893
1807
1739
1819
1857
1777
1733
1556
1194
716
135
-518
-1173
-1794
-2367
-2681
-2783
-2737
-2371
-1858
-1240
-503
209
920
1483
1883
2097
2137
2058
1779
1502
1293
1078
921
799
727
785
882
937
933
893
782
572
329
21
-279
-499
-682
-770
-728
-521
-200
156
552
951
1335
1627
1780
1849
1808
1675
1477
1239
960
733
555
382
253
150
133
89
-43
-160
-293
-416
-490
-631
-717
-961
-1454
-1914
-2566
-3267
-3917
-4656
-5072
-5376
-5678
-5480
-4990
-4187
-3094
-2112
-1099
29
1047
1789
2362
2804
3002
2988
2709
2423
2320
2106
1880
1764
1662
1704
1778
1800
1779
1582
1270
751
107
-564
-1334
-2014
-2623
-3075
-3210
-3110
-2683
-2048
-1316
-454
405
1240
1929
2400
2636
2676
2523
2163
1778
1388
1051
759
520
432
411
465
563
627
657
590
432
277
65
-195
-435
-659
-750
-707
-588
-286
146
597
1067
1476
1785
2044
2205
2182
2072
1849
1557
1261
866
552
328
91
-69
-196
-274
-282
-345
-426
-534
-600
-605
-622
-722
-1160
-1690
-2198
-2891
-3529
-4226
-4876
-5222
-5596
-5722
-5329
-4631
-3662
-2678
-1637
-476
675
1639
2288
2867
3178
3141
2971
2630
2384
2221
1927
1702
1544
1558
1699
1686
1685
1602
1329
959
380
-233
-950
-1743
-2383
-2914
-3210
-3240
-2923
-2360
-1750
-945
-35
900
1752
2320
2712
2839
2714
2493
2096
1685
1264
812
490
227
153
197
238
326
409
442
407
344
201
-10
-246
-498
-644
-665
-569
-317
23
401
819
1286
1718
2038
2245
2314
2278
2107
1809
1516
1219
841
493
173
-40
-114
-251
-375
-461
-493
-507
-556
-511
-524
-539
-656
-1198
-1754
-2437
-3182
-3801
-4631
-5295
-5730
-6014
-5796
-5273
-4442
-3385
-2338
-1145
22
1123
2049
2709
3136
3222
3148
2935
2628
2422
2115
1813
1675
1582
1631
1734
1811
1820
1624
1289
793
155
-565
-1366
-2130
-2847
-3312
-3465
-3378
-2895
-2266
-1527
-563
413
1352
2121
2639
2939
3005
2883
2523
2053
1595
1120
708
350
130
95
162
266
323
360
373
341
267
63
-228
-452
-658
-779
-715
-565
-329
70
533
998
1484
1909
2255
2454
2437
2295
2111
1838
1458
1083
706
351
70
-144
-252
-318
-381
-409
-429
-475
-496
-462
-408
-376
-663
-1221
-1760
-2514
-3244
-3923
-4811
-5427
-5870
-6169
-5880
-5271
-4436
-3338
-2296
-1161
135
1226
2092
2792
3148
3221
3158
2888
2612
2472
2165
1835
1655
1529
1649
1821
1869
1876
1688
1320
794
156
-598
-1434
-2158
-2875
-3373
-3500
-3377
-2943
-2307
-1511
-565
444
1463
2271
2862
3161
3145
3004
2657
2208
1702
1117
598
241
74
2
-36
-11
52
162
236
204
196
95
-135
-388
-621
-676
-610
-468
-259
62
546
1046
1534
1966
2274
2458
2461
2329
2152
1872
1493
1087
691
324
56
-126
-281
-365
-434
-537
-523
-525
-490
-357
-324
-372
-677
-1168
-1743
-2542
-3310
-4109
-4948
-5520
-6035
-6258
-5992
-5349
-4339
-3300
-2274
-1036
311
1446
2284
2884
3258
3405
3276
2922
2635
2418
2096
1769
1527
1518
1665
1737
1803
1791
1659
1321
718
123
-571
-1417
-2283
-3047
-3413
-3538
-3442
-3013
-2386
-1555
-581
446
1444
2299
2913
3197
3230
3054
2710
2329
1787
1184
652
237
38
-83
-101
-56
23
110
130
148
115
22
-159
-396
-624
-753
-698
-537
-299
93
560
1052
1554
1978
2336
2521
2505
2411
2253
1980
1613
1154
711
365
79
-153
-314
-380
-417
-470
-490
-443
-376
-289
-187
-278
-622
-1157
-1900
-2624
-3325
-4242
-5139
-5846
-6311
-6318
-6027
-5477
-4526
-3377
-2167
-907
291
1393
2433
3169
3423
3478
3407
3172
2902
2553
2153
1894
1762
1680
1737
1825
1851
1855
1650
1236
764
111
-693
-1521
-2378
-3094
-3533
-3743
-3636
-3270
-2709
-1825
-748
331
1335
2253
2909
3250
3383
3255
2991
2595
1977
1375
819
341
85
-141
-248
-187
-123
-39
59
140
118
2
-161
-383
-574
-641
-610
-527
-350
-21
394
904
1430
1884
2266
2480
2581
2573
2385
2125
1780
1305
851
452
114
-134
-353
-524
-631
-623
-607
-580
-446
-340
-159
-238
-673
-1072
-1788
-2574
-3288
-4287
-5075
-5863
-6512
-6469
-6173
-5502
-4576
-3575
-2253
-859
472
1559
2518
3343
3609
3633
3506
3278
3140
2662
2132
1847
1663
1670
1646
1700
1837
1810
1660
1280
853
337
-541
-1440
-2316
-3061
-3511
-3833
-3761
-3426
-2878
-2024
-1015
169
1220
2139
2890
3294
3517
3437
3186
2813
2158
1483
852
397
112
-169
-302
-342
-265
-133
-48
119
169
59
-106
-323
-466
-560
-656
-650
-490
-185
240
760
1277
1777
2189
2378
2507
2566
2426
2183
1836
1395
953
527
192
-71
-332
-511
-627
-650
-562
-474
-362
-198
-104
-178
-486
-1112
-1888
-2712
-3483
-4286
-5222
-6085
-6620
-6565
-6108
-5491
-4563
-3418
-2122
-753
497
1709
2755
3430
3732
3735
3592
3453
3203
2759
2249
1846
1627
1610
1655
1697
1790
1738
1549
1248
754
171
-597
-1527
-2440
-3221
-3698
-3892
-3831
-3561
-3029
-2150
-1076
67
1154
2093
2882
3413
3639
3569
3334
2980
2365
1610
913
423
98
-192
-398
-491
-433
-290
-113
46
103
39
-95
-279
-471
-551
-595
-593
-474
-266
114
628
1162
1685
2073
2328
2528
2605
2527
2334
2013
1574
1077
637
304
10
-274
-505
-665
-702
-663
-562
-474
-358
-175
-121
-351
-838
-1504
-2290
-3037
-3868
-4831
-5667
-6295
-6513
-6193
-5650
-4851
-3817
-2609
-1227
73
1256
2329
3152
3640
3737
3637
3474
3241
2895
2398
1954
1694
1587
1581
1658
1710
1689
1575
1291
884
392
-314
-1182
-2059
-2902
-3496
-3802
-3928
-3765
-3338
-2638
-1597
-479
602
1637
2468
3055
3421
3514
3420
3143
2605
1955
1320
796
440
134
-102
-224
-251
-125
48
139
173
129
-1
-167
-344
-530
-687
-747
-679
-485
-171
288
828
1330
1761
2121
2399
2552
2538
2403
2145
1744
1274
838
474
169
-128
-383
-556
-626
-624
-570
-456
-307
-151
-74
-130
-409
-974
-1737
-2544
-3317
-4179
-5120
-5937
-6452
-6444
-6042
-5465
-4602
-3542
-2293
-938
266
1416
2489
3308
3682
3675
3596
3457
3213
2805
2268
1917
1764
1690
1685
1705
1761
1752
1549
1211
793
245
-500
-1355
-2239
-3063
-3588
-3876
-3883
-3616
-3225
-2482
-1458
-322
803
1730
2559
3156
3474
3551
3370
3037
2551
1935
1304
769
429
151
-85
-195
-206
-106
1
139
224
150
26
-174
-364
-530
-697
-727
-636
-455
-154
276
824
1308
1712
2113
2388
2525
2521
2364
2094
1741
1326
847
464
191
-105
-348
-505
-584
-533
-463
-434
-306
-123
-37
-198
-593
-1187
-1968
-2774
-3584
-4509
-5397
-6205
-6692
-6544
-6076
-5370
-4459
-3396
-2026
-655
547
1732
2751
3487
3788
3739
3651
3528
3259
2786
2255
1925
1750
1657
1671
1721
1771
1688
1473
1154
709
137
-648
-1545
-2442
-3237
-3741
-3978
-3943
-3692
-3239
-2379
-1283
-140
934
1857
2665
3225
3522
3566
3382
3038
2491
1866
1312
795
400
128
-112
-209
-171
-88
33
145
163
80
-75
-251
-412
-577
-724
-762
-639
-428
-106
363
882
1325
1731
2141
2452
2582
2535
2392
2144
1787
1330
884
555
252
-48
-319
-451
-466
-465
-466
-406
-245
-187
-214
-342
-823
-1562
-2422
-3239
-3959
-4836
-5788
-6521
-6673
-6299
-5806
-5112
-4127
-2798
-1351
-148
1001
2202
3215
3749
3826
3763
3736
3578
3120
2528
2073
1802
1660
1614
1615
1685
1658
1482
1250
879
405
-217
-1040
-1910
-2786
-3477
-3839
-3947
-3847
-3601
-3022
-2103
-1023
117
1127
2042
2807
3289
3542
3574
3408
3015
2429
1842
1292
797
383
109
-66
-186
-194
-100
64
151
92
-5
-105
-235
-425
-652
-765
-716
-559
-352
-38
461
1009
1459
1857
2247
2515
2587
2500
2336
2112
1742
1283
887
550
198
-148
-381
-483
-537
-533
-502
-421
-260
-202
-294
-486
-939
-1750
-2659
-3436
-4144
-4929
-5911
-6635
-6628
-6170
-5583
-4889
-3900
-2494
-1071
56
1194
2400
3329
3760
3772
3709
3684
3486
3033
2482
2078
1851
1679
1584
1600
1668
1631
1474
1230
840
315
-310
-1074
-1976
-2836
-3484
-3813
-3892
-3871
-3616
-2950
-1981
-923
105
1126
2101
2827
3291
3494
3537
3420
2982
2437
1881
1307
815
373
89
-56
-169
-170
-49
151
229
121
33
-46
-189
-382
-594
-666
-604
-540
-381
-7
467
940
1382
1805
2213
2467
2523
2428
2273
2036
1656
1228
839
534
248
-104
-360
-471
-498
-453
-412
-343
-226
-203
-345
-719
-1414
-2276
-3062
-3794
-4611
-5549
-6457
-6814
-6519
-6018
-5470
-4666
-3392
-1878
-568
605
1842
2966
3666
3864
3836
3831
3790
3427
2838
2321
1969
1780
1662
1585
1603
1568
1442
1326
1082
656
89
-615
-1418
-2295
-3122
-3673
-3907
-3944
-3847
-3468
-2682
-1651
-560
484
1469
2365
3042
3466
3662
3694
3456
2929
2331
1770
1232
689
232
-20
-161
-265
-244
-63
113
104
38
-15
-69
-198
-432
-600
-636
-623
-559
-336
103
612
1045
1440
1858
2253
2541
2606
2488
2330
2047
1636
1219
832
485
163
-167
-380
-499
-598
-547
-437
-354
-260
-318
-514
-887
-1649
-2538
-3337
-4101
-4890
-5823
-6604
-6746
-6367
-5854
-5240
-4306
-2975
-1493
-195
953
2159
3204
3774
3900
3851
3843
3705
3248
2636
2158
1900
1723
1616
1604
1571
1518
1428
1255
987
517
-65
-696
-1501
-2384
-3153
-3639
-3822
-3888
-3766
-3288
-2437
-1427
-463
529
1535
2422
3035
3347
3536
3574
3271
2707
2164
1705
1184
666
281
29
-70
-108
-58
91
170
128
43
0
-89
-269
-485
-647
-675
-637
-511
-232
161
634
1089
1482
1886
2239
2435
2481
2393
2202
1905
1546
1189
808
432
85
-196
-321
-363
-404
-361
-293
-210
-218
-419
-800
-1461
-2280
-3044
-3801
-4661
-5639
-6449
-6730
-6569
-6175
-5602
-4724
-3464
-2052
-744
503
1766
2878
3601
3900
3966
4007
3908
3494
2946
2460
2114
1886
1673
1553
1549
1510
1427
1278
1020
694
161
-548
-1323
-2137
-2875
-3470
-3799
-3938
-3950
-3605
-2859
-1902
-937
49
1085
2030
2750
3201
3561
3773
3597
3136
2616
2089
1510
944
477
161
-56
-229
-238
-65
59
60
24
-27
-66
-161
-347
-506
-568
-590
-551
-327
49
451
828
1253
1739
2143
2391
2505
2495
2364
2101
1738
1423
1111
697
256
-80
-243
-376
-495
-489
-433
-359
-324
-530
-864
-1411
-2233
-3018
-3806
-4599
-5455
-6354
-6714
-6544
-6147
-5588
-4843
-3642
-2188
-896
310
1570
2759
3538
3855
3985
4024
3941
3598
3071
2612
2212
1875
1674
1605
1561
1401
1268
1223
1053
687
144
-449
-1122
-1957
-2740
-3305
-3604
-3806
-3907
-3639
-3015
-2148
-1229
-304
743
1708
2460
3044
3461
3659
3515
3141
2691
2223
1723
1134
677
341
43
-99
-138
-38
94
94
55
16
-14
-72
-248
-459
-541
-512
-471
-351
-65
354
785
1160
1524
1925
2263
2405
2405
2310
2104
1813
1458
1122
790
408
73
-160
-302
-390
-416
-374
-348
-434
-634
-994
-1657
-2428
-3112
-3902
-4713
-5598
-6403
-6610
-6434
-6056
-5480
-4675
-3453
-2068
-799
376
1589
2731
3426
3758
3930
4024
3992
3599
3076
2667
2289
2013
1806
1649
1602
1504
1359
1202
1003
641
86
-509
-1222
-2003
-2675
-3259
-3599
-3757
-3810
-3561
-2998
-2190
-1267
-303
653
1542
2343
2944
3301
3498
3442
3139
2699
2214
1749
1232
766
391
94
-112
-145
-27
29
29
-6
-10
43
-28
-224
-380
-466
-494
-454
-304
-1
405
759
1068
1468
1869
2169
2329
2365
2320
2166
1913
1595
1251
875
441
71
-174
-308
-388
-454
-444
-454
-543
-724
-1118
-1724
-2357
-3063
-3913
-4682
-5513
-6288
-6479
-6315
-5991
-5464
-4680
-3444
-2025
-826
288
1510
2635
3330
3644
3859
4023
3978
3567
3079
2714
2337
2017
1791
1662
1620
1493
1333
1227
1020
656
116
-516
-1160
-1913
-2632
-3144
-3456
-3638
-3746
-3561
-2960
-2169
-1346
-468
462
1387
2182
2717
3138
3440
3392
3129
2789
2377
1915
1384
907
549
265
67
-25
38
121
83
26
28
27
-95
-262
-375
-471
-501
-467
-349
-56
298
589
951
1384
1767
2052
2219
2300
2281
2132
1861
1557
1271
966
615
239
-16
-191
-328
-361
-392
-468
-638
-896
-1323
-2003
-2694
-3420
-4157
-4904
-5841
-6380
-6347
-6105
-5711
-5187
-4313
-3019
-1724
-636
518
1768
2696
3254
3611
3844
4002
3819
3368
2982
2657
2336
2067
1896
1768
1660
1502
1312
1170
902
391
-176
-729
-1427
-2128
-2756
-3208
-3466
-3700
-3694
-3328
-2670
-1933
-1140
-200
687
1500
2210
2752
3188
3328
3173
2923
2581
2219
1799
1296
889
575
301
161
149
200
215
135
89
83
20
-120
-288
-430
-531
-552
-479
-317
-60
300
633
986
1425
1764
2040
2223
2269
2228
2050
1765
1466
1178
848
467
153
-120
-277
-306
-364
-384
-505
-705
-902
-1438
-2130
-2752
-3485
-4137
-4967
-5891
-6221
-6101
-5806
-5488
-4972
-3927
-2611
-1427
-410
761
2000
2821
3228
3468
3750
3897
3607
3166
2795
2516
2249
1945
1815
1769
1631
1452
1270
1123
826
293
-239
-809
-1536
-2258
-2808
-3164
-3425
-3610
-3585
-3170
-2470
-1781
-995
-88
744
1498
2077
2600
3052
3127
2892
2605
2399
2074
1616
1211
883
680
466
303
358
431
365
250
198
182
100
-92
-307
-434
-519
-581
-506
-306
-16
342
664
1053
1506
1818
2025
2151
2188
2107
1911
1689
1437
1124
706
343
105
-42
-122
-224
-290
-350
-494
-709
-1202
-1918
-2572
-3252
-3916
-4687
-5591
-6085
-6088
-5902
-5606
-5140
-4266
-3054
-1871
-851
250
1527
2472
2972
3268
3475
3704
3625
3234
2908
2619
2363
2126
1977
1900
1800
1668
1460
1284
1009
512
-21
-641
-1355
-2030
-2648
-3053
-3326
-3592
-3591
-3240
-2676
-2021
-1309
-432
439
1172
1791
2284
2732
2945
2861
2684
2414
2082
1714
1346
1031
777
572
401
404
487
435
320
252
195
122
-51
-253
-392
-496
-587
-595
-423
-142
193
505
866
1275
1660
1972
2145
2224
2175
2006
1779
1496
1236
914
553
285
58
-71
-169
-273
-343
-498
-695
-1027
-1706
-2408
-2993
-3644
-4324
-5238
-5921
-5947
-5753
-5496
-5176
-4443
-3230
-2062
-1075
-50
1168
2185
2665
2920
3200
3457
3467
3166
2837
2576
2384
2199
2050
2009
1899
1728
1573
1412
1177
736
159
-424
-1144
-1916
-2542
-2984
-3266
-3481
-3522
-3273
-2721
-2059
-1382
-571
227
942
1561
2048
2470
2686
2596
2410
2201
1955
1663
1333
1086
922
760
580
553
655
693
567
380
295
203
31
-236
-475
-583
-624
-647
-547
-250
122
449
793
1215
1623
1898
2047
2154
2158
2005
1752
1458
1199
958
607
325
152
-2
-117
-245
-356
-525
-696
-1160
-1969
-2564
-3101
-3652
-4386
-5376
-5823
-5721
-5513
-5249
-4814
-3923
-2803
-1753
-832
217
1431
2194
2560
2820
3048
3293
3214
2934
2728
2468
2238
2123
2085
2052
1917
1797
1677
1415
1037
519
-18
-651
-1474
-2247
-2781
-3066
-3324
-3522
-3439
-3063
-2475
-1804
-1063
-231
569
1186
1617
2023
2341
2417
2289
2070
1909
1735
1464
1260
1156
1118
1004
849
859
901
875
701
438
247
39
-252
-543
-708
-751
-787
-755
-543
-189
225
600
967
1364
1681
1865
2005
2067
1950
1736
1526
1245
978
726
446
261
138
42
-68
-145
-250
-414
-790
-1550
-2143
-2625
-3252
-3894
-4785
-5403
-5484
-5408
-5114
-4717
-4027
-2993
-2007
-1087
-161
961
1881
2218
2449
2672
2822
2852
2651
2448
2268
2125
2044
2006
2062
2037
1957
1850
1558
1226
758
154
-436
-1235
-2059
-2665
-3002
-3150
-3307
-3290
-2954
-2371
-1691
-1029
-247
495
1013
1395
1671
1945
2078
1939
1732
1584
1472
1297
1183
1167
1194
1226
1116
1078
1142
1051
815
507
212
-100
-410
-692
-887
-891
-895
-835
-579
-160
309
722
1117
1403
1648
1875
1923
1914
1846
1604
1338
1087
884
747
560
404
304
188
109
47
-94
-281
-697
-1501
-2225
-2763
-3278
-3875
-4756
-5341
-5330
-5098
-4761
-4346
-3558
-2499
-1579
-798
20
1087
1895
2092
2154
2283
2474
2468
2258
2178
2112
2039
2002
2018
2162
2210
2115
1880
1495
1073
494
-158
-844
-1636
-2359
-2898
-3160
-3197
-3164
-2918
-2431
-1801
-1148
-524
193
841
1207
1314
1414
1595
1602
1424
1241
1169
1144
1053
1090
1250
1363
1413
1310
1236
1226
1053
719
312
-40
-361
-676
-871
-964
-938
-793
-610
-280
160
585
1003
1331
1571
1736
1802
1817
1720
1563
1362
1124
948
797
658
548
450
407
355
214
102
-69
-320
-746
-1530
-2318
-2878
-3352
-3865
-4530
-5011
-4952
-4649
-4274
-3772
-3001
-2058
-1237
-561
110
931
1560
1746
1744
1771
1922
1974
1888
1922
1993
2050
2085
2151
2312
2337
2157
1805
1315
803
178
-500
-1151
-1877
-2480
-2821
-2939
-2839
-2588
-2209
-1675
-1095
-584
-84
492
923
1044
1013
962
1006
1024
920
875
955
1043
1083
1178
1374
1554
1546
1334
1106
987
772
362
-75
-419
-664
-851
-963
-880
-614
-355
-173
137
565
890
1138
1323
1457
1537
1488
1425
1384
1290
1180
1044
905
809
739
679
622
530
417
200
-2
-162
-492
-893
-1578
-2339
-2759
-3205
-3623
-4051
-4440
-4371
-4092
-3763
-3310
-2650
-1846
-1160
-620
-135
500
1124
1313
1298
1353
1560
1793
1794
1810
1987
2167
2260
2237
2253
2257
2086
1694
1086
478
-107
-669
-1247
-1869
-2276
-2475
-2471
-2326
-2120
-1657
-1151
-768
-440
-132
289
607
630
571
616
710
743
760
860
1042
1222
1277
1331
1473
1508
1415
1179
846
583
335
2
-322
-528
-661
-732
-704
-600
-378
-85
173
389
612
810
998
1140
1208
1265
1284
1261
1226
1241
1230
1147
1029
911
848
765
635
508
385
193
-55
-306
-551
-772
-1316
-2117
-2607
-2868
-3195
-3685
-4144
-4121
-3809
-3514
-3172
-2618
-1781
-1100
-664
-253
273
890
1163
1126
1158
1339
1545
1624
1684
1875
2107
2224
2159
2140
2142
1963
1588
987
346
-218
-762
-1317
-1783
-2105
-2276
-2193
-2031
-1792
-1350
-914
-587
-324
-118
148
395
382
298
366
519
623
705
886
1159
1402
1439
1426
1491
1474
1310
979
603
324
76
-218
-494
-605
-568
-531
-503
-395
-169
121
310
419
587
798
920
1008
1101
1188
1304
1317
1273
1300
1337
1264
1104
934
800
680
519
342
215
90
-107
-322
-526
-743
-1205
-1886
-2417
-2822
-3158
-3616
-4074
-4006
-3719
-3405
-2983
-2434
-1650
-941
-499
-164
310
829
990
895
928
1118
1333
1464
1576
1795
2090
2255
2251
2205
2085
1857
1458
814
114
-474
-962
-1378
-1766
-2008
-2023
-1857
-1616
-1365
-1000
-605
-376
-291
-223
-18
131
70
40
171
419
604
767
1050
1397
1594
1562
1472
1381
1265
1043
675
303
33
-146
-319
-472
-461
-356
-297
-270
-196
-28
190
304
352
482
657
814
929
1059
1268
1403
1403
1380
1381
1384
1277
1003
740
622
499
298
117
54
43
-23
-169
-352
-554
-1053
-1777
-2347
-2755
-3105
-3515
-3925
-3951
-3607
-3222
-2758
-2111
-1384
-714
-299
-66
270
618
761
681
642
817
1079
1337
1599
1872
2167
2319
2263
2134
1911
1608
1173
523
-169
-675
-1053
-1355
-1562
-1656
-1568
-1383
-1220
-1003
-748
-586
-493
-498
-528
-422
-277
-155
18
292
624
903
1124
1339
1543
1657
1532
1280
1100
864
578
326
102
-31
-142
-220
-193
-134
-130
-128
-153
-218
-173
-79
45
181
314
569
843
1033
1224
1372
1476
1521
1436
1318
1182
1012
808
630
511
400
334
276
169
126
53
-78
-259
-568
-996
-1681
-2346
-2735
-3006
-3292
-3634
-3716
-3351
-2855
-2402
-1914
-1311
-718
-372
-301
-167
203
471
497
540
796
1192
1494
1726
2050
2315
2362
2139
1822
1575
1237
781
287
-199
-577
-818
-985
-1120
-1178
-1101
-1064
-1054
-1018
-1000
-903
-818
-806
-772
-603
-297
-7
232
505
825
1101
1228
1269
1309
1328
1230
991
777
626
514
413
283
169
119
74
-27
-125
-190
-253
-304
-326
-287
-152
35
178
373
675
933
1081
1175
1261
1331
1300
1193
1076
1012
989
847
701
614
537
490
381
226
106
-39
-215
-398
-569
-793
-1382
-2075
-2431
-2611
-2732
-3064
-3369
-3156
-2787
-2471
-2130
-1642
-1027
-659
-579
-484
-75
414
543
576
802
1203
1480
1585
1810
2024
2111
1981
1657
1416
1214
914
508
93
-211
-437
-637
-874
-1069
-1101
-1079
-1090
-1131
-1174
-1040
-863
-805
-732
-587
-266
50
156
322
656
954
1061
1097
1163
1201
1162
1005
833
750
660
525
364
239
205
143
9
-128
-173
-192
-266
-321
-279
-115
87
227
372
536
731
928
1008
1046
1094
1126
1116
1059
1046
1040
969
817
705
623
466
348
215
37
-97
-236
-317
-473
-550
-638
-1287
-1939
-2183
-2319
-2470
-2952
-3281
-2980
-2602
-2324
-2054
-1489
-854
-578
-522
-467
-48
349
339
363
632
1026
1296
1463
1673
1859
1943
1775
1546
1333
1014
743
418
11
-273
-441
-542
-653
-763
-843
-851
-820
-930
-994
-906
-839
-810
-793
-642
-277
17
108
298
636
861
930
952
1017
1071
1011
847
755
750
719
597
393
272
294
252
64
-43
-49
-108
-162
-133
-51
111
242
310
427
554
679
777
799
840
903
912
880
876
933
914
853
793
664
575
457
260
99
-26
-140
-219
-255
-354
-323
-469
-1237
-1786
-1982
-2145
-2316
-2779
-2931
-2698
-2547
-2288
-1843
-1218
-811
-724
-724
-568
-89
48
-22
205
566
878
1028
1343
1723
1836
1780
1605
1511
1296
943
699
425
159
-87
-211
-261
-404
-513
-612
-708
-812
-954
-989
-920
-901
-960
-868
-580
-260
-61
56
283
516
610
650
762
919
966
904
820
864
934
830
691
531
407
388
272
131
87
45
25
28
40
88
175
243
309
388
426
473
522
569
648
682
704
716
753
781
712
671
633
586
499
373
259
86
-1
-67
-84
-87
-172
-181
-643
-1434
-1766
-2022
-2202
-2308
-2574
-2541
-2475
-2346
-1819
-1145
-703
-749
-843
-771
-506
-159
-180
-69
228
411
654
1039
1547
1615
1481
1501
1361
1209
913
684
652
477
292
131
43
-76
-257
-284
-378
-563
-779
-913
-816
-787
-817
-786
-670
-491
-348
-160
20
120
132
167
402
607
657
720
779
806
851
824
720
649
562
483
453
379
284
232
215
248
274
250
257
275
268
326
401
409
373
375
471
522
506
519
472
447
467
449
423
398
351
261
204
121
23
-2
-24
-31
-60
-93
18
-168
-701
-1113
-1558
-1791
-1739
-1872
-1975
-2006
-2000
-1668
-1187
-827
-670
-722
-878
-926
-767
-603
-427
-281
-179
87
438
816
1106
1201
1203
1080
1011
982
895
816
659
604
623
552
448
284
209
95
-106
-196
-319
-494
-622
-641
-564
-535
-499
-426
-425
-427
-403
-379
-253
-118
-57
60
246
409
523
643
663
661
706
629
601
640
597
598
605
585
591
578
518
476
454
355
333
353
329
308
260
301
285
231
234
185
137
30
-27
-19
-66
-75
-109
-181
-168
-181
-245
-284
-360
-446
-439
-436
-466
-393
-363
-388
-372
-445
-584
-663
-658
-574
-452
-402
-364
-205
-78
-46
-13
-82
-223
-380
-516
-544
-536
-445
-298
-242
-163
-77
-35
1
-50
-141
-217
-229
-193
-151
-116
-78
-7
57
126
179
235
274
254
227
237
253
285
290
259
254
198
153
171
153
102
79
99
163
180
162
210
252
232
224
207
143
152
169
156
178
192
245
288
307
366
366
332
299
251
216
175
135
146
164
136
95
34
1
-12
-56
-55
-43
-80
-77
-61
-70
-69
-54
-35
-48
-83
-76
-54
-39
-21
5
46
96
115
142
189
211
209
182
118
48
6
-62
-81
-93
-189
-215
-247
-317
-310
-343
-368
-369
-415
-447
-432
-429
-408
-357
-360
-378
-400
-420
-393
-372
-360
-357
-316
-253
-235
-170
-133
-123
-82
-80
-92
-112
-110
-89
-90
-85
-72
-21
26
26
64
119
150
194
217
203
197
195
199
205
190
191
221
216
229
281
290
315
304
262
254
238
254
251
232
230
228
221
228
235
238
214
173
175
226
286
305
275
271
290
257
257
245
222
221
172
112
128
158
159
205
207
184
179
107
71
58
25
13
-14
-71
-89
-97
-134
-163
-217
-233
-259
-308
-336
-368
-355
-332
-332
-319
-305
-289
-287
-305
-340
-398
-421
-396
-382
-376
-367
-351
-308
-291
-293
-268
-223
-192
-227
-263
-270
-279
-251
-223
-251
-245
-199
-156
-86
-70
-53
7
35
44
32
15
49
97
108
98
94
114
158
194
213
234
255
258
267
259
225
196
199
219
208
200
195
201
238
252
245
235
222
254
274
276
297
291
304
318
277
255
256
267
269
231
234
253
242
223
220
220
180
127
133
119
58
40
10
-19
-23
-58
-77
-55
-83
-128
-143
-164
-194
-218
-226
-231
-199
-178
-187
-159
-135
-159
-176
-202
-248
-212
-206
-246
-229
-268
-284
-234
-202
-209
-211
-200
-253
-269
-277
-330
-325
-283
-276
-256
-200
-210
-183
-129
-150
-111
-94
-103
-57
-56
-79
-64
-16
20
43
67
67
69
87
120
176
198
184
156
116
100
90
91
86
81
112
113
105
116
134
167
148
156
169
162
205
217
222
188
157
191
194
218
239
231
218
196
213
234
242
221
184
187
198
170
152
153
137
124
101
61
48
41
-32
-166
-262
-300
-220
-22
107
132
58
-59
-114
-51
46
75
42
-79
-175
-200
-183
-117
-63
-42
-126
-224
-259
-291
-241
-205
-218
-232
-303
-385
-388
-368
-369
-350
-358
-335
-268
-177
-84
-60
-5
33
8
-41
-102
-123
-100
1
64
44
70
93
102
128
141
163
135
-17
-144
-273
-372
-355
-333
-186
32
202
286
276
320
349
389
441
425
429
403
441
503
505
481
354
221
107
39
56
52
35
60
129
150
96
8
-115
-137
-136
-175
-154
-152
-118
19
169
267
289
174
116
127
89
49
28
53
33
31
76
97
99
24
-61
-145
-240
-246
-210
-241
-282
-283
-243
-138
-159
-207
-182
-267
-304
-284
-316
-310
-303
-335
-280
-170
-164
-154
-151
-178
-180
-190
-132
-100
-63
-28
-46
-15
-32
-68
-23
14
22
-2
-16
81
139
162
178
168
229
233
183
136
60
33
82
83
63
81
67
92
134
96
78
69
19
-5
23
56
84
114
94
103
120
105
141
146
137
178
188
169
205
228
226
262
233
228
219
158
179
200
197
172
122
75
42
23
-3
-8
-27
-28
-48
-110
-138
-134
-106
-113
-140
-157
-148
-147
-172
-165
-154
-129
-114
-119
-152
-172
-115
-95
-126
-191
-239
-199
-180
-191
-234
-276
-276
-296
-271
-228
-212
-198
-214
-211
-176
-119
-69
-92
-114
-117
-107
-18
46
62
120
160
174
137
94
124
176
168
110
75
78
93
92
99
102
111
96
56
73
50
20
32
-20
-50
0
29
52
87
82
73
94
113
107
133
154
159
184
179
172
201
185
180
227
237
238
238
223
218
222
174
137
111
62
55
51
18
-20
-22
-13
-20
-28
-49
-84
-130
-143
-127
-131
-146
-166
-187
-156
-107
-69
-52
-105
-122
-69
-81
-138
-167
-182
-148
-125
-145
-131
-165
-226
-235
-220
-203
-176
-154
-146
-124
-119
-112
-95
-96
-114
-123
-124
-81
-18
10
3
6
31
39
17
15
37
43
38
36
33
14
22
45
61
75
61
31
12
49
88
82
60
29
17
32
40
53
111
125
114
123
148
151
140
152
129
138
134
135
177
165
161
169
171
167
160
159
170
150
116
110
97
88
51
36
41
22
22
15
-1
9
-25
-49
-54
-106
-105
-91
-109
-92
-108
-109
-72
-75
-74
-78
-110
-140
-155
-131
-110
-136
-138
-112
-115
-145
-164
-172
-174
-176
-171
-156
-168
-162
-111
-57
-48
-66
-81
-89
-69
-73
-77
-53
-27
-6
-11
1
14
22
18
-3
7
19
-5
-25
-19
31
80
91
106
93
72
80
81
50
5
-7
40
88
92
100
99
87
106
119
110
96
83
102
125
118
130
137
124
89
89
107
93
133
175
186
188
155
107
109
117
101
107
69
41
40
29
27
-7
-39
-67
-97
-76
-67
-92
-105
-129
-124
-92
-102
-89
-85
-85
-66
-93
-110
-118
-121
-89
-54
-43
-53
-69
-60
-72
-111
-123
-145
-181
-196
-197
-164
-133
-147
-133
-110
-123
-137
-144
-154
-126
-82
-60
-32
-16
0
-10
-20
-11
17
28
13
47
94
108
115
121
132
147
142
126
120
110
90
96
109
82
56
52
45
75
68
48
70
66
88
83
50
78
84
79
114
118
111
97
78
101
130
148
127
104
94
97
133
126
75
44
25
24
20
13
25
20
-6
-39
-49
-67
-89
-60
-57
-80
-88
-95
-87
-79
-72
-90
-110
-110
-121
-122
-130
-119
-92
-107
-95
-89
-105
-85
-107
-130
-139
-147
-120
-113
-133
-141
-134
-126
-138
-121
-85
-107
-126
-94
-54
-25
-12
-16
3
3
-17
19
43
45
70
69
68
83
96
115
137
140
113
106
119
91
72
74
61
57
51
53
64
37
22
40
27
33
60
67
92
106
114
106
92
105
122
119
107
95
108
140
144
134
127
107
74
61
77
79
54
42
34
26
33
13
-13
-20
-48
-66
-78
-110
-90
-63
-86
-97
-106
-97
-74
-69
-85
-99
-85
-118
-138
-117
-92
-86
-93
-98
-90
-79
-101
-109
-98
-109
-119
-108
-99
-106
-112
-109
-93
-80
-111
-115
-88
-81
-77
-86
-78
-49
-33
-36
-33
-7
9
27
19
-15
-2
36
73
90
100
131
134
107
97
81
85
109
100
87
85
67
72
78
50
21
22
31
22
12
14
49
64
64
109
141
140
140
129
139
134
116
124
161
182
169
151
119
136
132
81
92
84
48
23
7
4
-5
-34
-65
-72
-97
-104
-101
-107
-114
-125
-151
-166
-150
-132
-107
-81
-80
-95
-110
-106
-95
-85
-54
-59
-58
-51
-88
-93
-82
-79
-92
-105
-115
-147
-129
-129
-132
-102
-121
-131
-116
-106
-93
-74
-65
-50
-52
-50
-10
14
29
24
27
63
78
68
68
68
78
78
86
85
75
99
91
79
82
70
91
84
50
51
28
16
24
32
48
55
67
59
59
97
93
104
139
157
177
150
141
161
153
146
144
152
161
133
113
124
91
76
66
25
23
18
-13
-43
-64
-80
-109
-119
-116
-127
-111
-115
-101
-97
-116
-119
-131
-112
-107
-113
-101
-78
-56
-50
-53
-65
-83
-76
-68
-52
-42
-82
-75
-85
-118
-108
-119
-126
-118
-123
-96
-66
-113
-148
-122
-95
-80
-88
-79
-42
-13
-6
-9
12
14
8
22
35
53
89
101
96
79
60
68
75
83
93
102
109
74
63
86
73
37
17
36
61
63
39
14
30
62
64
72
82
97
105
98
126
156
157
151
135
114
124
137
134
143
136
97
72
56
53
56
70
70
4
-25
-24
-58
-97
-109
-94
-97
-108
-144
-167
-150
-145
-158
-148
-136
-117
-103
-97
-81
-72
-84
-74
-45
-50
-35
-29
-54
-44
-39
-30
-20
-46
-47
-35
-44
-63
-74
-64
-73
-92
-77
-67
-72
-74
-85
-77
-65
-68
-50
-30
-23
-28
-26
27
45
34
59
70
84
84
67
95
109
76
61
66
63
54
54
63
71
59
6
-28
9
11
-19
-10
17
48
39
17
43
95
108
103
93
128
145
132
144
145
152
151
131
109
107
97
68
65
73
55
33
13
-26
-42
-59
-57
-44
-69
-103
-126
-136
-121
-104
-116
-131
-111
-92
-87
-84
-74
-59
-54
-52
-44
-41
-37
-38
-36
-7
-7
-19
-34
-37
-35
-63
-72
-72
-62
-61
-77
-63
-54
-60
-73
-79
-56
-61
-86
-66
-59
-52
-34
-31
-1
9
10
23
34
50
65
80
88
88
94
82
68
92
100
91
67
54
57
40
27
23
26
8
-6
-24
-27
-8
-20
-19
-3
12
18
42
54
57
85
80
80
97
101
118
108
112
120
95
85
99
88
71
54
39
22
-8
4
9
3
-27
-55
-37
-48
-72
-89
-86
-74
-79
-89
-97
-94
-92
-77
-65
-56
-49
-37
-50
-60
-25
-34
-39
-41
-59
-42
-48
-57
-43
-52
-62
-65
-65
-47
-57
-65
-59
-74
-88
-86
-68
-71
-59
-28
-16
-20
-22
-15
3
1
17
52
60
83
66
56
86
76
64
79
92
91
75
64
46
11
26
44
33
26
18
26
39
9
7
28
11
10
15
20
40
30
35
65
63
63
67
67
91
105
90
86
97
91
62
67
76
43
10
8
20
19
2
-29
-24
-19
-48
-54
-51
-65
-68
-76
-87
-66
-95
-105
-71
-89
-90
-67
-46
-32
-51
-38
-31
-45
-35
-48
-41
-30
-38
-37
-40
-60
-66
-70
-65
-49
-71
-68
-81
-75
-51
-63
-44
-40
-57
-45
-38
-34
-24
-15
16
28
18
48
73
66
60
68
90
105
98
90
78
90
83
60
64
48
28
44
27
3
30
24
0
3
-10
-6
13
-10
-3
20
-4
23
36
1
24
61
64
61
77
72
62
92
84
73
87
56
61
65
20
25
28
15
8
-24
-23
-8
-25
-27
-19
-36
-54
-62
-66
-74
-70
-65
-71
-56
-58
-67
-60
-36
-31
-43
-42
-31
-35
-40
-31
-40
-36
-36
-42
-32
-35
-54
-80
-67
-57
-79
-41
-42
-57
-38
-65
-62
-30
-27
-27
-6
-9
-11
6
16
18
22
35
49
54
26
33
56
82
92
59
57
58
51
38
23
24
18
19
23
-4
-24
-22
-11
-9
-21
-20
-12
9
24
-9
7
43
44
49
36
49
75
81
83
87
92
93
85
67
70
78
66
48
39
35
38
47
10
-13
-1
-16
-23
-36
-38
-14
-23
-35
-43
-49
-34
-55
-55
-42
-57
-46
-39
-44
-51
-65
-54
-43
-60
-53
-52
-51
-60
-73
-60
-53
-51
-66
-67
-62
-51
-52
-66
-60
-48
-37
-43
-44
-28
-11
-24
-21
-4
-4
14
16
19
43
42
39
69
58
40
54
63
67
51
48
60
68
47
15
21
38
52
34
11
15
2
-17
-17
-4
-14
-25
-20
-3
13
13
20
23
21
22
36
41
29
26
45
48
57
68
56
55
50
38
47
55
47
33
15
13
24
12
-13
-24
-28
-15
-11
-24
-28
-25
-10
-36
-37
-15
-26
-12
-23
-53
-55
-38
-30
-42
-39
-36
-27
-23
-50
-55
-42
-51
-55
-46
-60
-68
-60
-71
-69
-64
-62
-45
-39
-36
-32
-15
3
1
2
10
24
30
24
24
23
33
66
51
18
30
30
26
42
49
50
46
43
20
23
28
9
30
28
-2
4
-9
-21
-11
-20
-9
16
9
3
15
5
9
6
-3
4
-13
0
30
22
25
22
12
30
37
30
59
59
45
41
37
51
46
36
46
28
22
37
0
21
36
-21
-17
-3
4
3
-30
-32
-11
-22
-41
-45
-33
-39
-62
-42
-43
-62
-62
-70
-45
-27
-60
-64
-47
-50
-48
-52
-49
-47
-43
-37
-32
-17
-29
-32
-17
-32
-26
15
4
5
8
0
37
33
19
39
50
34
24
29
39
37
14
18
35
14
20
27
16
20
11
10
13
-3
-21
-8
10
-4
-19
-20
1
17
14
-9
8
24
14
23
24
22
15
2
4
26
31
37
44
30
39
55
31
31
51
24
8
12
10
18
16
-1
-4
12
22
-1
-25
3
10
1
-5
-30
-9
11
-25
-34
-13
-23
-6
-12
-53
-44
-38
-33
-40
-63
-54
-50
-64
-49
-39
-50
-48
-45
-48
-42
-36
-23
-17
-39
-24
9
8
4
20
21
24
29
41
49
50
54
39
28
16
19
14
26
45
28
5
6
17
-1
-12
-3
-13
-24
-12
-9
-12
-17
-33
-27
-23
-29
12
40
31
22
4
27
32
-2
2
19
16
11
2
2
15
7
-1
0
-4
13
9
8
31
46
30
-8
-6
32
39
29
27
33
42
12
9
33
34
31
13
25
51
27
1
-2
-18
-12
-12
-27
-15
-29
-52
-49
-68
-80
-73
-87
-67
-52
-53
-30
-44
-55
-46
-55
-38
-19
-24
-4
14
17
30
10
-11
9
14
8
10
2
17
32
17
-6
-8
8
8
15
11
11
32
20
2
17
35
27
11
18
24
23
14
-1
-10
-7
-1
-15
-2
20
23
22
-3
-17
-9
-28
-20
21
17
0
-5
-1
22
20
-8
1
5
-3
15
21
21
21
20
16
16
25
13
10
35
39
35
14
-8
19
40
15
-7
8
32
20
-16
-19
-7
-7
4
7
-1
-4
-23
-27
-34
-52
-56
-62
-56
-44
-65
-65
-40
-60
-58
-57
-65
-37
-38
-40
-17
-39
-18
13
2
7
4
23
41
39
37
29
31
27
37
53
38
43
42
26
23
18
-5
7
29
21
25
11
-8
-11
-29
-28
-6
-9
-31
-23
2
2
-3
3
8
6
0
6
12
27
33
23
16
17
19
17
24
15
23
29
8
7
18
12
8
-6
-7
12
-3
1
22
18
24
4
-20
-8
10
14
15
6
-6
-8
-5
-3
5
-4
-7
6
14
2
-27
-24
-20
-25
-39
-72
-72
-37
-44
-67
-63
-41
-31
-45
-66
-55
-13
-12
-16
-10
8
10
4
10
1
6
19
25
32
40
38
40
46
41
33
16
19
28
5
9
7
-21
-16
-13
-11
2
-16
-23
-18
-18
0
-13
-16
0
-21
-28
-21
