-24
1
15
1
-4
20
-12
-10
41
-11
-29
23
-15
3
8
-25
19
-20
-16
25
0
13
-30
-8
32
-16
-6
14
16
-34
6
24
-25
33
-11
-34
27
-5
-8
9
-21
10
9
-14
6
-10
26
-19
-37
46
13
-5
-13
14
17
-43
37
19
-38
40
-8
-10
26
-19
11
25
-55
22
38
-53
64
-5
-63
61
-24
18
17
-68
51
0
-49
31
-13
-18
21
-49
22
23
-53
51
-28
-21
69
-60
-19
43
-5
7
-29
11
28
-47
1
20
-16
30
-5
-36
25
7
3
-16
3
28
-41
-7
30
-10
11
7
-35
32
30
-42
18
22
-32
31
10
-32
23
33
-58
-41
64
-30
-37
34
3
7
-6
-2
-4
-10
16
-27
6
39
3
-19
-25
20
32
5
-15
-21
38
4
-67
64
-2
-77
82
-19
-61
57
-27
-10
5
-21
38
-13
-32
23
15
32
-36
-33
80
-39
-29
88
-22
-55
54
-12
-44
46
-10
-10
54
-46
-17
48
-12
-11
10
12
-35
8
27
-19
-26
2
38
-44
-16
69
-62
9
72
-81
30
36
-65
48
-11
-33
57
-37
7
-25
-1
68
-85
38
18
-77
70
-21
-37
33
9
-12
-20
22
1
-1
8
-3
10
23
-11
-21
41
-25
-61
56
2
-41
36
-8
-31
31
1
-28
17
-22
27
6
-28
37
-28
11
3
-28
45
-6
-29
21
31
-50
2
27
-75
31
11
-17
16
-28
39
-6
-3
28
-15
23
-8
-26
12
20
-15
12
16
-62
26
7
-44
20
40
5
-51
51
14
-45
28
-37
38
37
-69
37
39
-39
1
33
-38
19
10
-40
38
5
4
-18
-44
19
-4
0
-14
0
31
-30
-14
16
-5
10
-10
-25
46
1
-22
18
-27
36
3
-67
46
-14
-24
17
-29
38
23
-53
18
-3
-15
55
-65
-24
81
-22
-1
4
-6
81
-44
-24
75
-27
-19
34
-39
6
66
-35
-26
13
14
-11
-44
15
-3
3
11
-70
43
40
-62
11
9
-42
20
13
-48
1
47
-6
-38
21
-6
-10
30
1
6
-27
-4
35
-24
-26
4
4
-15
5
32
-20
22
5
-10
40
-24
14
49
-30
-21
39
-4
-13
-18
9
28
-21
7
-2
13
17
-45
35
13
-46
42
2
-16
13
-11
9
42
-38
3
46
-47
18
5
-1
10
-42
25
-9
-39
28
-9
-16
5
-17
16
-4
-34
39
1
-45
27
0
-35
25
-5
-30
99
-51
-79
118
-88
-52
118
-91
6
62
-106
80
16
-95
114
-35
-64
112
-99
34
61
-128
98
-29
-53
98
-52
15
24
-35
72
-39
-7
86
-101
27
67
-134
71
43
-137
72
-16
-66
76
-35
2
0
-19
52
-40
0
63
-71
2
62
-65
54
18
-93
63
19
-48
42
11
-2
-6
-16
37
-35
5
75
-60
32
87
-105
32
42
-109
79
26
-73
83
19
-63
48
13
-40
28
14
2
-24
-17
44
-47
-11
61
-54
-14
13
-66
4
49
-68
1
26
-94
80
47
-79
-7
-27
60
-39
-54
135
-84
-36
110
-90
38
70
-83
44
10
-64
51
1
-46
38
28
-40
-32
44
24
-49
-7
30
12
-19
3
6
21
52
-31
5
45
-16
-10
-25
29
8
-27
17
-45
19
20
-59
32
53
-68
-32
43
-52
21
37
-48
13
-7
-16
-26
-15
17
-29
-25
-9
-29
50
64
-89
14
87
-38
23
-6
-37
83
-14
-33
20
-6
11
-29
-16
51
21
-21
37
-22
-1
44
-55
51
24
-58
42
-30
-1
30
-24
3
-22
45
37
-69
9
76
-47
-19
54
-34
35
2
-25
53
-23
12
-57
-20
36
-71
31
-19
-37
47
-17
-47
-1
54
-20
-50
49
7
-23
-1
7
0
-16
-2
-20
23
-17
-9
13
-2
27
-32
32
-2
-37
64
12
-31
-21
28
-1
-22
0
-25
42
10
-26
39
41
-18
-2
55
7
-2
0
-1
10
0
21
-47
24
39
-95
46
-20
-51
62
-60
6
37
-29
-16
5
-42
13
15
-41
55
-42
6
52
-75
27
26
-51
-13
46
-17
-58
24
-44
12
32
-31
-2
-6
35
-19
19
28
-52
12
4
7
23
5
-22
5
44
-47
16
31
14
48
-21
2
-15
27
21
-27
15
-37
9
-4
-11
18
-22
32
-3
1
13
9
9
-43
20
28
-12
2
-20
-22
39
11
-26
47
-31
-37
31
-31
14
11
-31
-13
9
2
-44
3
26
-21
-10
22
-11
-40
40
1
-26
-12
-13
32
-63
-8
28
-42
44
-39
-3
57
-51
15
-6
-19
57
9
-19
-9
-19
21
-26
11
28
1
79
-23
-14
97
-10
-8
20
10
35
-33
42
15
12
91
-27
-7
69
9
19
14
-14
28
23
-33
-2
43
-18
-24
-14
46
-20
-77
54
-36
-25
46
-89
27
35
-37
-45
-57
89
-1
-86
25
-4
-6
-5
-77
44
20
-84
-13
-13
-17
12
-57
-27
3
-5
-1
-59
-5
15
-37
-63
-6
40
-15
15
-10
14
36
-98
-48
-27
-62
-20
-55
-32
-4
-39
-66
-81
-50
-28
-68
-124
-69
9
-15
-50
-59
-31
-17
-59
-52
28
38
-4
16
33
71
85
53
53
88
109
87
77
110
124
84
94
81
97
125
89
104
59
134
132
36
155
84
100
135
1
172
121
28
82
40
85
-14
29
51
-27
33
-5
-10
13
20
-19
-74
-10
-41
-70
-59
-68
-4
-72
-119
-78
-72
-88
-119
-88
-81
-90
-56
-53
-111
-90
-6
-81
-118
-29
-11
-38
-110
-111
-36
-28
-89
-101
-46
-78
-74
-63
-43
-25
-46
-15
-81
-30
41
-98
-33
17
-39
23
-16
-30
-20
-87
-95
-90
-48
-68
-108
-89
-80
-80
-100
-96
-126
-96
-64
-93
-55
25
-11
-37
16
8
55
103
90
132
167
167
147
167
225
178
187
176
177
230
159
137
156
136
125
93
109
151
108
70
83
29
58
110
4
38
103
57
91
70
34
122
75
-1
109
110
48
54
38
54
65
47
-33
12
23
-31
22
-80
-9
13
-136
7
-30
-46
-18
-180
-21
-9
-135
-91
-98
-77
-56
-102
-104
-58
-80
-111
-179
-113
-52
-185
-150
-121
-144
-100
-164
-103
-92
-160
-109
-140
-88
-68
-129
-94
-75
-86
-10
-30
-82
33
7
-76
5
48
27
13
-14
32
53
15
-20
-64
-96
-65
-47
-63
-67
-86
-126
-128
-140
-151
-93
-131
-121
-106
-127
-52
-23
-34
-9
8
37
65
111
189
192
197
221
217
294
301
265
290
278
282
237
222
271
225
219
191
118
195
144
102
105
43
94
63
49
76
74
71
42
76
60
21
76
89
51
67
83
31
82
97
-9
72
31
-40
86
-61
-67
36
-154
-13
53
-158
-61
-102
-90
-3
-193
-75
-22
-192
-100
-110
-127
-66
-191
-194
-106
-167
-181
-143
-230
-172
-147
-265
-185
-194
-224
-222
-313
-182
-184
-255
-156
-184
-169
-130
-144
-174
-80
-52
-115
-28
13
8
18
25
54
33
59
30
31
87
2
-15
-90
-168
-110
-81
-107
-143
-163
-157
-189
-220
-260
-224
-197
-171
-149
-136
-22
5
-68
-10
67
110
216
224
332
465
403
382
428
466
549
538
519
514
528
496
415
418
383
371
329
275
297
274
263
165
58
105
124
118
130
156
108
20
75
83
48
109
111
59
126
118
62
121
63
110
94
-25
114
135
3
-18
-144
-116
-1
-104
-124
-81
-217
-190
-179
-334
-222
-216
-290
-232
-235
-215
-247
-390
-281
-229
-382
-266
-276
-315
-159
-344
-403
-289
-311
-214
-311
-355
-234
-332
-331
-337
-342
-259
-338
-238
-125
-199
-131
-199
-206
-112
-123
-13
-78
-195
-125
-273
-378
-282
-270
-164
-217
-345
-330
-423
-431
-417
-476
-335
-298
-261
-217
-231
-52
-59
-114
47
178
362
466
564
672
633
691
765
844
1037
1091
1056
1056
930
865
863
784
795
776
665
597
496
442
336
179
95
91
96
100
105
34
-1
-95
-157
-66
35
122
106
89
81
53
146
126
157
290
212
317
353
212
209
55
60
159
116
208
162
-60
-83
-119
-241
-300
-254
-294
-289
-175
-298
-470
-531
-550
-476
-422
-453
-422
-529
-523
-530
-618
-552
-636
-581
-461
-574
-574
-490
-526
-531
-527
-504
-399
-398
-333
-247
-350
-335
-327
-316
-222
-197
-160
-312
-480
-524
-573
-395
-248
-341
-423
-573
-644
-569
-533
-465
-413
-423
-395
-366
-301
-95
-13
-43
12
168
346
593
785
789
817
869
944
1118
1370
1475
1406
1310
1154
1091
1095
1121
1194
1083
911
783
606
643
579
376
358
242
202
228
92
30
-23
-141
-95
-56
55
201
135
64
48
25
115
296
309
347
399
228
196
306
287
276
227
147
156
171
137
46
-45
-136
-256
-253
-215
-287
-303
-401
-603
-621
-585
-608
-569
-582
-604
-598
-671
-703
-737
-676
-669
-748
-657
-679
-786
-709
-662
-611
-581
-681
-639
-549
-581
-501
-457
-452
-358
-477
-558
-625
-741
-614
-588
-681
-457
-472
-704
-689
-746
-693
-462
-447
-428
-302
-342
-333
-256
-172
51
222
278
416
552
699
774
755
922
1162
1227
1270
1359
1353
1353
1264
1007
1079
1328
1267
1165
1090
900
818
693
537
676
695
517
401
273
246
286
114
109
237
197
258
241
157
281
242
131
281
371
451
508
308
212
273
227
301
358
241
203
81
-73
-9
36
-13
-109
-278
-383
-342
-345
-466
-519
-553
-628
-690
-764
-676
-570
-717
-830
-838
-788
-676
-740
-852
-866
-845
-666
-634
-775
-700
-663
-704
-716
-712
-489
-395
-632
-710
-732
-818
-769
-827
-853
-734
-672
-704
-886
-1000
-884
-801
-770
-645
-529
-459
-467
-540
-428
-158
61
204
283
430
640
681
717
952
1213
1331
1262
1293
1525
1632
1495
1275
1215
1351
1336
1256
1228
1199
1152
870
620
666
773
758
603
371
333
357
218
158
219
240
274
190
106
277
362
302
288
293
409
491
412
428
472
409
378
284
289
402
345
208
73
39
131
60
-114
-225
-258
-314
-501
-458
-418
-469
-545
-753
-768
-752
-732
-647
-838
-877
-875
-1008
-1000
-1117
-1014
-829
-888
-808
-866
-972
-868
-956
-922
-832
-846
-755
-908
-1070
-1087
-1168
-1022
-907
-974
-915
-1006
-1034
-948
-967
-859
-671
-576
-572
-486
-353
-234
-110
-22
117
401
589
642
752
992
1237
1274
1143
1165
1520
1780
1666
1451
1422
1562
1510
1263
1258
1399
1423
1185
789
755
911
830
586
399
480
551
348
135
161
351
325
99
66
219
356
258
117
238
455
509
358
273
479
594
477
387
445
602
516
219
150
294
306
176
73
-14
-56
-150
-410
-433
-320
-300
-406
-745
-840
-632
-709
-873
-924
-890
-841
-1019
-1204
-1167
-1009
-978
-1032
-985
-925
-894
-881
-934
-923
-1091
-1244
-1176
-1010
-774
-1026
-1461
-1368
-1220
-1083
-1068
-1212
-917
-895
-1141
-1165
-999
-509
-361
-581
-482
-227
31
114
61
380
701
799
786
1027
1467
1577
1304
1064
1370
1865
1888
1650
1524
1575
1591
1257
1262
1575
1662
1368
774
612
912
1036
810
529
493
515
325
110
126
448
466
124
-62
22
303
309
65
98
322
434
302
132
293
463
415
253
221
492
538
229
28
91
326
311
62
-80
-58
-92
-354
-459
-308
-188
-371
-717
-797
-669
-619
-728
-946
-940
-910
-1084
-1185
-1130
-953
-852
-916
-1117
-1238
-1067
-775
-713
-862
-1260
-1461
-1301
-1116
-970
-1042
-1160
-1201
-1323
-1357
-1127
-925
-864
-1068
-1235
-1077
-697
-529
-525
-404
-356
-254
-94
72
403
722
677
677
902
1275
1610
1521
1279
1366
1563
1763
1841
1720
1689
1583
1401
1452
1603
1667
1589
1123
755
827
962
990
879
612
486
418
274
284
410
451
292
47
-60
150
313
206
92
108
219
254
134
141
305
290
131
88
176
367
373
116
61
105
160
147
-58
-84
-70
-221
-402
-469
-251
-212
-554
-795
-802
-625
-642
-934
-978
-882
-946
-1065
-1217
-1075
-844
-988
-1147
-1183
-997
-666
-776
-1083
-1295
-1433
-1183
-921
-925
-927
-1119
-1451
-1487
-1294
-949
-677
-864
-1169
-1300
-1195
-808
-505
-409
-374
-370
-351
-179
103
408
616
532
542
813
1088
1378
1468
1344
1382
1463
1510
1706
1784
1689
1545
1401
1504
1718
1706
1485
1206
1054
1159
1257
1195
1093
862
576
512
544
686
858
664
320
92
73
270
403
369
298
147
-12
14
138
251
267
94
-36
-14
37
86
103
63
21
-75
-165
-94
-38
-91
-224
-376
-398
-333
-329
-412
-520
-625
-681
-685
-683
-693
-800
-1007
-1105
-989
-858
-782
-905
-1063
-1100
-1139
-990
-833
-877
-1025
-1303
-1602
-1548
-1233
-813
-793
-1398
-1841
-1670
-1230
-970
-1034
-1197
-1192
-1184
-1278
-1144
-659
-308
-325
-619
-624
-68
406
450
384
434
772
1058
1095
1269
1460
1486
1406
1449
1650
1941
1864
1534
1467
1587
1790
1912
1691
1449
1345
1158
1179
1262
1306
1315
973
563
563
725
835
825
573
389
379
255
185
333
382
358
195
-60
29
192
163
74
-6
78
150
-25
-142
-15
76
-5
-110
-166
-158
-167
-330
-317
-281
-329
-319
-598
-772
-593
-526
-602
-773
-838
-666
-850
-1128
-1069
-877
-659
-712
-929
-943
-911
-907
-883
-901
-750
-784
-1185
-1500
-1453
-978
-656
-1016
-1592
-1757
-1441
-1090
-1139
-1352
-1318
-1201
-1301
-1375
-1123
-624
-379
-660
-847
-494
41
317
233
210
558
952
1064
1082
1302
1557
1485
1312
1461
1801
2034
1896
1602
1564
1767
1869
1723
1579
1530
1473
1299
1156
1237
1351
1184
874
672
746
859
756
568
390
378
396
254
182
262
321
270
27
-71
76
123
62
-39
-55
52
9
-134
-119
-27
52
6
-135
-211
-159
-144
-219
-209
-248
-298
-433
-637
-472
-301
-426
-617
-801
-747
-626
-709
-845
-889
-854
-813
-873
-975
-880
-732
-871
-1138
-1254
-1103
-1055
-1274
-1282
-1120
-1157
-1374
-1541
-1529
-1272
-1202
-1269
-1387
-1514
-1236
-1090
-1164
-1026
-844
-660
-609
-623
-347
-27
203
265
335
555
786
1013
1092
1206
1406
1453
1411
1521
1714
1848
1730
1526
1594
1762
1839
1751
1602
1514
1444
1361
1278
1292
1336
1246
1028
796
856
932
792
645
468
493
550
379
254
186
209
244
109
2
49
59
-107
-139
-31
-47
-112
-182
-165
-85
-87
-105
-175
-233
-177
-142
-200
-393
-387
-206
-314
-407
-394
-500
-524
-608
-634
-510
-618
-623
-658
-990
-979
-764
-613
-614
-991
-1146
-1016
-942
-938
-1094
-1344
-1310
-1046
-1093
-1380
-1528
-1426
-1153
-1230
-1509
-1382
-1240
-1246
-1331
-1364
-1010
-676
-756
-911
-797
-413
-60
-21
-92
185
538
636
731
824
1079
1378
1323
1237
1336
1506
1699
1683
1631
1698
1723
1670
1495
1446
1569
1582
1463
1267
1184
1260
1158
1017
991
991
964
767
586
606
637
540
435
344
274
235
157
77
119
127
65
-54
-199
-90
6
-89
-112
-137
-178
-173
-236
-214
-175
-229
-176
-193
-315
-351
-304
-241
-312
-404
-428
-365
-458
-603
-483
-446
-591
-637
-547
-573
-717
-817
-750
-626
-708
-891
-969
-1037
-961
-1008
-1261
-1200
-1012
-1074
-1363
-1582
-1326
-951
-1202
-1530
-1429
-1257
-1108
-1182
-1311
-1082
-807
-694
-738
-723
-445
-65
13
-110
120
516
795
775
604
873
1369
1495
1417
1250
1251
1639
1740
1601
1633
1628
1623
1569
1365
1467
1731
1587
1246
1051
1081
1289
1213
933
888
853
745
625
484
534
639
426
178
102
128
174
112
-59
-97
-23
-165
-265
-264
-267
-140
-137
-179
-132
-204
-204
-195
-226
-153
-60
-95
-237
-290
-200
-132
-200
-301
-289
-247
-331
-439
-514
-426
-415
-630
-710
-649
-543
-582
-738
-791
-851
-813
-853
-1077
-1024
-1088
-1184
-1052
-1164
-1264
-1299
-1337
-1215
-1215
-1356
-1402
-1365
-1318
-1314
-1220
-1067
-941
-917
-931
-765
-570
-367
-154
-124
-24
268
443
607
782
921
1061
1134
1255
1392
1505
1484
1465
1633
1778
1849
1705
1487
1512
1571
1579
1623
1540
1399
1267
1056
1035
1108
1073
969
752
554
503
538
487
407
283
166
129
-12
-71
19
-2
-22
-123
-273
-217
-156
-220
-250
-184
-137
-157
-269
-275
-111
-31
-78
-117
-170
-193
-180
-171
-138
-137
-156
-145
-243
-372
-409
-364
-275
-421
-577
-514
-562
-677
-717
-677
-533
-617
-936
-1151
-1151
-1022
-905
-970
-1201
-1360
-1395
-1369
-1332
-1313
-1320
-1307
-1399
-1496
-1482
-1328
-1114
-1086
-1124
-1075
-855
-646
-640
-554
-266
-8
173
227
325
584
763
917
1033
1137
1397
1523
1484
1492
1483
1636
1870
1846
1772
1687
1561
1566
1571
1561
1601
1509
1270
1070
972
1053
1122
949
760
615
475
426
359
282
310
222
11
-74
-129
-119
-42
-93
-192
-228
-262
-279
-240
-251
-187
-112
-152
-194
-232
-205
-132
-72
-32
-59
-48
-121
-206
-51
28
7
-60
-140
-247
-297
-168
-152
-347
-448
-363
-453
-623
-596
-500
-522
-854
-978
-848
-1001
-1144
-1132
-1156
-1304
-1396
-1403
-1472
-1599
-1471
-1311
-1488
-1672
-1640
-1468
-1361
-1322
-1201
-1135
-1090
-918
-835
-668
-427
-187
-53
-61
163
454
636
736
859
1064
1215
1345
1424
1502
1621
1650
1671
1831
1871
1780
1726
1653
1747
1782
1663
1553
1435
1336
1233
1166
1114
1030
931
778
569
456
446
377
212
103
49
-24
-94
-219
-275
-205
-206
-281
-410
-400
-270
-256
-294
-267
-215
-183
-166
-185
-139
-6
-35
-34
21
-16
83
87
-45
-33
63
124
110
-77
-139
-79
-116
-114
-226
-384
-373
-404
-350
-283
-441
-788
-1189
-1310
-1052
-718
-797
-1315
-1867
-1936
-1596
-1362
-1454
-1642
-1750
-1834
-2001
-1961
-1576
-1209
-1227
-1561
-1648
-1281
-768
-598
-645
-596
-226
170
184
202
437
839
1101
1048
1157
1484
1672
1622
1480
1597
1981
2177
1981
1735
1653
1763
1917
1864
1714
1675
1535
1247
1086
1116
1277
1243
878
564
443
422
373
230
128
60
-33
-205
-347
-340
-285
-247
-364
-465
-389
-379
-448
-416
-311
-165
-57
-176
-218
-113
11
142
147
140
175
156
210
267
308
406
328
176
55
102
171
138
86
11
-97
-309
-403
-359
-321
-376
-371
-615
-1115
-1476
-1434
-853
-578
-1154
-1928
-2176
-1852
-1404
-1527
-1809
-1834
-1848
-2009
-2276
-2091
-1486
-1198
-1455
-1872
-1720
-1036
-643
-699
-872
-526
173
327
142
257
727
1221
1200
1078
1418
1899
1981
1645
1595
2041
2547
2495
2010
1790
1924
2098
2062
1907
1934
1862
1464
1097
977
1294
1443
1008
466
193
243
255
17
-155
-126
-139
-432
-777
-739
-550
-462
-632
-828
-657
-500
-546
-639
-611
-265
-66
-181
-256
-209
60
225
200
326
505
555
396
312
482
733
813
638
394
387
358
300
268
245
331
40
-231
-335
-401
-308
-329
-576
-711
-1139
-1689
-1641
-1473
-1090
-938
-1803
-2642
-2586
-2099
-1637
-1745
-2158
-2220
-2230
-2424
-2377
-1962
-1336
-1094
-1600
-1929
-1492
-670
-290
-462
-411
184
703
654
548
967
1477
1737
1622
1650
2178
2485
2303
1905
2070
2724
2989
2530
2027
1923
2083
2156
1941
1894
1908
1605
1029
604
709
1099
1071
464
-100
-220
-178
-306
-476
-479
-395
-546
-990
-1249
-927
-612
-654
-841
-961
-759
-581
-680
-652
-285
70
120
-105
-139
167
440
511
529
719
925
891
572
452
776
1018
975
727
517
485
469
337
253
323
257
-95
-407
-543
-441
-543
-922
-1446
-1929
-1803
-1701
-1730
-1777
-2279
-2822
-2937
-2884
-2486
-2213
-2486
-2755
-2979
-3020
-2633
-2147
-1661
-1500
-1738
-1807
-1482
-751
-247
72
228
343
781
1030
1350
1819
1998
2148
2200
2334
2809
3068
2925
2732
2772
2966
3091
2909
2583
2431
2294
2055
2006
1921
1784
1507
861
593
579
584
529
59
-374
-539
-778
-857
-848
-893
-911
-1086
-1371
-1438
-1184
-1067
-999
-959
-967
-699
-529
-593
-364
-73
105
360
349
429
718
773
881
1053
1135
1258
1281
1054
1019
1103
1113
1101
964
744
648
436
203
220
67
65
-126
-482
-596
-1154
-1589
-1781
-2120
-1883
-2031
-2459
-2525
-3091
-3267
-3201
-3425
-3083
-2876
-3126
-3164
-3426
-3352
-2741
-2393
-2062
-1841
-1724
-1517
-1234
-797
-220
501
810
983
1341
1518
2080
2468
2558
2976
3088
3209
3353
3294
3408
3454
3463
3368
3213
3113
2774
2480
2204
1939
1951
1637
1201
858
402
303
86
-227
-295
-587
-907
-1232
-1461
-1427
-1348
-1342
-1525
-1533
-1488
-1523
-1311
-1274
-1123
-707
-700
-527
-262
-153
225
418
560
884
1072
1171
1288
1370
1409
1611
1707
1623
1719
1589
1473
1492
1241
1139
1065
774
665
480
186
51
-246
-419
-557
-742
-1029
-1599
-2191
-2737
-2784
-2489
-2510
-2775
-3428
-3938
-3828
-3894
-3749
-3460
-3392
-3259
-3569
-3960
-3500
-2666
-2068
-1897
-1859
-1468
-884
-542
-281
385
1139
1606
1812
1984
2587
3253
3198
3153
3274
3629
4104
3987
3787
3745
3580
3323
3079
2996
3052
2810
2141
1416
1157
1095
848
533
130
-167
-490
-993
-1261
-1311
-1261
-1409
-1856
-2021
-1902
-1793
-1774
-1808
-1594
-1316
-1237
-1147
-995
-556
-214
-132
93
472
978
1259
1163
1252
1607
1958
2096
2087
2166
2208
2147
1906
1806
1947
2006
1718
1264
990
863
608
407
212
-1
-193
-690
-1036
-1038
-1077
-1287
-1771
-2549
-3303
-3616
-3323
-2870
-2626
-3282
-4398
-4638
-4371
-3992
-3455
-3288
-3141
-3218
-3897
-3881
-2872
-1641
-1033
-1331
-1473
-804
-21
418
770
1376
2104
2399
2264
2637
3697
4171
3757
3112
3113
3935
4305
4010
3770
3616
3277
2546
2037
2316
2651
2178
1025
239
177
193
-206
-765
-894
-881
-1314
-1890
-2107
-1765
-1521
-2030
-2408
-2111
-1587
-1284
-1468
-1521
-1057
-625
-536
-460
94
723
855
779
934
1616
2266
2272
2075
2133
2443
2576
2432
2451
2670
2610
2081
1533
1517
1759
1624
1031
498
389
288
-175
-566
-649
-582
-778
-1371
-1798
-1794
-1769
-2156
-3027
-3910
-3945
-3389
-3018
-3098
-3751
-4323
-4299
-4391
-4226
-3521
-2938
-2578
-2946
-3672
-3314
-2130
-1225
-888
-895
-521
202
524
719
1309
2158
2635
2492
2421
3204
4214
4277
3571
3041
3202
3649
3650
3451
3673
3651
2788
1603
1095
1548
1933
1385
455
-2
-228
-754
-1399
-1695
-1366
-1208
-1774
-2212
-2100
-1813
-1880
-2436
-2467
-1674
-1089
-988
-1013
-777
-328
-266
-406
122
1076
1671
1695
1494
1716
2342
2594
2437
2654
3041
3095
2825
2461
2541
2711
2281
1613
1363
1501
1489
999
353
94
-69
-518
-926
-1088
-999
-918
-1318
-1870
-2063
-2171
-2248
-2447
-3125
-3717
-3868
-3708
-3057
-2821
-3386
-3894
-4087
-3775
-3371
-3372
-2935
-2199
-2199
-2675
-2845
-1856
-481
-189
-634
-521
503
1318
1274
1275
1992
2895
2807
2073
2472
3766
4373
3513
2311
2461
3211
3139
2499
2388
2979
2839
1479
333
520
1326
1089
-97
-700
-305
-124
-1103
-2003
-1666
-1032
-1180
-2002
-2135
-1167
-751
-1405
-2098
-1771
-731
-341
-660
-535
367
864
268
-149
475
1621
2062
1599
1692
2513
2832
2349
1809
2096
2868
2720
1944
1709
2108
2098
1178
282
229
693
592
-183
-540
-328
-386
-1125
-1882
-1612
-1015
-1080
-1625
-1913
-1454
-1414
-1992
-2341
-2444
-2279
-2602
-3010
-2303
-1660
-1795
-2459
-3036
-2479
-1985
-2256
-2321
-1798
-1063
-1207
-1941
-1733
-672
63
-383
-920
-262
734
1065
634
678
1625
1972
1492
1099
1629
2752
2677
1719
1392
1893
2459
2071
1378
1543
1973
1799
947
494
976
1279
765
-115
-264
270
306
-129
-450
-307
-48
-460
-875
-624
-99
88
-321
-619
-363
16
95
-38
178
465
457
276
125
545
1006
835
439
375
756
870
496
390
704
847
327
-103
242
647
402
-157
-192
188
179
-257
-525
-389
-48
-115
-468
-635
-550
-311
-473
-838
-799
-534
-415
-593
-750
-681
-543
-475
-696
-861
-714
-645
-673
-724
-726
-593
-624
-723
-757
-873
-946
-990
-994
-872
-778
-746
-689
-565
-504
-588
-587
-427
-251
-222
-289
-213
-45
109
129
112
230
347
358
262
244
422
599
625
610
616
640
639
547
502
589
674
690
675
658
648
645
670
698
747
747
680
616
529
521
551
539
570
610
533
400
373
418
455
430
345
332
333
296
279
272
354
416
351
285
285
308
287
228
240
244
230
184
106
122
114
13
-41
-74
-103
-123
-250
-329
-305
-301
-351
-414
-438
-492
-538
-564
-612
-552
-483
-546
-647
-715
-721
-681
-658
-670
-697
-729
-790
-837
-852
-875
-866
-879
-941
-954
-958
-926
-831
-828
-835
-756
-755
-738
-628
-528
-449
-382
-281
-168
-127
-114
-53
60
148
195
261
313
353
341
346
448
546
637
653
582
593
585
578
656
728
814
845
812
793
784
801
814
846
883
837
770
738
757
814
820
769
730
724
712
644
603
642
668
616
540
541
566
537
439
360
325
291
248
201
143
82
32
-56
-106
-77
-71
-143
-270
-374
-429
-449
-440
-438
-428
-453
-555
-678
-698
-646
-649
-637
-614
-620
-645
-726
-746
-637
-611
-688
-726
-751
-743
-669
-657
-713
-745
-810
-870
-887
-875
-793
-711
-748
-810
-741
-667
-644
-612
-568
-504
-414
-396
-362
-211
-113
-29
46
46
71
96
110
163
228
294
349
421
470
481
467
422
444
540
648
744
761
747
784
835
836
850
914
961
927
867
820
783
852
934
1010
993
810
694
689
761
747
603
506
496
545
514
385
248
223
264
218
99
30
73
75
-8
-116
-200
-187
-136
-174
-275
-315
-333
-384
-427
-419
-382
-394
-461
-489
-432
-404
-472
-556
-557
-509
-448
-416
-396
-358
-345
-416
-540
-581
-550
-448
-375
-371
-381
-418
-443
-422
-448
-540
-627
-699
-740
-792
-813
-781
-692
-648
-717
-800
-805
-697
-634
-638
-568
-447
-277
-84
58
165
235
225
146
114
231
409
474
451
452
553
585
532
537
381
237
348
658
1001
944
744
836
1097
1229
904
505
619
1074
1299
953
468
437
744
842
490
154
204
332
378
233
-23
-59
-78
-179
-295
-359
-90
208
160
22
-76
0
159
205
177
8
-214
-139
229
299
93
-59
-71
34
6
-146
-175
-185
-237
-254
-282
-278
-219
-105
-217
-469
-442
-157
0
-40
-27
16
98
133
45
-101
-318
-590
-834
-910
-735
-532
-606
-841
-971
-1001
-1056
-1226
-1427
-1484
-1388
-1309
-1234
-1070
-918
-795
-867
-1057
-957
-649
-284
-25
73
253
505
729
824
874
972
1035
1015
1002
1110
1313
1441
1384
1239
1152
1085
1005
950
845
769
687
539
468
505
497
197
-168
-196
14
182
121
48
110
79
-97
-201
-111
54
94
-2
-32
-29
65
164
-81
-178
-106
-136
-11
-159
-226
173
290
239
206
124
320
493
446
390
367
587
866
867
562
118
22
219
224
24
-92
31
168
156
52
-153
-282
-265
-204
-282
-344
-264
-66
29
-249
-609
-952
-1298
-1518
-1629
-1518
-1396
-1446
-1547
-1722
-1711
-1712
-1983
-2214
-2229
-1984
-1650
-1432
-1114
-724
-480
-549
-638
-340
107
536
821
1004
1390
1867
2168
2232
2136
2117
2032
1915
1917
1956
2065
1992
1678
1384
1202
1079
782
383
88
-145
-186
-250
-372
-430
-632
-893
-1204
-1341
-1122
-975
-949
-963
-937
-615
-322
-243
-212
-164
-35
220
511
710
799
769
695
796
874
839
908
888
1042
1209
1090
1063
1081
1038
875
506
286
350
452
390
180
58
-32
-66
-111
-251
-366
-380
-264
-196
-251
-214
-147
-93
-148
-366
-391
-391
-503
-635
-1079
-1636
-2163
-2496
-2206
-2057
-2225
-2556
-2874
-2519
-2220
-2466
-2744
-2849
-2322
-1781
-1654
-1188
-599
39
308
154
494
1104
1671
2010
2036
2386
2860
3277
3518
3325
3139
2798
2456
2260
1969
1894
1684
1306
989
571
378
91
-471
-1009
-1478
-1596
-1636
-1678
-1591
-1627
-1717
-1851
-1868
-1583
-1325
-1113
-895
-578
-11
451
795
1038
1146
1264
1363
1568
1799
1955
1975
1760
1673
1635
1517
1412
1128
918
806
628
521
352
158
-25
-279
-431
-559
-591
-567
-611
-586
-493
-308
-7
126
127
182
143
169
215
283
413
417
320
193
15
-307
-1037
-1889
-2754
-3442
-3323
-3152
-3188
-3353
-3724
-3436
-3079
-3236
-3439
-3628
-3179
-2463
-1980
-1281
-534
471
1207
1436
1844
2180
2633
2992
3018
3339
3796
4273
4563
4469
4208
3573
2862
2209
1565
1148
627
226
46
-193
-369
-839
-1542
-2164
-2752
-3021
-3141
-3130
-2909
-2586
-2073
-1637
-1204
-765
-419
-71
180
512
1022
1600
2155
2509
2777
2861
2822
2803
2552
2248
1915
1535
1432
1407
1294
1141
830
531
256
-132
-559
-898
-1043
-1100
-1105
-919
-770
-581
-390
-376
-221
2
176
430
572
704
942
957
893
887
699
418
38
-634
-1332
-2184
-3222
-3715
-3874
-3882
-3917
-4341
-4422
-4111
-3882
-3803
-4000
-3899
-3278
-2633
-1921
-1179
-337
670
1505
2182
2721
3105
3401
3583
3716
3918
4242
4494
4536
4424
4057
3463
2800
2018
1241
481
-215
-741
-1059
-1195
-1384
-1723
-2225
-2700
-2960
-3194
-3416
-3433
-3173
-2518
-1650
-865
-195
446
1075
1550
1875
2045
2155
2376
2577
2788
3027
3127
3086
2946
2598
2053
1429
836
430
182
-49
-207
-193
-107
-129
-313
-669
-1019
-1191
-1213
-1193
-1047
-694
-152
543
1092
1415
1543
1537
1473
1319
1079
836
710
648
512
263
-305
-1241
-2415
-3701
-4522
-4886
-5231
-5495
-5690
-5441
-4706
-4204
-3985
-3857
-3543
-2989
-2569
-2116
-1383
-240
1083
2159
3128
3985
4591
4852
4713
4463
4250
4161
4027
3808
3704
3443
2995
2384
1563
692
-331
-1380
-2143
-2642
-2855
-2946
-3008
-2945
-2751
-2516
-2511
-2592
-2551
-2320
-1767
-1091
-257
662
1594
2526
3161
3622
3819
3600
3334
3047
2767
2556
2311
2154
2051
1844
1499
1051
482
-113
-641
-1179
-1586
-1645
-1447
-1159
-939
-744
-482
-197
-73
-134
-75
100
432
914
1354
1865
2311
2543
2589
2448
2016
1470
875
172
-390
-1164
-2273
-3154
-4143
-4844
-5084
-5722
-6032
-6268
-6376
-5793
-5379
-4869
-4283
-3714
-2706
-1842
-1087
-286
649
1840
2783
3560
4191
4799
5350
5499
5488
5207
4887
4519
3769
3139
2467
1802
1274
382
-505
-1339
-2159
-2724
-3283
-3603
-3781
-3960
-3938
-3740
-3230
-2719
-2256
-1673
-1082
-263
476
1154
1961
2710
3446
3904
4114
4244
4231
4108
3746
3261
2738
2113
1536
1037
624
283
-108
-562
-989
-1339
-1644
-1849
-1923
-1789
-1504
-1282
-1038
-679
-183
361
683
904
1183
1459
1798
2078
2311
2512
2596
2508
2252
1930
1442
911
294
-474
-1387
-2663
-4013
-5132
-5722
-5896
-6372
-6847
-6964
-6567
-5596
-4882
-4375
-3682
-2832
-1837
-1095
-487
326
1494
2826
3667
4255
4841
5431
6038
6120
5743
5224
4583
3881
2970
2064
1354
690
12
-886
-1728
-2353
-2914
-3332
-3770
-4145
-4353
-4437
-4231
-3781
-3081
-2316
-1563
-719
99
959
1752
2444
3158
3769
4148
4288
4330
4382
4340
4067
3543
2913
2316
1724
1083
465
-90
-585
-1032
-1445
-1785
-1942
-1954
-1892
-1740
-1587
-1351
-1001
-640
-150
355
757
1199
1487
1757
2070
2284
2540
2659
2603
2466
2193
1841
1356
817
251
-484
-1362
-2619
-3955
-5015
-5801
-6131
-6539
-7010
-7109
-6867
-6033
-5066
-4296
-3430
-2627
-1665
-692
90
1024
2016
3041
3866
4363
4834
5397
5944
6130
5951
5403
4646
3975
3111
2159
1263
238
-758
-1674
-2525
-3132
-3511
-3770
-3964
-4067
-4179
-4205
-3941
-3491
-2844
-2163
-1570
-877
-27
988
1983
2811
3503
4075
4426
4512
4480
4377
4186
3762
3064
2313
1696
1198
767
349
-116
-643
-1130
-1524
-1800
-1932
-1956
-1957
-1893
-1627
-1223
-665
-45
502
1056
1490
1735
1961
2142
2355
2520
2467
2335
2240
2179
1990
1681
1310
800
186
-566
-1438
-2522
-3862
-5058
-6024
-6503
-6727
-7212
-7294
-6920
-6189
-5074
-4202
-3294
-2192
-1225
-392
320
1183
2151
3016
3701
4213
4791
5400
5918
6138
5894
5402
4698
3921
3064
1978
1051
132
-951
-1988
-2909
-3397
-3592
-3843
-4076
-4163
-4023
-3780
-3514
-3141
-2633
-1965
-1338
-722
68
989
2000
2839
3448
3897
4211
4444
4460
4266
3860
3324
2702
1917
1248
731
232
-149
-525
-949
-1276
-1486
-1589
-1661
-1748
-1804
-1716
-1417
-962
-396
177
758
1342
1886
2250
2479
2711
2807
2742
2529
2278
2117
1965
1743
1411
1076
680
84
-451
-1100
-1958
-3058
-4474
-5559
-6243
-6617
-6906
-7393
-7346
-6657
-5653
-4460
-3387
-2243
-1083
-223
376
1080
2070
2905
3441
3638
3858
4481
5075
5506
5593
5287
4893
4221
3364
2468
1412
463
-577
-1869
-2924
-3554
-3747
-3761
-3875
-4006
-3912
-3450
-2909
-2429
-1992
-1581
-1079
-619
-98
655
1571
2459
2969
3340
3764
4135
4425
4332
3868
3230
2500
1773
1009
357
-126
-558
-948
-1297
-1533
-1521
-1381
-1355
-1449
-1539
-1476
-1165
-780
-396
52
521
1074
1674
2222
2697
3021
3134
3012
2752
2434
2159
1901
1490
1049
631
244
-74
-392
-762
-1205
-2003
-3314
-4516
-5296
-5802
-6102
-6753
-7289
-6938
-6080
-4880
-3729
-2652
-1342
-241
530
1163
1923
2840
3343
3225
2967
3210
3854
4347
4465
4252
4123
3982
3491
2852
2075
1209
201
-1094
-2365
-3282
-3626
-3688
-3811
-3925
-3848
-3252
-2381
-1685
-1187
-784
-339
41
254
578
1129
1783
2205
2327
2579
3119
3735
3959
3675
3180
2623
2081
1348
471
-240
-810
-1271
-1655
-1906
-1838
-1504
-1209
-1148
-1130
-941
-569
-194
-8
151
443
847
1290
1737
2184
2570
2806
2860
2754
2609
2420
2118
1648
1041
472
17
-268
-501
-805
-1153
-1641
-2485
-3506
-4270
-4729
-5051
-5610
-6401
-6547
-5961
-5090
-4096
-3187
-2111
-866
174
919
1620
2449
3058
3129
2788
2699
3090
3507
3641
3372
3111
3144
3057
2729
2279
1652
862
-157
-1312
-2272
-2856
-3193
-3583
-3880
-3848
-3409
-2588
-1763
-1135
-640
-183
346
830
1182
1409
1629
1900
1999
2072
2347
2804
3198
3184
2918
2622
2364
1980
1239
379
-412
-1033
-1459
-1830
-2003
-1871
-1655
-1468
-1283
-987
-566
-141
120
268
432
716
1110
1400
1672
1911
2072
2238
2307
2306
2257
2095
1808
1362
915
498
86
-267
-656
-1005
-1321
-1918
-2686
-3374
-3892
-4198
-4621
-5287
-5741
-5587
-5019
-4334
-3623
-2822
-1738
-641
201
955
1736
2516
2950
2860
2673
2757
3038
3150
2955
2677
2608
2674
2523
2187
1814
1282
595
-257
-1213
-1933
-2408
-2841
-3332
-3653
-3577
-3094
-2390
-1756
-1174
-597
-7
579
1028
1368
1599
1730
1801
1850
1968
2229
2540
2643
2533
2369
2241
2121
1765
1114
419
-161
-639
-1103
-1551
-1736
-1706
-1637
-1494
-1291
-929
-415
-18
179
410
765
1104
1312
1422
1531
1659
1777
1864
1910
1914
1820
1620
1385
1133
900
652
269
-160
-603
-927
-1249
-1952
-2792
-3442
-3870
-4087
-4470
-5051
-5258
-5002
-4387
-3745
-3216
-2428
-1396
-431
242
878
1724
2445
2683
2495
2390
2649
2960
2985
2718
2527
2571
2579
2406
2054
1672
1204
484
-381
-1177
-1755
-2216
-2747
-3260
-3467
-3276
-2795
-2234
-1699
-1183
-622
5
559
989
1258
1439
1568
1605
1673
1768
2000
2276
2334
2242
2133
2146
2094
1719
1112
475
-44
-475
-925
-1363
-1542
-1538
-1501
-1396
-1175
-765
-327
-38
152
440
840
1118
1235
1260
1339
1512
1546
1524
1514
1507
1514
1357
1130
1029
876
651
274
-146
-436
-699
-966
-1638
-2475
-3038
-3508
-3714
-4084
-4737
-4937
-4706
-4189
-3649
-3142
-2391
-1466
-578
47
682
1516
2173
2441
2302
2250
2532
2786
2788
2497
2323
2426
2500
2378
2127
1927
1565
900
139
-560
-1148
-1736
-2414
-2988
-3276
-3207
-2868
-2421
-1918
-1423
-829
-198
339
801
1037
1168
1320
1350
1362
1468
1676
1863
1925
1877
1906
2064
2083
1782
1280
821
404
19
-409
-895
-1172
-1276
-1374
-1375
-1173
-841
-479
-183
57
435
839
1049
1124
1176
1262
1335
1312
1254
1225
1214
1157
1037
925
851
786
623
325
50
-249
-596
-818
-1325
-2140
-2724
-3233
-3534
-3799
-4391
-4686
-4539
-4109
-3623
-3188
-2499
-1607
-730
-141
405
1222
1891
2162
2075
2046
2329
2537
2511
2322
2215
2331
2377
2298
2194
2062
1762
1207
532
-105
-661
-1252
-1954
-2558
-2946
-3026
-2775
-2432
-1999
-1526
-1053
-455
154
663
927
1030
1154
1219
1246
1303
1428
1584
1698
1712
1742
1912
2014
1803
1374
980
664
356
-59
-581
-916
-1052
-1187
-1231
-1091
-781
-420
-205
-17
345
715
979
1097
1083
1122
1167
1149
1116
1040
972
944
913
859
770
670
614
400
41
-226
-488
-686
-1116
-1950
-2606
-3047
-3296
-3581
-4172
-4570
-4559
-4175
-3610
-3107
-2422
-1658
-902
-177
493
1288
1891
2133
2032
1973
2184
2267
2244
2100
1919
1885
1962
2054
2015
1969
1726
1164
599
111
-417
-991
-1696
-2335
-2728
-2871
-2668
-2345
-1964
-1527
-1071
-414
299
838
1082
1150
1240
1276
1318
1356
1393
1422
1390
1411
1537
1706
1810
1656
1299
984
721
426
57
-406
-768
-987
-1148
-1147
-986
-722
-454
-221
75
414
779
1045
1153
1163
1129
1160
1146
1059
972
895
745
622
605
588
572
437
228
39
-256
-530
-815
-1398
-2067
-2721
-3300
-3489
-3698
-4033
-4114
-3943
-3467
-2818
-2171
-1459
-730
-90
424
917
1402
1699
1737
1559
1442
1472
1545
1610
1547
1472
1506
1610
1688
1643
1491
1156
635
125
-324
-792
-1279
-1768
-2147
-2283
-2224
-1969
-1537
-1063
-639
-269
162
652
1015
1130
1087
1071
1097
1094
1068
1071
1137
1260
1289
1295
1407
1433
1226
882
528
282
84
-255
-590
-810
-889
-822
-693
-492
-204
39
216
468
734
945
1106
1127
1045
1013
1011
972
915
792
662
565
456
358
299
213
45
-159
-356
-570
-809
-1007
-1270
-1643
-1975
-2274
-2398
-2465
-2705
-2800
-2700
-2513
-2211
-1880
-1520
-1053
-592
-194
257
677
992
1134
1117
1135
1155
1096
1008
885
746
705
720
727
748
740
664
504
321
152
-42
-334
-661
-892
-1033
-1126
-1119
-1005
-864
-700
-441
-108
256
554
690
811
935
1008
1021
952
918
940
884
811
778
778
819
734
597
512
469
414
205
9
-111
-196
-195
-167
-94
0
104
241
403
559
669
754
789
805
794
718
659
625
510
380
296
229
183
113
21
-92
-184
-288
-490
-656
-737
-792
-947
-1167
-1309
-1429
-1518
-1642
-1807
-1828
-1806
-1794
-1723
-1597
-1357
-1079
-847
-639
-362
-26
214
363
465
513
564
553
496
447
390
387
413
423
406
424
487
503
502
470
373
256
121
-49
-223
-328
-409
-481
-531
-526
-421
-247
-49
120
282
444
609
714
716
758
792
773
739
662
637
641
569
540
527
496
477
449
434
398
328
251
212
258
278
243
266
301
335
388
428
420
409
429
474
477
381
308
310
309
233
129
95
19
-109
-184
-288
-349
-366
-468
-540
-579
-727
-866
-978
-1104
-1202
-1379
-1534
-1591
-1686
-1702
-1617
-1513
-1336
-1141
-969
-736
-461
-204
14
139
228
295
311
320
300
288
333
320
337
419
484
600
654
660
677
599
490
354
168
-28
-223
-329
-402
-471
-418
-321
-250
-122
29
164
335
466
579
681
678
647
646
622
591
574
558
546
550
536
543
544
530
545
466
395
369
271
231
248
216
218
231
244
311
332
303
311
339
361
351
310
295
297
242
159
135
104
67
3
-112
-213
-293
-383
-436
-464
-551
-659
-789
-906
-954
-1032
-1146
-1242
-1302
-1345
-1406
-1398
-1300
-1215
-1142
-989
-801
-633
-465
-306
-126
7
99
185
216
252
270
282
330
346
332
371
453
489
497
515
539
515
407
275
180
78
-47
-128
-215
-284
-258
-218
-168
-34
107
212
299
349
443
545
587
592
573
557
549
541
483
445
465
471
469
486
499
498
502
476
459
423
384
405
390
355
354
325
294
310
295
262
270
309
312
246
149
108
110
61
-38
-127
-179
-210
-292
-385
-440
-505
-556
-611
-723
-818
-842
-892
-963
-1016
-1098
-1153
-1148
-1149
-1105
-991
-897
-824
-758
-667
-514
-361
-271
-204
-136
-78
17
87
117
165
183
188
236
303
363
378
358
383
435
410
330
299
261
163
77
46
17
-27
-58
-72
-50
8
90
157
202
270
343
367
410
464
445
401
408
424
435
450
426
429
451
462
499
504
477
462
449
447
460
459
453
455
452
415
390
401
384
328
292
247
204
205
150
67
24
-17
-66
-128
-161
-212
-299
-365
-429
-480
-531
-583
-605
-618
-648
-725
-763
-750
-772
-793
-834
-844
-822
-838
-839
-794
-760
-733
-689
-622
-542
-470
-385
-291
-221
-139
-70
-11
49
23
29
83
106
170
231
244
264
296
322
365
370
338
319
254
193
161
150
133
47
7
19
54
105
151
217
269
306
351
373
383
400
369
373
397
400
425
439
439
448
478
521
556
561
562
563
550
536
528
513
474
434
391
359
325
248
188
139
106
82
47
-2
-64
-113
-133
-161
-220
-248
-269
-324
-356
-361
-387
-401
-436
-496
-517
-527
-557
-587
-556
-573
-611
-585
-594
-607
-620
-647
-634
-609
-651
-661
-611
-560
-492
-455
-430
-373
-312
-237
-181
-150
-110
-63
-23
15
62
110
159
172
169
175
215
249
233
187
134
90
110
125
97
94
81
83
117
131
137
207
256
259
316
358
359
392
416
432
471
482
464
482
509
489
519
595
621
604
581
576
603
590
544
535
494
450
447
380
319
251
166
121
63
20
-38
-84
-106
-189
-230
-234
-230
-248
-312
-332
-331
-351
-383
-395
-408
-426
-421
-426
-422
-401
-395
-373
-354
-351
-361
-377
-407
-444
-453
-462
-492
-508
-522
-563
-547
-491
-448
-407
-387
-349
-321
-323
-292
-245
-214
-200
-185
-176
-128
-68
-54
-6
54
52
77
92
126
173
163
159
146
160
162
126
127
158
191
180
226
308
311
346
368
363
381
403
420
439
468
478
463
472
501
508
518
528
522
562
567
544
550
521
505
499
448
373
344
305
218
153
95
18
-20
-83
-174
-184
-185
-209
-196
-214
-237
-211
-215
-255
-283
-284
-289
-295
-311
-318
-270
-250
-284
-275
-234
-231
-206
-213
-258
-295
-345
-382
-422
-482
-506
-501
-518
-524
-519
-485
-465
-460
-433
-415
-403
-378
-318
-286
-276
-248
-206
-156
-119
-70
-9
40
82
105
117
164
191
200
198
160
158
165
175
184
176
186
218
244
225
223
284
300
287
313
319
323
335
321
343
378
389
422
467
496
501
510
543
538
489
459
434
424
387
322
275
212
174
120
43
-20
-67
-87
-116
-161
-186
-179
-201
-229
-210
-200
-201
-192
-173
-165
-155
-163
-175
-134
-105
-93
-67
-62
-68
-55
-62
-86
-123
-147
-187
-255
-329
-394
-427
-478
-518
-537
-523
-488
-469
-450
-422
-367
-335
-345
-332
-296
-267
-220
-187
-194
-167
-99
-36
7
34
92
134
133
143
149
136
123
121
99
74
60
53
80
76
66
102
129
173
224
246
276
298
305
331
355
382
417
434
441
448
464
485
505
503
431
417
412
346
316
265
199
148
96
39
-11
-52
-87
-125
-150
-184
-214
-219
-211
-203
-203
-177
-132
-114
-107
-61
-26
-8
8
-7
-19
-5
-20
-36
-18
-37
-53
-46
-37
-65
-116
-124
-124
-141
-199
-265
-294
-329
-370
-399
-435
-435
-413
-388
-353
-307
-258
-222
-201
-172
-130
-116
-115
-98
-86
-73
-72
-66
-66
-97
-66
-21
-2
28
8
7
32
24
25
28
19
1
-34
-19
24
55
108
168
219
258
328
397
409
410
410
405
425
440
431
428
421
393
359
327
295
279
260
220
163
107
56
-8
-56
-95
-126
-127
-140
-148
-129
-127
-120
-107
-103
-97
-94
-85
-67
-4
27
-5
7
28
47
96
104
106
121
105
66
26
-33
-87
-103
-166
-218
-215
-224
-222
-230
-238
-217
-246
-258
-235
-229
-207
-226
-230
-207
-211
-209
-181
-175
-154
-99
-105
-102
-88
-94
-94
-98
-106
-103
-112
-129
-132
-125
-118
-111
-100
-106
-97
-75
-51
-11
5
24
77
123
160
185
225
281
295
288
303
331
346
353
345
343
346
328
278
249
227
203
155
88
93
62
27
15
-24
-63
-86
-117
-128
-112
-130
-126
-89
-67
-43
13
45
60
111
141
120
139
157
150
144
135
154
144
115
93
64
45
29
25
35
15
-19
-49
-82
-96
-125
-156
-173
-210
-221
-204
-197
-196
-198
-171
-152
-165
-128
-84
-71
-66
-86
-101
-114
-133
-122
-138
-160
-179
-203
-181
-168
-138
-103
-142
-164
-145
-161
-159
-122
-107
-78
-57
-58
-56
-40
22
73
106
138
164
213
246
244
282
318
306
265
237
244
236
231
211
141
83
72
88
45
-30
-33
-38
-81
-120
-153
-171
-142
-147
-176
-150
-98
-68
-62
-45
-32
1
52
78
104
113
134
199
183
162
195
192
189
171
166
174
148
128
89
68
35
-11
-10
-48
-87
-73
-70
-72
-54
-47
-58
-36
-26
-33
-34
-56
-57
-26
-15
-33
-31
-21
-39
-47
-58
-81
-100
-94
-92
-135
-144
-134
-145
-168
-210
-195
-171
-193
-172
-165
-167
-111
-86
-67
-13
55
76
86
119
128
154
178
214
216
173
181
182
157
132
129
125
97
63
17
-23
-43
-63
-108
-127
-140
-165
-154
-151
-175
-164
-152
-165
-134
-97
-82
-58
-37
-14
12
44
70
82
112
122
110
111
107
104
91
72
72
72
79
77
46
51
57
47
52
63
73
62
26
12
41
38
27
9
31
95
82
52
58
42
34
26
-2
10
5
-21
-24
-39
-67
-79
-89
-93
-103
-105
-70
-57
-53
-67
-100
-78
-76
-96
-87
-74
-32
-6
4
52
73
60
64
65
64
83
90
97
122
139
145
114
89
91
72
37
11
24
47
-3
-28
-40
-88
-127
-169
-150
-155
-174
-165
-167
-152
-164
-172
-153
-138
-113
-113
-109
-73
-60
-57
-31
-5
25
51
52
67
56
48
49
40
52
72
62
37
51
57
45
37
25
52
51
10
9
30
40
36
10
1
48
48
44
97
101
78
60
62
57
36
31
37
30
7
-4
-15
-22
-16
-34
-31
-3
-8
6
15
-7
16
6
-47
-28
-19
-33
6
32
53
102
92
96
141
141
137
143
135
118
128
118
97
92
63
17
0
0
-41
-67
-64
-74
-96
-101
-109
-114
-124
-165
-141
-108
-142
-172
-164
-171
-176
-138
-137
-113
-96
-107
-83
-67
-62
-39
-19
-9
-43
-56
-15
-19
-24
-17
-3
17
22
14
27
19
10
27
29
57
70
57
53
39
54
66
38
31
39
37
39
29
43
62
43
43
19
-8
-3
-37
-46
-32
-56
-54
-17
-10
-4
14
9
8
20
43
27
5
40
63
63
84
91
79
112
138
131
148
164
144
134
144
131
90
88
99
79
76
43
18
37
21
-20
-40
-36
-51
-58
-86
-113
-85
-89
-107
-106
-79
-69
-88
-88
-91
-119
-106
-78
-85
-95
-107
-117
-110
-95
-98
-96
-77
-75
-73
-51
-45
-52
-59
-66
-43
-28
-33
-22
-9
15
35
29
50
70
49
47
65
53
39
36
32
39
52
31
1
7
25
14
-2
2
3
-15
-36
-25
-32
-36
-33
-51
-22
8
-2
17
20
3
25
44
46
61
64
62
76
74
72
90
101
117
123
102
82
92
94
85
102
99
76
70
50
42
50
30
12
18
32
14
-28
-47
-34
-54
-58
-49
-46
-14
-22
-61
-58
-39
-65
-70
-65
-99
-105
-72
-92
-108
-106
-85
-77
-105
-92
-72
-64
-49
-43
-28
-11
-35
-37
-33
-35
0
10
2
16
37
45
41
35
5
15
24
-7
-5
-21
-33
-8
-9
-16
-2
-17
-38
-21
-24
-38
-43
-45
-44
-27
-21
-27
-8
21
28
34
41
40
59
79
65
57
56
66
79
72
66
75
98
98
82
70
81
89
57
42
61
76
69
65
76
71
62
54
55
60
44
23
13
12
4
-4
-10
-25
-21
-25
-34
-27
-33
-57
-69
-75
-95
-87
-106
-124
-99
-104
-120
-110
-89
-65
-50
-46
-35
-41
-52
-45
-47
-40
-29
-17
-20
-35
-21
0
3
5
13
23
22
27
32
3
-11
1
-30
-52
-23
-27
-31
-19
-46
-52
-27
-35
-34
-20
-20
-14
7
-8
5
44
41
36
27
31
33
29
28
13
30
51
53
48
37
55
84
75
59
67
81
92
56
44
67
52
46
78
79
74
87
68
51
71
62
49
45
35
27
9
9
-7
-22
-1
-4
-13
-15
-37
-44
-31
-48
-70
-60
-58
-67
-86
-85
-68
-86
-95
-86
-60
-45
-44
-15
-8
-10
-24
-33
-24
-34
-37
-22
-15
-16
-19
4
4
-13
11
-8
-23
-20
-46
-40
-41
-66
-59
-49
-54
-55
-44
-26
11
10
-22
-4
-3
-21
-13
-16
-16
0
11
17
35
44
32
30
30
38
42
29
32
27
21
18
12
22
46
38
45
70
69
57
58
77
74
78
75
72
93
81
73
86
85
67
49
66
60
23
-9
-31
-19
-14
-18
-9
-6
-15
-57
-71
-62
-69
-53
-48
-58
-65
-62
-45
-55
-64
-43
-28
-8
-7
-20
0
6
5
-4
-18
-12
-38
-48
-22
0
5
-8
0
2
-15
-30
-32
-31
-57
-80
-62
-56
-48
-37
-53
-58
-54
-32
-4
-10
-6
0
6
24
25
19
12
13
19
28
31
30
28
16
3
-3
5
14
14
13
6
-5
10
42
23
22
41
29
37
55
56
64
72
65
89
77
55
66
52
46
56
66
63
47
32
12
2
-7
-22
-20
-14
-6
-14
-29
-29
-44
-43
-34
-34
-48
-58
-39
-41
-63
-57
-49
-38
-11
-6
6
19
4
-11
-17
-8
0
10
-2
-17
-16
-35
-38
-21
-9
-13
-17
-6
-8
-28
-39
-46
-59
-51
-35
-41
-34
-25
-17
-6
-13
0
10
9
14
23
22
22
22
0
8
28
14
2
4
-6
-18
-17
-15
-4
10
-11
-24
-17
-20
-4
32
45
40
50
52
57
60
61
73
69
63
67
85
90
64
56
63
50
51
47
31
24
10
-7
-26
-32
-40
-27
-42
-50
-38
-38
-33
-48
-51
-39
-37
-39
-34
-41
-32
-19
-31
-22
14
16
13
10
0
6
1
-16
-12
2
-5
-11
-19
-46
-58
-41
-45
-26
-5
-12
-12
-32
-46
-28
-25
-44
-34
-18
-22
-22
1
16
7
11
16
7
19
26
37
29
-3
0
7
0
2
9
3
-5
-6
-8
-23
-36
-37
-24
-15
-9
15
24
25
29
16
24
51
64
76
69
82
87
60
65
80
63
43
43
43
32
25
21
5
0
-1
-12
-20
-28
-36
-45
-48
-31
-32
-32
-26
-32
-17
-30
-53
-17
-4
-9
16
12
1
12
9
7
19
22
38
30
1
-16
-31
-28
-33
-32
-20
-19
-43
-63
-59
-57
-46
-29
-36
-50
-36
-36
-29
-8
-15
-9
10
25
34
27
24
28
28
18
4
5
6
-4
2
-9
-2
20
3
-3
-4
-20
-24
-26
-26
-24
-26
-36
-38
-28
-21
-10
3
34
52
56
60
53
57
70
67
75
87
64
52
52
24
20
28
7
5
-2
-31
-41
-24
-33
-53
-48
-41
-31
-24
-30
-33
-20
-3
5
2
23
33
17
24
32
29
56
59
50
45
29
29
19
5
-16
-18
-10
-23
-47
-55
-49
-50
-55
-63
-51
-43
-38
-50
-51
-10
-4
-21
-1
16
19
31
19
8
17
38
38
42
42
20
17
12
-9
-24
-35
-34
-30
-34
-41
-43
-33
-31
-34
-44
-41
-35
-34
-32
-32
-14
5
4
7
23
49
67
56
55
61
58
55
59
53
33
38
43
20
4
6
4
-9
-23
-38
-44
-41
-43
-50
-45
-31
-33
-33
-19
-9
3
29
36
38
34
34
43
44
51
55
60
50
32
36
40
25
14
0
-11
-18
-38
-34
-52
-66
-52
-61
-64
-62
-50
-44
-37
-34
-40
-33
-12
13
37
28
18
45
46
46
46
29
26
28
22
