5
2
3
4
2
2
1
1
4
5
2
1
2
-1
-2
-1
0
1
2
0
0
-1
-1
0
-3
-5
-2
-2
-3
1
1
4
4
2
4
6
6
4
2
2
4
3
4
3
3
2
2
-1
-20
-35
-36
-19
7
24
27
13
-6
-19
-19
-12
-5
0
5
6
4
-1
-6
-22
-45
-53
-45
-16
22
24
1
-23
-28
-14
2
4
-7
-13
-19
-16
-5
4
8
0
-14
-16
-13
-19
-13
-10
-1
21
21
27
38
42
44
44
44
58
81
91
98
92
79
75
73
57
43
44
55
67
68
52
22
-9
-29
-47
-55
-42
-57
-67
-65
-77
-62
-65
-91
-96
-105
-100
-77
-61
-49
-40
-25
-3
1
4
8
4
11
8
-1
11
23
28
27
19
9
-1
-23
-49
-62
-62
-61
-58
-57
-59
-70
-75
-82
-89
-87
-100
-92
-86
-77
-53
-36
-11
5
25
52
61
79
65
48
42
48
96
130
158
188
176
152
134
119
118
119
124
149
186
212
201
184
163
125
108
111
137
147
125
109
85
96
113
108
118
103
82
48
21
-9
-28
-6
13
27
42
9
-34
-61
-103
-188
-384
-621
-793
-821
-793
-839
-948
-1033
-1026
-952
-947
-994
-991
-957
-929
-920
-846
-612
-325
-87
110
279
440
556
635
734
891
1039
1144
1227
1293
1349
1395
1366
1264
1103
914
687
487
320
151
89
-28
-185
-312
-425
-508
-584
-663
-768
-824
-778
-685
-526
-336
-135
63
159
251
383
493
622
731
842
980
1116
1233
1319
1387
1339
1210
1094
915
731
604
477
399
373
306
233
173
80
-47
-167
-288
-374
-424
-493
-511
-488
-439
-427
-424
-441
-485
-548
-490
-458
-500
-842
-1575
-2022
-2105
-1942
-1882
-2185
-2388
-2279
-2044
-1868
-1914
-1797
-1600
-1513
-1549
-1588
-1280
-673
-128
216
511
838
1158
1486
1713
1804
1914
1911
1930
1982
2012
2089
2144
2070
1846
1499
1173
848
585
370
65
-184
-455
-742
-900
-993
-1027
-1051
-1109
-1184
-1185
-1105
-943
-670
-376
-108
110
297
543
772
955
1078
1150
1335
1465
1552
1663
1712
1773
1735
1623
1526
1367
1165
983
834
724
580
427
349
283
193
35
-115
-223
-284
-331
-392
-449
-437
-349
-288
-260
-205
-185
-281
-445
-674
-724
-642
-608
-789
-1530
-2322
-2652
-2613
-2484
-2886
-3487
-3593
-3268
-2873
-2769
-2669
-2201
-1782
-1654
-1731
-1654
-1091
-483
-36
257
612
1137
1700
2252
2613
2796
2851
2817
2735
2569
2448
2406
2366
2253
1929
1632
1372
1056
774
381
48
-358
-874
-1206
-1442
-1617
-1785
-1875
-1756
-1618
-1588
-1482
-1178
-772
-436
-213
1
337
701
991
1240
1436
1685
1929
2046
2128
2171
2234
2274
2214
2113
1922
1760
1637
1430
1285
1103
914
797
592
405
196
-29
-176
-336
-480
-558
-630
-604
-563
-527
-480
-469
-369
-313
-392
-513
-744
-921
-886
-867
-1108
-1923
-2864
-3239
-3146
-3005
-3383
-3950
-3907
-3485
-2992
-2830
-2789
-2290
-1800
-1613
-1729
-1723
-1053
-262
260
561
831
1437
2100
2575
2882
3049
3184
3234
3095
2855
2629
2502
2442
2221
1827
1463
1174
945
718
414
112
-289
-723
-1112
-1474
-1686
-1879
-2117
-2179
-2196
-2137
-1858
-1494
-983
-589
-312
22
423
855
1134
1335
1504
1641
1830
2007
2172
2305
2376
2453
2419
2311
2193
2009
1864
1700
1511
1290
1051
908
760
543
326
67
-195
-363
-488
-598
-677
-751
-739
-639
-593
-555
-457
-353
-314
-334
-466
-753
-977
-1073
-1242
-1692
-2629
-3338
-3422
-3254
-3423
-4012
-4164
-3680
-3117
-2919
-3026
-2663
-2006
-1747
-1794
-1819
-1281
-565
-32
350
670
1202
1938
2568
2923
3088
3235
3415
3433
3161
2816
2670
2608
2392
1930
1556
1425
1268
994
617
270
-13
-419
-871
-1205
-1510
-1781
-2023
-2223
-2286
-2295
-2139
-1822
-1395
-1015
-722
-360
65
557
1016
1290
1493
1697
1895
2077
2211
2291
2322
2387
2383
2310
2215
2125
2061
1918
1749
1589
1392
1221
1012
773
552
280
-15
-222
-364
-518
-644
-713
-725
-661
-659
-606
-446
-383
-296
-251
-286
-263
-402
-750
-1157
-1658
-2265
-2880
-3398
-3734
-3839
-4038
-4224
-4175
-3868
-3337
-3085
-2957
-2655
-2383
-2085
-1992
-1833
-1286
-821
-354
124
668
1362
2076
2744
3204
3488
3645
3676
3623
3487
3235
2967
2730
2393
2033
1753
1570
1462
1249
899
583
301
-129
-541
-958
-1319
-1614
-2078
-2350
-2494
-2578
-2388
-2215
-2002
-1714
-1357
-801
-297
106
512
902
1241
1522
1748
1955
2188
2299
2311
2323
2292
2327
2339
2309
2263
2150
2089
1991
1866
1704
1482
1270
982
636
287
-5
-184
-378
-634
-776
-823
-807
-781
-696
-586
-499
-378
-333
-292
-305
-366
-381
-683
-1258
-1947
-2631
-3048
-3416
-3817
-4191
-4470
-4374
-4094
-3823
-3482
-3154
-2721
-2454
-2365
-2155
-1944
-1566
-1208
-1006
-631
-69
622
1339
2033
2711
3220
3634
3846
3921
3956
3767
3561
3213
2771
2363
1922
1679
1550
1406
1182
953
779
518
229
-117
-516
-878
-1348
-1824
-2143
-2362
-2525
-2600
-2495
-2288
-2082
-1807
-1377
-789
-284
25
360
782
1176
1490
1700
1914
2131
2271
2308
2308
2354
2367
2344
2306
2269
2209
2165
2133
2007
1786
1591
1381
1156
895
515
209
-83
-365
-627
-843
-906
-1020
-968
-899
-902
-682
-573
-428
-291
-346
-246
-367
-626
-1048
-1810
-2433
-3066
-3437
-3717
-4270
-4623
-4735
-4362
-3825
-3634
-3314
-2887
-2382
-2062
-2129
-1979
-1586
-1144
-961
-914
-474
191
992
1766
2354
3011
3579
3997
4315
4357
4295
4143
3804
3288
2641
2113
1762
1560
1337
1050
951
853
713
523
234
1
-412
-932
-1479
-2034
-2374
-2677
-2826
-2899
-2899
-2654
-2334
-1841
-1328
-831
-334
121
554
905
1295
1593
1777
1956
2058
2190
2286
2339
2392
2374
2358
2368
2393
2386
2322
2214
2063
1834
1544
1277
1045
739
361
26
-280
-506
-700
-899
-975
-1071
-1073
-975
-929
-749
-618
-525
-404
-348
-268
-323
-487
-927
-1581
-2158
-2823
-3238
-3668
-4185
-4420
-4660
-4437
-4007
-3739
-3320
-3009
-2501
-2092
-2002
-1717
-1473
-1074
-782
-808
-473
96
814
1532
2083
2765
3381
3901
4281
4460
4588
4459
4103
3598
2954
2492
2033
1634
1350
943
784
634
482
445
226
27
-300
-734
-1136
-1691
-2109
-2442
-2742
-2934
-3178
-3148
-2826
-2322
-1819
-1443
-875
-297
336
857
1186
1704
1941
2045
2180
2130
2214
2273
2284
2275
2162
2224
2352
2456
2526
2421
2356
2247
2016
1739
1346
1019
601
116
-265
-638
-789
-947
-1142
-1194
-1238
-1122
-991
-900
-707
-623
-427
-318
-335
-248
-402
-549
-1008
-1760
-2196
-2691
-3080
-3525
-4239
-4471
-4508
-4329
-3969
-3782
-3297
-2823
-2479
-2177
-2052
-1682
-1231
-951
-798
-721
-333
259
936
1544
2034
2736
3363
3901
4326
4495
4741
4700
4246
3731
3142
2705
2269
1713
1240
785
517
404
281
177
28
-128
-358
-696
-1124
-1600
-1958
-2335
-2665
-2961
-3266
-3294
-3041
-2627
-2141
-1749
-1182
-482
142
794
1240
1654
2020
2167
2281
2342
2380
2397
2356
2320
2262
2303
2420
2483
2556
2521
2454
2324
2097
1902
1532
1082
677
210
-176
-536
-856
-1048
-1220
-1313
-1361
-1344
-1201
-1023
-887
-648
-449
-367
-251
-250
-134
-177
-632
-1214
-1933
-2352
-2648
-3159
-3796
-4511
-4615
-4345
-4208
-4055
-3853
-3259
-2639
-2424
-2300
-2033
-1475
-985
-906
-930
-723
-184
493
1005
1497
2083
2776
3486
3970
4361
4660
4823
4779
4319
3760
3230
2749
2270
1607
1085
718
462
322
151
82
2
-153
-399
-742
-1093
-1487
-1886
-2305
-2695
-3013
-3231
-3184
-2925
-2566
-2124
-1670
-1066
-367
314
975
1458
1841
2177
2349
2476
2559
2535
2426
2279
2203
2155
2205
2285
2354
2462
2450
2366
2262
2077
1855
1496
1071
643
158
-257
-667
-1020
-1220
-1435
-1546
-1495
-1411
-1242
-1021
-779
-556
-398
-232
-146
-72
-75
-249
-611
-1390
-2063
-2480
-2894
-3278
-4123
-4781
-4712
-4563
-4222
-4084
-3946
-3211
-2772
-2481
-2207
-1999
-1327
-936
-934
-939
-738
-65
611
1115
1513
2053
2849
3541
4094
4503
4808
5016
4872
4479
3946
3406
3027
2410
1676
1103
574
381
218
10
5
-128
-297
-509
-801
-1082
-1400
-1742
-2194
-2610
-2963
-3178
-3111
-2947
-2622
-2255
-1830
-1126
-386
390
1122
1667
2127
2389
2599
2740
2727
2628
2415
2277
2137
2024
2084
2143
2251
2335
2321
2362
2300
2165
1969
1614
1187
627
100
-343
-815
-1166
-1474
-1690
-1701
-1631
-1481
-1297
-1018
-726
-477
-254
-186
-91
-3
-103
-320
-939
-1782
-2314
-2765
-3130
-3665
-4540
-4844
-4716
-4511
-4148
-4054
-3660
-2953
-2641
-2392
-2103
-1655
-1095
-919
-997
-928
-542
64
674
1136
1601
2297
3023
3699
4269
4589
4945
5125
4853
4415
3864
3425
3045
2307
1504
926
549
337
74
-81
-69
-152
-346
-540
-721
-989
-1320
-1772
-2257
-2637
-2980
-3116
-3062
-2965
-2668
-2303
-1809
-1031
-282
446
1198
1732
2190
2564
2734
2846
2833
2646
2420
2236
2040
1980
2047
2085
2169
2235
2287
2352
2317
2245
2053
1687
1218
643
132
-335
-834
-1233
-1555
-1779
-1831
-1722
-1519
-1284
-1017
-727
-444
-272
-167
-77
-66
-240
-630
-1412
-2208
-2637
-3118
-3591
-4330
-5079
-5010
-4775
-4447
-4155
-4049
-3263
-2581
-2329
-2046
-1773
-1100
-639
-720
-766
-581
-21
556
936
1300
1832
2621
3351
3923
4363
4691
5070
5059
4600
4166
3686
3285
2697
1742
1005
544
237
19
-263
-397
-355
-377
-481
-634
-790
-995
-1249
-1654
-2108
-2463
-2827
-2877
-2830
-2822
-2554
-2197
-1559
-787
-109
662
1327
1864
2312
2645
2848
2903
2821
2543
2278
2084
1919
1908
1857
1874
2069
2153
2251
2329
2293
2296
2080
1697
1254
703
290
-198
-795
-1211
-1556
-1745
-1746
-1719
-1617
-1355
-1090
-810
-483
-322
-141
2
-205
-464
-1143
-2093
-2501
-3132
-3674
-4271
-5333
-5324
-5002
-4845
-4348
-4247
-3518
-2524
-2272
-1832
-1460
-925
-262
-376
-588
-494
-162
372
728
972
1413
2154
2907
3579
4196
4601
5058
5249
4849
4458
3965
3468
2958
1938
1102
563
100
-111
-385
-526
-455
-408
-387
-425
-462
-696
-973
-1304
-1796
-2160
-2656
-2991
-2998
-3085
-2964
-2662
-2174
-1340
-556
215
1019
1708
2338
2780
3018
3109
3054
2807
2517
2300
1989
1863
1866
1781
1901
1988
2135
2438
2519
2566
2488
2164
1798
1287
757
193
-495
-1033
-1518
-1874
-2017
-2061
-1887
-1683
-1394
-984
-652
-280
-13
117
82
-371
-1244
-2039
-2588
-3224
-3881
-4940
-5715
-5561
-5382
-5005
-4658
-4346
-3253
-2450
-2042
-1458
-1037
-427
-82
-327
-485
-393
-39
339
480
706
1245
2071
2898
3612
4218
4694
5208
5313
4969
4589
4073
3609
2835
1632
824
239
-150
-401
-745
-753
-674
-622
-462
-345
-346
-474
-682
-1027
-1451
-1938
-2430
-2675
-2817
-3006
-2912
-2564
-2011
-1264
-516
320
1160
1892
2448
2867
3158
3210
3064
2765
2436
2081
1714
1524
1444
1480
1618
1765
2036
2255
2367
2492
2401
2134
1766
1220
711
167
-495
-1079
-1588
-1850
-1962
-2001
-1805
-1615
-1229
-807
-450
-123
14
211
21
-593
-1441
-2253
-2734
-3393
-4242
-5276
-5824
-5549
-5319
-4966
-4653
-4161
-3012
-2277
-1866
-1329
-841
-154
31
-289
-325
-177
153
429
498
805
1458
2256
2992
3642
4267
4775
5195
5190
4845
4511
4006
3418
2520
1498
769
166
-205
-528
-840
-844
-731
-614
-461
-361
-398
-529
-742
-1118
-1541
-2007
-2463
-2736
-2994
-3092
-2888
-2528
-1909
-1197
-466
426
1282
1999
2598
3016
3206
3192
2999
2637
2351
2077
1726
1598
1509
1517
1718
1911
2209
2402
2490
2568
2443
2164
1679
1185
706
-6
-672
-1238
-1635
-1825
-2029
-2009
-1819
-1550
-1111
-779
-438
-74
60
80
-243
-1068
-1827
-2428
-3040
-3734
-4879
-5766
-5746
-5539
-5248
-4966
-4607
-3545
-2624
-2141
-1579
-991
-274
134
-43
-246
-159
169
444
496
531
922
1744
2537
3201
3818
4376
5006
5293
5018
4727
4461
3991
3166
2007
1085
525
58
-430
-849
-984
-902
-787
-703
-554
-448
-465
-574
-947
-1392
-1768
-2184
-2493
-2780
-3056
-3018
-2672
-2178
-1565
-831
13
924
1720
2331
2861
3227
3344
3197
2874
2595
2297
1931
1668
1473
1446
1606
1771
2026
2246
2406
2548
2498
2324
2001
1495
984
331
-374
-918
-1401
-1689
-1863
-1964
-1834
-1644
-1278
-846
-578
-203
-45
-52
-327
-1204
-1826
-2453
-3212
-3933
-5255
-5959
-5855
-5809
-5437
-5314
-4864
-3632
-2837
-2182
-1551
-925
-44
232
92
26
149
537
660
647
743
1165
2005
2713
3334
3930
4471
5070
5185
4952
4735
4418
3998
3081
1940
1105
501
28
-552
-1043
-1196
-1129
-1016
-910
-694
-565
-625
-745
-1022
-1359
-1643
-2018
-2352
-2617
-2901
-2882
-2548
-2086
-1490
-811
-40
881
1690
2282
2907
3247
3306
3259
2936
2663
2412
2006
1714
1510
1443
1522
1673
1955
2146
2309
2452
2385
2217
1961
1567
1078
405
-296
-906
-1397
-1673
-1943
-2042
-1908
-1712
-1336
-971
-618
-184
-35
-167
-673
-1416
-1873
-2484
-3251
-4191
-5421
-5804
-5766
-5827
-5501
-5262
-4522
-3421
-2798
-2022
-1234
-495
210
289
199
240
428
732
727
672
806
1271
2042
2655
3257
3859
4464
4995
4974
4836
4720
4404
3836
2774
1734
1025
390
-198
-792
-1206
-1310
-1262
-1125
-1001
-830
-682
-692
-750
-955
-1240
-1519
-1902
-2229
-2526
-2754
-2660
-2328
-1884
-1338
-659
147
1005
1776
2436
3001
3292
3296
3175
2922
2678
2381
1974
1650
1394
1361
1449
1587
1826
2017
2222
2337
2284
2133
1847
1480
949
241
-384
-941
-1372
-1654
-1956
-2017
-1883
-1688
-1273
-896
-586
-224
-140
-405
-922
-1543
-2062
-2710
-3546
-4623
-5539
-5737
-5712
-5661
-5459
-5028
-4121
-3208
-2520
-1732
-900
-150
311
368
369
491
654
793
787
787
1011
1517
2169
2754
3344
3950
4533
4876
4826
4696
4523
4144
3440
2421
1535
866
207
-394
-946
-1286
-1297
-1263
-1184
-1018
-883
-760
-774
-912
-1094
-1356
-1679
-1963
-2245
-2491
-2543
-2409
-2064
-1604
-1035
-263
574
1340
2049
2668
3115
3359
3351
3166
2941
2634
2253
1898
1629
1487
1445
1487
1625
1833
2022
2153
2165
2055
1872
1551
1114
552
-66
-629
-1118
-1448
-1762
-1945
-1921
-1833
-1537
-1162
-806
-474
-332
-438
-855
-1335
-1807
-2443
-3171
-4149
-5071
-5422
-5551
-5542
-5381
-5126
-4417
-3559
-2852
-2091
-1289
-460
98
269
395
556
775
906
893
891
1033
1478
2044
2534
2990
3533
4129
4507
4591
4543
4418
4163
3584
2704
1878
1200
568
-119
-721
-1087
-1276
-1279
-1237
-1147
-974
-880
-837
-894
-1030
-1166
-1442
-1726
-2004
-2286
-2369
-2299
-2075
-1697
-1187
-538
208
986
1691
2340
2874
3168
3263
3185
3029
2804
2446
2129
1826
1590
1494
1454
1533
1703
1849
1975
2043
2012
1899
1656
1277
808
225
-381
-854
-1266
-1615
-1823
-1946
-1856
-1620
-1357
-966
-695
-515
-483
-784
-1143
-1621
-2218
-2861
-3760
-4633
-5169
-5424
-5501
-5400
-5136
-4665
-3890
-3115
-2424
-1598
-808
-173
208
315
482
724
873
914
876
1047
1396
1796
2327
2838
3352
3823
4201
4440
4506
4444
4154
3687
3022
2186
1465
838
169
-441
-897
-1165
-1240
-1244
-1211
-1090
-974
-931
-945
-1060
-1174
-1332
-1612
-1825
-2037
-2164
-2101
-1961
-1640
-1174
-643
32
773
1458
2086
2598
2932
3128
3147
3043
2889
2584
2212
1941
1711
1544
1507
1513
1542
1662
1774
1822
1821
1715
1481
1154
787
309
-224
-675
-1159
-1527
-1712
-1859
-1827
-1629
-1421
-1087
-751
-642
-637
-813
-1151
-1513
-2016
-2692
-3434
-4244
-4842
-5059
-5202
-5171
-4906
-4525
-3849
-3123
-2463
-1688
-955
-328
43
249
517
731
893
926
922
1096
1352
1704
2172
2665
3137
3565
3915
4130
4249
4203
3947
3551
2939
2195
1564
997
377
-229
-733
-1022
-1105
-1182
-1255
-1151
-1029
-1005
-1018
-1066
-1083
-1215
-1472
-1691
-1867
-1927
-1887
-1764
-1469
-1104
-626
-10
631
1309
1861
2363
2738
2884
2994
2949
2823
2574
2208
1963
1762
1597
1524
1496
1507
1567
1625
1648
1620
1548
1395
1092
725
297
-193
-583
-993
-1380
-1547
-1674
-1677
-1530
-1347
-1084
-816
-693
-779
-920
-1232
-1641
-2051
-2757
-3455
-4109
-4677
-4797
-4938
-4932
-4629
-4341
-3671
-2975
-2385
-1571
-866
-301
74
242
514
784
938
965
973
1194
1425
1774
2198
2563
3061
3428
3683
3911
3956
3946
3733
3307
2734
2066
1495
919
369
-183
-644
-909
-1086
-1130
-1131
-1080
-1013
-1027
-1015
-1083
-1173
-1241
-1516
-1694
-1806
-1893
-1773
-1659
-1401
-1011
-576
-20
586
1217
1741
2195
2571
2737
2841
2815
2687
2517
2228
2014
1828
1689
1638
1536
1538
1584
1566
1592
1546
1429
1257
958
633
215
-251
-610
-958
-1272
-1496
-1635
-1623
-1542
-1345
-1117
-919
-760
-855
-989
-1267
-1636
-2013
-2656
-3304
-3948
-4389
-4456
-4630
-4627
-4377
-4042
-3386
-2783
-2217
-1524
-882
-303
5
223
530
773
976
1011
1031
1203
1428
1794
2147
2501
2924
3239
3515
3655
3704
3695
3478
3127
2533
1912
1420
887
346
-206
-623
-841
-1005
-1094
-1123
-1076
-1045
-1065
-1004
-1051
-1081
-1179
-1437
-1538
-1660
-1677
-1559
-1478
-1202
-847
-452
75
633
1220
1722
2139
2429
2592
2740
2723
2634
2466
2153
1982
1805
1608
1550
1462
1489
1511
1447
1444
1351
1261
1088
769
473
88
-301
-643
-1011
-1276
-1445
-1574
-1602
-1470
-1304
-1083
-865
-876
-910
-1141
-1472
-1648
-2166
-2732
-3311
-3929
-4080
-4271
-4447
-4318
-4102
-3582
-3069
-2610
-1946
-1334
-675
-232
-8
344
585
841
970
921
1067
1213
1495
1852
2112
2503
2845
3191
3435
3472
3577
3523
3270
2834
2252
1797
1317
762
195
-314
-632
-875
-1040
-1092
-1090
-1087
-1131
-1125
-1078
-1083
-1125
-1206
-1317
-1434
-1512
-1517
-1423
-1245
-1031
-693
-242
244
780
1255
1737
2160
2396
2595
2658
2638
2566
2353
2170
1979
1791
1672
1548
1480
1424
1390
1398
1332
1235
1082
863
618
313
-14
-397
-717
-981
-1241
-1348
-1458
-1479
-1325
-1230
-1028
-957
-1074
-1167
-1453
-1639
-1922
-2461
-2979
-3595
-3903
-3974
-4161
-4188
-4097
-3712
-3178
-2823
-2268
-1616
-987
-437
-202
97
457
729
972
1025
1093
1224
1438
1768
1983
2259
2619
2964
3204
3254
3338
3355
3218
2897
2397
1975
1556
1071
537
-22
-405
-681
-929
-1081
-1156
-1163
-1178
-1218
-1189
-1160
-1153
-1199
-1311
-1389
-1420
-1386
-1324
-1218
-997
-707
-376
5
446
904
1407
1841
2109
2372
2539
2578
2579
2438
2274
2159
1992
1824
1652
1529
1469
1423
1404
1313
1176
1054
901
680
415
130
-205
-513
-789
-1046
-1223
-1339
-1393
-1343
-1301
-1215
-1064
-1064
-1176
-1399
-1658
-1814
-2144
-2722
-3253
-3639
-3804
-3898
-4034
-3978
-3699
-3264
-2881
-2478
-1877
-1268
-748
-352
-47
283
612
905
1059
1107
1209
1396
1693
1965
2166
2461
2804
3076
3171
3167
3246
3214
2951
2526
2071
1682
1261
734
197
-249
-561
-850
-1090
-1206
-1279
-1286
-1311
-1327
-1322
-1353
-1310
-1290
-1334
-1331
-1358
-1278
-1104
-986
-746
-404
-55
337
758
1184
1595
1930
2157
2340
2488
2513
2462
2363
2229
2111
1974
1795
1622
1545
1484
1384
1293
1162
1033
917
709
464
177
-137
-392
-647
-885
-1073
-1202
-1271
-1287
-1283
-1274
-1212
-1183
-1327
-1555
-1725
-1902
-2211
-2641
-3153
-3494
-3579
-3710
-3838
-3786
-3530
-3114
-2751
-2397
-1887
-1291
-777
-402
-70
234
571
890
1036
1102
1230
1450
1734
1979
2168
2429
2740
2946
2983
3032
3084
3018
2816
2380
1974
1661
1206
716
204
-210
-476
-770
-1017
-1182
-1243
-1237
-1299
-1357
-1359
-1337
-1331
-1368
-1375
-1336
-1277
-1193
-1059
-896
-652
-331
8
354
711
1099
1453
1747
1982
2165
2290
2358
2348
2296
2215
2083
1969
1841
1722
1662
1545
1480
1396
1199
1051
885
703
470
174
-92
-366
-599
-831
-1036
-1110
-1206
-1302
-1307
-1290
-1156
-1055
-1266
-1489
-1710
-1923
-2016
-2475
-3077
-3328
-3439
-3506
-3626
-3695
-3427
-3023
-2689
-2405
-1942
-1305
-797
-463
-226
33
454
757
890
991
1063
1296
1616
1873
2040
2217
2562
2832
2916
2925
2912
3011
2874
2408
2007
1659
1312
911
370
-81
-333
-590
-855
-1053
-1160
-1177
-1217
-1265
-1338
-1347
-1242
-1248
-1304
-1331
-1323
-1197
-1072
-939
-730
-462
-111
193
465
842
1265
1590
1781
1956
2136
2234
2274
2203
2100
2065
1932
1821
1730
1579
1524
1446
1321
1205
1034
917
773
513
261
39
-199
-437
-643
-834
-1020
-1140
-1171
-1231
-1232
-1140
-1036
-1025
-1283
-1573
-1753
-1806
-2005
-2674
-3123
-3250
-3346
-3349
-3562
-3552
-3138
-2752
-2421
-2147
-1632
-1001
-610
-295
-146
116
571
810
968
975
1041
1372
1644
1860
1985
2210
2627
2795
2771
2768
2897
2985
2600
2097
1731
1438
1169
642
121
-212
-435
-681
-969
-1055
-1111
-1142
-1133
-1264
-1268
-1147
-1152
-1167
-1211
-1244
-1154
-1014
-909
-821
-587
-277
22
292
568
1038
1409
1588
1746
1867
2091
2172
2071
2003
1921
1867
1738
1635
1577
1435
1419
1312
1126
1039
917
822
662
390
152
-68
-232
-466
-717
-845
-990
-1045
-1110
-1143
-1115
-1023
-859
-1127
-1431
-1581
-1853
-1824
-2269
-2996
-3079
-3250
-3357
-3400
-3513
-3126
-2716
-2457
-2191
-1771
-1051
-630
-348
-105
34
452
726
851
981
964
1176
1439
1628
1803
1989
2422
2641
2636
2670
2708
2851
2641
2127
1785
1484
1158
697
189
-176
-442
-643
-915
-1043
-979
-1049
-1087
-1111
-1183
-1114
-1024
-1011
-1051
-1072
-1076
-993
-852
-799
-593
-311
-84
216
497
913
1280
1447
1628
1747
1933
2059
2011
1968
1852
1751
1672
1541
1448
1341
1303
1261
1100
988
874
792
720
437
141
-24
-178
-406
-653
-800
-927
-1025
-1067
-1107
-1065
-994
-891
-884
-1198
-1389
-1493
-1592
-1671
-2367
-2880
-2863
-2982
-3014
-3205
-3181
-2740
-2469
-2248
-2043
-1499
-796
-536
-386
-227
68
523
682
719
754
856
1167
1393
1525
1674
1977
2355
2431
2389
2454
2628
2698
2301
1830
1611
1458
1105
554
150
-119
-296
-550
-803
-781
-789
-826
-902
-1035
-953
-874
-868
-915
-1027
-994
-903
-800
-775
-730
-421
-141
0
202
509
943
1223
1331
1442
1584
1782
1821
1801
1723
1615
1626
1478
1327
1287
1201
1185
1085
925
847
751
683
514
240
49
-89
-227
-418
-624
-778
-894
-939
-1066
-1121
-967
-916
-822
-967
-1300
-1258
-1370
-1436
-1650
-2378
-2547
-2583
-2727
-2755
-2993
-2739
-2397
-2282
-2065
-1836
-1196
-715
-591
-352
-205
160
511
556
628
667
840
1096
1296
1466
1589
1920
2182
2160
2244
2332
2467
2415
1968
1700
1538
1325
939
433
168
-72
-317
-561
-761
-710
-702
-749
-836
-914
-810
-727
-715
-783
-808
-751
-654
-541
-592
-511
-241
-79
111
268
561
948
1092
1205
1284
1433
1616
1566
1524
1465
1403
1394
1270
1198
1109
1040
1021
801
701
708
605
516
330
139
21
-103
-255
-454
-582
-681
-813
-913
-942
-867
-865
-795
-815
-1119
-1187
-1257
-1375
-1423
-1947
-2325
-2328
-2431
-2472
-2654
-2629
-2304
-2094
-1951
-1827
-1338
-832
-685
-482
-306
-43
291
408
514
581
661
851
1064
1261
1338
1558
1888
1986
2018
2087
2209
2212
1875
1566
1404
1251
944
480
222
63
-156
-410
-560
-541
-551
-630
-741
-714
-583
-547
-527
-585
-668
-585
-487
-422
-409
-370
-182
-7
149
265
486
869
1038
1075
1156
1295
1480
1441
1345
1345
1299
1254
1150
1093
1065
919
862
765
624
563
465
398
279
86
-22
-99
-221
-358
-536
-614
-670
-781
-838
-854
-783
-766
-910
-1124
-1232
-1277
-1331
-1547
-1973
-2177
-2164
-2236
-2331
-2390
-2285
-2030
-1878
-1751
-1493
-1068
-689
-540
-418
-223
21
280
419
485
547
670
832
987
1145
1223
1443
1683
1701
1743
1844
1895
1803
1524
1294
1179
1001
739
433
189
-5
-214
-381
-479
-473
-500
-587
-602
-581
-509
-423
-416
-450
-453
-386
-333
-285
-229
-171
-23
109
181
332
582
788
895
955
1077
1230
1292
1297
1265
1235
1222
1133
1028
960
877
790
692
575
504
420
335
266
157
38
-69
-124
-209
-365
-482
-539
-591
-660
-726
-742
-712
-764
-889
-1027
-1122
-1165
-1330
-1610
-1838
-1936
-1973
-2072
-2205
-2160
-1901
-1687
-1561
-1339
-1014
-721
-466
-290
-160
77
228
265
361
413
480
595
679
770
892
1073
1224
1340
1454
1482
1548
1556
1363
1144
960
790
555
280
56
-95
-213
-387
-473
-446
-449
-483
-463
-381
-334
-250
-184
-186
-157
-164
-156
-71
-47
-58
72
232
295
393
559
711
841
902
946
1080
1158
1116
1084
1059
1017
944
839
781
713
588
519
480
394
306
237
178
69
-25
-75
-145
-213
-339
-448
-442
-476
-566
-623
-603
-546
-565
-642
-707
-765
-825
-953
-1125
-1207
-1321
-1453
-1479
-1488
-1473
-1462
-1417
-1272
-1147
-994
-803
-641
-495
-380
-297
-204
-135
-99
-23
32
83
176
278
403
543
665
756
839
922
1021
1063
1025
938
843
735
617
492
338
213
138
65
-9
-36
-55
-79
-60
-38
-28
-3
7
24
36
15
17
58
45
24
129
209
239
288
365
470
515
583
668
748
811
794
818
836
808
788
715
694
658
565
532
449
401
346
226
179
107
39
-9
-82
-140
-236
-300
-297
-366
-425
-441
-477
-497
-534
-558
-571
-602
-635
-695
-794
-898
-965
-1011
-1085
-1193
-1230
-1188
-1157
-1127
-1082
-973
-817
-768
-720
-597
-500
-404
-367
-355
-273
-211
-145
-68
-12
103
224
319
434
530
612
697
746
786
799
785
742
638
538
489
451
365
278
214
198
211
154
135
138
123
154
124
97
114
126
116
67
77
118
145
168
191
247
299
339
371
414
472
511
544
573
616
662
654
627
623
602
558
530
476
409
369
315
272
214
138
93
54
16
-35
-101
-150
-180
-228
-267
-302
-329
-334
-369
-395
-393
-435
-452
-487
-575
-612
-717
-798
-804
-896
-968
-1018
-1056
-1031
-1054
-1021
-947
-909
-858
-806
-725
-637
-563
-522
-479
-387
-315
-262
-165
-66
38
122
188
271
339
423
536
603
647
679
688
678
643
610
563
542
514
422
367
352
298
248
224
195
193
189
164
148
134
146
146
81
92
141
139
144
139
174
219
237
258
309
388
412
438
481
481
507
538
544
548
557
530
499
494
434
371
362
303
225
182
124
81
21
-17
-53
-105
-123
-168
-214
-214
-250
-340
-367
-380
-403
-399
-436
-485
-527
-553
-566
-640
-663
-650
-708
-758
-793
-835
-847
-853
-858
-855
-824
-769
-733
-679
-633
-584
-527
-471
-402
-333
-253
-175
-112
-31
25
98
198
255
310
374
419
455
490
489
497
538
543
514
504
487
433
405
380
336
313
281
235
232
215
182
174
148
155
209
217
208
207
238
245
229
258
250
285
333
314
338
370
376
401
442
443
454
481
477
495
465
413
399
359
319
292
223
150
94
23
-4
-19
-64
-126
-157
-159
-196
-231
-281
-304
-312
-340
-371
-383
-363
-391
-414
-418
-406
-394
-420
-409
-435
-507
-523
-563
-585
-592
-655
-676
-667
-672
-680
-686
-648
-607
-600
-566
-480
-426
-403
-350
-296
-252
-209
-150
-95
-69
-20
23
86
179
201
259
320
330
370
393
421
476
490
480
471
493
477
411
383
365
348
315
291
315
343
323
289
302
321
299
300
340
320
295
285
252
254
231
222
248
275
320
343
334
358
373
376
383
374
378
339
287
258
192
134
122
95
71
26
7
11
-62
-132
-159
-174
-211
-258
-262
-239
-256
-287
-301
-325
-332
-339
-372
-343
-299
-300
-276
-283
-321
-353
-391
-410
-449
-506
-508
-512
-548
-556
-587
-587
-571
-601
-600
-547
-510
-472
-444
-393
-313
-310
-299
-271
-237
-184
-160
-147
-76
-2
43
69
97
185
267
305
341
404
452
444
436
464
483
470
441
432
448
435
383
377
407
410
401
369
361
405
385
326
308
290
280
284
264
279
302
293
265
250
273
275
238
235
254
258
267
224
199
191
117
108
126
109
109
93
62
33
-2
-29
-21
-32
-65
-93
-107
-140
-204
-212
-200
-229
-256
-277
-277
-257
-273
-284
-284
-269
-280
-303
-302
-329
-352
-380
-414
-431
-453
-484
-500
-521
-552
-552
-537
-534
-510
-504
-502
-448
-445
-466
-445
-410
-384
-348
-320
-288
-225
-169
-118
-75
-8
95
174
218
266
317
366
403
425
461
485
496
503
503
513
523
491
457
478
469
439
450
434
393
355
309
302
286
270
245
219
233
184
159
177
163
130
128
165
184
208
184
171
216
193
153
143
140
134
128
131
118
124
109
67
73
80
73
46
2
-5
-20
-13
-25
-98
-141
-145
-181
-204
-229
-253
-263
-304
-283
-281
-298
-299
-312
-302
-320
-362
-382
-391
-433
-462
-481
-483
-459
-478
-503
-489
-471
-451
-438
-418
-359
-367
-369
-343
-345
-299
-272
-274
-210
-177
-150
-101
-81
-4
57
88
138
191
235
262
289
312
340
356
363
345
354
395
401
387
399
394
370
385
374
383
393
344
340
356
321
282
264
250
214
176
166
171
169
159
158
186
208
187
193
204
185
186
180
168
160
139
111
112
125
105
99
88
61
74
80
76
82
69
62
40
-19
-51
-73
-134
-168
-166
-170
-188
-209
-221
-254
-286
-276
-298
-322
-302
-330
-378
-372
-382
-414
-411
-406
-424
-429
-443
-444
-420
-416
-403
-389
-376
-369
-362
-327
-304
-293
-274
-262
-224
-187
-193
-172
-116
-60
-48
-5
59
85
132
131
147
210
226
257
280
260
292
320
306
315
319
320
317
323
312
318
341
306
300
312
285
278
258
221
232
233
202
201
211
178
162
182
180
167
169
182
186
188
192
185
194
176
138
149
159
152
168
153
149
160
122
97
89
87
76
60
63
29
-7
-23
-84
-114
-115
-164
-208
-243
-279
-286
-261
-265
-293
-307
-331
-332
-337
-355
-354
-347
-361
-385
-391
-375
-364
-363
-348
-345
-334
-324
-312
-281
-264
-231
-198
-190
-197
-183
-167
-152
-114
-96
-77
-56
-56
-33
-1
25
45
58
90
102
121
149
153
182
187
197
217
201
213
215
192
211
231
224
238
253
230
237
237
212
207
203
215
218
183
178
195
173
175
189
174
162
173
162
135
178
201
184
216
199
192
215
181
195
223
190
185
181
149
139
88
54
82
56
17
15
-3
-23
-48
-89
-121
-123
-132
-166
-206
-219
-253
-273
-264
-306
-335
-342
-368
-384
-362
-364
-370
-342
-336
-330
-322
-328
-286
-236
-246
-259
-256
-235
-189
-154
-152
-139
-78
-40
-65
-59
-34
-10
12
27
27
22
28
14
22
54
65
64
65
93
123
100
83
98
113
115
94
85
113
120
109
115
129
155
163
158
156
143
164
185
172
168
198
189
166
195
187
182
209
161
136
190
191
165
184
214
203
180
150
139
165
166
154
149
122
111
129
109
92
90
57
8
0
5
-36
-62
-68
-85
-105
-145
-179
-180
-199
-223
-216
-216
-238
-244
-267
-279
-274
-288
-282
-287
-272
-248
-258
-250
-234
-238
-263
-249
-208
-194
-186
-155
-123
-104
-97
-86
-67
-55
-53
-51
-14
7
-10
5
48
78
69
47
85
98
92
119
96
88
106
104
98
109
103
75
77
80
79
66
60
80
104
109
97
103
126
113
106
127
128
124
126
133
149
150
132
149
160
144
159
188
190
184
178
163
184
193
143
131
120
93
107
76
47
77
63
28
23
-5
-27
-2
-19
-80
-103
-111
-122
-140
-171
-185
-176
-176
-190
-206
-212
-176
-167
-197
-199
-199
-195
-198
-233
-239
-212
-205
-199
-193
-185
-162
-151
-143
-99
-71
-92
-94
-79
-61
-52
-56
-25
-16
-22
-28
-19
-1
-13
-11
30
57
56
64
69
59
90
110
74
100
99
91
118
101
91
99
88
105
130
113
105
110
134
129
121
121
109
123
123
124
126
114
110
96
91
117
116
99
135
151
124
121
105
117
137
89
78
114
84
28
53
48
39
49
9
5
9
-30
-37
-41
-45
-38
-57
-72
-100
-123
-127
-122
-145
-159
-156
-167
-189
-196
-178
-167
-158
-183
-213
-180
-178
-196
-175
-179
-198
-194
-170
-175
-157
-121
-129
-106
-85
-81
-60
-49
-27
-22
-16
5
3
1
7
11
15
54
59
51
91
94
79
103
110
129
160
118
103
110
64
54
90
92
77
58
38
65
93
75
78
91
86
92
88
105
111
94
119
141
131
115
110
117
124
128
121
121
143
129
111
100
93
95
96
86
70
78
70
23
5
10
-8
-4
-17
-40
-23
-28
-51
-62
-61
-58
-63
-79
-78
-88
-123
-162
-177
-180
-184
-166
-193
-214
-172
-153
-178
-186
-181
-186
-167
-176
-194
-183
-172
-149
-148
-172
-163
-110
-90
-75
-57
-70
-46
7
2
-6
30
38
40
29
27
81
89
66
88
93
98
102
70
95
138
112
57
62
94
95
80
45
61
88
77
79
57
55
75
65
84
93
63
55
67
88
91
67
79
109
99
75
84
106
127
134
121
122
121
121
133
125
117
117
99
75
78
73
51
44
34
26
21
4
-24
-36
-44
-62
-63
-61
-90
-104
-101
-147
-163
-147
-166
-176
-178
-195
-177
-158
-174
-198
-203
-175
-166
-189
-182
-153
-165
-177
-159
-139
-149
-143
-97
-70
-58
-62
-47
-22
-14
4
6
15
37
51
47
29
49
67
63
61
67
84
95
90
74
99
106
76
70
70
85
84
75
61
31
54
71
53
71
78
63
54
66
94
105
93
60
62
83
68
68
79
78
97
94
78
84
86
92
97
100
111
125
110
79
71
72
70
64
42
41
41
15
-4
-17
-17
-15
-37
-36
-19
-58
-101
-106
-111
-137
-154
-146
-134
-139
-161
-139
-120
-161
-172
-174
-181
-178
-181
-160
-137
-132
-145
-161
-138
-136
-122
-89
-78
-61
-53
-40
-9
2
1
8
-1
4
33
53
63
48
44
67
80
65
56
80
86
77
88
88
91
90
64
59
60
40
29
42
51
20
-7
5
17
30
23
22
44
64
68
49
66
107
101
84
95
83
73
95
99
106
119
120
108
104
111
123
133
125
100
92
77
48
50
18
1
11
-8
-31
-33
-23
-41
-52
-36
-63
-94
-92
-110
-119
-108
-126
-150
-154
-148
-140
-150
-146
-117
-111
-116
-104
-106
-102
-89
-104
-119
-122
-127
-125
-104
-89
-92
-99
-83
-51
-57
-58
-34
-25
4
14
-5
22
40
26
35
40
32
54
64
53
76
79
69
49
65
75
45
58
34
28
60
46
51
43
28
30
34
40
46
49
61
66
40
48
70
66
63
47
50
75
81
84
84
89
96
90
75
88
113
107
103
96
85
91
68
51
65
48
27
45
26
11
34
24
4
-15
-36
-47
-57
-74
-97
-90
-84
-121
-128
-131
-147
-130
-136
-163
-138
-108
-112
-111
-107
-107
-112
-104
-88
-82
-80
-89
-78
-63
-74
-54
-42
-55
-57
-63
-61
-43
-35
-26
-20
-17
-18
-39
-18
21
30
23
11
45
71
59
51
67
69
49
41
47
57
60
57
45
53
49
38
51
44
34
36
23
31
53
51
50
52
49
58
61
58
66
83
94
95
100
96
95
87
80
99
103
81
96
103
89
89
79
64
61
51
16
25
20
-18
-19
-19
-24
-29
-53
-80
-86
-91
-108
-107
-88
-95
-84
-78
-108
-114
-98
-100
-104
-98
-89
-99
-97
-85
-79
-70
-76
-81
-75
-88
-99
-83
-82
-76
-67
-81
-76
-47
-33
-42
-49
-36
-10
-4
-26
-21
12
-5
-8
16
11
32
43
24
37
59
60
52
58
83
80
57
67
78
74
79
68
54
52
37
25
45
45
30
38
37
40
71
91
80
67
51
51
66
71
69
74
77
74
72
63
56
55
61
73
76
50
38
53
55
51
31
19
16
-3
-19
-32
-30
-31
-54
-45
-40
-70
-61
-62
-89
-74
-69
-86
-75
-66
-82
-78
-91
-113
-84
-94
-97
-72
-72
-82
-81
-82
-79
-61
-63
-79
-72
-49
-59
-81
-74
-60
-71
-67
-47
-43
-31
-31
-15
3
11
23
15
24
35
24
28
40
33
46
59
49
55
73
72
59
68
72
69
68
58
64
54
53
58
42
33
21
14
16
40
45
35
45
37
31
36
47
63
64
55
41
44
60
76
77
57
45
60
59
39
40
51
58
54
33
29
33
18
6
-9
-17
-19
-27
-39
-34
-34
-55
-53
-66
-78
-59
-66
-64
-56
-78
-72
-65
-71
-76
-73
-68
-80
-91
-87
-83
-69
-68
-76
-72
-60
-55
-88
-112
-99
-95
-82
-64
-57
-40
-54
-62
-41
-39
-37
-1
22
18
25
38
53
57
47
56
83
87
73
68
75
83
78
63
62
65
46
40
52
52
67
57
26
28
33
32
35
18
-1
3
12
18
26
41
33
21
22
26
21
45
73
65
49
57
69
72
67
62
65
62
53
51
57
49
34
15
14
32
6
-13
-8
-31
-45
-46
-61
-69
-57
-56
-75
-80
-79
-86
-80
-91
-98
-83
-80
-84
-87
-82
-86
-82
-84
-88
-60
-46
-50
-45
-55
-54
-39
-32
-31
-24
-18
-15
-27
-41
-30
-19
-14
-14
-19
-23
-8
4
6
28
35
35
44
27
29
49
50
55
40
48
61
46
40
44
57
54
38
40
42
36
32
29
28
14
9
24
13
5
10
12
29
26
14
15
25
39
43
54
56
55
62
44
35
54
63
87
101
81
87
95
74
46
30
30
28
15
13
5
-17
-26
-20
-29
-51
-49
-63
-73
-71
-82
-77
-77
-82
-70
-85
-103
-109
-110
-86
-86
-98
-74
-76
-91
-80
-66
-57
-49
-39
-36
-36
-44
-47
-45
-31
-15
-6
-18
-30
-10
-6
2
11
0
11
25
26
28
34
51
49
46
58
50
58
56
50
52
42
47
55
51
44
31
28
38
19
5
13
24
18
-8
-3
0
6
12
7
-4
-7
10
20
27
27
33
45
32
21
37
45
42
52
56
60
71
52
50
55
29
39
43
25
40
37
16
8
5
-8
-20
-28
-43
-47
-51
-54
-64
-68
-75
-90
-85
-85
-84
-68
-71
-83
-67
-63
-57
-49
-45
-31
-29
-29
-19
-24
-13
-6
-14
-11
3
0
-5
-18
-24
4
9
3
-1
-5
3
-11
-29
-12
7
21
32
12
12
24
11
9
15
28
37
15
17
31
22
22
19
17
32
22
-5
-2
14
26
6
-18
7
16
10
5
-1
10
10
9
8
19
31
31
24
26
48
39
46
53
45
57
55
60
78
67
62
65
43
25
23
23
15
7
-5
-3
-17
-44
-53
-43
-48
-63
-45
-38
-62
-55
-50
-60
-58
-68
-75
-77
-77
-65
-44
-32
-50
-51
-26
-33
-37
-15
-8
-12
-18
-15
-2
-1
1
1
-6
1
-14
-24
0
13
16
15
10
7
-1
6
25
24
18
10
14
31
22
25
41
36
20
9
13
14
21
44
40
22
28
34
27
9
11
20
13
8
2
0
-1
-10
-17
-5
-7
-12
2
-13
-17
0
2
7
11
16
26
18
16
25
24
39
49
36
50
70
62
55
37
17
31
37
11
1
5
10
4
-29
-53
-49
-31
-33
-53
-51
-45
-57
-58
-52
-63
-72
-66
-52
-56
-59
-51
-47
-44
-55
-47
-21
-28
-22
-7
-16
-15
-1
2
-4
-7
2
14
12
4
15
29
25
13
2
16
17
9
11
8
26
26
17
35
26
6
8
9
19
20
14
11
7
10
5
18
35
31
28
34
32
3
13
27
16
32
24
22
35
12
6
27
21
19
32
26
23
30
12
9
11
12
22
15
12
18
11
10
23
5
0
17
11
10
7
6
15
6
-12
-31
-31
-21
-39
-55
-45
-53
-67
-59
-60
-56
-71
-67
-55
-70
-79
-77
-70
-60
-71
-72
-47
-39
-43
-34
-17
-11
-9
-10
-3
10
14
13
29
22
0
-2
7
23
27
21
0
10
40
33
42
46
34
37
18
26
38
42
56
33
25
49
39
43
46
37
60
39
19
32
35
23
31
18
-1
-3
-10
-1
1
-7
-10
2
-6
-6
6
1
14
10
-7
4
14
15
9
9
30
40
31
21
18
27
30
11
2
25
39
23
14
18
5
6
5
-15
-11
-26
-54
-31
-28
-65
-67
-56
-44
-51
-74
-62
-36
-57
-76
-63
-52
-44
-66
-79
-44
-26
-49
-62
-43
-24
-14
-20
-7
7
13
1
-21
-6
-4
3
2
2
17
17
34
26
2
8
6
12
21
13
20
47
46
28
23
14
10
14
5
0
20
26
19
18
9
24
39
17
5
11
11
26
26
3
13
22
16
11
7
22
28
31
34
31
26
18
5
17
33
26
42
48
31
29
17
27
40
20
21
34
30
13
6
11
14
5
-12
-4
-1
-14
-19
-29
-37
-28
-39
-46
-42
-43
-42
-56
-68
-55
-42
-46
-49
-54
-44
-31
-36
-29
-25
-27
-11
-11
-22
-21
-8
-13
-21
-17
-6
8
10
2
-5
-3
-1
-15
3
20
-5
0
4
-2
7
14
13
15
14
-2
-11
-19
-20
-14
-5
4
4
-10
-4
10
-16
-17
4
5
6
-4
-4
7
12
20
17
12
9
5
27
22
12
23
20
30
35
21
22
25
33
42
24
30
46
39
32
26
29
42
25
7
30
28
26
29
31
20
15
11
2
13
7
-12
5
14
-6
-14
-23
-24
-27
-36
-42
-46
-38
-44
-44
-34
-37
-25
-26
-39
-30
-24
-15
2
-10
-2
1
-19
-10
-13
-9
7
-14
-10
12
8
9
5
5
3
-10
