16
9
8
10
9
3
-3
-5
-6
-8
-7
-7
-10
-11
-12
-12
-16
-12
-9
-14
-18
-20
-17
-17
-18
-19
-19
-21
-25
-26
-31
-36
-34
-33
-35
-40
-44
-43
-42
-44
-47
-46
-46
-47
-41
-39
-40
-38
-48
-53
-52
-54
-54
-59
-58
-52
-52
-54
-53
-42
-33
-27
-27
-26
-15
-5
1
9
15
22
29
31
38
50
55
61
69
68
68
73
68
62
63
62
60
54
49
52
52
50
51
49
48
48
42
39
34
31
32
31
28
27
27
31
32
27
26
24
22
21
22
22
14
7
7
4
6
2
-1
2
0
-4
0
0
-3
-4
-7
-13
-19
-21
-19
-18
-18
-18
-19
-24
-27
-27
-35
-42
-40
-44
-46
-45
-45
-50
-48
-45
-47
-45
-46
-46
-44
-46
-44
-39
-40
-42
-37
-38
-33
-32
-35
-30
-22
-12
-14
-21
-31
-42
-46
-56
-74
-79
-81
-86
-85
-83
-75
-61
-54
-46
-35
-16
-5
-4
4
13
18
25
38
61
82
89
95
108
122
134
138
135
125
111
99
95
81
66
62
62
64
63
64
70
69
63
59
62
58
48
44
40
38
37
37
41
48
51
47
48
50
44
39
33
23
13
5
4
2
-7
-11
-11
-14
-21
-23
-17
-21
-29
-34
-34
-28
-33
-36
-32
-35
-38
-42
-48
-45
-37
-39
-44
-54
-63
-71
-80
-85
-90
-92
-84
-84
-83
-80
-85
-84
-80
-83
-83
-81
-85
-82
-76
-75
-68
-65
-58
-59
-62
-46
-47
-48
-34
-42
-54
-64
-75
-74
-83
-103
-109
-107
-109
-105
-93
-72
-55
-47
-26
6
30
41
52
63
75
89
110
129
135
143
156
170
184
192
204
200
182
170
162
154
127
98
89
74
67
51
48
69
72
65
71
74
73
74
65
56
50
39
34
39
40
49
55
57
63
58
49
44
32
23
21
8
-4
-16
-23
-24
-24
-31
-37
-30
-30
-30
-33
-36
-32
-32
-49
-60
-51
-54
-67
-66
-57
-56
-66
-65
-58
-65
-79
-99
-107
-101
-110
-115
-108
-100
-101
-109
-104
-92
-99
-99
-78
-72
-73
-59
-44
-37
-42
-45
-24
-6
-10
-14
12
28
23
17
15
35
19
-36
-59
-82
-106
-124
-178
-226
-231
-233
-230
-211
-173
-130
-109
-106
-83
-30
10
29
38
51
81
95
109
158
202
231
258
284
318
340
349
332
278
246
220
182
156
112
82
80
57
63
73
75
97
95
92
88
80
70
57
42
18
18
38
51
55
68
89
89
90
92
73
62
39
1
1
-6
-20
-19
-32
-34
-31
-22
-20
-35
-26
0
-5
-30
-27
-20
-17
-23
-37
-26
-18
-28
-32
-38
-48
-65
-85
-94
-110
-128
-129
-145
-167
-185
-202
-193
-188
-190
-192
-187
-183
-174
-165
-159
-143
-140
-117
-85
-81
-67
-47
-31
-10
4
16
24
34
47
52
56
65
79
68
-8
-96
-140
-157
-208
-301
-354
-348
-336
-342
-324
-256
-185
-173
-155
-102
-37
21
25
6
33
77
106
163
237
295
347
383
416
455
469
462
441
395
352
300
233
195
162
117
83
73
68
77
118
113
106
131
121
119
107
73
80
78
51
47
53
69
85
89
96
110
104
73
44
9
-28
-39
-43
-59
-72
-72
-73
-70
-71
-80
-67
-45
-53
-54
-42
-27
-20
-23
-16
-15
9
1
-8
16
-5
-21
-47
-83
-84
-98
-124
-135
-145
-162
-179
-204
-220
-205
-194
-199
-198
-202
-170
-152
-163
-143
-118
-76
-78
-69
-33
-17
5
17
28
55
61
41
55
59
66
63
49
65
24
-83
-183
-220
-239
-328
-451
-486
-459
-451
-439
-410
-333
-230
-201
-193
-116
-28
-2
-1
11
45
115
163
242
359
396
418
480
538
567
564
556
525
440
348
304
273
201
117
76
70
61
79
103
116
110
88
109
139
147
107
58
33
23
27
29
42
84
112
108
120
128
137
121
65
27
-3
-24
-28
-51
-67
-66
-63
-51
-53
-36
-19
-25
-35
-58
-38
-4
-19
-9
0
-2
8
-9
-39
-12
3
-59
-80
-75
-99
-124
-170
-189
-164
-204
-234
-208
-214
-223
-237
-227
-191
-178
-182
-165
-114
-95
-96
-92
-79
-35
-7
-8
2
50
72
34
24
46
74
87
32
31
75
-40
-191
-290
-339
-377
-535
-709
-723
-695
-665
-641
-591
-437
-347
-309
-247
-138
-8
6
-7
38
100
188
264
387
552
596
606
689
783
844
812
735
678
594
472
383
330
228
115
45
11
4
25
59
99
126
84
67
147
149
77
34
38
58
30
38
104
175
211
190
194
249
244
180
128
74
51
8
-45
-44
-39
-77
-113
-104
-64
-36
-46
-57
-56
-63
-45
-9
-22
-32
-19
-8
-17
-41
-22
-13
-21
-36
-79
-94
-102
-130
-157
-219
-268
-269
-273
-284
-294
-293
-286
-275
-247
-245
-231
-223
-223
-190
-146
-106
-103
-84
-42
-5
39
72
66
68
70
74
70
61
93
13
-171
-343
-468
-496
-641
-954
-1087
-1052
-1013
-980
-911
-738
-536
-459
-440
-305
-60
51
20
59
150
287
394
483
682
866
944
1027
1155
1293
1329
1243
1105
969
828
644
522
378
167
55
-2
-58
-70
-69
-19
42
11
-26
20
52
-25
-116
-132
-118
-69
-18
30
166
282
314
388
460
442
398
320
251
227
109
-26
-41
-38
-78
-121
-143
-78
-57
-85
-64
-41
-61
-99
-79
-75
-65
-50
-25
25
33
1
-20
3
-17
-64
-94
-108
-136
-199
-284
-329
-337
-370
-376
-353
-350
-341
-342
-330
-303
-316
-315
-242
-191
-191
-169
-132
-51
25
58
81
100
169
204
180
169
187
153
-94
-428
-635
-748
-875
-1177
-1527
-1609
-1542
-1487
-1413
-1251
-982
-756
-640
-518
-250
36
127
150
219
365
552
692
900
1142
1264
1385
1564
1734
1835
1780
1657
1472
1200
939
701
476
215
-78
-255
-284
-297
-336
-311
-238
-225
-239
-218
-136
-115
-219
-269
-268
-205
-91
-25
102
318
476
567
704
844
865
789
675
563
493
380
225
125
25
-123
-189
-195
-171
-115
-137
-145
-120
-115
-82
-75
-87
-66
-48
-41
-4
34
57
71
40
-21
-66
-90
-126
-186
-275
-351
-390
-415
-451
-427
-406
-445
-423
-405
-385
-353
-327
-322
-310
-246
-190
-165
-127
-59
2
63
96
154
263
275
199
30
-352
-746
-1053
-1275
-1491
-1867
-2184
-2174
-1941
-1765
-1586
-1257
-884
-604
-448
-237
135
366
363
370
474
676
892
1072
1313
1582
1750
1880
2040
2170
2200
2045
1754
1396
1024
723
399
21
-306
-584
-693
-667
-644
-543
-401
-309
-267
-245
-162
-78
-140
-249
-260
-180
-40
141
314
518
731
850
955
1097
1150
1115
948
728
574
396
238
88
-42
-118
-180
-250
-261
-205
-207
-248
-270
-236
-186
-120
-86
-80
-36
18
74
108
133
135
136
87
1
-42
-85
-127
-217
-323
-361
-400
-401
-411
-467
-469
-443
-442
-430
-407
-387
-388
-371
-332
-290
-202
-143
-33
44
56
136
175
232
211
-95
-533
-1001
-1404
-1677
-2079
-2535
-2784
-2736
-2455
-2170
-1841
-1340
-796
-368
-106
236
657
831
811
789
916
1109
1236
1382
1597
1837
1980
2104
2275
2356
2283
2025
1637
1220
717
228
-180
-657
-1056
-1283
-1352
-1281
-1125
-920
-629
-296
-127
-18
167
324
364
271
204
315
429
505
663
886
1161
1322
1339
1394
1443
1304
1014
729
466
221
-52
-314
-429
-495
-571
-548
-468
-386
-296
-231
-138
-16
39
89
180
260
309
386
443
468
503
473
442
404
265
114
5
-133
-278
-439
-588
-620
-620
-708
-755
-726
-702
-646
-649
-676
-604
-544
-517
-425
-333
-248
-164
-110
-18
120
137
-95
-555
-1151
-1665
-2130
-2614
-3034
-3377
-3409
-3197
-2813
-2106
-1286
-566
-42
354
816
1269
1469
1479
1448
1375
1297
1305
1460
1685
1865
1970
2072
2193
2238
2162
1916
1474
910
266
-339
-830
-1276
-1664
-1874
-1857
-1615
-1274
-832
-333
102
479
760
1015
1172
1134
984
846
805
791
823
955
1108
1261
1339
1370
1407
1327
1103
739
349
46
-233
-525
-755
-823
-839
-805
-672
-513
-301
-118
29
216
374
442
525
611
652
679
694
755
827
820
720
577
437
225
11
-146
-341
-542
-749
-960
-1016
-971
-986
-1040
-1017
-868
-696
-703
-719
-595
-497
-413
-405
-384
-243
-211
-233
-276
-530
-969
-1638
-2210
-2541
-2974
-3372
-3669
-3681
-3199
-2578
-1921
-1120
-295
422
945
1417
1867
2083
2072
1836
1676
1674
1646
1694
1717
1718
1787
1770
1748
1767
1607
1222
659
50
-512
-1011
-1453
-1810
-2010
-2045
-1847
-1381
-817
-242
347
885
1300
1575
1778
1868
1817
1584
1275
1141
1092
1036
1015
993
1017
1050
937
803
711
481
132
-253
-549
-703
-848
-984
-979
-807
-575
-353
-132
145
389
545
692
822
922
975
959
914
913
896
888
815
653
515
308
68
-159
-411
-629
-804
-960
-1049
-1085
-1043
-972
-880
-722
-621
-487
-357
-282
-209
-170
-193
-270
-360
-447
-442
-557
-1018
-1720
-2377
-2795
-3126
-3573
-3953
-4024
-3795
-3357
-2739
-1883
-880
-7
602
1163
1798
2349
2532
2414
2261
2186
2080
1920
1848
1874
1786
1590
1448
1364
1270
964
482
-24
-520
-1062
-1519
-1807
-1997
-2115
-2001
-1571
-970
-319
331
969
1488
1896
2173
2324
2322
2079
1729
1483
1280
1042
863
736
686
656
527
411
388
246
-97
-444
-602
-646
-734
-853
-848
-620
-372
-178
134
457
711
871
963
1132
1242
1226
1121
1010
1004
933
763
590
401
205
-12
-209
-398
-586
-793
-999
-1152
-1208
-1171
-1114
-1017
-784
-545
-392
-211
-29
110
223
240
137
96
-4
-208
-396
-868
-1693
-2525
-3205
-3633
-4103
-4696
-4941
-4631
-3968
-3248
-2362
-1155
58
965
1638
2259
2913
3205
2974
2639
2410
2262
2039
1769
1610
1462
1333
1197
1117
1034
678
231
-252
-815
-1361
-1836
-2132
-2284
-2342
-2115
-1511
-688
133
890
1671
2377
2828
3022
3052
2875
2465
1844
1202
830
565
226
-61
-214
-171
-66
-96
-150
-207
-363
-555
-734
-775
-678
-605
-537
-352
19
415
740
1014
1227
1342
1355
1340
1371
1345
1146
920
734
609
510
307
96
-57
-273
-541
-739
-891
-1024
-1120
-1233
-1235
-1050
-859
-641
-380
-184
126
425
539
669
707
648
524
190
-124
-455
-1064
-1913
-3007
-3907
-4375
-4728
-5122
-5490
-5364
-4476
-3406
-2443
-1366
-101
1187
2059
2560
3133
3727
3815
3334
2852
2752
2658
2257
1725
1368
1238
979
574
285
52
-382
-1033
-1641
-1967
-2152
-2381
-2452
-2282
-1912
-1237
-300
757
1702
2412
2988
3435
3621
3483
3173
2713
1995
1166
530
152
-175
-563
-888
-930
-770
-709
-747
-751
-723
-732
-766
-700
-473
-199
16
190
485
914
1261
1458
1534
1540
1586
1546
1362
1202
1026
786
523
262
116
-8
-303
-564
-694
-845
-993
-1102
-1158
-1131
-1118
-1057
-813
-455
-205
-48
270
636
854
998
1037
1021
959
668
344
-58
-604
-1255
-2052
-3049
-4094
-4802
-5264
-5648
-5873
-5834
-5197
-3992
-2807
-1568
-103
1276
2428
3210
3772
4329
4470
4058
3416
2973
2656
2122
1490
907
545
316
-50
-388
-589
-929
-1351
-1756
-2083
-2234
-2245
-2133
-1856
-1354
-634
348
1419
2345
3146
3789
4124
4174
3938
3485
2795
1798
766
-77
-695
-1179
-1613
-1877
-1890
-1788
-1552
-1246
-950
-660
-465
-296
-6
355
695
974
1145
1273
1484
1668
1717
1649
1492
1328
1151
924
710
521
304
65
-145
-264
-372
-548
-755
-933
-1005
-1056
-1113
-1057
-952
-853
-711
-491
-113
289
595
801
979
1147
1170
1147
1018
724
462
96
-416
-947
-1762
-2708
-3661
-4631
-5258
-5779
-6245
-6282
-5888
-4900
-3575
-2266
-780
706
2067
3237
4073
4662
4815
4524
4000
3350
2738
2064
1348
694
11
-461
-711
-920
-1124
-1418
-1659
-1804
-1949
-2004
-1926
-1711
-1370
-901
-168
844
1893
2792
3567
4210
4626
4694
4410
3855
3052
1994
804
-286
-1183
-1859
-2446
-2854
-2819
-2561
-2240
-1818
-1348
-825
-293
161
615
1063
1396
1632
1795
1927
1993
1932
1764
1546
1296
1052
829
648
433
163
27
-47
-154
-228
-308
-399
-523
-709
-881
-913
-916
-948
-854
-746
-563
-252
21
354
707
954
1091
1151
1100
953
769
475
140
-157
-569
-1020
-1521
-2409
-3298
-4122
-4988
-5457
-5851
-6215
-6079
-5509
-4360
-2783
-1310
135
1671
3109
4229
4881
5144
5050
4507
3581
2547
1771
1053
131
-725
-1254
-1444
-1559
-1710
-1734
-1657
-1631
-1642
-1563
-1312
-1038
-725
-364
162
985
1880
2760
3521
4097
4470
4632
4484
3980
3156
2068
873
-319
-1349
-2114
-2697
-3082
-3177
-2968
-2511
-1874
-1173
-551
13
556
1116
1614
1928
2078
2169
2197
2059
1823
1605
1355
986
540
208
86
-8
-192
-284
-183
-101
-108
-107
-136
-165
-249
-429
-514
-503
-520
-535
-473
-244
-79
163
479
701
870
929
988
1033
839
480
191
-127
-468
-806
-1033
-1285
-1808
-2749
-3586
-4080
-4616
-5209
-5776
-6081
-5719
-4994
-4060
-2515
-866
617
1996
3148
4264
5102
5125
4639
3914
3100
2139
1046
181
-548
-1221
-1767
-2017
-1887
-1648
-1587
-1517
-1358
-1153
-952
-737
-398
-59
294
740
1464
2335
3086
3628
3975
4173
4142
3805
3213
2386
1245
29
-992
-1792
-2385
-2779
-2938
-2742
-2247
-1667
-1035
-282
360
832
1203
1471
1751
1972
1984
1867
1816
1782
1607
1298
982
669
360
63
-185
-255
-327
-439
-458
-368
-211
-141
-131
-146
-171
-183
-216
-270
-276
-217
-118
19
178
481
654
769
877
865
800
641
422
173
-143
-537
-764
-958
-1036
-1203
-1599
-2126
-2932
-3775
-4371
-4808
-5290
-5766
-5852
-5174
-3987
-2669
-1233
359
1916
3156
4056
4699
4953
4665
3781
2706
1711
781
-128
-960
-1538
-1872
-2018
-1936
-1658
-1357
-1088
-941
-727
-501
-339
-103
161
491
893
1443
2169
2919
3448
3757
3858
3791
3454
2780
1887
808
-342
-1375
-2119
-2584
-2806
-2797
-2494
-1903
-1167
-427
343
951
1329
1600
1752
1891
1923
1798
1686
1581
1416
1242
1045
782
476
190
-11
-178
-267
-320
-377
-296
-205
-149
-19
42
46
29
-40
-46
-50
-55
-3
40
147
348
479
625
744
762
764
620
421
230
-81
-399
-721
-935
-958
-1002
-1118
-1411
-2043
-2929
-3815
-4445
-4806
-5307
-5847
-5861
-5086
-3797
-2413
-935
690
2207
3330
4105
4675
4915
4485
3463
2264
1249
379
-517
-1314
-1834
-1971
-1976
-1886
-1571
-1156
-841
-736
-622
-391
-160
45
291
656
1140
1742
2427
3118
3618
3840
3827
3548
3046
2287
1308
222
-944
-1942
-2544
-2774
-2797
-2607
-2113
-1417
-635
98
759
1307
1620
1697
1772
1852
1788
1662
1501
1356
1235
1037
800
616
391
91
-146
-234
-238
-259
-283
-193
-35
90
151
156
138
89
15
-88
-89
-23
68
145
232
440
614
703
765
787
750
568
299
61
-189
-480
-711
-903
-941
-981
-1276
-1627
-2285
-3254
-4207
-4925
-5314
-5640
-5962
-5800
-4781
-3152
-1494
-8
1590
3135
4168
4620
4765
4673
4011
2769
1410
385
-362
-1118
-1767
-2026
-1949
-1800
-1568
-1245
-813
-553
-538
-454
-283
-64
167
459
927
1535
2181
2861
3467
3891
3979
3656
3080
2375
1471
418
-723
-1808
-2518
-2847
-2851
-2623
-2160
-1444
-655
115
913
1552
1879
1966
1868
1768
1670
1449
1210
982
837
731
547
430
303
128
-39
-166
-160
-90
-58
-52
12
112
164
191
160
34
-49
-83
-94
-65
-13
155
352
534
621
825
949
866
784
495
307
168
-136
-400
-555
-797
-866
-821
-1053
-1549
-2441
-3466
-4219
-4991
-5766
-6198
-6290
-5807
-4771
-3308
-1461
442
2039
3298
4329
4936
4955
4476
3563
2456
1198
21
-852
-1496
-1863
-2011
-1885
-1628
-1241
-922
-671
-444
-377
-281
-196
23
350
712
1243
1924
2579
3226
3741
4007
3948
3516
2836
1931
876
-230
-1324
-2274
-2824
-3001
-2852
-2452
-1810
-948
-118
635
1315
1789
2055
2031
1782
1584
1418
1169
959
838
729
649
520
375
298
147
-46
-115
-91
-49
-8
59
128
178
171
138
78
-39
-191
-264
-201
-50
105
218
406
668
815
884
841
737
687
453
140
-109
-321
-526
-661
-642
-661
-981
-1670
-2648
-3566
-4362
-5168
-5834
-6287
-6358
-5886
-4771
-3118
-1291
379
1872
3207
4219
4805
4838
4363
3505
2366
1179
124
-671
-1217
-1653
-1896
-1825
-1495
-1180
-1003
-779
-595
-518
-501
-371
-38
355
782
1339
2072
2814
3479
3943
4116
3999
3465
2709
1810
706
-419
-1491
-2332
-2756
-2850
-2654
-2200
-1500
-672
84
751
1307
1702
1882
1810
1588
1398
1251
1006
800
703
611
562
487
401
342
231
86
54
110
146
148
155
237
293
287
257
127
-30
-127
-171
-181
-148
-15
165
424
629
756
888
943
863
639
474
261
-81
-399
-679
-734
-836
-1216
-1803
-2653
-3539
-4460
-5247
-5765
-6146
-6283
-5950
-4917
-3331
-1611
8
1498
2923
4018
4491
4552
4296
3674
2617
1401
403
-279
-848
-1414
-1656
-1560
-1382
-1317
-1188
-888
-660
-595
-608
-473
-142
242
650
1203
1945
2611
3137
3586
3852
3822
3338
2608
1764
795
-225
-1265
-2046
-2482
-2585
-2416
-2026
-1384
-648
121
801
1280
1638
1752
1677
1510
1308
1162
984
792
650
644
643
550
444
367
277
161
102
119
155
166
183
200
245
290
223
108
7
-112
-201
-182
-170
14
286
477
631
771
977
1040
1029
870
622
508
171
-147
-415
-608
-620
-994
-1659
-2674
-3684
-4419
-5247
-6009
-6493
-6498
-5991
-5078
-3596
-1799
-38
1415
2554
3639
4262
4317
3910
3218
2393
1351
360
-349
-764
-1110
-1363
-1371
-1195
-943
-817
-710
-611
-546
-514
-511
-270
183
687
1182
1783
2486
3058
3510
3655
3507
3101
2348
1503
599
-352
-1269
-2027
-2367
-2360
-2161
-1755
-1131
-388
320
918
1357
1615
1695
1610
1422
1259
1125
931
777
718
741
749
605
523
502
387
246
143
165
225
215
192
239
331
307
221
137
34
-92
-167
-153
4
163
240
370
558
769
855
823
820
735
567
354
98
-38
-224
-366
-616
-1190
-2074
-3030
-3918
-4911
-5704
-6247
-6495
-6197
-5501
-4239
-2476
-752
754
1994
3075
3849
4038
3671
3052
2379
1452
394
-359
-713
-929
-1145
-1190
-998
-736
-679
-708
-618
-524
-509
-572
-427
3
532
1065
1625
2338
2993
3366
3499
3392
3067
2463
1603
716
-119
-964
-1757
-2187
-2199
-2020
-1668
-1232
-648
89
675
1051
1317
1508
1512
1346
1171
1056
997
865
717
713
787
741
597
493
416
351
251
238
357
420
399
376
375
342
281
173
90
9
-102
-149
-85
66
269
381
499
713
822
862
819
744
593
409
167
-49
-60
-275
-699
-1174
-1936
-2904
-4040
-5096
-5660
-6018
-6329
-6219
-5326
-3840
-2288
-776
777
2277
3287
3573
3622
3514
2982
2033
972
207
-245
-666
-1070
-1138
-955
-756
-741
-748
-589
-460
-534
-679
-549
-195
200
624
1206
1908
2525
2919
3164
3271
3079
2573
1861
1086
342
-397
-1165
-1751
-2034
-1966
-1680
-1399
-945
-398
148
642
955
1203
1348
1347
1209
1066
1033
991
909
779
679
675
595
459
412
374
317
298
310
405
553
607
564
526
504
419
238
84
-4
-48
-57
-13
178
377
507
594
718
820
742
648
589
440
270
58
-149
-212
-435
-974
-1698
-2623
-3581
-4523
-5378
-5920
-6150
-5973
-5294
-4099
-2534
-913
617
1904
2843
3420
3522
3267
2638
1778
971
205
-384
-803
-945
-894
-849
-791
-704
-555
-499
-550
-591
-550
-477
-302
111
719
1369
1936
2472
2922
3218
3236
2873
2356
1748
984
181
-538
-1047
-1482
-1780
-1812
-1535
-1033
-702
-379
10
372
724
895
1038
1136
1109
1027
930
939
898
802
705
611
566
422
260
215
263
314
315
392
527
607
676
667
623
580
408
224
129
61
83
131
140
294
434
532
709
721
703
667
522
468
284
-27
-200
-318
-456
-816
-1465
-2252
-3135
-4118
-5083
-5677
-5955
-5973
-5508
-4568
-3045
-1298
132
1398
2547
3344
3571
3264
2703
2057
1253
342
-281
-571
-698
-759
-790
-675
-537
-537
-711
-836
-803
-795
-785
-591
-81
656
1394
2001
2553
3144
3456
3328
3004
2493
1820
984
138
-466
-841
-1233
-1616
-1624
-1372
-1041
-773
-575
-218
194
531
746
948
1189
1261
1229
1151
1134
1132
951
674
459
404
291
126
54
19
102
175
231
438
600
630
593
536
536
504
341
229
234
219
232
258
359
454
578
643
665
712
601
596
465
276
98
-75
-106
-395
-864
-1532
-2414
-3357
-4524
-5472
-5943
-6054
-5926
-5677
-4577
-2791
-1051
337
1428
2685
3496
3364
2870
2444
2025
1225
224
-337
-301
-212
-423
-570
-428
-286
-669
-1104
-1201
-1114
-1037
-1073
-692
174
1075
1708
2272
2972
3450
3443
3140
2771
2325
1611
743
59
-322
-539
-826
-1143
-1279
-1082
-870
-845
-801
-586
-199
113
371
721
1118
1407
1456
1420
1391
1328
1112
690
392
294
176
45
-48
5
166
204
217
330
503
536
388
326
410
454
401
316
310
436
420
305
309
419
550
549
449
504
599
518
403
311
211
104
-145
-423
-673
-1229
-2153
-3273
-4306
-5184
-5834
-6129
-6109
-5582
-4564
-3228
-1491
77
1277
2302
2840
2963
2690
2216
1721
1104
543
178
109
199
170
53
-104
-354
-739
-1203
-1518
-1565
-1474
-1206
-679
113
1096
1912
2624
3111
3282
3233
2865
2462
1963
1362
824
364
133
-4
-158
-374
-649
-816
-922
-996
-1101
-1141
-863
-427
44
528
1020
1447
1631
1644
1579
1493
1233
816
532
378
337
264
134
144
234
219
76
10
112
175
163
193
315
514
618
635
642
589
542
440
237
240
295
341
341
366
555
593
576
375
255
157
-11
-127
-487
-881
-1595
-2648
-3628
-4617
-5342
-5914
-6220
-5856
-5203
-4080
-2650
-1115
413
1417
2090
2414
2428
2275
1775
1251
877
654
559
505
521
544
344
-150
-616
-1051
-1394
-1681
-1736
-1339
-826
-127
662
1502
2258
2680
2866
2847
2709
2360
1905
1549
1243
1034
826
616
488
202
-241
-695
-1032
-1214
-1360
-1421
-1214
-709
-99
491
1023
1426
1640
1684
1601
1455
1245
991
761
645
597
530
434
313
242
106
-61
-160
-135
-43
83
274
444
655
805
794
735
591
425
267
99
47
161
335
443
585
771
826
640
345
96
-55
-291
-586
-550
-669
-1169
-1877
-2976
-3821
-4605
-5558
-6011
-6052
-5539
-4709
-3685
-2118
-463
959
1675
1921
2254
2141
1758
1230
796
840
721
561
640
733
751
308
-365
-817
-1235
-1604
-1751
-1546
-901
-203
488
1331
2008
2547
2689
2492
2344
2113
1813
1480
1322
1304
1218
1106
894
577
156
-461
-1095
-1535
-1743
-1677
-1456
-1029
-359
347
984
1401
1588
1667
1504
1218
1021
844
771
777
788
872
871
724
493
227
20
-212
-310
-201
-9
292
559
803
1051
1053
842
595
343
85
-115
-169
3
278
558
785
850
911
859
601
283
-211
-492
-641
-749
-560
-812
-1291
-2109
-3210
-3967
-4923
-5623
-6026
-6046
-5193
-4140
-2656
-1084
263
1493
1792
1766
1716
1463
1232
730
502
652
788
992
1024
997
772
49
-759
-1431
-1777
-1764
-1678
-1246
-393
527
1359
1918
2373
2597
2292
1902
1628
1518
1469
1331
1371
1561
1672
1545
1122
534
-99
-806
-1551
-1971
-1913
-1569
-1099
-521
229
917
1390
1517
1362
1193
921
716
641
682
943
1106
1163
1112
888
590
142
-276
-507
-554
-442
-144
318
781
1118
1277
1262
1014
606
201
-82
-263
-307
-84
329
790
1125
1114
1074
824
405
115
-339
-542
-541
-631
-397
-187
-393
-1081
-2521
-3793
-4814
-5666
-6114
-6353
-5715
-4579
-3189
-1462
-70
1138
1653
1409
1221
817
600
518
397
763
1145
1449
1685
1507
1180
370
-769
-1610
-2172
-2222
-1881
-1269
-346
619
1415
1993
2208
2192
1895
1431
1178
1090
1330
1628
1899
2238
2347
2122
1562
764
-98
-976
-1784
-2176
-2035
-1503
-778
-138
478
1000
1172
1127
894
672
522
434
607
943
1326
1605
1648
1485
1088
473
-230
-760
-964
-947
-631
-76
536
1070
1312
1310
1165
787
250
-226
-417
-327
-80
252
738
1220
1445
1311
987
598
180
-268
-715
-775
-643
-370
-89
206
344
-313
-1705
-3409
-4698
-5447
-5950
-6122
-5779
-4681
-3131
-1652
-426
465
1022
924
330
-145
-141
278
566
836
1426
1996
2231
1869
1180
425
-597
-1641
-2335
-2247
-1600
-851
-72
714
1446
1850
1766
1380
1108
894
732
848
1438
2226
2737
2957
2842
2523
1847
750
-347
-1227
-1787
-1969
-1755
-1199
-472
185
497
629
650
487
297
45
104
457
853
1376
1840
2103
1975
1537
947
183
-493
-901
-998
-762
-305
296
879
1199
1213
962
604
221
-250
-545
-476
-155
290
713
1063
1389
1496
1178
670
218
-147
-402
-578
-494
-197
111
204
199
188
-510
-1932
-3628
-4828
-5179
-5376
-5450
-5083
-4112
-2797
-1801
-969
-283
161
119
-447
-610
-138
529
1051
1345
1844
2292
2100
1512
844
157
-709
-1589
-1937
-1559
-808
-189
191
652
1018
907
634
406
417
568
701
1215
2054
2836
3148
3026
2714
2177
1414
510
-237
-697
-928
-964
-844
-521
-213
-117
-147
-303
-455
-473
-363
-104
300
866
1437
1812
2026
1965
1672
1269
663
150
-177
-350
-273
-75
236
590
757
708
543
293
84
-57
-184
-215
9
364
612
754
835
969
987
702
394
271
175
121
99
121
258
253
101
-154
-431
-790
-1767
-3307
-4542
-5115
-5054
-4830
-4748
-4239
-3398
-2502
-1621
-1036
-534
-316
-475
-424
-120
605
1342
1651
1881
1891
1690
1387
834
262
-386
-1009
-1255
-1144
-659
-153
207
436
397
245
100
23
227
488
750
1297
2002
2667
2982
2870
2555
2082
1510
876
326
41
-199
-339
-374
-328
-165
-201
-362
-528
-625
-588
-402
-41
362
779
1172
1467
1650
1638
1446
1144
791
546
361
240
309
411
545
637
572
473
337
107
-85
-133
-157
-108
-44
128
423
557
574
568
566
594
512
368
309
329
377
354
296
260
136
-73
-308
-702
-1431
-2752
-4041
-4760
-4953
-4801
-4742
-4397
-3669
-2922
-2175
-1543
-960
-594
-706
-769
-429
372
1160
1478
1761
1963
1865
1498
940
534
85
-531
-901
-828
-372
37
194
256
250
25
-248
-301
-65
306
630
1087
1784
2458
2724
2619
2329
2042
1628
1076
740
628
527
375
165
-41
-120
-322
-626
-816
-883
-756
-531
-219
165
575
953
1151
1267
1291
1169
1038
909
780
700
635
635
693
740
722
638
503
337
199
48
-57
-69
-58
-26
38
147
281
343
397
429
415
453
472
495
511
427
397
387
390
388
70
-128
-307
-916
-2034
-3488
-4305
-4518
-4560
-4583
-4592
-3975
-3097
-2550
-2101
-1677
-1186
-972
-1115
-913
-109
809
1341
1556
1805
1994
1746
1225
799
482
97
-321
-429
-133
148
242
142
10
-157
-442
-620
-456
-42
291
718
1310
1958
2296
2185
2010
1891
1660
1327
1143
1086
1046
896
706
459
144
-188
-522
-740
-835
-811
-648
-451
-170
188
461
700
831
879
902
895
914
895
844
818
823
811
769
792
835
767
623
443
284
198
108
21
-38
-64
7
193
270
264
351
371
317
293
317
355
333
395
509
463
459
378
221
85
-363
-1245
-2510
-3544
-3972
-4073
-4083
-4119
-3997
-3568
-3074
-2657
-2275
-1919
-1740
-1718
-1494
-845
83
822
1179
1437
1651
1644
1391
1171
994
669
410
342
552
779
680
414
152
-150
-456
-691
-677
-378
-67
267
709
1213
1551
1581
1473
1376
1377
1301
1270
1345
1349
1265
1069
888
617
272
-23
-321
-433
-404
-385
-304
-253
-139
-17
133
332
383
484
622
700
802
819
802
783
727
730
829
957
960
853
722
606
483
332
211
118
44
-22
6
125
152
120
73
33
3
55
165
185
205
307
401
441
422
366
248
-20
-559
-1488
-2479
-3133
-3296
-3238
-3362
-3547
-3557
-3338
-2951
-2592
-2374
-2344
-2330
-2070
-1532
-794
-169
297
724
948
1068
1161
1232
1256
1073
917
914
1103
1302
1284
1111
844
511
78
-209
-248
-195
-87
53
267
580
844
968
998
953
913
933
1057
1176
1176
1158
1159
1112
935
649
400
253
134
21
-44
-24
-115
-211
-162
-102
34
112
146
254
327
412
481
486
553
567
574
716
838
907
875
730
614
534
451
439
414
306
209
141
148
132
32
-56
-125
-166
-142
-119
-106
-22
45
84
127
156
156
147
76
-116
-566
-1310
-2026
-2312
-2195
-2180
-2416
-2723
-2845
-2566
-2250
-2139
-2190
-2369
-2417
-2263
-1772
-1089
-648
-412
-241
-37
251
472
630
706
716
777
984
1357
1606
1607
1451
1211
971
791
624
534
516
458
456
602
773
812
735
555
466
486
530
645
724
755
768
765
773
710
534
375
295
310
349
343
284
203
185
182
239
274
165
81
139
220
269
287
243
237
252
209
240
298
279
223
157
158
170
136
166
190
146
115
45
24
58
-27
-138
-168
-141
-109
-119
-118
-90
-72
-73
-51
25
69
57
23
30
52
-17
-288
-606
-734
-720
-652
-781
-1084
-1251
-1310
-1264
-1238
-1443
-1671
-1869
-1965
-1792
-1532
-1305
-1223
-1350
-1353
-1163
-917
-692
-634
-643
-550
-328
48
397
516
494
445
484
593
692
756
764
748
783
927
1107
1165
1084
1000
967
1001
1025
992
1012
1020
928
855
816
770
728
678
642
620
552
476
500
522
475
422
339
292
278
286
373
433
423
383
363
347
299
258
182
128
117
144
192
216
204
163
159
145
116
75
35
23
23
21
70
107
79
59
-3
-57
-60
-45
0
4
-8
22
51
24
-220
-588
-805
-850
-778
-834
-1164
-1433
-1536
-1490
-1406
-1571
-1877
-2152
-2365
-2280
-1960
-1732
-1650
-1808
-1883
-1593
-1259
-984
-804
-809
-752
-516
-184
268
523
463
441
509
737
1017
1096
1132
1131
1064
1131
1312
1442
1418
1261
1186
1236
1332
1377
1301
1251
1203
1081
1008
966
874
777
684
624
627
590
558
511
443
402
282
155
104
70
84
139
99
57
83
104
99
83
60
33
-26
-38
81
180
203
174
151
192
245
197
136
129
163
220
221
201
191
171
92
16
-7
-15
-44
-120
-169
-148
-123
-121
-119
-315
-674
-897
-917
-826
-898
-1201
-1496
-1628
-1526
-1353
-1415
-1615
-1855
-2073
-2008
-1760
-1492
-1419
-1622
-1722
-1512
-1147
-783
-598
-621
-643
-540
-192
299
575
589
500
493
733
1026
1160
1187
1120
1007
1020
1169
1313
1303
1139
1035
1074
1175
1227
1155
1077
997
853
789
765
676
596
506
461
494
490
456
348
286
281
204
159
115
115
167
182
210
241
224
208
160
110
141
180
185
185
203
246
311
286
251
216
178
195
173
167
172
176
190
146
140
131
17
-32
-21
-39
-96
-148
-147
-168
-156
-136
-177
-329
-634
-885
-906
-776
-801
-1092
-1365
-1434
-1349
-1260
-1311
-1454
-1628
-1838
-1846
-1599
-1361
-1321
-1476
-1599
-1441
-1103
-804
-656
-681
-654
-487
-207
155
341
311
272
361
581
802
936
958
912
895
978
1106
1188
1155
1031
986
1044
1138
1172
1112
1034
971
873
805
795
706
626
609
615
643
621
489
355
335
337
309
275
223
175
173
234
258
226
223
160
118
130
137
149
142
117
109
156
179
166
164
150
120
94
102
116
97
109
124
130
145
108
57
38
25
-13
-45
-64
-74
-82
-92
-94
-105
-257
-530
-716
-784
-752
-752
-976
-1239
-1333
-1322
-1222
-1207
-1355
-1541
-1719
-1723
-1542
-1343
-1280
-1407
-1500
-1412
-1177
-866
-660
-668
-712
-630
-376
-28
192
268
238
251
443
671
840
895
832
806
869
990
1132
1152
1075
992
979
1085
1169
1148
1124
1051
922
873
846
809
780
668
587
597
569
496
427
351
277
241
183
159
185
133
129
184
163
125
81
62
110
131
133
145
151
190
234
217
169
140
131
130
112
124
131
161
165
112
117
95
42
18
-19
-27
-8
-55
-90
-92
-97
-102
-113
-113
-218
-438
-641
-769
-776
-769
-912
-1109
-1239
-1281
-1202
-1158
-1235
-1342
-1453
-1516
-1420
-1235
-1150
-1176
-1245
-1255
-1059
-802
-623
-551
-615
-606
-436
-200
51
179
182
235
310
470
662
724
736
661
614
759
939
1030
997
921
930
981
1076
1173
1103
979
896
844
883
898
837
739
615
573
588
533
442
313
180
163
165
158
180
128
89
100
134
145
104
72
48
88
206
242
215
234
232
210
225
233
210
172
112
86
101
111
141
123
50
37
16
-13
2
-30
-81
-120
-135
-91
-74
-122
-183
-207
-214
-310
-479
-602
-700
-771
-774
-857
-1007
-1082
-1145
-1157
-1077
-1095
-1209
-1294
-1338
-1238
-1056
-1020
-1053
-1054
-1017
-859
-680
-576
-518
-484
-424
-273
-70
103
209
227
223
278
395
519
598
557
487
539
652
713
735
741
727
762
817
841
873
868
805
784
810
822
790
717
641
634
647
602
525
441
367
319
303
300
267
205
173
168
176
194
205
192
173
138
144
246
310
306
243
205
243
258
255
212
176
162
115
94
112
120
95
55
-5
-44
-61
-89
-97
-103
-123
-126
-138
-160
-176
-191
-221
-273
-319
-420
-561
-663
-718
-738
-796
-932
-1041
-1082
-1080
-1029
-1043
-1130
-1184
-1184
-1137
-1051
-962
-960
-1001
-951
-809
-646
-511
-457
-459
-391
-258
-92
77
161
159
174
237
353
467
482
459
476
510
556
610
644
672
673
664
703
751
767
730
704
723
729
727
720
660
629
624
600
576
478
403
391
353
342
301
241
219
167
187
225
201
207
192
170
222
272
272
276
273
243
210
225
261
269
253
222
189
159
155
129
92
91
55
10
-10
-74
-103
-84
-99
-115
-138
-172
-172
-160
-232
-307
-300
-293
-329
-419
-508
-585
-643
-687
-742
-799
-888
-974
-996
-986
-955
-940
-981
-1039
-1027
-950
-890
-856
-826
-778
-718
-631
-515
-413
-338
-280
-226
-129
14
85
149
213
232
295
367
394
437
467
446
456
505
587
613
585
567
544
555
590
616
610
577
573
570
527
536
521
510
524
488
447
445
430
380
346
287
248
244
224
224
241
263
271
263
260
261
263
282
265
220
247
279
281
268
223
202
205
160
142
160
130
101
72
48
36
0
-35
-58
-63
-83
-103
-105
-133
-182
-219
-227
-235
-232
-281
-345
-359
-416
-477
-526
-605
-625
-636
-705
-740
-767
-794
-780
-805
-837
-874
-903
-848
-809
-822
-788
-749
-710
-634
-582
-508
-435
-412
-375
-312
-200
-80
-22
22
69
128
210
287
340
358
367
391
414
442
497
523
506
516
557
590
573
561
569
569
558
537
566
564
509
485
462
472
462
364
294
275
282
318
337
316
298
278
277
332
369
327
265
265
306
320
326
347
303
268
260
260
271
228
192
175
143
124
125
109
60
11
-8
-33
-74
-84
-91
-133
-169
-199
-222
-190
-222
-294
-304
-334
-365
-387
-425
-444
-479
-561
-581
-560
-602
-666
-720
-722
-728
-775
-757
-760
-775
-747
-748
-728
-675
-636
-608
-611
-586
-513
-481
-401
-310
-296
-249
-152
-77
8
55
71
146
201
247
299
334
361
360
388
428
442
441
461
477
482
515
506
492
522
520
508
496
450
420
424
418
376
351
373
369
354
346
310
303
299
287
306
305
286
296
284
278
286
313
339
314
271
249
245
220
221
225
203
209
210
189
197
161
123
105
70
53
21
-1
-13
-43
-77
-108
-142
-169
-197
-234
-268
-322
-367
-373
-386
-388
-392
-411
-427
-480
-503
-507
-544
-561
-592
-638
-652
-629
-597
-617
-667
-668
-646
-640
-593
-564
-545
-504
-513
-480
-419
-339
-266
-273
-234
-160
-124
-65
5
51
103
157
211
237
238
272
289
304
335
327
354
379
374
406
404
401
426
427
405
368
340
342
332
304
287
268
294
346
377
365
328
306
285
296
317
320
338
343
341
378
381
332
335
326
303
313
305
286
246
234
236
227
237
219
168
159
131
93
129
87
9
9
21
1
-9
-22
-95
-153
-183
-220
-239
-266
-301
-320
-333
-337
-330
-342
-362
-404
-446
-447
-471
-501
-508
-527
-551
-556
-588
-583
-545
-547
-558
-579
-548
-511
-498
-458
-449
-423
-378
-357
-317
-258
-234
-216
-148
-99
-67
-45
-10
39
82
113
124
160
210
213
207
234
239
265
314
321
333
353
320
312
329
294
258
264
286
305
315
304
278
277
304
294
271
265
274
315
305
304
325
314
348
378
352
330
321
296
302
306
295
293
279
288
301
281
264
269
259
212
176
176
159
150
162
138
107
87
38
-13
-39
-98
-164
-188
-200
-232
-288
-309
-322
-348
-380
-381
-384
-402
-405
-413
-435
-456
-463
-464
-453
-462
-495
-491
-483
-500
-476
-480
-490
-464
-470
-453
-424
-427
-393
-344
-330
-322
-277
-210
-172
-172
-161
-113
-67
-25
29
49
68
85
100
168
202
209
241
253
278
302
303
330
298
233
245
259
264
259
229
236
244
234
259
267
271
266
240
282
293
274
311
325
319
339
349
345
318
301
290
271
283
277
276
277
260
228
212
232
202
192
214
195
221
208
157
160
171
157
97
75
63
39
-14
-84
-109
-138
-177
-199
-224
-250
-270
-289
-298
-329
-351
-366
-376
-381
-368
-380
-397
-383
-402
-387
-381
-370
-361
-394
-375
-343
-348
-361
-349
-337
-348
-350
-333
-322
-302
-291
-291
-277
-242
-205
-168
-137
-124
-75
-66
-56
5
13
26
78
117
165
193
181
201
208
166
168
197
169
142
153
159
172
191
196
191
182
189
213
229
235
233
251
267
285
326
318
318
327
317
302
287
296
306
285
290
338
318
316
347
292
275
271
238
246
242
241
220
210
219
195
175
145
118
69
30
9
-28
-68
-96
-105
-109
-131
-196
-238
-268
-289
-311
-347
-379
-397
-363
-351
-358
-365
-384
-363
-333
-341
-346
-314
-284
-276
-282
-314
-322
-293
-275
-266
-288
-294
-278
-274
-260
-249
-245
-233
-215
-219
-215
-158
-153
-168
-139
-121
-87
-41
-5
34
45
67
109
112
128
158
135
104
116
114
134
135
117
154
163
166
170
165
168
189
220
236
263
288
311
311
308
304
283
270
275
281
295
318
320
346
353
331
326
320
287
258
253
259
248
253
254
234
234
232
219
183
150
130
74
55
59
9
-26
-27
-53
-81
-100
-150
-149
-161
-243
-282
-304
-323
-349
-374
-368
-368
-378
-373
-350
-329
-315
-324
-303
-275
-276
-276
-266
-254
-243
-221
-227
-234
-228
-238
-223
-205
-224
-244
-233
-208
-199
-215
-210
-185
-188
-171
-147
-132
-89
-65
-69
-40
-7
14
33
40
42
47
67
86
99
132
117
92
110
109
157
166
155
186
170
186
232
245
265
287
286
270
262
285
286
255
277
299
308
324
342
366
357
323
302
311
291
272
255
233
231
230
237
223
204
187
167
148
115
89
72
73
69
33
12
-16
-67
-81
-98
-114
-136
-177
-199
-215
-259
-268
-276
-300
-299
-318
-329
-317
-316
-317
-298
-276
-259
-260
-246
-228
-207
-214
-224
-195
-179
-192
-198
-211
-209
-199
-204
-203
-202
-196
-205
-212
-212
-172
-172
-175
-144
-128
-126
-130
-96
-79
-80
-81
-82
-55
-27
-28
-5
40
54
39
42
54
54
72
78
95
141
181
198
235
243
244
264
240
243
276
274
274
296
330
354
336
334
338
315
301
290
277
297
290
254
265
296
279
253
244
216
197
194
186
160
153
158
142
95
64
69
40
4
-3
-9
-14
-44
-78
-101
-132
-161
-193
-203
-219
-257
-259
-276
-281
-283
-290
-292
-283
-289
-299
-278
-284
-269
-245
-227
-233
-249
-227
-219
-227
-227
-233
-229
-194
-210
-249
-227
-206
-209
-199
-189
-179
-170
-169
-154
-124
-110
-89
-95
-105
-61
-47
-68
-27
24
44
58
59
69
77
73
90
100
99
120
139
167
200
206
194
203
233
226
213
215
226
255
281
289
294
314
326
311
278
256
258
265
260
238
228
229
229
228
218
204
178
146
132
143
126
106
118
90
78
87
61
58
49
9
9
-14
-62
-64
-67
-103
-119
-126
-157
-159
-189
-207
-190
-220
-223
-214
-222
-215
-222
-211
-221
-257
-249
-237
-237
-212
-227
-258
-223
-200
-215
-208
-217
-206
-181
-174
-166
-185
-188
-162
-142
-140
-145
-146
-133
-90
-90
-113
-97
-96
-93
-76
-52
-13
23
8
13
51
51
57
50
47
88
101
97
120
153
177
176
168
161
173
180
150
152
193
200
209
225
216
226
226
210
194
173
184
209
204
196
214
214
209
199
177
197
203
173
155
162
145
133
144
115
111
100
57
45
69
63
26
8
-15
-37
-69
-94
-84
-85
-124
-143
-132
-134
-157
-180
-180
-164
-164
-171
-182
-175
-153
-173
-215
-210
-179
-177
-189
-189
-176
-157
-172
-186
-172
-150
-164
-187
-171
-159
-126
-81
-88
-77
-66
-109
-126
-103
-106
-96
-90
-117
-94
-51
-40
-30
-54
-57
-22
-30
-34
-38
-33
-6
5
3
11
50
78
59
64
72
54
83
124
133
141
138
157
173
155
182
192
191
193
167
173
195
199
199
211
215
200
189
192
184
160
171
174
140
141
158
139
112
103
115
115
86
77
86
84
72
39
32
33
2
-25
-31
-36
-54
-63
-62
-63
-89
-94
-95
-115
-128
-159
-160
-130
-149
-159
-155
-149
-134
-148
-138
-123
-116
-133
-157
-153
-144
-137
-137
-144
-114
-79
-85
-62
-50
-76
-87
-110
-132
-110
-97
-99
-103
-108
-104
-98
-99
-94
-111
-128
-114
-90
-67
-62
-58
-51
-37
-16
1
16
31
18
35
52
34
31
38
60
73
84
116
119
128
158
154
164
157
124
143
144
132
160
163
155
168
170
178
167
150
156
144
122
107
111
129
126
119
109
104
103
95
99
84
46
29
39
29
12
-3
-20
-20
-12
-7
-29
-40
-29
-28
-38
-47
-51
-44
-63
-94
-75
-76
-87
-95
-99
-84
-88
-101
-100
-95
-95
-115
-132
-114
-116
-132
-105
-78
-89
-77
-58
-70
-84
-77
-59
-54
-72
-65
-63
-60
-45
-49
-59
-64
-86
-83
-67
-70
-60
-61
-38
-22
-44
-31
-13
-41
-28
-4
-15
-3
-12
-11
34
20
-2
31
49
44
32
42
87
87
55
53
65
61
60
81
83
83
86
86
85
73
75
85
89
94
112
130
125
84
86
111
85
89
92
89
116
96
68
48
29
50
29
9
16
0
12
11
-9
-1
11
16
-5
-19
-2
-5
-8
-16
-27
-16
-19
-36
-56
-56
-64
-90
-70
-65
-61
-27
-54
-70
-65
-74
-61
-50
-57
-61
-38
-45
-62
-56
-74
-69
-46
-45
-65
-67
-47
-52
-58
-69
-74
-50
-53
-69
-72
-47
-6
-26
-53
-44
-19
-35
-58
-40
-26
-20
-13
-5
1
24
46
37
9
19
48
48
51
60
50
52
69
53
35
43
35
36
62
54
43
57
61
49
24
39
78
74
74
74
55
78
81
43
58
62
38
61
51
29
21
13
15
2
-2
2
-6
-14
-39
-56
-31
-11
-11
-16
5
35
15
-3
5
