17
-4
7
1
-4
9
-26
-14
-2
-30
-13
-23
-9
21
-49
-1
0
-24
26
-1
-2
-1
10
-12
-10
38
-18
5
18
-26
12
-18
17
-22
-47
25
-32
-5
-10
2
6
-17
3
-11
-15
23
-9
-9
40
-15
-8
54
-27
-8
53
-19
33
29
-1
-6
41
5
0
43
4
-8
-19
-13
8
-8
22
-9
-14
42
-47
16
-6
-59
63
25
-66
-1
16
-32
-7
46
-44
-12
46
-30
7
-2
17
-20
-11
74
-18
-38
2
8
-21
-63
55
-25
-75
60
-34
-10
72
-14
-55
65
-11
-71
68
-34
-28
57
-42
-8
37
-2
-32
21
30
-26
57
-1
-12
36
-74
46
3
-34
59
-55
46
-5
11
36
-72
61
18
-79
69
10
-81
80
23
-57
44
2
-21
37
-5
23
-34
-14
22
-89
-18
58
-49
-2
83
-72
-34
55
-5
-11
-40
50
12
-60
71
-48
-10
89
-88
21
80
-50
-36
83
49
-57
20
-13
-18
8
-29
26
-32
-18
56
-79
-13
45
-73
-1
55
-9
-76
93
-26
-126
112
-53
-63
78
2
-1
6
27
10
-76
50
6
15
6
2
58
-52
3
-16
23
-10
-39
4
-26
60
-41
-30
82
1
26
-19
26
-12
3
65
-107
46
70
-107
31
69
-40
-29
64
-70
12
77
-59
47
-32
45
30
-147
111
-11
-130
87
28
-103
-52
102
-62
10
86
-23
-19
-10
71
-98
-47
154
-130
-49
151
-114
-53
135
-23
-74
67
26
-17
25
7
-36
20
0
-34
44
-71
-9
30
-80
76
-2
-64
107
30
-48
83
46
-99
21
71
-83
51
6
-44
78
-95
-4
79
-82
61
39
-137
87
71
-148
29
58
-65
-35
-16
106
-94
-38
144
-80
22
87
-71
24
49
-48
35
3
-28
-24
-45
38
5
-117
61
84
-114
5
61
-127
52
53
-122
40
0
-18
-64
-23
38
-84
40
137
-81
40
105
-101
45
27
-28
21
54
-70
-52
84
-93
61
2
-78
127
-94
-34
128
-108
49
44
-79
84
-56
-4
9
-80
84
-41
-14
76
-81
115
2
-21
160
-82
18
36
-90
65
-37
2
35
-86
103
-34
-115
171
-56
-54
137
-97
1
108
-64
53
37
-128
78
33
-81
60
-48
-82
168
-27
-95
139
-41
-7
50
-25
32
-68
-39
29
-124
-28
119
-218
38
161
-309
180
108
-293
227
-37
-160
169
-75
2
54
-114
72
11
-74
51
-43
-38
16
82
-27
-39
151
-47
-62
114
-124
-26
40
-63
48
-13
94
-15
-43
101
-132
16
84
-62
9
-19
105
-49
-85
129
-71
51
39
-80
148
-39
-95
64
-23
-73
-12
100
-36
-76
82
-33
-81
72
-74
-103
204
-106
-78
245
-157
-40
190
-96
5
107
-48
44
60
-80
60
99
-104
-18
133
-119
-91
146
-119
-8
111
-173
79
63
-96
82
-2
23
-63
5
164
-228
8
169
-160
62
83
-92
48
5
-28
81
-15
-10
24
94
-95
-3
22
-132
138
-105
-87
222
-164
85
103
-186
173
-143
32
106
-234
156
21
-178
122
-35
-148
98
-55
-51
108
-98
18
5
-80
79
-69
20
-24
-65
150
-163
19
72
-98
80
-100
-15
116
-45
74
-30
-72
106
-114
-20
168
-143
-7
166
-159
101
50
-76
59
-56
80
36
11
23
-35
127
-24
-31
71
6
36
-92
-6
89
-20
-14
4
22
-34
21
33
-75
59
-13
-30
67
-9
-78
10
37
-105
-20
118
-59
-34
82
-119
21
72
-80
92
52
-123
61
10
-84
38
30
49
-31
48
42
-38
40
-80
-18
144
-203
40
150
-258
181
-94
-149
221
-187
54
80
-123
56
-76
62
-29
-41
93
-112
76
-66
-82
212
-50
-168
129
58
-165
130
43
-213
136
51
-203
82
72
-129
110
-18
-69
99
-63
88
-43
45
144
-215
173
-41
-133
191
-194
56
58
-96
47
10
-44
-51
206
-59
-57
221
-185
77
87
-176
163
6
-79
38
14
-67
-6
26
-43
-20
-5
25
-70
85
-51
-184
284
-118
-256
403
-173
-190
347
-198
-95
334
-195
-80
329
-268
4
204
-190
71
57
-101
18
1
14
-69
62
-43
-27
61
-69
123
-112
69
-43
-84
268
-206
-14
208
-241
139
190
-187
113
109
-155
136
43
-200
151
88
-169
-2
-11
-45
28
23
-145
-41
193
-241
68
193
-241
12
176
-78
-62
240
-165
-67
219
-176
45
132
-184
24
162
-161
-95
105
-45
-36
76
-88
-16
27
-126
-55
0
7
-212
134
164
-396
270
104
-307
404
-109
-144
340
-205
-88
259
-154
-43
142
-92
-23
-41
30
-40
-49
55
-108
177
40
-218
321
-74
-178
296
-80
28
129
-59
54
67
13
-46
145
21
-162
147
-32
-66
77
-106
-11
72
-126
-39
53
-110
56
87
-129
-27
70
-52
1
28
-73
98
16
-136
183
-67
-148
208
-88
-13
72
-135
137
-11
-38
124
-181
82
66
-89
116
-44
-40
60
-4
-113
-26
97
-127
-48
132
-123
-1
61
-74
99
-115
-32
191
-172
4
36
-66
175
-109
-88
178
1
-103
16
51
-43
9
-21
8
29
-96
63
41
-125
8
104
-35
-117
41
75
-71
30
62
-52
-53
55
49
-1
46
-5
28
44
-57
-2
72
-59
-4
52
-50
19
-51
3
79
-136
-66
149
-66
-125
105
38
-23
-15
-19
30
-24
36
0
-14
71
-90
73
19
-60
78
-27
85
-38
-68
142
-122
5
19
-129
179
-118
-122
293
-199
-46
298
-231
39
153
-144
72
70
-105
27
132
-92
-62
162
-124
-26
92
-52
-15
-105
125
-72
-36
113
-230
223
-33
-231
261
-181
-51
191
-185
51
113
-102
137
73
-58
24
61
24
-172
137
21
-206
229
-104
-90
172
-164
-57
112
-79
-139
143
-15
-222
220
-18
-193
223
-55
-60
158
-133
-86
216
-81
-94
180
-126
35
74
-179
60
28
-40
-33
32
50
-77
27
26
-11
12
104
-67
69
99
-281
267
0
-313
418
-152
-111
356
-375
105
104
-296
231
-115
-98
226
-49
-60
73
-3
-68
72
-33
-96
131
-19
-135
95
-12
-46
85
-127
82
20
-81
187
-118
45
113
-183
196
9
-134
179
-96
-29
101
-138
58
135
-242
104
83
-266
158
-48
-50
246
-222
2
119
-117
83
-73
-22
45
-92
49
-38
-45
27
-151
107
-30
-69
121
-92
27
41
-42
78
-36
2
-28
-4
98
-118
12
105
-25
-98
82
-6
34
110
-178
194
-21
-78
148
-162
104
37
-147
75
71
-129
146
-20
-105
138
-160
80
36
-67
131
-169
137
65
-179
140
-101
31
8
-34
-7
-11
16
-141
190
-47
-89
132
-94
-28
17
21
-39
77
-65
-98
196
-209
-8
137
-152
92
-54
35
95
-77
4
39
38
-56
35
8
7
7
-10
-40
16
79
-236
179
-27
-162
300
-172
36
47
-98
185
-190
36
136
-222
163
-31
-130
257
-149
-58
197
-111
2
-2
-18
60
-69
46
18
4
-3
-81
127
-50
-117
182
-94
-20
142
-125
143
-48
-153
161
-120
-76
145
-120
8
17
-46
96
-82
-8
29
19
-57
-71
80
-80
19
51
-82
43
-31
43
-17
-13
55
-50
45
101
-123
4
88
-106
105
-8
-89
114
-16
24
91
-61
64
-10
-29
25
-31
63
-84
-29
63
-119
19
67
-77
49
78
-73
34
54
-74
61
-10
-53
88
-73
38
25
-144
18
97
-60
39
13
-145
166
-119
-37
186
-169
91
-33
-96
221
-213
5
221
-250
73
138
-159
137
19
-230
134
73
-107
54
-13
-26
-44
-27
85
-20
16
-51
2
55
-99
79
-45
-20
-18
1
73
-54
111
-26
-42
72
-82
1
59
-25
-27
-60
70
4
-55
-35
24
16
-73
130
-47
22
119
-81
72
-55
23
51
-166
106
6
-59
106
-76
9
51
-35
6
62
-51
32
106
-179
91
18
-147
88
-136
-16
125
-139
-33
47
15
-11
-37
117
10
-44
22
3
56
-19
-44
13
67
-21
-11
23
-51
24
2
-11
-2
17
-105
137
36
-235
223
-33
-155
154
-144
66
18
-100
123
-130
111
-59
17
132
-170
134
-15
8
87
-166
106
-27
-46
12
-106
170
-122
14
97
-132
80
68
-108
49
49
-115
172
-76
-126
179
-111
-37
38
17
-25
-30
153
-178
131
67
-246
282
-140
-55
157
-147
77
-112
45
48
-144
135
-32
-5
54
-71
114
-44
-117
71
28
-43
22
-107
75
106
-221
139
24
-171
105
37
28
-41
-17
54
-85
7
25
-28
82
8
-75
107
-14
-107
132
-42
-22
97
-118
123
6
-120
59
-35
46
-31
-34
56
-73
39
6
7
41
-98
65
-6
-84
29
14
-32
24
27
-22
-40
66
-12
-16
39
-46
72
-5
-47
16
44
-43
-17
4
15
-45
-38
103
-103
64
25
-98
115
-40
-39
122
-49
-79
82
-15
-33
49
-43
43
47
-73
7
-12
-14
-35
15
53
-80
58
35
-78
57
-83
-14
44
7
-10
-22
52
-48
48
72
-77
4
10
2
6
-14
19
-27
10
-16
39
4
-16
30
5
4
-32
52
-30
-29
57
-80
73
30
-83
43
-63
47
15
-91
57
-1
39
23
-44
23
-48
28
-4
-64
68
-49
-2
26
-67
23
8
-43
81
-46
-32
57
-99
144
-72
-83
168
-118
48
60
-104
106
-65
-29
44
-14
30
-41
56
7
3
-24
17
47
-83
73
-5
-75
126
-127
12
43
-146
221
-93
-93
128
-84
121
-89
-68
143
-120
49
-24
-80
167
-109
7
117
-142
114
-8
-63
108
-120
79
14
-136
117
-29
13
25
-113
112
-70
-65
131
-71
56
-18
-73
150
-81
-52
72
-64
44
-13
-72
42
-56
43
71
-94
66
-70
8
107
-144
84
-35
-96
194
-87
-42
132
-70
-14
47
-46
-13
54
-35
-11
43
5
-64
31
41
-42
26
35
-32
26
36
-51
14
-51
7
34
2
-22
53
22
-110
1
64
-23
3
80
-89
10
50
-139
65
26
-143
156
-8
-48
73
-94
3
39
-13
24
11
-24
25
32
-25
8
-6
-18
56
-78
46
24
-78
77
-97
25
125
-95
-2
21
-34
7
10
-15
41
12
-46
12
-4
-21
-1
40
-63
6
92
-132
38
25
-96
49
-12
38
-40
2
39
-98
58
49
-42
31
-7
-3
54
-33
-17
51
-27
-14
-2
52
-6
-40
70
-69
-6
72
-105
38
13
-82
84
-3
-24
14
13
-16
31
15
-67
43
7
-41
24
22
-30
16
-21
-32
55
-44
-10
39
-68
24
37
-18
8
1
4
4
10
5
-13
-12
11
-3
13
39
-10
-21
3
-8
40
16
-19
6
4
-20
-8
2
-6
12
48
-29
-13
72
-93
-27
55
-50
22
-7
-28
37
-14
-3
-19
-2
36
-35
22
20
-71
68
4
-59
25
-25
1
11
-21
6
12
-3
-9
-3
8
-12
-13
7
3
27
-8
-45
42
33
-25
-25
19
-9
1
24
-3
18
-3
-8
-10
-3
-21
-6
28
-26
-21
28
-7
18
11
-37
43
-8
-21
44
11
-2
3
5
-23
13
-2
-34
51
-3
-30
53
-16
-40
19
-1
-3
2
-10
8
-6
20
-16
-43
40
-22
-43
18
-46
-23
10
-30
-32
-6
10
-20
31
5
-55
36
-23
-30
39
-65
-9
27
-13
-2
-33
-2
4
1
-17
-18
58
6
-13
1
6
49
-13
-6
20
-18
-22
-21
-9
-5
-10
4
5
-1
11
7
10
37
62
37
68
81
8
68
63
4
63
61
8
30
47
27
54
36
-34
36
44
-50
-15
-1
-37
-27
-51
-47
-26
-64
-44
-50
-48
-41
-80
-27
-12
-53
-19
-31
-25
23
-23
-29
-14
-35
-11
-20
-33
-23
-41
-49
-44
-75
-65
-54
-73
-69
-76
-57
-46
-68
-53
-42
-25
20
14
12
31
56
68
97
93
76
129
109
113
159
121
117
150
151
145
164
178
128
182
190
117
176
156
141
167
125
139
117
106
96
48
73
77
63
85
90
87
85
69
71
69
96
91
50
86
59
43
94
44
15
6
-33
-14
-30
-23
-35
-56
-24
-58
-132
-169
-207
-400
-705
-804
-866
-887
-895
-1084
-1021
-940
-976
-903
-884
-851
-891
-882
-708
-549
-302
-181
-22
227
288
456
611
706
751
735
863
969
1085
1145
1099
1066
895
729
641
469
282
111
-16
-74
-137
-222
-284
-375
-525
-607
-627
-597
-515
-414
-308
-160
9
143
344
515
561
637
759
861
904
957
950
920
936
868
837
768
592
475
342
203
85
-2
-39
-108
-149
-196
-201
-155
-181
-244
-242
-210
-119
-26
41
141
185
241
273
260
269
237
209
156
57
4
-12
-132
-332
-476
-537
-772
-1449
-2162
-2387
-2394
-2348
-2384
-2521
-2275
-2066
-1960
-1687
-1465
-1272
-1275
-1193
-755
-221
370
708
1006
1349
1382
1570
1780
1809
1797
1596
1592
1725
1769
1742
1499
1170
708
282
64
-183
-420
-613
-754
-739
-684
-596
-571
-693
-883
-989
-814
-470
-216
6
205
411
648
847
1055
1196
1218
1205
1245
1347
1329
1265
1179
938
763
634
537
474
307
106
-22
-77
-110
-117
-179
-187
-94
-31
145
312
344
353
363
447
572
669
786
826
825
827
738
687
657
421
202
7
-216
-283
-415
-581
-744
-974
-1090
-1128
-1180
-1174
-1756
-3144
-4047
-4108
-3675
-3081
-3212
-3225
-2622
-2289
-1762
-1277
-880
-622
-926
-622
227
1219
1957
2017
2295
2361
2216
2369
2296
2242
1784
1218
1295
1447
1548
1265
691
72
-844
-1343
-1400
-1494
-1486
-1641
-1609
-1162
-769
-405
-235
-342
-487
-408
168
791
1203
1411
1402
1594
1756
1831
1957
1744
1407
1138
1092
1160
988
704
265
-107
-283
-350
-178
-183
-402
-476
-495
-343
-163
-74
70
197
397
759
1197
1390
1289
1157
1047
1020
1084
1150
1172
1060
847
705
568
335
24
-366
-669
-871
-997
-967
-1021
-1107
-1198
-1400
-1412
-1383
-1393
-1226
-1802
-3230
-4012
-3743
-2931
-2288
-2619
-2848
-2171
-1671
-1226
-735
-359
-168
-567
-473
477
1523
2068
1867
1847
1947
1830
1890
1797
1628
1142
473
516
834
949
669
56
-502
-1190
-1503
-1288
-1122
-1033
-1160
-1008
-407
81
419
582
516
345
330
862
1513
1794
1676
1358
1374
1456
1426
1447
1148
681
321
179
301
217
-92
-489
-695
-580
-458
-190
-23
-138
-170
-83
209
524
652
793
890
1028
1278
1566
1768
1558
1162
919
845
875
809
646
476
253
-23
-150
-177
-413
-729
-1017
-1187
-1041
-939
-812
-590
-725
-842
-939
-923
-576
-508
-785
-2116
-3758
-3765
-3223
-2545
-2392
-3149
-2774
-2253
-1955
-1375
-1210
-808
-1010
-1356
-435
777
1968
2177
1820
2083
1920
1965
2067
1796
1801
1181
875
1302
1382
1351
695
-234
-907
-1575
-1405
-1011
-962
-913
-1101
-744
-141
231
580
449
282
304
685
1519
1914
1879
1574
1272
1364
1316
1328
1253
734
369
138
111
110
-211
-535
-843
-808
-506
-227
103
81
-113
-107
80
489
716
832
973
1078
1366
1585
1736
1695
1191
811
710
713
810
654
412
168
-78
-210
-419
-533
-729
-1065
-1043
-994
-831
-604
-654
-533
-623
-677
-522
-629
-505
-490
-773
-1691
-3475
-4123
-3653
-3079
-2835
-3523
-3363
-2408
-2054
-1661
-1433
-1039
-742
-1115
-467
1021
2277
2779
2413
2458
2518
2215
2118
1909
1911
1587
972
1147
1305
1051
383
-664
-1305
-1810
-1835
-1317
-1151
-1001
-998
-833
-126
292
520
670
685
899
1266
1882
2316
2185
1789
1348
1314
1359
1101
873
493
95
-146
-329
-448
-717
-986
-1123
-1009
-601
-259
27
163
63
154
464
824
1082
1136
1248
1434
1624
1820
1830
1617
1222
847
665
665
701
490
189
-115
-376
-531
-633
-679
-950
-1237
-1170
-958
-612
-407
-462
-283
-259
-235
32
-41
-67
-75
-339
-473
-1658
-3834
-4675
-4314
-3540
-3138
-3830
-3735
-2799
-2406
-2122
-1960
-1458
-964
-989
-185
1381
2879
3494
3054
2881
2836
2603
2527
2261
2232
2001
1438
1333
1147
722
-143
-1388
-2057
-2463
-2313
-1589
-1376
-1277
-1255
-1080
-340
219
647
1031
1198
1442
1817
2470
2935
2654
2089
1586
1471
1455
1140
857
387
-194
-562
-774
-989
-1260
-1460
-1526
-1319
-836
-392
-9
198
182
379
751
1085
1314
1382
1483
1697
1868
1969
1942
1712
1208
742
600
599
560
335
-34
-393
-620
-745
-885
-988
-1079
-1161
-1041
-783
-499
-254
-188
-91
35
194
459
437
326
292
-8
-376
-1029
-2697
-4637
-5346
-4814
-3853
-3646
-4253
-4004
-3101
-2572
-2312
-2098
-1342
-568
-220
809
2503
4000
4283
3518
3138
3116
2955
2674
2344
2280
1934
1245
799
369
-299
-1401
-2487
-2937
-2909
-2325
-1669
-1419
-1247
-1161
-725
126
798
1408
1939
2226
2492
2781
3198
3271
2683
1877
1331
1234
1092
657
163
-442
-1052
-1544
-1834
-1824
-1780
-1792
-1615
-1119
-497
33
444
702
855
1070
1334
1652
1847
1856
1933
2056
2154
2106
1861
1488
937
493
309
225
100
-169
-445
-654
-816
-961
-1153
-1268
-1242
-1090
-837
-475
-176
3
250
333
458
724
675
626
509
255
-95
-782
-1732
-3601
-5574
-6011
-5390
-4253
-3939
-4689
-4332
-3374
-2703
-2290
-2061
-942
169
677
1835
3470
4898
4915
3798
3289
3153
3104
2853
2311
2227
1686
649
25
-592
-1219
-2181
-3213
-3400
-3057
-2265
-1529
-1296
-1045
-843
-228
806
1601
2401
2905
3024
3253
3295
3320
3189
2523
1711
1112
845
489
-74
-636
-1362
-2009
-2440
-2643
-2379
-2049
-1772
-1335
-730
50
677
1072
1317
1447
1713
2009
2228
2379
2361
2262
2174
2056
1840
1472
972
428
63
-58
-133
-281
-556
-881
-1079
-1205
-1212
-1232
-1261
-1144
-936
-411
153
351
499
532
520
769
931
972
871
455
65
-311
-974
-1617
-3035
-5430
-6717
-6459
-5313
-4129
-4455
-4814
-3909
-2996
-2186
-1660
-884
451
1127
1834
3303
4975
5717
4694
3522
3154
2957
2802
2245
1779
1377
282
-705
-1268
-1652
-2183
-3189
-3716
-3373
-2533
-1394
-853
-650
-300
107
1084
2166
2973
3591
3664
3565
3449
3393
3395
2870
2015
945
-93
-317
-430
-1007
-1718
-2723
-3221
-2945
-2651
-2089
-1575
-1309
-789
-44
931
1790
2148
2112
2105
2450
2668
2656
2536
2200
1915
1597
1403
1364
979
274
-396
-697
-702
-713
-777
-982
-1265
-1393
-1400
-1267
-942
-609
-382
-219
9
432
857
1058
1114
1079
1035
1074
1103
890
431
-182
-963
-1807
-2573
-3917
-6035
-7255
-6816
-5477
-4473
-4745
-4905
-3750
-2553
-1919
-1341
-176
1374
2148
2616
3880
5426
5869
4728
3510
3141
2890
2408
1669
1141
773
-209
-1322
-1950
-2333
-2793
-3480
-3674
-3049
-2101
-1119
-587
-206
411
1050
1983
2971
3687
4164
4108
3779
3474
3223
2938
2223
1256
393
-231
-649
-1267
-1966
-2540
-3121
-3356
-3057
-2465
-1727
-1095
-633
-54
750
1500
2026
2409
2565
2624
2691
2638
2483
2202
1823
1483
1222
1030
807
425
-145
-696
-934
-1000
-989
-967
-1035
-1070
-1053
-1137
-994
-649
-347
-58
31
435
1050
1251
1358
1283
1087
1023
752
598
442
-66
-729
-1533
-2165
-2744
-4366
-6751
-7760
-6875
-5295
-4407
-4801
-4642
-3077
-1858
-1295
-711
478
1968
2475
2853
4338
5915
6026
4564
3245
2939
2680
1988
1141
655
214
-858
-1895
-2253
-2352
-2764
-3514
-3699
-2859
-1688
-697
-167
263
915
1558
2413
3325
3981
4320
4001
3522
3272
3007
2618
1680
520
-271
-799
-1222
-1823
-2447
-2900
-3303
-3290
-2791
-2026
-1263
-777
-269
487
1331
2090
2579
2801
2844
2809
2752
2600
2372
1937
1387
1058
894
753
512
32
-588
-1029
-1193
-1145
-969
-889
-967
-898
-663
-551
-352
-290
-347
-21
346
778
1466
1657
1374
1184
1016
706
377
222
-103
-562
-1123
-1902
-2392
-2784
-4369
-6888
-8218
-7402
-5306
-3907
-4231
-4222
-2828
-1527
-808
-361
716
2287
2888
3071
4338
6007
6144
4575
2998
2402
2327
1827
834
367
-6
-1157
-2220
-2569
-2548
-2740
-3393
-3595
-2786
-1491
-341
264
662
1105
1670
2568
3432
4154
4475
3981
3401
3086
2758
2387
1629
508
-463
-919
-1434
-2478
-2877
-2755
-2907
-2813
-2686
-2191
-1164
-671
-213
538
1335
2164
2671
3081
3313
3148
2731
2230
2080
1791
1289
1111
890
697
408
-138
-592
-1088
-1425
-1375
-1155
-878
-684
-609
-584
-615
-630
-382
-30
324
651
828
1202
1450
1273
1195
852
523
417
-64
-248
-422
-1107
-1824
-2656
-3158
-3984
-6136
-7687
-7491
-5902
-4050
-3859
-4030
-2874
-1504
-710
-404
467
2188
3168
3325
3913
5290
6117
4971
3234
2333
2015
1697
793
142
-66
-864
-1930
-2690
-2816
-2684
-3029
-3207
-2710
-1590
-305
370
848
1393
1804
2518
3347
4024
4437
4229
3644
2984
2524
2177
1474
520
-523
-1235
-1575
-2033
-2463
-2854
-3171
-3159
-2838
-2095
-1230
-519
84
642
1451
2228
2762
3151
3113
2873
2690
2369
2040
1663
1158
820
656
451
156
-213
-671
-1164
-1406
-1308
-1067
-824
-721
-649
-555
-466
-313
-144
105
331
555
837
1196
1571
1471
1093
812
506
358
163
-299
-676
-1118
-1758
-2570
-3245
-3972
-5874
-7691
-7531
-5875
-3959
-3535
-4054
-3154
-1562
-639
-262
377
2048
3235
3268
3847
5187
6067
5086
3134
2201
2047
1821
1001
88
-221
-867
-1971
-2623
-2756
-2597
-2889
-3258
-2711
-1579
-323
474
801
1304
1855
2546
3400
4016
4363
4130
3538
3010
2491
2164
1542
466
-484
-1181
-1453
-1907
-2925
-3341
-3180
-3091
-2666
-2156
-1507
-563
38
641
1548
2295
2813
3056
3077
3078
2896
2381
1852
1534
1105
730
623
385
54
-328
-792
-1124
-1273
-1186
-953
-803
-681
-626
-567
-296
-210
-155
201
443
783
1170
1261
1424
1448
1221
998
743
608
321
-239
-873
-1487
-1917
-2671
-3365
-4421
-6708
-7979
-7214
-5406
-3782
-3921
-4195
-2872
-1346
-494
-154
918
2671
3284
3380
4178
5566
6077
4494
2807
2314
2125
1671
534
-211
-401
-1327
-2343
-2821
-2777
-2706
-3249
-3351
-2504
-1249
-26
572
1032
1621
2152
2923
3700
4282
4517
4097
3458
2915
2514
2103
1194
20
-1030
-1680
-1898
-2278
-2774
-3043
-3279
-3253
-2707
-1827
-878
-170
347
993
1821
2593
3033
3187
3088
2825
2590
2312
1939
1450
878
522
413
280
63
-339
-837
-1206
-1343
-1203
-958
-846
-822
-818
-697
-296
-16
49
199
338
561
971
1343
1544
1533
1210
750
464
288
166
-220
-930
-1545
-2199
-2791
-3409
-5045
-7053
-7735
-6763
-4839
-3690
-3768
-3387
-2099
-972
-408
227
1620
2986
3329
3447
4523
5874
5641
3987
2647
2119
1832
1074
89
-242
-611
-1650
-2609
-2866
-2683
-2803
-3226
-3122
-2182
-877
119
712
1351
1928
2471
3122
3754
4264
4346
3851
3189
2692
2264
1682
703
-453
-1287
-1736
-2108
-2519
-2747
-2901
-3118
-3053
-2527
-1654
-696
-7
618
1443
2225
2798
3069
3139
3031
2712
2340
1993
1714
1309
872
656
448
169
-166
-595
-984
-1219
-1250
-1075
-904
-700
-568
-596
-450
-298
-154
164
372
660
1037
1186
1439
1492
1289
1181
779
443
276
-187
-657
-1362
-2372
-3157
-4234
-6025
-7592
-7595
-6062
-4469
-4093
-4256
-3250
-1532
-667
-473
196
1785
3204
3509
3962
5276
6068
5252
3491
2397
2267
1836
728
-190
-440
-723
-1687
-2653
-2969
-2950
-3203
-3573
-3204
-1898
-470
299
675
1307
2154
2872
3354
3784
4284
4440
3937
3244
2772
2361
1643
420
-811
-1472
-1763
-2231
-2783
-3012
-3019
-2938
-2905
-2732
-1992
-1000
-211
527
1349
2169
2793
3013
2994
2991
2949
2644
2201
1869
1611
1329
911
523
239
-198
-683
-1106
-1357
-1236
-1053
-1025
-995
-834
-702
-597
-311
-34
191
481
706
1085
1502
1657
1760
1646
1311
1091
802
431
196
-306
-1116
-2151
-3186
-4020
-5648
-7668
-8219
-7066
-5093
-4201
-4609
-3890
-2058
-789
-603
-350
1324
3128
3619
3818
5009
6493
6216
4292
2820
2442
2237
1100
-150
-303
-455
-1381
-2532
-3180
-3050
-3164
-3742
-3632
-2582
-1098
-114
393
1114
1920
2708
3247
3639
4207
4492
4223
3626
2950
2515
2044
1076
-174
-1169
-1734
-2223
-2737
-3093
-3187
-3122
-3043
-2751
-2181
-1456
-676
9
851
1842
2563
2986
3084
3014
2988
2738
2311
1935
1652
1456
1192
849
479
50
-408
-927
-1300
-1292
-1076
-930
-924
-889
-819
-728
-602
-361
51
422
697
1028
1396
1741
1831
1701
1557
1331
1049
659
352
155
-397
-1389
-2567
-3403
-4037
-5679
-7669
-8129
-6857
-5018
-4278
-4497
-3680
-1877
-772
-596
-78
1578
3145
3544
3824
5044
6353
5994
4225
2886
2419
1976
856
-217
-398
-609
-1493
-2522
-3040
-3047
-3268
-3668
-3542
-2613
-1239
-201
479
1267
2081
2807
3332
3776
4233
4388
4112
3557
2954
2572
2150
1202
-60
-1130
-1747
-2239
-2854
-3264
-3295
-3201
-3227
-3055
-2290
-1194
-332
207
946
1955
2793
3239
3290
3167
2935
2544
2126
1834
1691
1452
1011
593
319
1
-442
-929
-1299
-1315
-1075
-867
-698
-613
-617
-600
-589
-440
-44
398
752
1093
1339
1547
1733
1746
1632
1330
922
601
287
-82
-708
-1743
-2791
-3739
-4961
-6584
-7671
-7294
-6008
-4930
-4632
-4189
-2778
-1365
-676
-351
514
2058
3099
3487
4250
5474
6103
5255
3758
2867
2379
1581
348
-419
-506
-877
-1718
-2538
-2916
-3007
-3413
-3792
-3380
-2224
-983
-178
584
1569
2477
3157
3470
3739
4125
4181
3822
3351
3044
2781
2105
985
-129
-954
-1600
-2373
-3116
-3359
-3231
-3170
-3110
-2727
-2043
-1405
-866
-152
837
1912
2657
2970
3132
3209
3086
2776
2373
2053
1799
1489
1175
873
502
29
-527
-1038
-1244
-1188
-1031
-915
-852
-754
-726
-701
-594
-451
-87
370
695
1076
1447
1806
1983
1797
1629
1442
1193
922
388
-137
-903
-2022
-2886
-3909
-5509
-7211
-7967
-7144
-5805
-5253
-5125
-4178
-2454
-1296
-905
-334
995
2373
2777
3202
4622
6012
6192
5102
3911
3415
2780
1475
240
-273
-476
-1127
-2026
-2526
-2578
-2805
-3548
-4008
-3563
-2535
-1508
-638
411
1623
2621
3223
3561
3952
4210
3974
3557
3328
3296
3122
2428
1362
345
-510
-1487
-2516
-3181
-3407
-3392
-3397
-3308
-2761
-2070
-1614
-1172
-492
459
1485
2251
2739
3139
3351
3233
2925
2584
2328
2105
1774
1452
1195
817
309
-303
-913
-1231
-1247
-1121
-1049
-1011
-970
-925
-838
-801
-593
-287
60
488
862
1298
1720
1991
2022
1817
1605
1357
1036
760
247
-619
-1743
-2817
-3844
-5481
-7252
-7870
-7100
-5997
-5697
-5574
-4353
-2521
-1471
-1302
-694
810
2111
2563
3056
4467
5988
6150
5220
4428
4056
3399
1971
666
151
-190
-962
-1887
-2352
-2396
-2690
-3445
-3975
-3779
-3083
-2280
-1458
-370
1000
2195
2972
3496
3888
4132
3997
3559
3310
3335
3338
2891
1989
1114
273
-750
-1928
-2994
-3549
-3775
-3942
-3824
-3269
-2451
-1649
-995
-293
543
1361
1992
2444
2825
3062
3142
2996
2767
2628
2435
2114
1647
1192
827
403
-95
-508
-711
-759
-825
-920
-992
-1023
-1058
-1170
-1196
-1023
-636
-220
135
571
1056
1522
1854
1916
1784
1576
1352
1080
769
324
-618
-1672
-2616
-3970
-5571
-6850
-7203
-6608
-6102
-5989
-5431
-4079
-2636
-1852
-1480
-699
586
1540
1975
2834
4272
5408
5626
5144
4837
4649
3781
2437
1291
646
136
-678
-1443
-1815
-1960
-2347
-3091
-3600
-3578
-3311
-2952
-2329
-1283
53
1325
2266
2974
3545
3850
3762
3431
3261
3336
3326
3008
2506
2003
1384
434
-695
-1673
-2490
-3235
-3833
-4014
-3616
-2883
-2195
-1532
-730
112
854
1308
1637
2004
2249
2392
2530
2718
2944
2976
2715
2308
1812
1267
666
85
-249
-397
-457
-492
-593
-640
-768
-1078
-1335
-1504
-1505
-1257
-923
-557
12
595
1028
1541
1792
1704
1650
1377
1074
933
352
-452
-1140
-2134
-3559
-5163
-6315
-6454
-6142
-6174
-6179
-5358
-4032
-2883
-2193
-1742
-733
365
760
1241
2347
3734
4753
5011
5064
5298
5220
4386
3200
2266
1532
651
-358
-1033
-1183
-1332
-1859
-2555
-3101
-3310
-3409
-3452
-3132
-2306
-1115
53
1108
2105
2959
3520
3604
3391
3305
3376
3299
2954
2578
2304
1907
1257
423
-418
-1227
-2158
-3022
-3446
-3397
-3020
-2479
-1914
-1193
-360
233
592
882
1090
1261
1398
1572
1959
2439
2768
2884
2851
2642
2168
1498
840
345
45
-134
-300
-409
-417
-504
-748
-1041
-1285
-1488
-1599
-1552
-1358
-967
-388
275
899
1312
1471
1502
1382
1115
664
-29
-754
-1409
-2443
-3768
-4735
-5129
-5054
-5105
-5401
-5241
-4394
-3475
-2908
-2408
-1630
-693
-29
313
1074
2414
3449
3879
4109
4453
4778
4600
3911
3256
2731
2003
1030
168
-246
-476
-976
-1690
-2228
-2489
-2684
-2958
-3084
-2689
-1979
-1305
-592
314
1299
2097
2496
2638
2799
2971
2977
2759
2422
2213
2109
1789
1333
839
285
-315
-1067
-1791
-2216
-2341
-2256
-2083
-1713
-1082
-471
-25
254
473
681
715
734
958
1327
1754
2119
2389
2563
2524
2209
1724
1229
772
373
42
-238
-377
-378
-392
-486
-638
-853
-1124
-1343
-1461
-1441
-1162
-741
-216
318
683
982
1156
1099
800
196
-528
-1174
-2029
-3217
-4214
-4601
-4502
-4395
-4585
-4575
-3868
-3065
-2711
-2487
-1977
-1174
-574
-328
260
1456
2573
3132
3395
3833
4331
4358
3831
3246
2904
2451
1619
820
451
263
-149
-810
-1337
-1634
-1976
-2443
-2718
-2596
-2214
-1782
-1330
-641
239
1029
1550
1863
2143
2415
2510
2411
2230
2086
2044
1931
1662
1419
1139
691
148
-465
-1011
-1323
-1495
-1598
-1532
-1271
-885
-494
-215
-14
202
263
185
268
552
910
1234
1537
1856
2120
2152
1946
1639
1324
927
437
24
-231
-315
-338
-432
-505
-510
-588
-775
-1032
-1196
-1185
-1122
-872
-492
-191
226
537
679
825
605
20
-528
-1212
-2216
-3265
-4075
-4310
-4094
-4135
-4272
-3825
-3028
-2410
-2134
-1941
-1416
-823
-660
-535
201
1308
2128
2574
2985
3547
3974
3833
3425
3170
2876
2336
1556
888
639
416
-79
-518
-752
-997
-1384
-1833
-2106
-2059
-1889
-1778
-1489
-905
-212
431
954
1353
1702
1989
2061
1959
1818
1703
1668
1571
1426
1352
1242
999
603
143
-206
-515
-819
-988
-1016
-914
-675
-420
-226
-20
97
87
67
84
206
434
663
936
1296
1587
1650
1568
1460
1272
950
509
125
-111
-231
-346
-445
-408
-352
-443
-578
-689
-775
-781
-764
-715
-567
-329
-35
175
354
475
260
-135
-674
-1514
-2490
-3383
-3898
-3970
-4055
-4133
-3831
-3192
-2521
-2065
-1774
-1414
-974
-817
-777
-362
378
1105
1631
2087
2737
3371
3572
3469
3352
3218
2803
2083
1413
1004
742
418
29
-256
-406
-622
-1004
-1332
-1466
-1459
-1468
-1558
-1435
-993
-476
11
420
863
1317
1507
1520
1523
1481
1438
1353
1224
1209
1201
1070
889
692
463
253
-19
-282
-382
-430
-443
-377
-274
-120
4
19
25
68
126
229
351
474
684
930
1083
1135
1171
1176
1063
795
448
186
-14
-248
-443
-514
-503
-451
-454
-539
-574
-534
-517
-537
-493
-385
-234
-75
47
222
309
135
-244
-849
-1644
-2451
-3065
-3421
-3625
-3794
-3786
-3415
-2867
-2354
-1945
-1631
-1287
-1023
-965
-828
-374
232
743
1190
1721
2360
2888
3122
3185
3234
3117
2682
2138
1700
1352
1019
614
253
106
-51
-357
-698
-932
-1016
-1108
-1262
-1327
-1238
-997
-699
-438
-112
308
702
940
1055
1206
1365
1339
1195
1135
1150
1144
1010
803
647
522
395
229
101
102
64
-52
-131
-107
-42
-62
-109
-73
9
92
163
240
405
563
650
722
803
864
841
729
545
336
172
-19
-236
-363
-453
-497
-488
-515
-531
-507
-507
-497
-425
-316
-244
-160
-4
185
323
338
236
65
-265
-932
-1704
-2316
-2780
-3060
-3300
-3508
-3383
-2968
-2564
-2255
-1930
-1523
-1156
-1051
-1052
-782
-343
39
406
856
1488
2167
2571
2753
2988
3143
2973
2552
2078
1701
1413
1042
653
439
314
126
-130
-355
-478
-559
-784
-1037
-1099
-1050
-937
-793
-623
-302
49
301
537
760
984
1176
1181
1104
1047
910
780
711
581
468
369
233
236
319
378
408
356
257
173
52
-87
-89
-102
-170
-93
36
204
364
431
503
516
504
509
460
376
300
180
67
13
-87
-161
-262
-392
-436
-448
-414
-351
-332
-274
-169
-89
-20
61
167
269
344
364
308
151
-156
-695
-1389
-2015
-2454
-2721
-2986
-3255
-3248
-2916
-2506
-2192
-1898
-1476
-1109
-1015
-1063
-906
-531
-194
53
396
955
1603
2105
2395
2655
2822
2707
2370
1996
1693
1432
1091
726
489
357
260
166
47
-93
-268
-454
-611
-703
-759
-771
-682
-582
-468
-248
-10
201
457
690
815
898
946
914
828
718
607
508
411
388
394
324
320
389
449
442
356
260
173
114
22
-123
-171
-62
65
131
195
317
388
334
315
327
288
236
112
75
159
115
16
-91
-220
-268
-310
-323
-268
-234
-236
-246
-185
-81
-10
20
49
141
255
323
339
295
175
-162
-754
-1384
-1873
-2200
-2484
-2798
-2983
-2947
-2711
-2355
-2014
-1682
-1325
-1040
-966
-959
-795
-524
-265
-36
257
775
1361
1768
2069
2342
2479
2384
2139
1870
1659
1434
1088
798
629
462
342
208
57
6
-78
-212
-290
-340
-390
-436
-443
-448
-411
-297
-178
-51
139
404
646
796
847
855
814
685
500
323
209
160
109
103
187
297
376
402
366
335
274
157
91
-16
-101
-55
-13
32
136
211
232
258
285
277
230
164
143
142
87
35
40
-13
-98
-145
-219
-253
-229
-219
-202
-137
-117
-98
5
101
161
221
277
293
313
301
196
30
-312
-844
-1376
-1784
-2146
-2500
-2747
-2866
-2772
-2494
-2241
-1923
-1495
-1153
-912
-833
-799
-577
-319
-144
19
354
860
1282
1573
1882
2206
2359
2240
1982
1768
1644
1424
1086
812
610
403
221
79
35
22
-44
-101
-159
-233
-326
-411
-485
-535
-551
-497
-364
-142
114
343
518
624
701
726
668
563
391
248
178
139
154
213
306
392
463
472
447
433
377
253
100
-7
-46
-92
-67
52
166
213
156
178
273
285
265
208
171
206
177
104
15
-46
-62
-128
-174
-181
-173
-151
-160
-112
-19
11
8
45
96
98
91
140
187
161
63
-121
-461
-957
-1474
-1881
-2166
-2492
-2823
-2924
-2727
-2372
-2065
-1742
-1291
-895
-691
-657
-572
-369
-206
-85
65
377
865
1279
1575
1915
2191
2258
2142
1998
1878
1700
1367
939
624
405
233
75
-11
38
34
-61
-124
-180
-268
-363
-487
-591
-570
-512
-466
-328
-132
65
309
548
714
819
834
821
729
499
277
177
109
42
84
180
309
435
470
501
480
376
268
72
-91
-121
-135
-174
-118
1
88
198
255
295
360
335
273
230
209
219
159
92
66
26
13
19
-3
20
6
-92
-68
-45
-89
-43
-3
32
111
127
172
198
92
-2
-197
-694
-1268
-1795
-2240
-2509
-2796
-3047
-3005
-2701
-2333
-1976
-1562
-1096
-710
-592
-592
-423
-213
-81
32
243
653
1118
1450
1774
2180
2442
2451
2248
2008
1859
1586
1128
742
492
265
29
-159
-211
-195
-244
-323
-355
-367
-402
-457
-570
-638
-619
-580
-442
-187
109
426
686
891
1079
1148
1097
955
719
441
205
66
-9
-52
-31
112
242
327
423
447
405
248
14
-156
-284
-362
-362
-329
-181
52
212
331
459
529
533
492
424
422
442
412
337
268
257
234
162
92
6
-60
-74
-128
-185
-161
-134
-127
-56
16
54
78
120
106
-57
-275
-638
-1179
-1738
-2258
-2642
-2902
-3108
-3146
-2963
-2626
-2218
-1747
-1251
-786
-478
-370
-248
-70
93
215
329
618
1063
1506
1861
2155
2431
2536
2401
2131
1854
1591
1225
745
319
2
-242
-407
-493
-482
-501
-532
-494
-440
-394
-430
-535
-546
-465
-380
-226
11
278
606
903
1101
1260
1302
1216
1088
898
593
276
83
-35
-103
-143
-120
29
166
195
174
140
93
-10
-186
-283
-267
-258
-180
-19
158
358
531
626
687
727
724
690
586
534
535
449
335
225
152
126
25
-133
-203
-226
-276
-332
-335
-263
-213
-184
-87
27
141
212
132
-21
-230
-663
-1291
-1975
-2523
-2832
-3092
-3376
-3492
-3293
-2819
-2290
-1828
-1329
-732
-318
-276
-226
55
388
572
639
888
1394
1847
2121
2361
2611
2702
2491
2145
1801
1469
1042
419
-137
-442
-688
-894
-934
-873
-735
-606
-588
-516
-415
-391
-339
-282
-209
-21
233
502
834
1160
1408
1589
1666
1631
1495
1165
753
435
96
-217
-412
-579
-584
-434
-301
-142
36
89
57
20
-76
-148
-190
-217
-114
35
191
448
661
782
867
904
915
885
799
683
600
506
392
292
153
26
-71
-223
-342
-408
-437
-401
-408
-421
-320
-156
-45
60
151
222
276
138
-128
-452
-1025
-1806
-2578
-3090
-3349
-3610
-3841
-3812
-3333
-2707
-2154
-1552
-928
-321
-5
18
237
598
833
946
1070
1435
1939
2274
2440
2646
2825
2684
2237
1712
1238
765
139
-520
-945
-1133
-1224
-1235
-1106
-902
-709
-589
-504
-293
-90
15
101
232
487
757
986
1265
1562
1815
1923
1919
1826
1571
1185
671
140
-334
-751
-1021
-1126
-1126
-1036
-805
-511
-256
-38
90
164
212
170
108
143
266
389
473
624
843
1010
1074
1058
1044
988
860
717
580
445
331
190
-9
-200
-314
-399
-510
-608
-617
-552
-473
-372
-223
-27
191
378
462
501
510
334
20
-357
-942
-1797
-2733
-3413
-3785
-4003
-4230
-4282
-3830
-3108
-2453
-1820
-1105
-357
163
279
386
821
1301
1484
1565
1809
2240
2644
2800
2883
2968
2757
2169
1454
807
221
-405
-1070
-1548
-1698
-1742
-1703
-1462
-1114
-777
-576
-426
-137
164
376
522
744
1112
1399
1652
1953
2200
2343
2262
2038
1814
1403
794
173
-381
-904
-1366
-1624
-1682
-1580
-1354
-1096
-747
-324
36
307
448
565
686
690
646
686
795
884
938
1009
1078
1075
1032
959
837
693
526
360
236
105
-50
-264
-462
-544
-592
-679
-746
-671
-517
-378
-159
85
300
584
775
800
799
773
549
161
-329
-1144
-2218
-3269
-4049
-4393
-4625
-4904
-4798
-4218
-3412
-2558
-1766
-960
-109
441
602
839
1339
1842
2080
2090
2313
2804
3106
3125
3099
2972
2476
1625
704
-6
-562
-1206
-1876
-2256
-2263
-2100
-1903
-1555
-1039
-595
-325
-61
343
791
1069
1295
1627
1951
2270
2493
2570
2620
2497
2130
1673
1208
633
-69
-710
-1233
-1727
-2101
-2193
-2063
-1792
-1420
-994
-511
-14
428
755
1011
1195
1249
1212
1191
1255
1281
1180
1082
1054
965
817
678
582
490
326
110
-64
-162
-256
-380
-546
-677
-703
-689
-698
-645
-499
-302
-15
337
649
927
1127
1261
1272
1082
846
441
-117
-734
-1790
-3174
-4216
-4753
-4954
-5176
-5419
-5090
-4125
-3105
-2298
-1454
-427
514
939
980
1380
2159
2579
2532
2546
2938
3376
3342
2969
2706
2352
1511
376
-573
-1152
-1638
-2270
-2746
-2660
-2289
-1998
-1645
-1063
-447
0
303
639
1202
1705
1925
2156
2483
2756
2908
2881
2700
2448
1994
1337
749
158
-565
-1256
-1784
-2128
-2330
-2440
-2389
-2061
-1559
-1028
-449
224
888
1372
1649
1837
1987
1988
1751
1489
1318
1165
944
644
461
394
325
230
124
54
20
-117
-314
-354
-339
-454
-629
-649
-520
-434
-350
-167
113
388
617
878
1165
1388
1484
1391
1117
794
337
-340
-1010
-1876
-3266
-4586
-5294
-5453
-5417
-5553
-5351
-4430
-3216
-2111
-1175
-156
930
1613
1658
1720
2356
2926
2901
2628
2561
2802
2837
2336
1806
1353
581
-508
-1519
-2031
-2242
-2574
-2856
-2664
-2062
-1390
-749
-108
571
1101
1422
1767
2172
2502
2678
2661
2597
2610
2533
2313
1979
1468
839
194
-391
-846
-1274
-1740
-2289
-2649
-2396
-1941
-1646
-1302
-859
-186
600
1176
1699
2190
2373
2297
2096
1823
1677
1424
875
408
168
0
-155
-263
-284
-292
-401
-450
-322
-205
-226
-308
-353
-288
-143
-15
87
206
335
488
702
922
1141
1281
1263
1202
1176
1081
747
332
-151
-881
-1483
-2315
-3791
-5009
-5548
-5653
-5492
-5459
-5164
-4029
-2690
-1575
-489
623
1681
2244
2072
1972
2526
2975
2733
2294
2108
2230
2170
1592
1007
554
-216
-1315
-2163
-2468
-2507
-2625
-2699
-2280
-1428
-589
143
849
1463
1848
2024
2243
2545
2700
2608
2382
2249
2217
2022
1722
1300
704
62
-586
-1066
-1378
-1685
-1957
-2073
-1963
-1682
-1283
-756
-254
157
608
1070
1510
1895
2091
2063
1958
1829
1572
1224
852
491
165
-160
-416
-505
-484
-458
-447
-390
-301
-236
-181
-140
-133
-126
-86
10
182
407
576
649
838
1019
1049
1102
1095
974
886
728
474
202
-89
-537
-1151
-1734
-2423
-3457
-4530
-5167
-5293
-5072
-4881
-4547
-3554
-2166
-954
19
906
1717
2221
2161
1953
2132
2317
2115
1767
1568
1592
1532
1059
475
-39
-705
-1486
-2144
-2397
-2302
-2191
-1994
-1494
-750
47
736
1252
1664
1948
2058
2176
2343
2416
2279
2043
1896
1753
1490
1160
744
249
-293
-829
-1151
-1292
-1410
-1484
-1590
-1449
-982
-546
-149
222
576
985
1349
1617
1877
2005
1874
1609
1298
986
745
356
-98
-314
-413
-531
-513
-429
-396
-316
-243
-224
-110
25
35
23
33
71
178
384
561
679
801
902
1006
1053
999
861
707
562
447
284
-32
-323
-795
-1385
-1857
-2519
-3397
-4271
-4793
-4765
-4512
-4289
-3824
-2856
-1665
-568
241
895
1638
1955
1741
1543
1630
1814
1671
1340
1177
1192
1093
681
205
-281
-859
-1478
-1970
-2022
-1820
-1592
-1295
-821
-94
588
1091
1488
1748
1872
1896
1952
2076
2153
2005
1743
1607
1457
1163
742
253
-194
-575
-944
-1163
-1133
-1034
-964
-997
-882
-480
-123
91
290
532
844
1174
1440
1652
1792
1676
1397
1121
729
393
62
-333
-554
-615
-614
-505
-383
-297
-150
-85
-126
-82
-59
-45
22
38
156
352
549
769
883
894
874
897
872
787
646
441
352
282
120
-56
-291
-723
-1197
-1705
-2402
-3246
-4059
-4473
-4356
-4095
-3823
-3288
-2369
-1289
-386
279
840
1407
1563
1320
1262
1449
1574
1418
1155
1061
1084
910
451
15
-437
-956
-1476
-1832
-1669
-1335
-1115
-795
-270
380
852
1127
1338
1471
1511
1532
1626
1786
1895
1813
1632
1504
1326
972
452
-38
-431
-800
-998
-994
-871
-673
-525
-476
-367
-170
-20
76
172
324
607
946
1233
1498
1652
1559
1266
924
561
204
-137
-480
-663
-642
-476
-313
-210
-65
-2
-32
-91
-116
-109
-96
-10
111
312
522
700
864
902
847
727
648
605
538
422
301
312
325
285
71
-202
-595
-1129
-1566
-2246
-3170
-3951
-4233
-3970
-3658
-3403
-2916
-2080
-1104
-455
0
507
1040
1178
894
869
1197
1530
1448
1109
1059
1069
786
279
-218
-559
-965
-1417
-1616
-1324
-874
-646
-429
-35
477
804
939
1028
1139
1241
1349
1552
1802
1981
1906
1684
1452
1163
812
339
-158
-550
-801
-822
-706
-517
-363
-312
-337
-351
-266
-172
-113
-31
169
532
980
1370
1604
1667
1523
1132
711
311
-82
-365
-572
-637
-498
-286
-110
-18
28
-17
-143
-232
-271
-281
-146
96
301
584
812
908
941
835
669
541
423
354
328
368
420
477
577
474
242
-134
-723
-1186
-1663
-2377
-3228
-3907
-3944
-3630
-3317
-3071
-2650
-1790
-1065
-619
-249
203
705
724
542
737
1212
1543
1357
1068
1009
916
540
-37
-389
-660
-1010
-1269
-1231
-809
-392
-239
-104
162
481
713
774
883
1064
1206
1412
1683
1949
2037
1854
1553
1203
869
451
10
-322
-602
-624
-475
-302
-60
23
-52
-165
-231
-415
-659
-553
-273
125
542
893
1300
1555
1579
1332
924
501
70
-249
-463
-412
-223
-136
-30
27
17
-115
-312
-426
-487
-461
-335
-50
400
760
909
929
917
897
721
401
188
175
259
430
554
696
866
802
436
29
-382
-932
-1318
-1813
-2488
-3157
-3623
-3480
-3173
-2925
-2758
-2446
-1709
-1170
-803
-445
29
560
545
560
868
1274
1504
1117
837
773
558
215
-277
-442
-526
-751
-859
-746
-375
-200
-208
-105
134
390
572
721
910
1123
1308
1542
1750
1917
1876
1549
1235
890
547
275
23
-97
-262
-301
-189
-130
-27
-78
-249
-426
-512
-450
-514
-482
-189
223
684
924
1085
1230
1197
954
541
293
136
-47
-110
-128
27
169
35
-122
-223
-329
-432
-550
-496
-178
50
189
502
809
916
829
671
575
520
381
219
292
485
627
653
651
717
594
266
-125
-389
-717
-1053
-1349
-1921
-2523
-3077
-3249
-3023
-2918
-2809
-2680
-2146
-1380
-971
-541
-183
277
506
339
569
940
1122
974
666
635
590
384
6
-290
-359
-580
-760
-716
-447
-172
-140
-177
22
342
503
651
788
1026
1263
1437
1686
1778
1749
1505
1190
961
649
464
266
91
3
-117
-30
26
31
-12
-246
-399
-452
-417
-351
-397
-284
88
484
744
858
944
973
826
548
308
194
124
-12
-56
24
96
53
-136
-276
-299
-367
-407
-326
-117
123
284
510
701
732
653
480
425
396
330
297
317
490
607
663
645
603
544
300
-54
-288
-585
-921
-1080
-1492
-2183
-2842
-3067
-2881
-2800
-2829
-2677
-2113
-1386
-1042
-726
-330
94
336
99
238
737
929
842
638
614
633
405
114
-140
-229
-462
-706
-612
-312
-90
-111
-113
16
258
372
492
709
925
1148
1322
1541
1702
1739
1515
1163
935
692
539
438
231
144
115
93
58
-15
-84
-235
-323
-528
-574
-416
-424
-270
-57
260
528
608
769
759
715
572
330
308
154
66
48
-8
74
-67
-220
-290
-382
-400
-434
-325
-58
175
314
445
616
685
590
464
440
385
351
404
471
624
648
694
666
578
563
282
79
-102
-310
-481
-701
-972
-1684
-2444
-2845
-2839
-2682
-2754
-2660
-2317
-1701
-1241
-1024
-602
-264
-94
-248
-172
438
772
764
627
630
718
487
193
27
-32
-251
-566
-500
-224
4
-6
-57
76
190
270
367
577
755
866
1016
1299
1570
1556
1413
1185
1004
835
678
637
474
320
215
113
129
55
-46
-137
-288
-362
-406
-443
-486
-432
-158
86
229
392
560
721
730
619
490
373
254
99
72
141
154
52
-104
-226
-284
-328
-326
-209
-96
15
156
339
547
569
464
401
369
381
320
332
371
439
584
605
685
698
566
344
106
-69
-205
-352
-519
-759
-1430
-2142
-2565
-2659
-2496
-2608
-2586
-2280
-1874
-1366
-1211
-865
-444
-358
-285
-296
136
589
620
647
565
587
455
227
194
96
-64
-324
-310
-71
53
-18
-104
5
76
221
361
571
768
787
906
1054
1254
1354
1261
1171
1033
929
830
744
681
485
340
233
157
84
-24
-101
-180
-235
-333
-353
-362
-389
-286
-188
-11
210
370
522
578
599
521
434
369
193
114
120
93
85
3
-99
-154
-220
-274
-254
-117
22
145
274
420
459
403
417
429
426
309
271
370
413
475
483
561
592
508
387
228
108
-41
-169
-277
-530
-1145
-1888
-2369
-2508
-2394
-2442
-2522
-2214
-1889
-1540
-1277
-1023
-635
-611
-644
-518
-104
372
495
564
561
486
368
221
236
227
11
-168
-120
44
121
97
39
11
-31
20
240
444
587
674
828
1032
1178
1188
1133
1100
1003
898
886
901
857
713
548
418
313
162
4
-31
-71
-119
-152
-217
-206
-209
-278
-358
-404
-232
12
198
357
427
456
384
313
252
146
138
109
104
131
74
-2
-108
-194
-249
-259
-170
-28
164
339
412
408
431
459
423
363
310
320
368
467
605
628
640
592
457
434
319
151
24
-126
-114
-371
-1089
-1844
-2314
-2289
-2289
-2467
-2361
-2100
-1734
-1510
-1421
-1006
-741
-800
-884
-751
-199
211
365
526
538
432
259
172
244
181
-73
-219
-61
133
178
174
161
95
-3
32
231
426
449
516
753
984
1088
1086
1115
1058
872
773
869
988
924
747
603
511
388
213
168
136
1
-157
-285
-268
-296
-311
-275
-250
-101
-27
67
299
416
439
365
268
241
170
184
210
150
141
114
84
41
-47
-117
-171
-162
-107
18
197
319
335
313
333
290
260
194
144
251
288
374
468
515
567
483
417
332
229
103
-7
-30
-75
-208
-788
-1475
-1964
-2175
-2072
-2177
-2193
-1964
-1781
-1590
-1507
-1150
-837
-947
-1011
-943
-422
27
126
319
396
336
159
139
336
293
25
-107
104
296
294
269
274
270
59
69
285
362
374
371
615
895
969
1025
1078
1044
904
798
844
938
912
800
743
632
475
359
298
214
-7
-165
-175
-114
-110
-263
-254
-185
-198
-125
28
253
327
256
216
205
227
168
122
183
143
85
139
180
103
-33
-138
-180
-157
-124
4
127
202
232
199
216
211
165
126
131
168
176
266
410
470
460
399
349
261
102
-8
-14
-23
-49
-158
-504
-1021
-1584
-1812
-1719
-1754
-1796
-1762
-1642
-1404
-1314
-1091
-838
-951
-1073
-992
-633
-254
-95
94
188
103
29
64
225
193
-52
-111
104
318
358
369
424
396
225
192
315
319
286
342
560
771
787
814
927
924
777
696
740
773
749
677
638
675
618
519
496
384
173
-7
-45
-11
-41
-101
-122
-73
-79
-68
65
106
73
42
35
102
112
74
106
153
173
166
129
117
80
16
-4
-27
-67
-59
3
40
46
36
79
127
32
-25
19
42
42
30
111
203
203
186
140
127
118
64
16
-12
-46
-35
-21
-79
-204
-426
-776
-1014
-971
-908
-936
-1055
-1150
-1056
-941
-824
-751
-870
-967
-975
-847
-606
-499
-426
-387
-430
-377
-268
-148
-82
-157
-217
-108
12
142
275
314
351
338
358
386
378
389
403
474
536
587
638
666
676
646
584
533
551
518
489
529
544
554
568
552
503
427
362
317
274
253
224
206
233
245
252
291
255
150
83
63
56
-19
-88
-31
20
36
26
-55
-92
-101
-136
-106
-84
-77
-32
3
41
93
121
99
84
97
130
152
135
107
99
98
133
196
178
125
82
43
-5
-28
-57
-91
-77
-58
-62
-142
-311
-513
-594
-565
-530
-587
-740
-825
-789
-721
-683
-726
-856
-984
-1018
-918
-800
-773
-786
-832
-860
-766
-638
-567
-540
-550
-494
-361
-224
-98
2
109
209
258
332
386
386
447
509
572
635
636
679
739
737
699
648
643
671
681
686
676
656
691
694
671
673
600
505
498
462
425
429
401
403
403
381
347
281
229
173
89
41
7
-11
-8
-25
-64
-114
-128
-123
-144
-149
-132
-141
-138
-75
16
88
77
33
53
78
88
86
56
55
49
50
86
93
81
55
-29
-40
-9
-64
-124
-129
-108
-81
-121
-273
-474
-626
-625
-554
-549
-691
-851
-859
-783
-686
-654
-771
-904
-953
-900
-769
-706
-758
-829
-830
-735
-594
-495
-472
-495
-444
-303
-186
-101
-14
70
163
222
277
365
427
421
436
522
576
544
531
613
654
641
615
593
618
629
621
636
613
585
605
626
632
597
556
543
512
492
467
409
387
387
413
394
285
209
167
139
121
77
31
37
64
25
-17
-20
-48
-63
-92
-109
-74
-91
-95
-60
-20
25
26
12
34
56
56
55
9
-39
-27
27
112
91
8
2
-14
-60
-74
-92
-123
-126
-118
-108
-125
-265
-455
-542
-571
-548
-549
-677
-782
-774
-699
-651
-684
-769
-862
-879
-790
-737
-739
-755
-782
-741
-626
-536
-486
-463
-454
-379
-286
-216
-124
-33
45
167
261
287
304
329
358
401
422
453
525
566
590
615
600
577
584
615
652
633
577
553
592
641
624
612
587
508
487
483
462
440
402
365
366
361
321
282
225
186
161
117
71
49
52
29
25
45
-14
-76
-89
-87
-53
-71
-111
-70
-23
7
28
24
31
29
-7
11
40
7
2
9
17
46
45
-7
-46
-48
-50
-69
-83
-120
-161
-117
-93
-135
-235
-390
-513
-575
-522
-476
-557
-651
-702
-685
-621
-595
-659
-748
-805
-804
-719
-624
-608
-656
-668
-579
-456
-396
-406
-419
-380
-321
-245
-139
-25
41
82
161
234
273
290
270
276
311
361
432
486
507
499
507
527
538
549
556
545
516
518
559
592
629
622
536
489
479
477
470
405
354
328
339
351
325
309
272
212
136
105
106
112
83
37
50
66
61
22
-22
-31
-45
-59
-31
9
20
10
9
35
37
37
47
48
53
12
-35
-53
-24
-12
-3
4
-27
-69
-82
-75
-108
-158
-214
-204
-186
-200
-242
-330
-427
-509
-501
-488
-522
-551
-597
-627
-611
-603
-602
-636
-697
-697
-677
-617
-542
-527
-534
-519
-479
-431
-389
-330
-281
-246
-189
-118
-62
-14
27
88
174
218
217
208
234
252
279
336
345
389
420
420
462
455
432
471
498
473
478
497
533
574
560
541
528
510
473
453
457
433
413
383
358
370
358
292
225
209
186
145
130
125
118
119
91
22
3
28
27
-9
-51
-68
-59
-39
-24
2
11
-10
-14
-39
-35
-16
-70
-98
-68
-51
-37
-17
-28
-51
-87
-118
-139
-179
-208
-188
-188
-215
-227
-245
-270
-317
-373
-433
-477
-467
-472
-488
-462
-477
-514
-524
-529
-513
-497
-514
-508
-479
-466
-435
-428
-419
-378
-358
-306
-227
-201
-211
-209
-168
-74
11
80
127
127
136
149
175
205
211
209
227
290
362
397
388
356
349
374
393
398
428
452
455
455
457
465
476
459
421
410
388
375
383
359
327
311
311
319
299
262
225
191
152
125
136
158
125
82
54
22
24
5
-40
-41
-32
-47
-42
-7
24
13
0
-1
4
-11
-40
-7
19
-17
-32
-13
-3
-13
-51
-100
-133
-138
-139
-165
-196
-217
-249
-274
-258
-269
-281
-298
-328
-352
-408
-427
-405
-400
-393
-421
-447
-422
-408
-424
-447
-475
-459
-419
-405
-372
-338
-344
-349
-312
-277
-224
-194
-192
-171
-127
-61
-33
3
31
38
88
127
165
183
191
246
274
280
291
318
341
347
354
366
356
332
340
369
383
391
408
383
360
366
374
374
345
315
315
314
287
293
296
276
273
267
248
212
183
161
170
159
127
123
88
56
55
68
70
60
42
17
50
71
48
44
47
35
29
34
28
9
-22
-29
-36
-54
-77
-119
-136
-157
-193
-211
-218
-218
-253
-297
-301
-298
-296
-311
-327
-340
-372
-405
-396
-362
-352
-376
-408
-405
-369
-360
-389
-403
-392
-386
-363
-344
-326
-290
-311
-323
-277
-242
-204
-160
-149
-138
-119
-82
-49
-20
25
44
81
106
120
174
207
192
191
212
236
263
286
296
288
292
311
320
316
319
323
316
321
360
396
398
371
334
322
351
375
368
338
291
287
315
302
270
271
285
251
165
119
123
121
112
113
92
72
71
54
51
38
25
40
37
41
26
13
35
35
30
7
-20
-53
-99
-104
-113
-150
-179
-213
-232
-233
-227
-232
-282
-315
-313
-308
-309
-318
-311
-301
-284
-274
-272
-271
-277
-272
-272
-303
-334
-333
-293
-255
-248
-273
-294
-275
-272
-277
-262
-249
-227
-230
-225
-188
-162
-135
-146
-183
-155
-96
-75
-53
-21
16
52
72
101
136
150
141
139
181
210
232
266
272
281
283
288
327
320
320
373
368
352
371
361
368
362
326
344
362
336
313
319
325
307
276
245
227
211
169
138
140
122
110
95
77
103
99
72
63
31
29
57
60
54
41
49
69
36
7
-20
-46
-31
-57
-104
-121
-143
-174
-201
-211
-208
-216
-240
-250
-258
-282
-281
-271
-252
-271
-313
-305
-288
-276
-276
-319
-318
-269
-246
-254
-278
-284
-264
-254
-251
-235
-236
-236
-231
-240
-239
-206
-209
-231
-202
-159
-134
-127
-136
-113
-66
-64
-54
-38
-24
7
40
60
77
103
102
127
168
168
171
215
261
279
277
286
315
329
341
349
338
365
384
341
317
326
328
336
354
330
295
294
290
275
259
236
219
216
197
168
164
165
133
104
103
87
85
95
64
48
50
36
34
43
47
25
-17
-18
-22
-47
-55
-75
-113
-146
-152
-149
-180
-214
-227
-217
-224
-265
-293
-292
-288
-293
-290
-281
-259
-264
-294
-282
-257
-279
-304
-289
-268
-251
-240
-247
-253
-211
-183
-212
-221
-208
-194
-191
-192
-154
-128
-148
-149
-122
-122
-95
-53
-48
-43
-33
-30
-9
17
22
45
81
89
109
119
131
164
151
151
193
210
240
260
267
298
321
321
302
300
344
360
356
354
322
319
295
257
266
254
242
224
205
223
189
140
139
129
123
140
117
99
107
104
91
70
69
60
41
31
13
-3
-7
-20
-18
-18
-35
-50
-82
-108
-130
-134
-137
-171
-205
-232
-251
-240
-237
-245
-232
-245
-258
-266
-279
-263
-246
-231
-221
-208
-195
-197
-221
-232
-210
-184
-172
-172
-186
-185
-162
-140
-138
-140
-132
-146
-130
-96
-94
-72
-61
-70
-64
-67
-64
-36
-19
-19
-16
-13
20
38
34
57
76
70
67
61
68
105
137
163
156
163
188
204
226
225
229
270
279
267
280
273
265
243
241
257
228
210
208
205
220
211
180
182
185
167
134
111
116
101
88
105
83
56
68
69
53
31
27
27
2
-12
-9
-7
-15
-12
-34
-64
-80
-109
-126
-144
-160
-170
-175
-168
-170
-187
-190
-199
-211
-208
-213
-200
-186
-191
-206
-221
-202
-173
-172
-171
-177
-204
-196
-171
-161
-163
-170
-155
-122
-108
-126
-117
-97
-120
-135
-100
-49
-26
-29
-51
-44
-14
-27
-33
-8
-2
10
12
17
25
9
28
48
35
32
32
46
56
51
88
110
128
157
152
188
231
231
212
179
191
234
241
240
246
251
245
219
208
196
201
193
147
127
137
162
161
123
91
75
77
66
72
84
64
58
51
30
33
15
-21
-11
11
1
-23
-31
-22
-28
-52
-62
-70
-77
-93
-106
-110
-129
-142
-126
-134
-142
-147
-175
-173
-159
-163
-173
-175
-151
-138
-141
-134
-138
-160
-170
-157
-148
-156
-148
-145
-147
-133
-154
-165
-139
-106
-102
-99
-69
-52
-42
-19
-13
-21
-11
-6
-5
9
29
14
15
46
41
22
23
39
35
24
27
36
39
46
60
60
58
68
67
84
120
115
113
145
159
146
155
179
191
154
132
158
178
153
140
141
132
139
126
92
81
83
69
80
84
60
40
40
61
53
30
49
53
25
17
6
1
-10
4
21
11
14
-4
-15
10
7
-32
-46
-50
-47
-50
-69
-77
-93
-92
-95
-93
-96
-116
-100
-94
-101
-101
-92
-74
-77
-98
-125
-117
-115
-124
-126
-127
-115
-116
-110
-101
-102
-100
-91
-97
-96
-73
-52
-42
-23
-27
-51
-31
3
-4
-13
-7
0
16
20
2
-1
4
5
12
-1
-10
-9
-29
-37
-6
4
4
15
33
56
59
63
74
82
77
99
118
105
108
119
108
90
93
115
124
113
91
64
71
83
70
53
46
59
73
68
49
44
50
64
71
55
37
51
72
68
53
58
50
25
27
41
30
-1
-4
9
-9
-21
-26
-44
-27
-27
-67
-44
-27
-48
-55
-65
-62
-49
-51
-51
-46
-52
-56
-59
-47
-50
-68
-60
-66
-59
-41
-67
-69
-55
-64
-81
-99
-85
-58
-74
-86
-48
-57
-76
-67
-61
-42
-31
-49
-49
-48
-31
-6
-25
-44
-25
-7
-20
-25
-21
-9
0
-13
-33
-7
30
12
7
2
8
27
13
28
51
42
56
74
84
79
51
58
92
89
63
69
73
65
60
42
27
25
30
24
40
58
55
60
51
57
49
28
45
50
42
56
49
30
42
18
8
15
-19
-9
8
-5
8
6
-5
-2
-24
-30
-21
-6
12
-10
-21
15
19
15
5
-30
-16
5
1
-9
4
19
-17
-37
-26
-42
-41
-36
-59
-54
-40
-49
-55
-71
-85
-74
-56
-40
-40
-33
-9
-1
-18
-12
-8
-30
-25
-9
-22
-10
0
-19
-19
-20
-26
-25
-30
-36
-49
-52
-35
-30
-34
-22
-15
-22
-4
17
21
16
11
27
40
27
28
62
53
48
70
49
37
40
1
17
49
14
13
26
26
42
22
-6
9
5
7
20
-9
-3
19
4
-15
-26
-25
-19
-31
-24
13
19
0
-7
-11
-20
-28
-6
10
18
13
-27
-16
19
