-8
-5
0
-6
-11
-8
1
-3
-14
-7
8
7
-7
-23
-10
-13
-18
-6
-8
0
-11
-10
-8
-20
-10
-4
-10
-2
0
-1
6
2
12
21
11
3
-10
-11
7
3
-11
-4
3
5
3
-2
3
10
13
-2
-4
1
-4
-1
-5
1
8
1
-2
7
11
19
22
17
34
51
68
77
74
89
105
99
100
96
80
65
42
8
-6
-20
-46
-71
-76
-67
-51
-56
-64
-60
-53
-49
-61
-71
-54
-43
-59
-49
-38
-37
-26
-18
-7
-4
-3
19
9
-11
-24
-38
-34
-54
-112
-141
-125
-124
-121
-109
-95
-66
-27
-11
-12
11
40
54
63
63
51
54
77
78
88
104
111
135
136
118
128
134
103
99
118
97
99
113
114
126
119
112
138
141
125
143
140
118
113
70
47
32
4
9
1
11
33
36
38
42
71
72
49
46
18
9
3
-51
-45
17
13
-1
1
38
75
45
16
-9
-15
-24
-38
-74
-84
-46
-49
-152
-448
-736
-902
-1113
-1326
-1637
-1924
-1941
-1880
-1723
-1498
-1209
-761
-390
-126
153
493
788
899
852
735
763
870
872
899
898
910
1039
1093
1105
1117
1040
918
680
345
47
-242
-512
-804
-1088
-1144
-1037
-900
-662
-381
-66
293
560
718
895
1016
1075
1072
940
891
929
902
873
836
821
830
750
626
498
336
138
-24
-203
-335
-371
-427
-482
-508
-456
-319
-196
-142
-44
88
216
302
335
432
530
532
495
496
496
483
467
418
338
206
73
7
-101
-269
-396
-522
-638
-728
-793
-826
-833
-908
-1144
-1577
-2083
-2462
-2678
-2898
-3277
-3615
-3563
-3084
-2475
-1950
-1325
-469
356
953
1347
1771
2207
2331
2090
1787
1637
1581
1499
1346
1240
1263
1331
1398
1434
1385
1256
1024
636
101
-475
-930
-1294
-1667
-1944
-2057
-1871
-1422
-944
-432
90
565
980
1230
1367
1467
1413
1234
1041
873
852
931
980
991
1012
1094
1164
1125
917
651
395
49
-308
-540
-637
-652
-626
-550
-368
-34
339
611
784
894
993
1032
962
851
748
628
438
285
153
114
168
117
1
-103
-235
-310
-388
-653
-952
-1191
-1310
-1310
-1354
-1345
-1154
-895
-709
-568
-460
-449
-658
-1165
-1718
-2178
-2601
-3060
-3539
-3697
-3396
-2896
-2308
-1690
-928
-35
654
1157
1538
1863
2082
1955
1680
1472
1329
1237
1092
1030
1082
1229
1461
1580
1648
1610
1411
1117
635
93
-498
-1083
-1487
-1844
-2042
-2010
-1744
-1203
-687
-196
395
877
1293
1501
1442
1323
1139
964
754
613
577
651
863
982
1104
1313
1422
1458
1338
1068
841
582
213
-163
-402
-508
-499
-416
-246
42
348
609
791
843
881
919
836
649
467
309
179
66
-38
-82
-95
-96
-99
-94
-138
-157
-200
-334
-464
-659
-744
-727
-818
-748
-630
-656
-697
-939
-1307
-1661
-2264
-2905
-3391
-3855
-4088
-4159
-4045
-3503
-2750
-1932
-1097
-277
583
1303
1789
2112
2278
2272
2079
1813
1522
1284
1194
1108
1084
1100
1116
1228
1265
1212
1036
660
195
-333
-857
-1291
-1678
-1993
-2066
-1912
-1548
-1061
-458
273
939
1501
1892
2136
2273
2199
1891
1472
1092
787
482
261
155
157
300
459
581
707
795
747
579
348
128
-52
-241
-394
-456
-359
-158
81
375
705
1054
1346
1448
1472
1492
1388
1173
934
665
375
199
50
-122
-269
-377
-416
-448
-475
-603
-720
-696
-766
-787
-758
-758
-593
-473
-415
-197
-21
-10
-268
-938
-1673
-2322
-3026
-3778
-4585
-5239
-5401
-5166
-4616
-3669
-2582
-1505
-381
660
1638
2493
2976
3177
3110
2793
2461
2164
1907
1707
1495
1327
1358
1490
1649
1764
1651
1366
965
302
-423
-1093
-1801
-2384
-2867
-3144
-2946
-2445
-1813
-999
-121
752
1617
2327
2783
3007
2902
2530
2063
1498
1032
682
355
127
28
55
248
483
664
744
691
549
338
132
-94
-321
-535
-696
-692
-467
-107
282
685
1074
1355
1550
1715
1750
1670
1461
1124
835
569
306
94
-118
-316
-495
-591
-586
-574
-638
-759
-873
-954
-992
-917
-821
-735
-599
-429
-190
-39
-181
-719
-1512
-2302
-3115
-3883
-4651
-5456
-5894
-5882
-5401
-4348
-3146
-1926
-603
714
2056
3088
3698
4022
4004
3684
3151
2612
2190
1895
1583
1243
1120
1204
1364
1551
1531
1294
933
321
-359
-1052
-1844
-2558
-3231
-3614
-3548
-3164
-2383
-1423
-362
722
1693
2610
3337
3764
3806
3475
2874
2142
1460
861
335
-115
-417
-517
-413
-156
112
335
437
383
273
153
-26
-196
-369
-556
-590
-502
-190
280
676
1084
1437
1741
1975
2034
1959
1775
1488
1075
659
313
40
-215
-497
-718
-834
-869
-864
-868
-941
-994
-976
-1016
-965
-791
-668
-496
-358
-165
82
-12
-400
-1069
-1937
-2657
-3517
-4463
-5243
-5864
-5986
-5678
-4938
-3741
-2498
-1160
198
1449
2596
3390
3902
4082
3861
3507
3023
2562
2214
1798
1526
1370
1318
1418
1506
1560
1447
1127
586
-169
-915
-1677
-2511
-3156
-3603
-3700
-3348
-2788
-1907
-826
235
1324
2299
3122
3666
3851
3766
3353
2748
2018
1243
619
23
-438
-646
-740
-676
-482
-289
-113
30
119
166
137
54
-33
-120
-229
-197
41
319
605
892
1222
1518
1708
1848
1882
1819
1605
1295
1008
655
310
29
-269
-489
-723
-894
-963
-1033
-1032
-1158
-1220
-1084
-961
-745
-577
-399
-55
208
454
527
219
-357
-1294
-2271
-3083
-3940
-4778
-5737
-6421
-6330
-5767
-4739
-3660
-2632
-1182
194
1450
2562
3276
3873
4072
3798
3440
3129
2941
2681
2276
1922
1658
1686
1803
1806
1724
1299
818
241
-592
-1334
-2151
-2908
-3462
-3878
-3860
-3469
-2695
-1650
-667
330
1363
2404
3290
3776
3909
3715
3289
2740
2101
1453
800
245
-197
-557
-671
-632
-513
-295
-198
-195
-170
-139
-118
-187
-306
-365
-335
-134
113
421
814
1121
1417
1703
1927
2080
2128
1965
1660
1388
1065
744
470
85
-253
-503
-690
-818
-1002
-1164
-1250
-1258
-1214
-1207
-1102
-833
-603
-371
-112
209
534
492
176
-490
-1511
-2373
-3242
-4166
-5036
-6000
-6449
-6268
-5770
-4799
-3685
-2453
-1055
199
1495
2593
3352
3914
3995
3802
3511
3216
2975
2610
2263
1924
1711
1778
1837
1828
1670
1243
802
159
-637
-1367
-2203
-2904
-3501
-3911
-3839
-3395
-2605
-1647
-656
423
1488
2510
3337
3812
3996
3813
3421
2879
2188
1519
828
224
-251
-652
-800
-738
-605
-441
-328
-232
-122
-16
23
17
-36
-134
-114
25
225
499
806
1168
1474
1669
1882
2044
2051
1927
1688
1365
1027
727
384
0
-336
-659
-856
-1005
-1174
-1244
-1326
-1339
-1292
-1244
-992
-721
-504
-228
-11
320
556
328
-181
-1055
-2094
-2915
-3828
-4760
-5677
-6474
-6560
-6075
-5256
-4209
-3110
-1766
-305
967
2116
3060
3791
4152
4046
3738
3412
3192
2880
2447
2057
1740
1711
1834
1853
1815
1558
1118
557
-196
-994
-1828
-2624
-3233
-3705
-3917
-3720
-3132
-2219
-1227
-236
858
2002
3020
3733
4051
4001
3753
3284
2617
1904
1171
493
-118
-634
-897
-947
-830
-578
-420
-315
-187
-42
99
163
115
-42
-105
-25
96
293
590
903
1211
1522
1764
1988
2141
2114
1923
1629
1277
912
581
198
-230
-572
-808
-973
-1179
-1335
-1414
-1405
-1278
-1236
-1075
-782
-518
-197
109
318
396
331
-68
-982
-2005
-2951
-3806
-4514
-5529
-6439
-6579
-6157
-5269
-4275
-3322
-1951
-426
1000
2213
3033
3731
4198
4206
3858
3445
3161
2885
2536
2070
1673
1566
1629
1785
1803
1479
1060
572
-64
-817
-1764
-2603
-3204
-3690
-3905
-3793
-3297
-2391
-1368
-354
745
1884
2954
3759
4110
4089
3867
3409
2813
2126
1274
472
-151
-632
-944
-1129
-1133
-943
-723
-530
-369
-137
108
178
153
111
71
151
277
423
654
933
1230
1492
1730
1926
2050
2055
1854
1594
1313
957
610
227
-129
-486
-814
-983
-1150
-1315
-1398
-1437
-1315
-1183
-1060
-777
-473
-97
218
401
595
572
275
-432
-1595
-2652
-3571
-4393
-5235
-6272
-6737
-6504
-5827
-4701
-3676
-2550
-1070
353
1730
2805
3495
4018
4167
4014
3673
3256
2935
2649
2354
1959
1682
1709
1868
2002
1785
1261
797
284
-422
-1306
-2254
-2959
-3529
-3949
-3963
-3623
-2856
-1876
-863
232
1286
2383
3399
3981
4146
3989
3621
3077
2402
1619
730
52
-465
-894
-1104
-1142
-991
-735
-534
-375
-184
52
238
237
143
44
25
117
241
439
684
995
1335
1620
1886
2053
2140
2110
1840
1539
1234
900
571
97
-370
-724
-954
-1095
-1303
-1439
-1444
-1334
-1205
-1122
-883
-573
-272
36
253
455
527
292
-262
-1261
-2379
-3292
-4129
-4934
-5894
-6667
-6689
-6162
-5171
-4044
-2988
-1639
-171
1233
2413
3261
3919
4269
4218
3903
3459
3109
2811
2483
2126
1729
1629
1786
1906
1851
1479
1005
538
-110
-892
-1748
-2584
-3261
-3736
-3904
-3736
-3164
-2289
-1296
-245
814
1927
3020
3822
4135
4031
3672
3182
2570
1848
1081
363
-229
-716
-953
-944
-800
-577
-418
-291
-119
27
138
154
39
-129
-181
-63
110
351
624
915
1277
1577
1859
2161
2269
2193
1988
1653
1302
950
516
101
-301
-702
-962
-1110
-1205
-1265
-1334
-1340
-1245
-1118
-915
-648
-394
-178
30
166
149
73
-414
-1484
-2571
-3489
-4219
-4952
-5987
-6633
-6564
-5973
-4935
-3945
-2848
-1334
155
1470
2623
3474
4082
4379
4275
3881
3462
3167
2814
2408
1993
1638
1557
1639
1746
1679
1298
874
438
-156
-965
-1922
-2691
-3246
-3699
-3908
-3714
-3008
-2049
-1081
-31
1083
2218
3225
3892
4170
4132
3820
3287
2630
1827
949
142
-544
-1001
-1275
-1418
-1280
-1002
-719
-440
-223
49
313
372
345
342
306
313
416
555
738
998
1257
1496
1761
1936
2028
1979
1771
1531
1213
879
506
100
-303
-744
-1035
-1166
-1327
-1471
-1539
-1497
-1332
-1141
-881
-488
-183
128
439
541
543
277
-466
-1573
-2673
-3644
-4491
-5409
-6429
-6945
-6751
-5946
-4888
-3912
-2639
-1010
489
1771
2930
3787
4295
4422
4166
3845
3487
3021
2653
2268
1858
1611
1571
1792
1969
1791
1382
937
421
-256
-1156
-2171
-3013
-3603
-3952
-4070
-3775
-2985
-2004
-979
94
1291
2561
3572
4133
4346
4267
3900
3308
2519
1646
808
-61
-796
-1163
-1300
-1319
-1196
-973
-729
-474
-205
66
278
330
268
195
197
273
374
525
737
1027
1343
1677
1949
2077
2134
2037
1811
1532
1175
809
432
18
-420
-778
-1017
-1222
-1343
-1457
-1536
-1475
-1323
-1124
-860
-615
-330
97
344
454
511
204
-516
-1604
-2695
-3521
-4344
-5286
-6259
-6797
-6533
-5737
-4774
-3759
-2509
-920
529
1712
2885
3810
4306
4298
4002
3764
3438
2991
2488
2080
1876
1619
1482
1672
1940
1901
1323
748
329
-241
-1056
-2107
-2959
-3473
-3828
-3950
-3686
-2908
-1867
-943
80
1317
2547
3559
4062
4192
4131
3754
3093
2317
1573
812
26
-633
-1008
-1065
-1038
-992
-786
-536
-265
-55
20
105
136
63
-35
-74
27
226
428
673
961
1317
1708
2005
2156
2166
2050
1801
1448
1113
753
323
-110
-477
-732
-952
-1124
-1251
-1334
-1342
-1267
-1128
-1018
-836
-624
-405
0
247
319
287
-191
-912
-1860
-2895
-3673
-4494
-5436
-6252
-6628
-6244
-5397
-4488
-3469
-2178
-633
778
1974
3086
3904
4337
4234
3889
3718
3439
2960
2417
2019
1819
1628
1550
1686
1810
1675
1193
671
239
-385
-1224
-2153
-2978
-3526
-3799
-3809
-3420
-2632
-1659
-688
352
1546
2704
3588
4025
4077
3938
3648
3065
2209
1424
708
-28
-674
-1099
-1153
-1058
-989
-884
-682
-373
-115
-15
15
45
31
-58
-77
97
301
521
768
1057
1420
1756
2007
2158
2179
2032
1778
1437
1069
721
318
-89
-418
-710
-907
-1026
-1186
-1323
-1324
-1247
-1163
-997
-830
-639
-308
-77
75
78
-282
-926
-1817
-2709
-3528
-4277
-5162
-6089
-6435
-6173
-5476
-4546
-3553
-2306
-833
538
1821
2999
3831
4262
4229
3962
3745
3420
2959
2445
1974
1653
1467
1406
1530
1732
1633
1253
853
432
-135
-924
-1858
-2672
-3257
-3674
-3758
-3402
-2706
-1843
-941
148
1372
2507
3390
3895
4060
3938
3549
2982
2311
1501
645
-115
-693
-989
-1044
-1019
-922
-813
-677
-387
-160
-7
74
-1
-93
-141
-106
37
266
491
767
1095
1438
1860
2209
2315
2242
2075
1806
1489
1131
709
255
-172
-527
-755
-886
-1026
-1105
-1222
-1266
-1186
-1110
-920
-781
-708
-504
-252
-87
-77
-407
-1040
-1834
-2694
-3453
-4142
-4953
-5789
-6156
-5913
-5280
-4401
-3501
-2394
-927
423
1582
2705
3579
4068
4081
3823
3658
3416
2947
2432
2032
1764
1557
1496
1585
1756
1734
1308
828
434
-102
-834
-1704
-2546
-3158
-3539
-3664
-3415
-2780
-1944
-960
129
1167
2250
3227
3739
3909
3819
3447
2996
2293
1401
687
55
-525
-885
-1036
-1050
-889
-693
-535
-304
-73
67
91
6
-88
-94
-113
-139
59
373
661
959
1309
1783
2126
2227
2235
2142
1955
1603
1188
823
435
19
-367
-639
-823
-953
-1083
-1161
-1112
-1094
-1024
-855
-698
-543
-371
-207
-180
-350
-815
-1583
-2381
-3112
-3907
-4673
-5414
-5991
-5994
-5574
-4842
-3908
-2945
-1681
-302
915
2069
3030
3689
3962
3821
3582
3396
3128
2688
2209
1880
1688
1585
1582
1688
1820
1675
1215
745
245
-373
-1210
-2142
-2897
-3427
-3632
-3532
-3116
-2370
-1477
-479
628
1746
2726
3419
3799
3863
3616
3166
2546
1813
1030
296
-321
-795
-968
-944
-885
-742
-522
-343
-195
-49
27
-15
-194
-346
-346
-265
-148
76
428
823
1285
1705
2066
2384
2464
2345
2156
1844
1465
1133
719
214
-207
-524
-731
-826
-921
-1006
-981
-992
-970
-845
-735
-583
-468
-374
-329
-437
-719
-1245
-2045
-2842
-3532
-4193
-4829
-5518
-5878
-5638
-4999
-4182
-3368
-2324
-944
335
1368
2289
3101
3628
3716
3493
3322
3166
2866
2435
2023
1829
1758
1687
1659
1731
1757
1489
1001
460
-109
-765
-1630
-2474
-3094
-3452
-3513
-3262
-2713
-1951
-987
52
1103
2112
2938
3498
3649
3477
3141
2640
1988
1289
608
10
-443
-720
-781
-688
-518
-330
-201
-118
-23
13
-78
-237
-427
-557
-539
-447
-239
108
513
1006
1481
1920
2332
2533
2545
2420
2189
1834
1361
890
424
-64
-423
-631
-823
-890
-917
-923
-806
-737
-717
-641
-553
-463
-333
-330
-503
-756
-1302
-2100
-2847
-3555
-4146
-4718
-5439
-5784
-5503
-4859
-4005
-3253
-2331
-1004
183
1179
2080
2806
3336
3442
3251
3077
3020
2857
2401
2018
1831
1817
1863
1798
1845
1849
1529
1019
448
-135
-795
-1610
-2466
-3160
-3472
-3453
-3223
-2693
-1923
-1004
47
1056
2023
2923
3423
3518
3439
3131
2652
2136
1486
822
288
-251
-662
-772
-773
-704
-634
-637
-516
-378
-314
-311
-420
-486
-491
-472
-324
-59
261
621
1020
1460
1891
2252
2450
2468
2353
2147
1910
1589
1138
686
265
-178
-483
-657
-807
-903
-1026
-1150
-1061
-855
-651
-469
-381
-306
-259
-268
-336
-721
-1547
-2532
-3323
-3804
-4321
-5054
-5570
-5581
-5072
-4259
-3508
-2621
-1310
-61
752
1498
2389
3116
3311
2976
2615
2590
2547
2293
1983
1844
1979
1990
1891
1950
2097
1989
1449
725
46
-574
-1353
-2221
-2935
-3366
-3470
-3282
-2800
-2055
-1130
-157
767
1644
2469
3041
3271
3295
3037
2533
1983
1461
940
422
-54
-363
-399
-409
-428
-322
-243
-268
-359
-439
-480
-612
-797
-912
-913
-740
-461
-118
349
859
1332
1777
2143
2410
2574
2520
2292
1988
1655
1304
905
460
67
-224
-435
-572
-730
-841
-906
-903
-786
-707
-589
-455
-426
-437
-449
-433
-511
-965
-1735
-2531
-3154
-3595
-4145
-4784
-5197
-5091
-4546
-3863
-3116
-2241
-1158
-99
640
1317
2125
2731
2867
2556
2311
2379
2449
2292
2108
2080
2135
2130
2074
2085
2028
1774
1188
433
-255
-909
-1568
-2266
-2834
-3153
-3199
-2899
-2347
-1597
-773
39
842
1597
2229
2622
2755
2654
2403
2093
1745
1374
1000
595
261
111
67
60
-25
-124
-151
-277
-479
-599
-664
-799
-1017
-1113
-969
-663
-304
35
471
969
1360
1684
2022
2233
2233
2133
1946
1708
1480
1222
930
581
223
-32
-191
-306
-485
-691
-793
-838
-856
-830
-722
-599
-577
-532
-521
-449
-449
-858
-1557
-2390
-3002
-3374
-3902
-4526
-4938
-4891
-4397
-3748
-3050
-2118
-1035
-87
613
1219
1938
2456
2558
2351
2143
2171
2194
2162
2074
2001
2083
2168
2186
2169
2069
1753
1191
460
-307
-976
-1604
-2223
-2769
-3096
-3049
-2668
-2059
-1362
-662
61
809
1476
1959
2239
2330
2227
1930
1601
1338
1187
1026
766
573
508
559
586
512
428
241
-53
-370
-708
-930
-1069
-1248
-1280
-1124
-833
-397
64
544
995
1303
1585
1862
2012
1997
1876
1716
1480
1279
1116
959
756
478
271
124
-10
-195
-370
-495
-682
-815
-833
-835
-797
-795
-798
-730
-716
-818
-1196
-1874
-2522
-3020
-3435
-3840
-4400
-4704
-4457
-3915
-3253
-2550
-1672
-635
243
838
1380
1994
2420
2367
2043
1880
1974
2068
1977
1863
1938
2114
2197
2137
2037
1859
1454
833
64
-670
-1256
-1789
-2319
-2730
-2856
-2597
-2065
-1461
-833
-164
474
1034
1490
1724
1862
1919
1743
1458
1218
1114
1121
1031
904
875
886
873
763
558
307
1
-373
-757
-1016
-1172
-1279
-1305
-1192
-898
-477
-22
388
785
1135
1376
1564
1705
1759
1730
1618
1449
1316
1246
1173
1064
890
697
511
285
70
-177
-388
-546
-732
-860
-921
-909
-895
-904
-817
-787
-896
-1210
-1774
-2307
-2793
-3258
-3713
-4180
-4362
-4208
-3792
-3135
-2391
-1528
-689
11
647
1157
1617
1887
1869
1769
1648
1660
1775
1836
1919
2034
2131
2205
2201
2130
1863
1375
789
36
-672
-1265
-1754
-2104
-2341
-2370
-2185
-1752
-1186
-622
-53
400
760
1042
1178
1268
1302
1247
1151
1104
1154
1242
1329
1364
1339
1312
1189
961
660
254
-154
-560
-959
-1233
-1315
-1280
-1199
-1033
-736
-365
38
410
673
893
1072
1207
1290
1303
1355
1398
1408
1420
1426
1455
1390
1205
992
758
457
143
-147
-431
-638
-782
-871
-902
-925
-883
-815
-746
-751
-907
-1128
-1509
-2018
-2547
-3036
-3357
-3635
-3865
-3816
-3513
-2916
-2212
-1593
-938
-281
267
644
933
1182
1327
1342
1281
1283
1496
1754
1982
2137
2188
2305
2268
2071
1790
1294
750
98
-563
-1031
-1436
-1687
-1794
-1768
-1584
-1293
-869
-463
-106
146
250
412
508
560
696
767
835
972
1131
1347
1545
1621
1556
1437
1277
992
662
301
-119
-475
-749
-914
-925
-872
-782
-616
-414
-206
-33
132
312
414
496
627
761
900
1066
1211
1307
1403
1512
1531
1469
1325
1088
819
500
182
-92
-330
-489
-560
-598
-578
-571
-597
-591
-587
-661
-967
-1344
-1662
-2021
-2420
-2923
-3292
-3357
-3369
-3302
-3087
-2625
-1929
-1363
-964
-521
-56
300
479
574
705
871
1054
1189
1378
1659
1973
2217
2204
2141
2084
1874
1529
1022
485
13
-447
-809
-1083
-1234
-1188
-1100
-973
-801
-610
-359
-173
-80
-74
-58
69
225
356
521
779
1036
1246
1384
1419
1477
1451
1224
1000
715
416
196
-88
-314
-413
-472
-498
-499
-454
-375
-304
-257
-215
-88
40
132
224
330
575
854
1027
1163
1290
1402
1448
1416
1297
1123
961
721
464
321
147
-25
-186
-280
-274
-363
-416
-514
-608
-601
-755
-966
-1162
-1392
-1651
-2061
-2448
-2690
-2807
-2872
-2968
-2889
-2643
-2207
-1739
-1422
-992
-521
-167
61
189
408
702
889
946
1076
1401
1664
1827
1954
1966
1986
1840
1539
1269
918
543
123
-299
-566
-775
-830
-800
-793
-759
-676
-476
-363
-339
-296
-253
-168
-66
21
249
539
775
952
1106
1263
1328
1277
1130
970
785
565
361
186
51
-27
-87
-131
-118
-153
-225
-275
-299
-293
-297
-237
-139
-11
130
314
571
772
915
1058
1147
1209
1220
1160
1080
961
818
654
520
383
237
162
35
-103
-150
-257
-362
-500
-614
-656
-784
-1001
-1231
-1382
-1682
-2125
-2441
-2636
-2647
-2687
-2845
-2734
-2355
-1888
-1513
-1230
-812
-358
-90
5
122
450
731
793
842
1050
1447
1716
1802
1854
1874
1816
1583
1286
955
638
362
-7
-344
-543
-561
-531
-622
-671
-623
-540
-455
-448
-464
-409
-336
-250
-143
72
394
711
958
1008
1050
1160
1148
1078
877
682
628
482
343
285
264
255
148
20
-64
-137
-183
-290
-380
-384
-348
-240
-111
65
288
461
582
684
808
916
960
949
918
917
886
819
733
618
555
438
269
128
31
-7
-112
-237
-358
-476
-547
-676
-784
-900
-1027
-1221
-1676
-2105
-2368
-2454
-2465
-2666
-2721
-2447
-2048
-1645
-1372
-1002
-528
-270
-210
-148
108
414
548
617
758
1111
1461
1595
1698
1766
1792
1627
1302
1087
830
552
277
-58
-249
-349
-338
-260
-333
-463
-548
-512
-479
-551
-535
-431
-324
-264
-185
138
529
728
848
903
882
900
855
725
647
553
479
445
398
429
444
392
296
140
-2
-83
-138
-250
-325
-261
-214
-162
-25
124
307
462
503
523
557
618
691
697
695
778
816
772
689
588
503
421
280
118
15
-59
-85
-125
-248
-357
-437
-551
-655
-798
-949
-1171
-1569
-1948
-2180
-2230
-2255
-2424
-2429
-2200
-1897
-1578
-1293
-916
-548
-440
-434
-241
48
258
404
567
795
1096
1311
1482
1680
1683
1555
1377
1102
927
777
557
370
181
45
-1
-41
-118
-219
-338
-432
-506
-573
-583
-519
-426
-361
-278
-81
135
329
551
605
542
534
484
558
634
545
558
625
648
635
591
555
448
250
76
-1
17
-27
-79
-57
-72
-59
-11
53
172
185
140
190
262
375
503
566
636
682
669
664
615
555
485
365
235
128
115
150
133
82
-10
-134
-282
-443
-536
-671
-838
-951
-1192
-1515
-1778
-1957
-1949
-1959
-2128
-2163
-2033
-1803
-1482
-1159
-864
-663
-565
-476
-241
18
153
370
631
843
998
1079
1292
1492
1445
1289
1121
986
868
704
581
485
335
207
144
130
51
-111
-280
-401
-449
-501
-497
-398
-293
-219
-216
-123
23
99
201
276
279
305
381
497
639
705
707
727
689
599
545
479
396
344
249
178
181
129
142
187
159
153
112
58
94
128
102
112
164
235
335
396
418
423
382
306
273
251
212
229
226
196
196
193
131
87
17
-162
-328
-430
-519
-599
-668
-875
-1155
-1395
-1656
-1720
-1695
-1744
-1749
-1804
-1743
-1473
-1210
-1015
-839
-691
-574
-417
-252
-79
182
379
515
715
870
1016
1105
1137
1149
1011
832
738
680
648
662
609
496
400
290
183
76
-59
-175
-282
-350
-340
-351
-317
-213
-198
-184
-132
-136
-106
-45
39
188
283
395
520
548
617
637
629
604
518
485
455
411
361
376
402
382
400
382
361
338
243
186
172
99
79
126
129
139
138
111
127
116
60
39
31
33
45
32
54
138
171
138
104
32
-53
-138
-235
-317
-381
-411
-454
-547
-675
-895
-1133
-1255
-1345
-1381
-1361
-1397
-1379
-1257
-1095
-891
-757
-709
-672
-620
-563
-423
-227
-33
158
302
459
603
678
706
732
729
733
710
645
634
650
703
740
711
632
482
350
241
142
104
63
-3
-81
-142
-136
-144
-142
-139
-180
-196
-221
-171
-59
18
108
217
306
359
375
364
343
313
312
335
361
418
457
475
501
507
528
503
428
349
267
232
207
176
146
91
100
128
95
36
-44
-92
-136
-159
-154
-201
-222
-226
-220
-152
-166
-225
-253
-316
-379
-422
-445
-459
-431
-375
-341
-306
-290
-286
-328
-431
-479
-525
-553
-499
-446
-367
-264
-224
-203
-200
-238
-253
-291
-302
-253
-239
-201
-153
-139
-91
-73
-79
-48
-62
-113
-113
-80
-33
52
118
164
256
320
334
328
316
310
301
316
354
398
441
459
434
401
374
341
321
306
297
301
297
287
255
218
194
156
106
55
20
8
-5
-9
1
39
92
118
152
158
147
156
148
125
121
123
135
136
107
58
19
6
-28
-83
-105
-114
-103
-81
-99
-121
-126
-129
-129
-133
-125
-115
-138
-148
-140
-154
-159
-128
-122
-124
-114
-112
-104
-102
-132
-166
-168
-178
-188
-180
-183
-193
-183
-203
-226
-235
-276
-291
-270
-258
-234
-239
-263
-247
-230
-235
-214
-198
-200
-158
-142
-172
-133
-61
6
82
101
110
159
189
189
220
216
207
225
202
210
261
268
259
288
300
306
309
285
280
287
241
185
168
130
97
80
49
28
5
15
36
42
36
30
56
74
77
92
117
134
121
107
111
113
89
41
18
19
64
69
64
96
84
57
35
-3
14
60
56
35
-7
-14
-22
-24
-8
-22
-48
-62
-81
-115
-92
-91
-126
-158
-191
-178
-160
-181
-187
-176
-183
-218
-268
-257
-223
-242
-263
-253
-246
-245
-244
-235
-215
-220
-220
-208
-171
-159
-176
-160
-138
-122
-113
-103
-59
0
41
69
87
125
138
131
151
173
165
142
144
165
199
217
222
237
254
257
247
266
252
202
193
163
147
157
114
98
85
25
9
21
42
37
25
17
35
45
23
24
25
61
90
60
45
58
68
59
44
57
79
87
77
49
16
2
-16
-31
-29
-14
14
-3
-34
-19
-2
-12
-20
-36
-56
-69
-106
-126
-106
-111
-112
-119
-143
-130
-148
-153
-133
-161
-164
-141
-138
-129
-116
-119
-119
-112
-103
-110
-111
-101
-123
-137
-148
-152
-136
-141
-113
-82
-91
-89
-83
-59
2
23
32
67
66
82
100
84
91
109
121
130
123
139
171
153
175
204
210
220
200
206
200
179
162
122
106
104
78
81
83
45
41
56
-5
-63
-62
-61
-61
-20
-16
-77
-152
-262
-277
-191
-89
112
244
270
251
124
38
-29
-59
15
70
82
79
45
3
-15
5
19
4
-3
-7
-26
-67
-79
-62
-52
-40
-49
-75
-108
-164
-180
-150
-109
-56
-31
-4
-9
-51
-79
-98
-131
-136
-102
-87
-53
-10
-7
1
-40
-125
-134
-141
-160
-136
-119
-121
-119
-91
-71
-61
-10
8
2
40
74
74
34
22
32
72
153
207
255
251
169
137
144
136
173
214
261
302
230
177
185
106
57
53
17
41
33
-32
-52
-55
-66
-74
-70
-78
-114
-124
-97
-120
-143
-172
-229
-250
-321
-304
-111
65
213
243
178
138
115
101
119
155
170
185
135
106
103
84
62
-4
-60
-118
-136
-113
-82
-30
-23
-35
-60
-144
-195
-219
-195
-145
-122
-135
-146
-141
-155
-96
-24
33
30
-26
-29
-19
51
130
153
164
130
50
-19
-49
-40
-34
-72
-76
-78
-88
-81
-101
-77
-41
-55
-60
-43
-48
-29
-9
-16
0
110
172
141
121
127
198
251
241
218
209
182
186
251
277
265
189
77
16
-12
-49
-35
-15
-38
-26
-71
-122
-109
-105
-160
-209
-209
-205
-163
-136
-122
-90
-92
-86
-87
-72
-38
-35
-42
-41
39
65
48
62
17
8
22
40
76
93
68
53
67
55
42
35
54
13
-37
-28
-4
60
57
-17
-36
-52
-73
-49
-34
-66
-114
-135
-86
-31
-30
-66
-61
-31
-44
-37
1
39
30
-71
-116
-64
-40
-1
8
-23
-36
-83
-78
-40
-48
-5
33
44
66
43
31
33
30
10
-5
8
46
90
134
161
170
189
166
174
212
177
162
173
137
98
57
57
93
52
-4
9
23
5
-16
-25
-16
-58
-113
-125
-117
-109
-137
-138
-114
-128
-137
-161
-149
-52
-3
-13
-10
-67
-102
-63
-40
20
33
-21
-23
-8
27
79
90
64
5
-39
-38
3
41
57
58
49
66
46
14
13
5
-16
-52
-74
-92
-96
-60
-7
22
10
-55
-123
-127
-99
-73
-53
-57
-56
-63
-71
-61
-44
-31
-35
-41
-60
-62
-51
-3
41
58
104
113
62
16
10
39
64
45
26
42
41
48
83
152
185
142
100
106
136
166
193
205
178
133
115
79
51
64
65
58
35
-13
-28
-38
-32
-11
8
-5
-47
-87
-172
-217
-163
-94
-89
-129
-138
-122
-129
-128
-81
-57
-64
-77
-74
-28
7
33
37
31
22
-24
-74
-53
21
60
55
33
19
62
89
73
45
-3
-21
-19
-32
-13
24
19
-30
-51
-15
-7
-57
-109
-93
-77
-85
-70
-52
-30
-17
-24
-25
-51
-87
-75
-59
-47
-44
-42
-9
6
6
27
48
34
12
33
52
67
96
117
119
81
52
49
48
53
51
57
75
105
133
164
178
176
169
112
79
59
36
72
75
45
42
20
16
43
10
-34
-85
-108
-82
-85
-92
-82
-81
-112
-122
-142
-155
-138
-131
-97
-75
-81
-64
-22
7
11
14
-4
-41
-48
-45
-18
14
4
1
-3
22
55
30
21
39
33
21
2
1
19
15
23
39
47
21
0
-13
-27
-33
-51
-71
-50
1
35
56
39
3
-31
-59
-57
-26
-32
-38
-27
-16
8
1
-17
-60
-99
-60
-9
14
21
29
62
62
15
14
47
34
20
15
-1
17
28
38
56
56
97
146
150
138
144
140
99
99
115
113
96
42
32
56
50
15
-23
-65
-79
-80
-118
-108
-91
-130
-126
-118
-125
-130
-145
-148
-148
-138
-107
-80
-56
-13
-19
-27
-17
-10
17
8
-2
20
57
53
31
42
65
70
78
65
27
33
49
72
89
54
46
72
29
-7
-11
-23
-15
-21
-47
-43
-23
-20
-37
-44
-41
-52
-68
-65
-31
-11
8
-9
-31
-24
-11
-29
-76
-59
7
35
21
0
-18
12
40
16
27
58
36
39
46
6
21
29
-3
20
38
36
65
68
66
89
78
63
95
104
98
104
76
57
58
63
44
10
1
-4
-12
-30
-43
-37
-60
-96
-89
-79
-110
-130
-93
-82
-133
-156
-113
-82
-99
-95
-61
-50
-33
-42
-46
-2
5
10
26
48
69
49
22
41
57
27
1
-2
51
79
44
32
30
40
22
-21
-3
30
39
13
-33
-9
3
-24
-8
-6
-12
-12
-42
-49
-18
-6
-8
-6
-17
-39
-44
-26
-40
-54
-30
-9
1
13
4
-4
31
72
60
25
16
17
27
30
22
23
24
15
9
26
56
55
22
34
57
52
76
92
78
72
84
93
79
66
65
68
56
23
7
5
-15
-24
-10
-37
-70
-78
-79
-74
-87
-88
-82
-91
-96
-105
-87
-76
-85
-80
-65
-54
-60
-58
-31
-3
7
-12
-2
18
21
37
33
40
31
-7
12
11
-7
1
-7
-2
-9
-6
-8
-21
-10
2
9
23
22
4
2
-22
-30
-22
-39
-33
-7
2
-14
-15
-7
1
10
7
11
22
26
18
30
42
21
10
37
33
34
46
14
24
34
-7
26
47
9
25
28
-7
-14
-8
-4
15
25
35
48
43
42
43
47
54
48
51
52
74
94
58
67
73
31
27
13
5
-3
-31
-36
-41
-48
-59
-70
-78
-86
-78
-92
-104
-66
-48
-78
-87
-102
-93
-69
-76
-55
-19
4
-5
6
21
4
-1
4
4
3
15
21
5
3
5
-16
-7
2
-12
-2
19
15
6
6
6
17
10
-10
2
-3
-13
-8
-12
-4
-3
-22
-21
2
31
37
30
17
-3
11
24
14
13
19
16
23
23
9
1
6
24
37
32
11
5
22
31
13
-6
-4
15
28
20
19
30
38
35
46
44
33
34
59
70
56
60
71
59
37
38
23
18
8
-24
-37
-25
-23
-48
-69
-81
-67
-56
-73
-86
-80
-81
-68
-67
-105
-95
-53
-64
-79
-66
-44
-30
-35
-23
7
-5
-16
14
23
49
76
53
41
30
9
17
38
18
14
26
1
-6
-1
-5
-12
-16
-5
15
26
19
17
24
17
9
-5
-1
25
20
11
16
17
-7
-31
-17
-16
-24
-32
-30
-20
-24
-22
1
4
-4
16
49
58
21
3
14
29
30
25
20
13
16
21
16
-4
-3
30
47
55
68
60
80
71
36
49
