3
-2
2
4
-1
0
3
0
2
2
-2
1
2
-2
2
2
0
0
1
1
-3
0
-1
0
5
-4
0
2
1
0
1
1
-4
-3
4
-1
-5
-2
-1
-6
-6
-17
-24
-2
-1
-10
-14
-9
3
-8
-3
18
23
21
10
22
39
18
12
23
13
17
19
4
9
9
-7
-47
-36
-23
-64
-35
-17
-22
6
-20
-17
-9
-13
16
16
38
32
-6
17
36
35
13
5
44
27
-5
8
-2
-13
-7
5
4
-23
-33
-36
-34
-19
-24
-36
-12
15
0
6
11
5
17
-15
-25
9
29
17
-22
6
40
30
-2
8
52
-16
-69
17
28
-49
4
-5
-39
11
-61
-18
65
-58
-53
66
16
-40
15
18
17
32
-12
14
53
7
-17
27
46
-10
-24
19
51
-34
-38
20
-5
-17
-9
-56
-26
54
-25
-8
39
-77
37
86
-111
31
40
-36
43
-12
-4
85
21
-56
29
51
-46
-59
23
-15
-41
64
-17
-19
24
-123
1
31
-49
69
-8
-45
60
-31
-49
55
14
-67
11
8
-110
-10
87
5
44
-49
-99
96
117
-46
-47
86
-9
-15
124
32
91
178
-13
24
38
-106
-40
42
-124
-193
-125
-137
-126
-51
-154
-172
-9
9
156
201
-43
36
85
20
133
4
-120
-30
91
111
90
109
30
56
189
127
-27
19
46
-98
23
6
-70
19
-48
-8
-35
-124
-7
-50
-102
-47
-107
-30
52
-79
-56
10
-51
-48
82
41
-40
110
93
55
152
103
12
20
75
21
-83
28
-57
-77
56
-87
-114
76
-50
-114
18
-90
-38
-25
-128
41
-32
-116
42
29
18
48
43
-75
37
89
-52
47
68
28
68
65
-29
-36
34
3
-3
-53
-8
60
-58
-62
86
-76
-188
75
-84
-117
89
-150
-37
124
-51
19
34
83
50
-36
181
-84
-119
186
-37
4
79
-28
12
28
165
-9
-21
104
-167
55
189
-134
-86
147
17
-27
14
14
55
-75
-65
40
-120
-18
-167
-292
266
-14
-96
299
-146
-82
133
-100
239
-7
-220
272
20
-37
147
-108
22
154
-43
-34
121
89
-142
69
66
-103
138
-97
-123
120
-66
-57
-51
-73
98
-156
-18
125
-62
61
-164
3
85
-286
45
-20
-157
143
-181
-32
203
-325
-179
91
-122
-58
-157
13
243
52
159
110
69
259
110
32
151
47
-13
55
28
57
1
-38
43
17
-50
-105
-173
-47
-21
-240
-166
-69
-132
-122
-102
-76
-26
-18
-1
47
32
22
145
177
68
65
158
97
97
111
-16
110
138
71
149
46
-34
16
-39
-31
-21
-78
-59
-23
13
-70
-39
-44
-114
-49
-86
-100
-102
-65
31
48
63
57
45
89
113
44
-9
60
4
-32
81
77
-19
-9
27
-53
-85
-87
-111
-130
-117
-25
14
-35
-38
-38
-70
-11
-10
-69
-55
-7
46
118
122
8
27
117
29
-36
66
83
41
75
100
93
78
19
-9
44
-15
-43
-31
-101
-58
-124
-189
-95
-85
-77
-98
-99
69
50
-13
50
7
9
8
9
30
58
57
-9
58
111
57
61
32
61
102
17
61
60
-54
-38
-89
-67
-11
-76
-16
-43
-101
-13
-3
35
77
4
-48
-26
39
0
-33
-2
-57
-31
-9
-12
36
18
16
-30
33
115
30
59
23
-26
33
-24
-102
-9
91
-13
-87
-33
-8
-15
-49
-61
-46
-33
-35
-36
83
158
34
-20
65
21
-63
-68
3
124
56
-77
32
187
143
14
-45
-38
17
-1
-73
0
1
-65
-21
-3
-58
-147
-183
-53
38
-44
-70
-49
-27
75
19
-89
-21
-23
10
63
41
87
93
86
122
98
89
115
81
34
12
17
40
24
13
46
1
-54
-53
-97
-61
-69
-178
-201
-156
-55
-43
-88
-8
70
65
22
37
78
54
30
19
-3
-5
0
45
163
89
-65
-18
1
-19
-11
-3
14
-17
-26
-4
36
45
-80
-85
-27
-53
35
75
32
58
61
39
71
96
18
-51
-76
-127
-67
28
-8
-43
13
27
-36
-123
-126
-67
-111
-134
-102
-65
5
11
73
126
66
60
69
88
48
47
94
67
97
33
10
103
12
-20
6
-20
36
-13
-13
78
51
30
-13
-47
-25
-39
-19
-49
-61
-2
-40
20
13
-96
-67
-61
13
-26
-142
-68
-71
-78
-43
-33
85
77
15
22
-7
30
13
-16
14
0
0
-2
23
61
58
53
-9
-27
38
64
48
13
22
17
-10
28
64
46
-7
-93
-128
-76
-60
-53
-37
-49
-9
-5
31
92
62
72
66
72
103
63
69
101
67
-55
-93
-8
31
31
-82
-135
-40
7
-19
-73
-63
-6
-79
-129
-81
-20
56
11
-58
30
97
91
96
140
234
165
30
45
116
110
-19
-117
-83
-71
-103
-133
-96
-61
-168
-217
-142
-74
-65
-111
-89
-76
-124
-104
-79
-102
-140
-147
-91
-30
8
39
19
13
33
29
66
96
76
90
87
61
99
144
179
160
151
182
125
140
233
234
215
215
231
265
273
202
153
145
138
151
158
155
135
141
151
102
95
99
74
85
18
76
153
108
83
-27
-31
-10
-90
-88
-110
-119
-97
-131
-19
-7
-114
-131
-196
-172
-122
-130
-94
-119
-158
-132
-67
-20
-121
-142
-49
-73
-137
-281
-367
-365
-475
-614
-786
-785
-711
-863
-969
-1015
-974
-853
-925
-930
-821
-695
-579
-652
-547
-361
-299
-181
-71
132
222
188
302
436
506
520
574
754
812
728
747
790
783
759
717
736
717
634
633
652
703
616
549
598
534
568
600
592
601
576
586
547
547
586
593
585
495
446
420
417
413
344
337
296
232
184
125
106
52
-15
-22
-37
-85
-174
-198
-107
-108
-143
-196
-218
-136
-134
-177
-198
-168
-106
-152
-263
-272
-297
-280
-281
-375
-413
-435
-380
-329
-440
-516
-478
-405
-645
-1201
-1490
-1592
-1685
-1960
-2245
-2069
-1968
-2094
-2127
-2061
-1915
-2033
-2045
-1713
-1443
-1151
-906
-523
-48
113
322
608
841
1078
1204
1439
1671
1805
2001
2027
1883
1724
1636
1583
1368
1151
1010
905
805
726
684
578
319
49
39
136
154
162
172
307
443
450
580
752
868
860
848
1040
1195
1210
1154
1066
1062
1057
938
870
808
639
499
371
333
228
-13
-143
-198
-182
-204
-272
-253
-294
-312
-288
-260
-113
-57
-84
-79
-72
77
246
267
199
88
56
106
36
-89
-215
-350
-377
-381
-438
-607
-730
-826
-965
-1122
-1152
-1055
-1392
-2289
-3176
-3438
-3056
-2823
-2853
-3006
-3292
-3085
-2724
-2327
-2041
-2276
-2193
-1752
-1195
-528
-53
491
778
808
1009
1271
1805
2189
2281
2372
2371
2540
2784
2789
2509
2088
1682
1276
1021
899
814
662
370
104
-93
-226
-262
-371
-582
-716
-661
-346
-22
159
292
379
588
800
959
1236
1434
1605
1702
1683
1769
1806
1792
1665
1397
1245
1146
1092
957
742
541
203
19
-66
-214
-273
-346
-322
-283
-413
-450
-408
-326
-295
-400
-349
-183
27
151
105
92
74
5
-144
-289
-308
-358
-364
-439
-581
-552
-629
-777
-984
-1247
-1359
-1247
-1044
-1296
-2030
-2799
-3175
-2686
-2219
-2410
-2728
-2965
-2493
-1989
-2062
-2009
-2059
-1909
-1653
-1559
-913
-275
131
391
379
561
835
1227
1638
1801
1845
1938
2222
2531
2659
2484
2188
1944
1586
1368
1286
1166
1070
851
605
440
233
85
-79
-285
-383
-508
-432
-170
-24
96
109
172
359
486
697
868
979
1096
1092
1181
1308
1317
1263
1085
906
806
734
636
554
509
351
123
28
67
-54
-167
-217
-266
-74
-102
-365
-342
-178
-147
-384
-555
-358
-191
-154
-364
-587
-507
-512
-644
-765
-825
-667
-614
-758
-762
-805
-812
-784
-914
-947
-771
-613
-520
-460
-466
-428
-337
-284
-204
-158
-241
-333
-428
-348
-215
-288
-451
-617
-562
-447
-493
-518
-597
-684
-732
-793
-731
-634
-522
-431
-410
-304
-184
-112
-64
-46
22
65
131
332
565
769
849
813
705
606
626
661
645
627
628
661
737
760
682
595
557
479
420
425
456
580
693
698
612
534
562
575
528
492
487
518
542
552
558
540
483
372
274
261
227
188
151
71
-15
-76
-79
-66
-88
-131
-146
-167
-206
-214
-223
-234
-222
-213
-203
-156
-110
-82
-68
-86
-150
-195
-195
-159
-130
-153
-156
-140
-113
-144
-244
-287
-304
-369
-446
-442
-370
-308
-304
-354
-328
-286
-311
-293
-194
-134
-218
-399
-565
-522
-391
-451
-603
-673
-590
-498
-550
-591
-626
-719
-833
-990
-957
-762
-610
-523
-553
-535
-481
-477
-407
-327
-240
-156
-54
262
586
740
792
768
714
627
580
645
767
846
827
822
854
843
793
717
655
546
443
465
546
654
664
585
510
407
370
411
426
417
360
296
330
414
462
396
295
219
142
74
67
139
187
124
-15
-105
-82
33
73
-61
-151
-120
-51
-1
-50
-169
-127
-85
-211
-256
-396
-496
-195
-58
-311
-518
-412
100
311
-67
-244
31
290
226
101
110
77
-42
-51
34
44
60
100
133
234
263
254
349
307
170
-168
-814
-1256
-1172
-861
-864
-1281
-1571
-1367
-1124
-1389
-1778
-1847
-1798
-1873
-2131
-1984
-1287
-871
-921
-1059
-1006
-671
-464
-245
211
603
866
1023
1287
1708
1912
1940
1864
1723
1652
1643
1904
2108
1991
1795
1528
1323
1081
735
644
559
225
-84
-167
-61
-79
-378
-669
-761
-810
-908
-857
-664
-488
-474
-606
-510
-278
-96
58
111
207
358
469
627
718
726
613
457
401
419
554
596
515
558
500
360
266
231
277
213
102
-24
71
327
354
206
63
-62
-56
-89
-78
36
202
138
-213
-128
143
201
0
-472
-448
-152
-97
68
62
111
98
-51
-5
-173
-574
-1220
-1962
-2019
-1801
-1576
-1560
-2047
-2166
-2289
-2484
-2529
-2688
-2341
-2054
-2171
-1954
-1555
-904
-604
-749
-505
-193
240
721
1224
1915
2136
2078
2104
2199
2547
2706
2720
2691
2426
2248
2105
2043
1887
1457
1209
948
646
406
222
194
-244
-782
-1004
-1070
-872
-878
-936
-750
-860
-1038
-1109
-1057
-776
-681
-562
-318
-191
-31
113
399
707
667
676
810
1004
1233
1240
1248
1141
944
938
936
1015
998
751
626
514
316
222
209
207
82
-125
-186
-33
-16
-208
-389
-558
-567
-533
-524
-209
-7
8
50
-96
-58
-83
-240
-15
65
145
298
144
289
273
-32
-317
-1186
-2065
-2414
-2324
-1729
-1683
-2267
-2763
-3158
-3264
-3366
-3456
-3021
-2546
-2465
-2400
-2162
-1515
-879
-795
-747
-384
146
835
1526
2162
2614
2648
2491
2578
2843
3193
3481
3415
3208
2810
2454
2373
2156
1922
1699
1334
1027
590
260
159
-186
-600
-977
-1224
-1135
-1098
-1093
-976
-1079
-1290
-1495
-1482
-1088
-747
-518
-406
-403
-198
93
421
719
834
935
1014
1177
1448
1577
1538
1340
1137
1126
1193
1257
1232
1056
826
575
296
158
238
208
0
-185
-286
-212
-228
-441
-550
-672
-704
-571
-382
-135
-77
-159
-220
-241
-116
10
75
169
142
78
108
220
281
57
-674
-1823
-2680
-2769
-2094
-1374
-1671
-2686
-3501
-3744
-3479
-3358
-3210
-2776
-2699
-2853
-2860
-2324
-1285
-813
-883
-909
-611
235
1090
1858
2468
2500
2263
2124
2433
3193
3746
3888
3618
3020
2497
2341
2524
2563
2308
1903
1459
1100
793
629
463
-46
-649
-1106
-1158
-831
-700
-802
-1057
-1492
-1907
-2065
-1694
-1059
-815
-938
-976
-697
-304
17
252
472
620
712
1043
1542
1907
1893
1592
1446
1488
1650
1880
1956
1888
1565
1106
963
984
904
754
440
197
43
-159
-216
-310
-662
-931
-1034
-975
-684
-499
-398
-366
-557
-693
-551
-279
-32
-30
14
209
102
-216
-405
-847
-1602
-2480
-2811
-2016
-1274
-1762
-2987
-3760
-3607
-3331
-3618
-3411
-2697
-2469
-2914
-3349
-2639
-1346
-1036
-1163
-949
-349
373
749
1400
2216
2391
2206
2230
2680
3362
3669
3695
3462
2840
2428
2602
2913
2878
2434
1924
1554
1064
654
709
788
386
-391
-931
-782
-622
-877
-1115
-1302
-1582
-1901
-1904
-1378
-923
-1027
-1398
-1367
-846
-422
-106
214
462
523
532
973
1562
1815
1708
1505
1588
1749
1876
2141
2310
2153
1705
1438
1500
1491
1339
1106
842
659
339
106
152
0
-371
-739
-908
-822
-680
-527
-443
-613
-796
-841
-676
-315
-202
-191
-151
-505
-880
-1217
-1945
-2499
-2671
-2328
-1683
-2092
-3262
-4002
-4038
-3513
-3466
-3558
-3056
-2837
-3066
-3370
-3179
-2033
-1203
-1115
-912
-360
458
955
1197
1741
2225
2481
2811
3249
3776
4051
3767
3306
3033
2927
3130
3309
3045
2544
1963
1439
1020
727
788
683
114
-536
-1041
-1064
-976
-1343
-1604
-1618
-1714
-1752
-1814
-1686
-1481
-1560
-1471
-1094
-532
-1
95
153
416
616
1006
1518
1839
2018
1894
1732
1891
2034
2228
2403
2308
2140
1888
1678
1660
1498
1281
1173
975
757
506
185
-14
-183
-420
-508
-556
-578
-477
-473
-576
-673
-802
-535
-394
-423
-365
-597
-802
-852
-1445
-2419
-3380
-3455
-2339
-1655
-2541
-4385
-5215
-4536
-3592
-3440
-3328
-3113
-3458
-4125
-4093
-2849
-1107
-650
-1035
-886
-382
393
1221
1980
2620
2670
2638
3236
3869
4313
4253
3828
3464
3133
3241
3734
3651
2949
2011
1385
1214
1042
959
896
325
-655
-1379
-1378
-987
-1055
-1604
-1932
-2096
-2219
-1997
-1657
-1336
-1420
-1751
-1385
-718
-143
164
211
499
714
948
1574
1992
2140
1961
1698
2051
2400
2460
2470
2260
2012
1858
1801
2045
2019
1609
1114
765
683
545
370
342
195
-193
-630
-623
-424
-316
-479
-694
-572
-473
-435
-397
-356
-373
-524
-829
-1173
-2190
-3453
-3458
-2215
-1512
-2421
-4517
-5447
-4573
-3995
-3773
-3731
-3395
-3383
-4667
-4832
-3193
-1666
-1060
-1621
-1579
-459
138
666
1483
2206
2641
2568
2882
3922
4340
4307
4015
3622
3664
3898
4043
3862
2969
2112
1963
1886
1679
1387
961
238
-704
-1343
-977
-617
-1046
-1803
-2419
-2370
-2196
-2196
-1824
-1613
-1831
-1996
-1723
-899
-296
-279
-229
156
635
1072
1477
1847
1963
1798
1855
2275
2649
2751
2536
2266
2260
2250
2267
2361
2142
1660
1223
1014
1046
886
619
449
148
-84
-407
-523
-399
-419
-512
-594
-699
-635
-598
-572
-491
-614
-662
-850
-1239
-2421
-3771
-3407
-1848
-1090
-2502
-5200
-5891
-4491
-3351
-3218
-3762
-3780
-4239
-5092
-4437
-2576
-1046
-1313
-2577
-2066
-356
742
1200
1450
1891
2191
2464
3354
4496
4648
4063
3450
3529
4111
4605
4531
3731
2547
1893
2253
2514
2182
1407
521
-232
-856
-980
-485
-542
-1462
-2604
-2928
-2172
-1687
-1878
-2200
-2335
-2234
-2047
-1503
-759
-442
-652
-627
80
965
1359
1227
1216
1567
1872
2210
2564
2694
2557
2232
2227
2551
2696
2588
2246
1864
1668
1497
1452
1411
1086
679
389
235
225
-42
-164
-299
-419
-467
-652
-674
-588
-539
-357
-658
-950
-1033
-1319
-2257
-3882
-3871
-2177
-833
-2015
-5130
-6372
-4768
-3098
-2909
-3909
-3960
-3810
-4606
-4685
-3384
-1397
-810
-2076
-2410
-1011
352
947
912
1409
2267
2729
3160
3648
3846
3769
3512
3629
4080
4439
4373
3509
2418
2080
2668
2979
2384
1415
654
303
-240
-588
-276
-196
-959
-2267
-2779
-2001
-1489
-1833
-2312
-2283
-1888
-1793
-1747
-1408
-958
-815
-702
-132
590
831
707
826
1371
1891
2066
2080
2093
2163
2253
2486
2770
2768
2442
2097
1917
1945
1947
1945
1768
1293
885
622
633
635
331
64
-13
-78
-142
-392
-515
-583
-476
-284
-416
-849
-1382
-1931
-3223
-4089
-3242
-1701
-1207
-3410
-6350
-6314
-4224
-2612
-3068
-4409
-4493
-4514
-4693
-4066
-2625
-1082
-1230
-2515
-2126
-495
680
1037
841
1441
2632
3235
3517
3509
3289
3548
3810
4111
4468
4429
3895
2911
2071
2474
3374
3116
1933
615
224
384
20
-243
-146
-529
-1330
-2387
-2524
-1711
-1508
-1819
-2221
-2305
-1972
-1927
-1853
-1356
-996
-643
-334
-79
280
355
443
1049
1700
2104
2039
1758
1846
2036
2376
2885
2931
2571
2194
1952
2038
2168
2117
2029
1645
1045
714
572
695
706
333
154
-119
-283
-240
-380
-408
-447
-306
-204
-440
-1112
-1468
-1799
-3205
-3744
-2729
-1376
-1218
-4137
-6631
-5657
-3636
-2318
-3464
-4823
-4448
-4612
-4637
-3650
-2449
-1349
-1920
-2908
-1755
-145
636
849
675
1415
2656
3143
3514
3355
3200
3739
4162
4383
4456
4106
3572
2868
2360
3106
3761
2944
1545
349
345
743
200
-100
-198
-813
-1605
-2527
-2276
-1391
-1574
-2140
-2457
-2327
-1984
-2030
-1911
-1278
-849
-651
-438
-214
29
196
528
1339
1982
1999
1665
1476
1786
2269
2722
3024
2787
2327
2007
1972
2293
2377
2122
1912
1511
1088
906
770
827
670
263
144
-193
-270
-268
-441
-289
-339
-373
-370
-922
-1417
-1464
-2376
-3589
-3540
-2247
-940
-2183
-5543
-6581
-4726
-2589
-2406
-4214
-4667
-4330
-4658
-4240
-3197
-1832
-1255
-2433
-2611
-1060
35
677
756
849
1921
2733
3077
3288
2920
3379
4237
4340
4212
3958
3726
3414
2722
2726
3733
3664
2319
840
320
945
922
187
29
-270
-930
-1777
-2424
-1986
-1540
-1694
-1856
-2144
-2403
-2537
-2434
-1724
-933
-717
-712
-796
-734
-307
292
1053
1622
1603
1405
1323
1443
1983
2548
2954
2868
2339
2068
2142
2245
2374
2376
2337
2043
1358
948
873
946
984
609
370
304
-169
-422
-278
-239
33
-71
-581
-613
-986
-1280
-1278
-2749
-3836
-3144
-1860
-950
-3273
-6423
-6079
-3927
-2181
-2865
-4985
-4938
-4495
-4667
-3863
-2775
-1686
-1609
-3000
-2605
-629
322
754
618
922
2353
2951
2987
3114
2957
3753
4550
4365
4271
3909
3438
3285
2850
3354
4191
3212
1676
680
690
1363
853
42
34
-497
-1295
-2055
-2382
-1659
-1408
-1886
-2085
-2395
-2592
-2539
-2387
-1504
-700
-702
-793
-1005
-771
68
683
1358
1685
1422
1310
1349
1816
2615
2909
2884
2541
2157
2313
2487
2498
2503
2278
2137
1768
1097
922
1024
1075
965
405
65
-23
-249
-298
-154
-138
-158
-464
-810
-892
-1174
-1352
-2477
-3950
-3468
-1834
-1014
-2824
-6199
-6552
-4019
-2158
-2892
-4938
-5265
-4638
-4556
-4191
-2987
-1752
-1843
-2986
-2794
-974
343
602
503
908
2077
2991
3124
2977
2890
3612
4584
4732
4254
3924
3706
3307
2978
3349
4181
3567
1817
653
838
1469
1069
107
-187
-397
-1015
-1794
-2132
-1738
-1652
-1989
-2101
-2094
-2323
-2657
-2481
-1680
-850
-612
-831
-1029
-880
-218
677
1385
1567
1243
1057
1272
1829
2544
2888
2820
2394
2033
2172
2605
2724
2493
2243
2104
1818
1304
1009
1145
1268
957
487
224
88
-119
-366
-136
-7
-148
-476
-897
-901
-1233
-1225
-1932
-3709
-3782
-2424
-1118
-1989
-5689
-6955
-4607
-2238
-2204
-4600
-5582
-4611
-4361
-4212
-3217
-2062
-1643
-2760
-3218
-1350
322
644
507
554
1731
2869
3006
2965
2861
3321
4429
4703
4095
3840
3550
3380
3119
3069
4004
3706
1941
727
665
1444
1352
96
-344
-315
-779
-1551
-2069
-1708
-1378
-1804
-2236
-2209
-2204
-2318
-2254
-1722
-893
-666
-911
-958
-762
-135
736
1296
1532
1286
1017
1267
1848
2520
2874
2775
2383
1975
2041
2562
2842
2650
2259
1948
1740
1352
1032
1191
1431
1215
550
34
-157
-111
-114
-58
74
-246
-643
-770
-805
-1041
-1186
-2102
-3555
-3746
-2615
-1198
-1981
-5222
-6741
-5049
-2468
-2116
-4494
-5599
-4898
-4364
-3890
-3203
-2316
-1902
-2864
-3123
-1316
312
736
439
363
1491
2748
3146
3204
2836
3121
4153
4631
4344
3839
3471
3436
3174
3065
3827
3571
2063
722
590
1476
1463
231
-612
-733
-908
-1502
-2079
-1796
-1456
-1952
-2400
-2315
-2022
-1969
-2123
-1792
-1050
-776
-777
-681
-449
88
683
1250
1657
1455
1194
1419
1997
2721
2964
2789
2491
2099
2089
2560
2913
2758
2179
1743
1618
1382
1100
1167
1283
1035
331
-90
-74
54
-69
-184
-70
-205
-475
-779
-932
-1038
-1209
-2394
-3643
-3288
-1932
-1169
-2937
-5951
-6234
-4034
-2208
-2707
-4875
-5449
-4793
-4389
-3731
-2886
-2218
-2226
-3054
-2827
-1096
158
501
414
577
1677
2701
2940
2817
2645
3384
4419
4482
3954
3517
3286
3405
3359
3479
3925
3008
1519
827
1101
1724
1202
-7
-538
-734
-1040
-1466
-1781
-1547
-1562
-2157
-2423
-2383
-2254
-2067
-1959
-1629
-1167
-1019
-976
-797
-468
172
877
1282
1394
1193
1150
1584
2198
2848
3081
2824
2405
2100
2342
2870
3040
2759
2312
1948
1651
1327
1233
1428
1459
981
283
-46
28
-22
-158
-56
-88
-245
-809
-1136
-1082
-911
-1165
-3058
-4362
-3243
-1367
-955
-3831
-6884
-5972
-3140
-1734
-3248
-5347
-5277
-4504
-4117
-3308
-2360
-1942
-2466
-3294
-2287
-204
618
532
252
742
2164
2962
2890
2587
2709
3709
4549
4224
3634
3386
3159
3123
3029
3568
3923
2460
793
452
1283
1825
862
-398
-744
-933
-1346
-1680
-1604
-1308
-1602
-2286
-2450
-2281
-2126
-1963
-1631
-1181
-971
-1082
-1064
-670
-185
420
984
1284
1300
1070
1096
1640
2376
2888
2874
2583
2204
2028
2399
2929
2981
2629
2208
1875
1617
1356
1364
1633
1495
844
296
76
42
-81
42
144
-58
-461
-831
-869
-1104
-1264
-2121
-3459
-3446
-2413
-1451
-2266
-5182
-6509
-4871
-2528
-2191
-4301
-5572
-5003
-4161
-3548
-2874
-2239
-2058
-2640
-2797
-1330
158
567
520
622
1532
2491
2799
2834
2678
3067
4142
4637
4011
3288
2895
3061
3257
3220
3587
3103
1667
581
532
1276
1273
225
-620
-952
-1217
-1510
-1657
-1469
-1417
-1989
-2343
-2199
-2022
-1934
-1889
-1507
-1005
-907
-895
-738
-459
53
655
1162
1437
1226
971
1274
1854
2517
2819
2588
2278
2018
2086
2531
2773
2621
2328
2015
1765
1468
1220
1359
1462
1165
716
416
280
88
-40
77
285
176
-444
-796
-961
-965
-1546
-3216
-3598
-2426
-1208
-1719
-4689
-6572
-5146
-2824
-2120
-3820
-5298
-4942
-4506
-4235
-3277
-2194
-1838
-2601
-3250
-1931
-199
331
313
545
1378
2304
2498
2541
2698
2999
3915
4531
4154
3590
3073
2935
3237
3348
3745
3515
2011
781
663
1277
1428
510
-354
-665
-1102
-1543
-1700
-1551
-1348
-1864
-2386
-2282
-2234
-2240
-2057
-1685
-1146
-984
-1160
-1118
-855
-295
514
1112
1294
1090
802
1110
1693
2291
2766
2704
2342
2001
1989
2466
2808
2596
2315
2171
2060
1708
1278
1326
1591
1341
821
456
471
450
84
6
175
183
-164
-522
-931
-997
-1563
-3104
-3376
-2260
-1133
-1644
-4673
-6508
-5050
-2739
-1882
-3697
-5535
-5106
-4359
-3922
-3073
-2473
-2078
-2413
-3043
-1980
-497
82
339
420
1209
2361
2552
2410
2367
2747
3956
4590
4059
3477
2982
2915
3304
3341
3715
3498
2026
998
805
1353
1594
706
-196
-561
-913
-1262
-1508
-1593
-1504
-1801
-2196
-2175
-2253
-2424
-2356
-1969
-1356
-1086
-1197
-1236
-1115
-592
234
824
1033
887
694
973
1576
2195
2644
2633
2330
2028
2080
2516
2833
2630
2330
2171
2115
1875
1531
1499
1635
1456
962
545
483
515
245
100
172
130
-53
-350
-876
-1011
-1497
-2843
-3347
-2521
-1256
-1433
-4183
-6233
-5258
-2939
-1833
-3442
-5294
-5081
-4288
-3765
-3142
-2654
-2181
-2369
-2845
-1900
-580
-62
235
426
1126
2190
2438
2393
2332
2532
3691
4486
4082
3364
2906
2978
3280
3229
3506
3405
2135
1061
912
1424
1572
622
-261
-378
-690
-1117
-1405
-1485
-1316
-1711
-2163
-1984
-1999
-2147
-2120
-1944
-1414
-1209
-1309
-1209
-1069
-695
-22
532
852
707
449
771
1384
1920
2259
2263
2115
1884
1839
2342
2778
2617
2238
2019
2023
1949
1586
1596
1775
1518
1050
612
628
762
448
282
259
173
-109
-247
-339
-702
-1046
-2315
-3329
-2770
-1726
-1172
-2838
-5409
-5617
-3860
-2176
-2641
-4605
-5148
-4393
-3821
-3231
-2789
-2508
-2284
-2622
-2276
-903
-273
-66
168
706
1760
2376
2347
2259
2419
3125
4113
4159
3500
2991
2706
3059
3286
3284
3384
2461
1391
1014
1271
1565
974
34
-341
-489
-811
-1077
-1280
-1369
-1585
-1990
-1812
-1631
-1955
-2115
-2024
-1537
-1100
-1123
-1085
-979
-859
-329
369
793
735
396
511
1138
1612
1995
2119
1987
1850
1733
1991
2428
2415
2183
2033
1944
1825
1580
1518
1666
1624
1183
756
595
658
543
345
401
349
12
-283
-325
-401
-872
-2248
-3237
-2500
-1320
-1161
-3003
-5283
-5226
-3522
-2272
-2749
-4365
-4856
-4366
-3949
-3274
-2711
-2467
-2423
-2643
-2119
-940
-448
-315
55
770
1783
2226
2071
2108
2382
3153
3978
3977
3421
2973
2772
3008
3297
3334
3256
2357
1393
1184
1365
1475
911
103
-227
-524
-892
-1023
-1170
-1346
-1614
-1920
-1773
-1691
-1987
-2016
-1792
-1428
-1163
-1175
-1088
-963
-799
-289
280
648
688
511
626
1091
1515
1867
2013
1906
1715
1712
2039
2310
2207
2051
2016
1948
1710
1421
1456
1652
1568
1159
792
622
636
524
443
417
343
39
-156
-221
-495
-1210
-2610
-3000
-1859
-930
-1605
-3969
-5530
-4392
-2636
-2219
-3396
-4646
-4589
-4041
-3635
-2913
-2361
-2459
-2609
-2440
-1536
-634
-514
-276
395
1155
1864
1998
1930
2115
2565
3368
3920
3582
2969
2698
2632
3023
3312
3255
2854
1730
1135
1280
1480
1267
548
-104
-433
-602
-797
-901
-1166
-1510
-1670
-1726
-1622
-1716
-1993
-1840
-1533
-1233
-1091
-1207
-1179
-963
-456
215
525
466
401
497
850
1225
1546
1914
1989
1720
1602
1812
2186
2264
1984
1900
1995
1875
1502
1323
1531
1679
1349
865
729
699
513
463
428
576
304
-40
-144
-470
-1190
-2550
-2762
-1524
-763
-1729
-4100
-5285
-3990
-2393
-2181
-3497
-4589
-4513
-3938
-3388
-2733
-2319
-2501
-2617
-2346
-1379
-668
-718
-427
357
1311
1894
1748
1615
1861
2584
3327
3752
3401
2749
2509
2444
2892
3155
3070
2602
1622
1211
1321
1477
1184
505
-69
-381
-561
-842
-930
-1036
-1279
-1386
-1580
-1736
-1854
-1901
-1492
-1171
-1129
-1098
-1165
-1078
-757
-281
288
522
326
286
565
954
1260
1362
1643
1826
1622
1506
1569
1892
2081
1899
1826
1789
1559
1281
1328
1495
1535
1241
791
647
629
585
582
441
437
238
74
93
-365
-1347
-2581
-2478
-1192
-631
-1903
-4130
-4864
-3514
-2180
-2212
-3398
-4211
-4168
-3734
-3090
-2457
-2172
-2437
-2484
-1923
-994
-577
-648
-346
488
1404
1808
1621
1531
1725
2444
3193
3386
2980
2391
2232
2358
2700
2782
2557
2015
1300
1071
1069
1043
738
130
-273
-497
-645
-904
-1113
-1131
-1118
-1121
-1342
-1614
-1632
-1434
-1094
-804
-662
-734
-810
-677
-339
171
545
627
574
576
775
1047
1263
1428
1579
1648
1573
1554
1586
1665
1706
1638
1612
1488
1282
1130
1116
1210
1120
896
650
501
465
528
425
238
143
181
192
-102
-1260
-2521
-2334
-996
-226
-1664
-4138
-4846
-3320
-1923
-2069
-3203
-3787
-3756
-3754
-3235
-2188
-1713
-2046
-2436
-1949
-775
-444
-641
-238
623
1430
1720
1539
1566
1790
2330
3078
3338
2865
2216
1832
2005
2517
2697
2463
1649
801
604
727
797
442
-159
-429
-609
-881
-1140
-1355
-1267
-1029
-964
-1085
-1432
-1655
-1447
-925
-384
-179
-371
-617
-618
-154
551
917
911
717
696
913
1128
1357
1550
1612
1525
1356
1320
1449
1550
1470
1340
1379
1339
1124
865
860
1053
995
817
614
442
339
185
289
524
499
168
-83
-912
-2242
-2302
-1087
115
-913
-3717
-4801
-3555
-1971
-1692
-2623
-3247
-3628
-4087
-3440
-1933
-1389
-1973
-2530
-2022
-734
-537
-756
-122
645
1286
1565
1566
1601
1537
1962
2987
3512
3055
2270
1702
1779
2276
2594
2643
1807
730
489
634
683
264
-273
-424
-609
-1011
-1336
-1443
-1331
-1151
-1071
-1128
-1393
-1687
-1528
-953
-434
-190
-391
-575
-515
-247
432
944
1024
873
656
761
1122
1419
1586
1628
1521
1361
1314
1343
1469
1440
1340
1331
1183
1002
745
689
839
841
782
543
267
42
20
220
494
431
29
-26
-975
-2434
-2420
-941
563
-732
-3827
-4761
-3172
-1325
-1320
-2569
-3206
-3397
-3553
-2758
-1376
-1185
-1953
-2358
-1589
-295
-322
-590
-129
565
1375
1668
1682
1529
1361
1873
2815
3187
2629
1917
1392
1617
2280
2505
2356
1220
374
413
539
592
196
-210
-486
-843
-1180
-1274
-1226
-1130
-872
-841
-1057
-1381
-1565
-1166
-666
-258
-27
-250
-464
-490
-87
685
1072
1005
737
571
673
936
1321
1593
1529
1208
1038
1042
1171
1275
1140
1116
1110
929
648
437
575
686
608
497
331
112
-202
-102
224
453
45
-240
-354
-1535
-2222
-1575
-230
79
-2068
-3932
-3526
-2093
-1203
-1599
-2104
-2572
-3248
-3011
-1458
-542
-1152
-1760
-1616
-579
-80
-305
165
564
889
1300
1461
1550
1262
1333
2050
2642
2421
1782
1210
950
1409
1813
1860
1315
410
137
19
25
135
-34
-339
-894
-1167
-994
-912
-976
-847
-625
-695
-791
-820
-679
-376
-150
211
362
114
-102
58
698
1149
1178
1037
741
574
630
1035
1416
1336
986
680
680
835
926
933
906
750
459
326
301
390
492
384
341
234
1
-166
-94
179
293
32
-33
-542
-1551
-1858
-1274
-209
-419
-2075
-3062
-2615
-1837
-1475
-1653
-1869
-2267
-2745
-2380
-1351
-1033
-1309
-1432
-1114
-444
-453
-349
164
433
761
1103
1318
1299
1005
1165
1792
2249
2101
1637
1078
928
1264
1553
1670
1160
607
238
-47
92
309
231
-196
-691
-987
-918
-777
-641
-364
-448
-673
-686
-527
-348
-218
70
418
434
213
148
336
645
921
1149
1161
809
452
510
883
1233
1172
883
710
537
412
456
642
747
567
200
-19
-5
113
136
95
126
-60
-339
-404
-279
-75
10
-122
-158
-210
-861
-1420
-1081
-381
-172
-1023
-1962
-2014
-1687
-1356
-1228
-1222
-1495
-2107
-2162
-1486
-1036
-1111
-1234
-1128
-850
-688
-619
-253
-22
80
422
677
779
693
700
1033
1359
1492
1391
1061
857
1052
1332
1419
1303
955
647
363
258
516
597
401
36
-262
-319
-308
-207
-41
-36
-243
-257
-127
-91
-82
-9
217
309
230
233
270
362
538
750
934
780
443
382
630
906
846
654
554
460
365
368
487
535
396
94
-103
-100
-9
134
65
-137
-260
-370
-363
-231
-151
-160
-227
-287
-202
-225
-613
-961
-793
-334
-347
-967
-1472
-1479
-1277
-1146
-1076
-1063
-1365
-1788
-1706
-1243
-1028
-1141
-1284
-1168
-922
-841
-689
-429
-226
-116
11
261
407
378
452
727
1004
1124
1016
769
813
1037
1196
1243
1047
855
658
600
700
745
631
325
125
102
106
53
59
128
80
20
15
77
190
184
270
432
453
397
399
499
604
707
767
764
667
499
543
721
745
658
523
363
208
133
207
346
299
39
-162
-255
-205
-117
-151
-181
-237
-369
-385
-305
-202
-232
-308
-275
-171
-55
-310
-651
-615
-355
-205
-434
-868
-1201
-1222
-964
-747
-765
-1161
-1568
-1636
-1386
-1068
-1042
-1175
-1340
-1321
-1073
-825
-572
-543
-565
-380
-183
52
159
194
312
506
756
852
770
633
651
861
1090
1105
877
723
600
593
714
742
669
409
212
205
346
458
361
240
161
193
289
333
430
460
432
436
476
569
574
559
606
728
823
739
624
581
618
721
725
566
366
223
185
299
365
205
-8
-165
-277
-231
-137
-135
-217
-337
-450
-448
-323
-264
-312
-342
-312
-293
-267
-420
-593
-501
-343
-258
-450
-774
-919
-924
-844
-815
-806
-942
-1250
-1334
-1177
-994
-1024
-1136
-1086
-1049
-1005
-926
-785
-619
-519
-416
-377
-253
-133
1
184
281
480
555
507
457
503
722
816
779
716
652
575
566
645
678
679
500
301
285
310
459
490
375
275
273
399
456
496
547
571
553
550
608
645
701
745
767
798
782
673
605
680
720
707
650
501
278
187
274
352
288
59
-113
-208
-169
-117
-161
-212
-360
-473
-430
-363
-350
-406
-419
-444
-437
-357
-453
-599
-613
-500
-436
-606
-799
-775
-767
-818
-806
-820
-954
-1134
-1102
-927
-896
-990
-951
-822
-833
-887
-797
-599
-451
-461
-431
-319
-212
-118
18
204
246
224
275
357
415
510
557
526
515
430
350
419
509
470
354
328
351
316
246
199
301
468
456
324
308
373
470
614
720
702
627
621
713
838
877
864
874
824
747
787
811
753
713
670
610
509
382
334
353
324
204
104
-1
-146
-204
-148
-127
-194
-295
-404
-457
-467
-469
-420
-378
-411
-447
-500
-566
-668
-660
-457
-421
-641
-812
-806
-744
-725
-756
-784
-868
-1015
-1044
-891
-758
-802
-854
-838
-773
-671
-669
-601
-509
-428
-312
-279
-214
-161
-106
-19
97
180
150
192
258
302
289
267
363
340
283
290
279
284
271
294
282
230
244
284
349
372
346
413
492
522
571
641
701
738
740
800
929
952
930
928
953
947
895
882
882
866
797
689
552
463
446
450
436
329
167
49
-5
-17
-68
-146
-211
-285
-309
-308
-355
-402
-436
-474
-463
-480
-465
-468
-597
-687
-642
-541
-599
-781
-862
-832
-795
-769
-837
-916
-967
-977
-855
-776
-844
-927
-905
-772
-647
-620
-600
-568
-518
-421
-309
-189
-191
-206
-66
52
139
157
126
108
149
277
318
274
186
120
172
259
286
230
175
130
147
269
333
290
254
317
407
490
546
535
573
632
713
841
862
786
820
922
943
950
942
916
898
914
905
847
766
634
564
599
592
521
345
170
116
98
128
114
-2
-101
-179
-221
-212
-236
-284
-342
-352
-359
-402
-420
-446
-453
-472
-564
-628
-653
-673
-738
-784
-768
-813
-859
-890
-915
-864
-829
-863
-874
-869
-818
-762
-696
-651
-700
-676
-617
-517
-389
-369
-327
-285
-309
-276
-100
7
-33
-86
-63
37
98
161
202
159
104
112
228
305
275
255
307
376
390
395
432
455
448
499
571
617
621
628
686
717
716
731
776
792
769
795
825
795
763
737
718
708
665
649
601
569
553
473
415
333
297
333
312
206
66
31
54
11
-65
-94
-122
-215
-240
-229
-271
-354
-397
-398
-435
-470
-541
-630
-686
-700
-653
-675
-771
-837
-894
-841
-777
-774
-755
-808
-833
-748
-677
-696
-713
-675
-624
-581
-533
-487
-514
-481
-364
-260
-217
-285
-272
-230
-196
-64
-8
-7
-18
-3
79
113
165
190
166
220
257
255
311
359
412
450
443
490
472
475
555
600
651
632
601
658
691
681
672
665
687
687
671
695
694
671
619
563
570
588
554
469
379
356
414
413
326
243
186
193
204
162
131
71
-3
-14
-71
-138
-132
-153
-201
-282
-350
-341
-363
-400
-445
-481
-506
-589
-640
-643
-619
-616
-691
-759
-784
-782
-708
-691
-736
-752
-751
-692
-623
-611
-613
-583
-545
-536
-524
-478
-428
-353
-296
-310
-285
-200
-119
-53
-48
-18
15
11
69
164
235
229
184
219
279
306
312
366
404
353
371
446
445
445
461
467
475
438
450
531
554
525
528
547
539
522
541
557
576
557
523
517
503
499
462
433
410
412
406
337
287
276
268
255
219
158
141
127
72
29
9
-20
-55
-83
-155
-196
-206
-244
-244
-247
-293
-319
-401
-479
-470
-459
-468
-529
-572
-568
-596
-631
-653
-644
-647
-682
-662
-646
-630
-603
-601
-579
-559
-552
-498
-446
-425
-387
-338
-256
-221
-244
-215
-155
-96
-44
-28
-3
44
57
58
111
164
147
151
159
176
232
263
253
221
233
305
323
317
364
367
388
428
453
503
486
437
454
475
472
497
531
505
437
433
464
488
467
409
406
387
326
316
333
338
306
276
255
226
228
240
241
201
163
166
130
88
84
69
23
-24
-42
-57
-100
-133
-175
-230
-286
-331
-342
-367
-407
-430
-468
-493
-493
-518
-569
-605
-613
-599
-575
-568
-556
-569
-575
-534
-504
-494
-472
-466
-455
-400
-369
-329
-278
-304
-296
-218
-176
-148
-128
-128
-99
-56
-16
21
22
-1
-2
61
91
94
122
130
156
202
229
230
236
251
265
299
307
303
309
303
325
401
424
403
417
386
377
422
430
434
436
447
449
415
409
418
437
428
394
381
370
353
341
326
322
269
207
214
195
155
150
160
155
110
70
17
-6
11
-3
-46
-127
-202
-218
-208
-215
-238
-293
-344
-392
-445
-429
-432
-486
-495
-494
-488
-495
-501
-483
-491
-486
-455
-447
-452
-437
-388
-329
-309
-344
-337
-277
-211
-176
-225
-225
-174
-157
-119
-100
-100
-111
-84
-45
-36
-10
-40
-43
-18
22
70
45
59
99
103
108
162
208
168
138
174
233
285
271
224
225
249
261
285
285
266
260
268
301
319
313
305
264
262
334
372
328
289
324
362
379
383
362
336
303
278
291
291
269
228
201
218
210
142
82
46
43
37
-30
-53
-65
-106
-141
-192
-234
-289
-302
-308
-346
-346
-358
-358
-341
-375
-394
-360
-343
-366
-372
-347
-312
-289
-271
-234
-240
-264
-232
-161
-123
-153
-187
-172
-153
-164
-158
-144
-133
-96
-102
-133
-117
-94
-70
-75
-116
-104
-35
-49
-63
-5
-10
-34
-4
21
54
66
41
96
123
120
158
176
185
186
174
175
175
178
194
194
165
160
229
248
220
203
199
252
243
188
186
177
207
241
206
192
189
172
190
234
255
210
157
163
174
177
160
121
113
86
45
32
22
24
-12
-66
-73
-69
-91
-120
-149
-164
-160
-198
-242
-237
-238
-246
-237
-230
-208
-221
-246
-214
-194
-213
-210
-185
-141
-110
-150
-166
-122
-85
-76
-99
-91
-71
-94
-96
-70
-71
-98
-100
-89
-87
-97
-101
-104
-83
-57
-64
-55
-53
-50
-8
32
26
10
16
55
106
119
103
94
116
113
120
166
161
136
133
146
174
156
103
114
145
139
110
85
99
108
125
153
134
126
112
95
113
107
91
122
136
99
70
72
80
73
41
23
17
-2
-9
-13
-16
-13
-14
-69
-98
-54
-45
-77
-93
-105
-86
-66
-74
-69
-102
-149
-122
-71
-75
-73
-67
-60
-51
-71
-72
-54
-60
-54
-23
-6
-29
-86
-77
-15
-34
-70
-66
-76
-79
-90
-65
-40
-57
-79
-128
-130
-109
-96
-76
-86
-104
-80
-59
-53
-28
-27
-31
1
44
59
40
27
59
100
105
113
144
127
95
93
125
152
137
141
145
122
107
137
168
139
102
99
109
121
95
81
106
82
54
39
28
43
45
18
2
-3
-28
-60
-47
-6
-26
-61
-57
-59
-68
-68
-69
-77
-100
-121
-103
-93
-80
-45
-46
-56
-36
-41
-40
-3
-11
-15
-13
-35
-19
-2
-22
-16
14
-2
-43
-44
-32
-25
-29
-48
-38
-30
-62
-58
-33
-74
-95
-65
-54
-61
-96
-93
-65
-83
-72
-34
-17
-15
-24
-27
8
16
-4
18
23
18
56
80
83
92
90
99
121
108
114
132
104
136
150
107
121
122
102
97
80
67
65
56
44
54
72
50
2
-6
7
11
5
-26
-45
-20
-15
-53
-57
-62
-70
-54
-74
-90
-70
-90
-105
-70
-59
-58
-45
-52
-62
-33
-16
-38
-34
-14
18
26
-13
-18
33
59
38
11
30
62
38
11
23
20
-6
-22
-27
-23
-18
-30
-68
-92
-98
-101
-66
-58
-76
-73
-78
-83
-83
-81
-62
-36
-26
-32
-36
-32
-2
16
0
-1
24
37
16
17
38
61
77
63
70
69
35
63
103
109
130
116
103
124
123
121
140
127
103
91
84
75
74
74
52
30
17
7
-22
-33
-25
-36
-38
-61
-92
-98
-112
-99
-68
-98
-123
-100
-102
-86
-58
-68
-50
-53
-59
6
44
25
14
12
39
49
32
42
13
14
44
27
41
31
17
28
-4
-12
-8
-33
-31
-27
-37
-62
-54
-50
-85
-79
-72
-80
-41
-12
-49
-72
-68
-59
-50
-23
-19
-46
-38
-40
-50
-9
-8
-30
-10
-26
-28
-11
-13
35
52
17
30
30
42
76
70
98
115
92
107
132
120
125
132
120
164
175
131
120
96
76
102
97
67
31
5
15
-17
-36
-24
-52
-82
-120
-131
-93
-91
-111
-114
-96
-85
-102
-97
-78
-64
-27
-23
-38
-42
-29
-6
17
25
-2
4
31
32
17
15
15
7
0
-15
-11
16
17
4
11
4
-16
-52
-42
4
-13
-29
-40
-44
-38
-71
-66
-31
-35
-28
-30
-59
-55
-29
-18
-42
-56
-57
-55
-36
-30
-15
-17
-40
-18
2
-1
27
41
22
37
47
53
74
72
67
76
91
104
110
111
113
124
126
115
115
115
89
73
82
94
101
97
61
32
15
-3
9
23
22
-29
-59
-50
-66
-78
-90
-74
-70
-64
-49
-86
-93
-62
-107
-111
-58
-48
-34
-43
-65
-62
-49
-27
-14
-9
5
31
16
9
20
7
37
29
0
29
28
5
-7
-17
6
-3
-19
-13
-37
-53
-50
-43
-23
-33
-78
-85
-62
-67
-63
-72
-95
-87
-97
-89
-75
-56
1
-14
-63
-50
-16
30
44
28
37
58
62
69
105
99
64
96
83
78
128
104
114
106
72
111
116
89
115
113
59
55
90
110
113
62
16
30
14
36
75
32
3
-49
-72
-23
-18
-30
-46
-53
-48
-47
-70
-69
-47
-63
-66
-80
-71
-70
-72
-24
-48
-74
-38
-52
-61
-35
-54
-44
-26
-57
-38
-15
-19
-26
-15
-14
-2
25
35
34
5
-11
-8
8
18
12
-15
-11
6
4
-19
-20
18
-12
-28
-50
-53
-12
-36
-32
-13
-45
-68
-63
-31
-21
-49
-32
-12
-22
2
7
6
7
-12
2
34
41
41
64
65
64
57
51
87
98
78
80
76
75
90
84
97
100
77
78
69
83
64
24
44
36
16
14
4
15
12
-39
-35
1
-19
-44
-50
-56
-60
-70
-71
-51
-51
-87
-87
-61
-77
-74
-65
-81
-64
-49
-26
-3
-13
9
0
-26
2
18
21
32
24
34
58
23
14
39
31
25
9
23
50
14
-13
-11
-28
-13
12
-17
-47
-25
-19
-15
-39
-67
-69
-56
-32
-47
-84
-82
-51
-41
-45
-65
-56
-15
-17
-29
-28
-22
-9
4
14
14
29
34
37
48
57
76
100
97
78
79
110
120
79
78
94
92
81
66
56
63
61
46
47
44
39
20
-6
1
3
-11
-9
-2
-34
-53
-64
-81
-49
-37
-47
-50
-54
-62
-56
-56
-64
-64
-74
-69
-45
-44
-55
-34
-7
-17
-36
-23
8
12
-14
-17
32
23
-27
5
31
12
3
12
34
34
7
15
29
15
0
9
33
13
-16
-10
11
7
-41
-60
-45
-41
-20
-5
-28
-52
-41
-37
-41
-39
-54
-19
28
-6
-30
-14
9
23
19
33
36
35
55
66
83
84
63
52
56
63
58
72
84
91
94
65
39
31
37
45
38
25
7
1
-4
4
10
-26
-54
-52
-38
-17
-23
-66
-87
-57
-49
-57
-60
-90
-77
-39
-63
-74
-55
-48
-43
-29
-47
-45
-3
-7
4
11
-13
-8
-6
0
29
13
13
47
40
56
62
39
48
58
36
21
25
28
46
28
-20
-22
-15
-15
2
0
-27
-38
-24
-44
-51
-28
-28
-35
-45
-63
-75
-63
-39
-15
-40
-74
-48
-6
11
-10
-27
10
35
34
38
44
75
87
71
89
94
99
125
112
84
95
107
94
86
62
57
59
21
4
7
4
5
-21
-23
1
-31
-42
-37
-56
-53
-61
-62
-62
-98
-100
-66
-73
-81
-74
-86
-59
-41
-68
-49
-41
-30
9
-22
-26
-5
-20
9
33
2
2
15
9
-2
5
25
52
48
16
27
30
27
55
40
4
-7
6
34
31
14
-9
-14
-3
-2
-9
-15
-28
-50
-54
-48
-34
-25
-32
-39
-41
-31
-34
-15
6
5
-14
-19
7
22
25
28
28
31
18
18
61
73
58
42
38
82
98
70
56
64
93
100
56
55
94
71
50
28
3
17
23
18
12
-10
-26
-25
-36
-61
-79
-76
-91
-93
-92
-85
-61
-60
-86
-104
-82
-83
-75
-58
-62
-41
-39
-45
-33
-36
-27
-2
11
22
35
59
56
49
53
29
15
27
34
42
46
26
26
31
18
31
35
11
-1
-2
0
13
22
11
-10
-18
-18
-36
-53
-36
-5
1
-23
-34
-18
-22
-42
-41
-11
16
-8
-37
-19
16
11
-7
-21
-9
16
26
57
55
37
42
52
65
52
39
65
82
82
74
61
64
61
54
38
22
25
30
17
-1
-28
-46
-28
-25
-43
-47
-66
-85
-63
-61
-75
-76
-83
-84
-90
-57
-43
-51
-31
-30
-27
-17
-15
-8
1
5
8
-6
-1
14
16
27
24
11
8
10
23
42
38
