0
0
-1
1
0
0
0
0
0
-1
0
0
-1
1
0
1
0
0
0
1
0
1
0
0
1
1
0
0
1
0
0
-1
0
0
0
0
1
1
0
0
0
0
0
0
0
0
0
0
-2
-1
-1
-1
0
-2
-2
1
-2
-4
-1
-4
-4
-1
-2
-1
1
-3
-4
-2
2
5
5
3
5
5
3
8
8
6
7
-2
8
12
6
9
0
-4
-2
-7
-4
-4
-12
-12
-10
-17
-8
-5
-15
-5
-6
-9
3
-1
-4
3
5
10
5
9
17
6
8
10
7
15
7
-2
11
5
-8
0
-1
1
-7
-15
3
4
-9
-3
2
-3
-2
-2
-3
2
1
-1
2
5
-3
-4
4
1
2
0
-3
5
0
-6
5
1
1
8
-6
2
7
-1
9
-4
-10
6
2
6
0
-19
-1
7
-17
-35
-37
-4
4
-20
-42
-37
-20
11
63
25
1
19
-10
47
51
-18
50
74
27
45
64
30
33
13
-19
29
57
18
-27
-60
-72
-49
-57
-60
-48
-112
-88
-76
-79
28
-85
-149
-61
-93
-6
48
20
73
49
33
121
131
110
169
95
61
166
63
53
91
-32
21
43
-38
-62
-99
-59
-97
-180
-68
-87
-110
-75
-161
-81
27
-123
-53
107
3
4
-15
72
186
-31
-47
123
31
-35
45
35
26
42
-20
-19
2
-31
-98
3
26
-82
-32
-53
9
86
-88
10
110
-5
156
38
-68
242
23
-55
132
-16
134
113
-81
29
21
6
-10
-14
32
-110
-110
-70
-171
-194
-159
-172
-129
11
-10
-94
95
98
-25
58
95
141
148
122
140
89
151
131
-29
183
135
-40
136
14
6
120
-53
-126
-36
-50
-162
-156
-115
-137
-91
-107
-155
-23
-13
-151
-15
136
-62
16
65
-63
132
66
-74
99
78
-92
-44
95
81
19
-69
-28
78
5
-68
-83
-53
-35
-54
-4
-38
-14
85
-64
-13
153
64
33
-12
13
232
35
-195
125
147
-166
-24
-7
21
174
-114
-172
116
44
-93
-8
-32
-85
-28
4
-51
-44
-20
-131
21
162
-63
-82
16
-29
99
75
-271
-62
141
-35
52
89
-22
5
77
37
-4
123
29
-35
158
27
-42
97
-21
-13
-1
-47
42
54
50
-32
42
37
-62
63
-45
-76
-9
-72
-24
-56
-52
2
-86
-71
-55
-38
25
-101
-25
13
-35
28
23
115
116
-9
21
72
53
50
55
56
78
59
-16
-37
26
39
11
-9
-9
14
-64
-42
-12
-62
-31
-92
-86
-45
-114
-75
-18
-6
13
-9
-35
-4
30
64
40
10
41
-10
-40
24
27
1
14
4
0
42
-8
-32
17
-45
-23
31
-17
6
-2
-39
-3
18
27
49
22
-19
27
44
48
75
26
45
117
36
-47
-10
10
-9
-37
-66
-59
-26
-43
-71
-50
-32
-37
-38
-46
-60
5
39
-11
-2
46
17
21
52
13
45
32
-1
48
66
21
13
23
-7
23
50
0
-17
19
14
-22
-20
2
-4
-8
-41
-39
11
-12
-36
-38
-30
-41
-23
-2
3
49
41
20
33
9
-9
2
1
-10
9
29
26
37
17
-4
-33
-6
39
17
26
15
-20
-7
8
-17
-17
-21
-24
-28
-29
5
18
3
-37
-52
-28
-7
-14
-32
3
-2
-30
-17
5
24
-30
-85
-50
4
-2
-60
-105
-78
-48
-56
-45
-10
-7
-66
-80
-32
-14
-17
3
-6
8
22
-8
22
78
81
51
55
100
135
116
82
104
117
79
57
52
91
98
47
36
37
34
28
11
5
-20
-12
8
-16
-40
-32
-24
-32
-66
-86
-35
-36
-112
-132
-87
-55
-40
-56
-53
-22
-39
-40
1
65
67
-38
-78
-34
14
15
-48
-61
-38
-28
-53
-69
-5
-36
-171
-249
-274
-287
-346
-420
-445
-476
-512
-501
-511
-543
-519
-459
-424
-382
-324
-273
-198
-154
-69
64
129
216
334
437
532
599
675
740
801
837
864
890
873
841
830
800
755
696
617
566
492
435
408
355
257
153
125
105
60
81
77
24
19
1
17
71
91
134
127
98
115
106
92
127
141
101
30
-33
-14
-2
-68
-172
-210
-215
-268
-305
-301
-324
-368
-415
-469
-461
-428
-399
-369
-363
-347
-381
-342
-227
-209
-171
-247
-257
-126
-348
-733
-895
-922
-922
-1206
-1529
-1502
-1398
-1489
-1726
-1581
-1280
-1322
-1365
-1177
-796
-545
-632
-499
-99
142
280
440
763
1028
1015
1079
1214
1245
1298
1366
1415
1370
1222
1163
1097
980
890
817
778
650
530
538
537
459
352
305
339
383
389
417
521
590
584
637
757
831
858
893
911
902
872
811
708
559
431
356
285
210
113
-24
-155
-286
-408
-491
-498
-483
-536
-573
-568
-548
-501
-435
-352
-259
-191
-129
-73
-70
-34
21
22
12
-27
-111
-201
-245
-326
-455
-535
-565
-571
-596
-623
-679
-786
-868
-813
-768
-1095
-1586
-1872
-2013
-2047
-2210
-2414
-2356
-2267
-2171
-1971
-1721
-1494
-1369
-1230
-998
-704
-290
138
477
706
807
1036
1388
1593
1730
1902
2049
2102
2079
2062
2088
1980
1553
1118
999
985
863
512
153
55
51
89
27
-29
-2
-23
32
82
113
254
386
458
547
685
934
1146
1199
1205
1267
1358
1425
1408
1292
1203
1167
1002
780
647
496
326
143
-17
-165
-317
-379
-460
-558
-610
-629
-572
-492
-445
-420
-388
-336
-250
-180
-152
-104
-43
18
99
63
-67
-157
-226
-234
-263
-371
-519
-642
-718
-822
-881
-936
-1018
-1108
-1146
-1085
-1194
-1698
-2404
-2913
-2876
-2530
-2490
-2713
-2806
-2555
-2196
-2009
-1927
-1789
-1507
-1174
-914
-526
53
590
991
1125
1180
1434
1788
2118
2277
2291
2382
2585
2733
2648
2416
2183
1942
1604
1166
762
465
239
2
-301
-482
-488
-488
-489
-529
-591
-580
-450
-193
20
141
351
618
874
1082
1180
1332
1502
1617
1686
1702
1713
1696
1678
1629
1478
1282
1113
927
683
416
118
-171
-398
-570
-642
-633
-641
-654
-708
-801
-813
-774
-726
-621
-491
-392
-314
-197
-5
139
119
-13
-75
-41
-23
-55
-160
-267
-314
-401
-569
-686
-735
-771
-809
-873
-932
-893
-841
-1143
-1908
-2795
-3336
-2998
-2267
-2111
-2447
-2818
-2727
-2209
-1898
-1905
-2025
-1971
-1579
-1076
-534
27
484
803
874
832
946
1358
1989
2436
2533
2455
2489
2755
2953
2861
2533
2098
1759
1569
1488
1411
1183
870
515
219
48
-160
-352
-500
-768
-1065
-1146
-893
-519
-354
-387
-408
-258
28
323
619
823
948
1053
1161
1357
1515
1537
1539
1489
1411
1383
1338
1297
1170
844
480
277
139
69
64
-50
-211
-363
-506
-639
-834
-897
-764
-678
-745
-819
-721
-548
-512
-661
-841
-786
-665
-651
-665
-756
-625
-512
-657
-650
-614
-721
-797
-815
-737
-669
-694
-728
-618
-375
-341
-324
-356
-725
-1181
-1527
-1400
-897
-655
-739
-1022
-1172
-985
-807
-748
-878
-1120
-1193
-1096
-762
-293
-1
6
-121
-180
-76
233
639
883
981
1000
1135
1498
1755
1858
1765
1511
1337
1227
1221
1332
1373
1285
1158
1050
916
780
681
517
355
225
179
288
376
369
288
152
76
72
96
188
262
314
319
256
243
255
249
219
194
187
128
18
-22
-10
-63
-186
-282
-257
-230
-210
-136
-103
-148
-210
-257
-307
-306
-251
-196
-166
-159
-164
-152
-125
-167
-235
-294
-324
-280
-252
-255
-230
-225
-273
-321
-371
-434
-490
-521
-519
-453
-391
-392
-392
-386
-397
-412
-401
-375
-294
-193
-140
-77
-10
25
12
-39
-184
-322
-307
-211
-104
-48
-107
-218
-240
-249
-274
-257
-322
-434
-474
-449
-336
-228
-227
-261
-304
-356
-342
-251
-181
-135
-78
-23
115
316
464
551
527
404
346
363
417
523
583
582
557
534
540
565
558
487
356
303
364
465
577
585
526
492
453
429
445
465
482
466
440
441
479
513
500
463
388
317
279
272
284
228
161
116
21
-15
5
-31
-29
-35
-124
-175
-180
-190
-211
-245
-280
-283
-276
-296
-295
-244
-229
-293
-357
-351
-302
-303
-324
-334
-321
-298
-318
-314
-311
-344
-382
-393
-366
-324
-273
-237
-205
-180
-169
-135
-74
10
73
48
-100
-315
-450
-379
-199
-160
-289
-415
-465
-454
-516
-643
-730
-840
-955
-980
-861
-646
-510
-562
-690
-755
-743
-635
-429
-189
31
183
285
434
637
784
864
888
832
794
858
1018
1147
1070
889
796
767
741
710
710
713
657
531
386
378
474
499
430
313
228
211
225
263
242
170
121
51
64
48
-28
115
216
-18
-395
-675
-605
-156
17
-410
-710
-530
-100
345
372
56
3
285
624
802
615
256
263
486
458
239
103
236
283
179
26
-210
-85
-47
-346
-285
-278
-454
-443
-589
-597
-365
-457
-587
-518
-485
-335
-127
-146
-228
-176
-18
150
170
-24
-10
184
52
-406
-939
-1124
-794
-435
-499
-873
-1128
-1146
-1174
-1233
-1321
-1331
-1222
-1245
-1253
-1011
-695
-477
-444
-516
-456
-209
110
405
710
886
943
1035
1140
1322
1518
1615
1624
1510
1388
1318
1323
1369
1247
1060
928
831
808
642
425
389
257
-4
-194
-257
-206
-229
-386
-522
-535
-537
-573
-491
-411
-428
-425
-418
-320
-88
55
86
114
151
167
203
279
329
372
367
299
332
451
442
417
390
292
239
216
256
314
230
117
112
98
47
-19
-4
33
-72
-183
-193
-147
-109
-102
-127
-144
-123
-91
-116
-118
-139
-185
-177
-185
-136
-122
-195
-180
-52
33
18
-42
-79
-194
-624
-1261
-1607
-1373
-953
-795
-1066
-1530
-1732
-1675
-1603
-1566
-1526
-1468
-1403
-1362
-1192
-855
-520
-358
-361
-316
-129
238
736
1154
1375
1373
1334
1464
1670
1898
2077
2147
2074
1800
1582
1625
1678
1546
1283
1053
891
664
473
357
197
-115
-478
-690
-686
-638
-693
-793
-904
-1019
-1153
-1195
-967
-645
-512
-589
-639
-458
-171
78
260
372
496
571
633
801
925
912
825
752
788
871
1005
1075
950
761
569
480
467
419
364
265
127
-7
-114
-152
-195
-285
-341
-396
-436
-417
-409
-391
-346
-416
-517
-515
-362
-255
-300
-330
-350
-233
-160
-161
-81
-64
-42
-25
-110
-410
-1054
-1618
-1637
-1147
-678
-935
-1583
-1950
-1928
-1739
-1764
-1821
-1670
-1554
-1541
-1547
-1334
-939
-629
-513
-550
-411
-36
447
937
1242
1304
1238
1313
1663
2007
2216
2331
2307
2118
1808
1724
1949
2077
1907
1545
1265
1119
857
595
461
289
-65
-488
-638
-520
-515
-743
-959
-1115
-1279
-1372
-1232
-868
-611
-696
-912
-922
-682
-263
168
431
476
377
386
640
943
1118
1154
1142
1201
1257
1304
1357
1334
1186
899
703
752
896
917
706
378
24
-254
-321
-276
-212
-276
-508
-698
-817
-845
-792
-683
-630
-680
-732
-666
-449
-315
-320
-315
-281
-201
-139
-20
181
86
-318
-918
-1411
-1421
-1223
-1029
-1076
-1509
-1883
-2124
-2254
-2174
-2025
-1891
-1820
-1912
-1980
-1849
-1534
-1188
-988
-865
-672
-299
170
609
922
1031
1134
1341
1642
2070
2412
2611
2592
2347
2158
2143
2223
2317
2325
2174
1850
1514
1222
938
742
538
294
48
-204
-372
-496
-702
-966
-1234
-1452
-1512
-1265
-899
-810
-983
-1211
-1311
-1125
-712
-206
238
383
286
268
433
726
1029
1226
1324
1350
1407
1537
1623
1614
1507
1333
1258
1298
1301
1200
1001
725
390
99
-10
43
16
-173
-469
-749
-889
-886
-845
-807
-861
-919
-849
-765
-643
-631
-681
-630
-493
-356
-279
-217
-188
-357
-729
-1421
-2004
-1916
-1345
-877
-1128
-1993
-2726
-2841
-2475
-2163
-2072
-1916
-1873
-1981
-2190
-2143
-1525
-816
-477
-490
-444
2
603
1027
1249
1382
1593
1849
2197
2593
2847
2908
2690
2281
2017
2114
2461
2617
2355
1877
1431
1081
784
553
452
386
149
-268
-660
-805
-937
-1291
-1550
-1412
-1039
-873
-1065
-1301
-1273
-1065
-810
-492
-179
104
325
434
573
790
1015
1231
1364
1381
1409
1538
1717
1793
1748
1672
1573
1486
1338
1190
1123
1025
865
630
383
165
-77
-293
-437
-448
-491
-681
-822
-975
-1113
-1124
-1000
-795
-639
-671
-753
-825
-775
-572
-449
-484
-645
-731
-710
-1073
-1940
-2544
-2242
-1292
-1009
-1949
-3036
-3213
-2741
-2479
-2567
-2403
-1944
-1899
-2398
-2562
-1822
-837
-398
-515
-500
1
609
1054
1421
1732
1987
2176
2432
2753
3020
3215
3154
2820
2456
2404
2692
2784
2453
1957
1578
1349
1005
630
507
379
-102
-802
-1124
-938
-886
-1216
-1519
-1550
-1515
-1611
-1634
-1301
-842
-753
-893
-738
-277
162
414
623
946
1179
1265
1366
1567
1734
1717
1711
1833
1994
2068
1970
1740
1506
1296
1124
1055
1035
893
598
241
-176
-437
-450
-441
-485
-690
-1006
-1152
-1159
-1203
-1146
-1043
-915
-813
-840
-894
-824
-648
-511
-442
-466
-662
-1126
-1638
-1975
-1824
-1345
-1274
-1838
-2533
-2915
-2795
-2455
-2289
-2240
-2286
-2469
-2680
-2627
-2140
-1460
-1012
-876
-866
-651
-184
298
705
1118
1535
1912
2239
2420
2636
2816
2818
2812
2879
3010
3126
2984
2615
2324
2158
2053
1871
1615
1319
895
419
10
-313
-511
-674
-895
-1179
-1412
-1507
-1539
-1587
-1608
-1486
-1289
-1154
-1104
-926
-599
-301
-20
250
556
829
1002
1093
1261
1542
1760
1844
1878
1921
1914
1903
1861
1798
1718
1563
1351
1147
983
785
514
258
3
-186
-288
-451
-639
-785
-961
-967
-1017
-1143
-1126
-1068
-990
-936
-1003
-968
-822
-700
-622
-789
-1137
-1622
-1932
-1992
-1779
-1426
-1479
-2106
-2919
-3218
-2835
-2278
-1990
-2127
-2403
-2601
-2705
-2495
-1866
-1136
-693
-701
-821
-581
-4
643
1084
1354
1672
1925
2123
2355
2580
2823
2859
2777
2757
2840
2878
2727
2389
2083
2009
2014
1861
1527
1077
598
228
-73
-259
-311
-406
-684
-1122
-1447
-1521
-1421
-1203
-1060
-1064
-1159
-1294
-1231
-892
-428
0
175
229
321
508
776
1053
1321
1549
1623
1585
1603
1735
1865
1875
1850
1802
1723
1566
1305
1126
1052
928
726
455
177
-48
-254
-448
-561
-656
-727
-848
-1036
-1164
-1192
-1104
-957
-901
-1003
-1130
-1049
-822
-641
-720
-1162
-1798
-2408
-2377
-1614
-906
-1255
-2639
-3681
-3413
-2380
-1804
-2048
-2381
-2529
-2744
-2914
-2524
-1460
-627
-785
-1371
-1249
-347
450
724
817
1200
1723
2055
2231
2396
2690
2748
2651
2717
3047
3234
3012
2454
2000
2082
2347
2425
2100
1485
924
573
313
204
221
99
-475
-1122
-1314
-1115
-1008
-1240
-1417
-1320
-1124
-1138
-1300
-1182
-761
-363
-198
-138
112
371
441
507
800
1329
1624
1458
1287
1397
1627
1851
1937
1912
1868
1636
1303
1165
1243
1262
1019
593
327
220
78
-141
-308
-383
-505
-774
-997
-1048
-1012
-986
-1047
-993
-976
-935
-1050
-1118
-886
-590
-647
-1218
-1875
-2266
-2132
-1577
-1204
-1535
-2418
-3267
-3214
-2499
-1900
-2010
-2455
-2689
-2724
-2549
-2193
-1645
-1074
-932
-1261
-1175
-475
336
737
782
1004
1574
2055
2241
2373
2577
2738
2776
2867
3067
3192
2966
2525
2218
2305
2523
2447
2055
1441
950
627
376
277
227
-54
-499
-1021
-1368
-1332
-1159
-1049
-1173
-1348
-1418
-1400
-1299
-1082
-702
-327
-190
-238
-145
132
437
730
1002
1242
1363
1307
1263
1447
1753
1954
1995
1871
1662
1482
1320
1300
1334
1300
1027
628
282
38
-4
-63
-253
-411
-553
-760
-999
-1177
-1085
-904
-827
-982
-1090
-1107
-1053
-943
-845
-771
-879
-1417
-2210
-2588
-2045
-997
-854
-1991
-3402
-3603
-2599
-1699
-1821
-2400
-2657
-2617
-2591
-2533
-1934
-983
-631
-1143
-1545
-981
151
730
629
652
1262
1918
2141
2105
2263
2664
2893
2872
2898
3120
3138
2729
2180
2091
2551
2848
2449
1585
989
793
679
459
323
227
-129
-829
-1387
-1281
-978
-982
-1273
-1481
-1393
-1324
-1498
-1488
-1060
-480
-258
-407
-439
-234
110
445
747
1087
1324
1234
1059
1141
1592
2077
2166
1953
1698
1568
1495
1449
1506
1571
1421
963
458
259
289
268
46
-148
-297
-551
-856
-1109
-1126
-910
-838
-959
-1008
-1095
-1082
-1035
-991
-1013
-1332
-1822
-2283
-2316
-1705
-1279
-1679
-2649
-3380
-3032
-2259
-1877
-2117
-2658
-2827
-2719
-2587
-2220
-1602
-1093
-1055
-1391
-1292
-522
264
533
591
904
1531
2003
2121
2208
2463
2760
2864
2896
3022
3175
2962
2540
2311
2494
2830
2692
2102
1439
1064
1032
974
701
399
42
-442
-924
-1151
-1000
-835
-1120
-1561
-1678
-1542
-1411
-1502
-1547
-1262
-857
-652
-655
-627
-415
-117
189
585
933
1090
984
852
1069
1577
2029
2160
2000
1774
1659
1616
1687
1881
1869
1549
1099
704
604
668
601
293
-70
-329
-512
-629
-809
-926
-904
-947
-1020
-1026
-1083
-1123
-1114
-1096
-1158
-1344
-1805
-2447
-2548
-1890
-1197
-1468
-2665
-3546
-3141
-2107
-1688
-2189
-2724
-2666
-2426
-2430
-2380
-1755
-935
-860
-1393
-1308
-454
361
546
421
794
1608
2043
1994
1990
2291
2731
2882
2832
2898
3058
2892
2466
2253
2527
2937
2758
2007
1279
1118
1232
1045
665
331
69
-352
-983
-1248
-954
-722
-1013
-1640
-1913
-1615
-1338
-1414
-1585
-1413
-953
-699
-711
-660
-416
-127
30
263
766
1132
1033
864
1054
1590
2059
2089
1927
1822
1750
1728
1808
1988
2014
1682
1081
666
692
878
798
401
16
-228
-365
-581
-753
-796
-727
-784
-1044
-1214
-1186
-1088
-1037
-1162
-1468
-1818
-2326
-2575
-2152
-1483
-1439
-2370
-3459
-3425
-2462
-1727
-2001
-2771
-2927
-2625
-2407
-2259
-1844
-1175
-907
-1321
-1508
-783
225
663
498
529
1231
1935
1994
1885
2139
2672
3001
2925
2883
3008
3002
2669
2299
2442
2882
2814
2190
1433
1118
1240
1172
802
469
268
-174
-774
-1140
-1096
-829
-872
-1321
-1782
-1976
-1871
-1690
-1473
-1177
-1133
-1211
-1228
-1103
-620
-131
54
214
346
501
774
934
1125
1452
1795
1962
1919
1872
1902
1937
1955
2018
2057
1880
1495
1105
934
970
996
860
481
7
-295
-471
-524
-502
-506
-610
-985
-1272
-1203
-1016
-887
-1088
-1507
-1807
-2182
-2454
-2207
-1726
-1571
-2263
-3356
-3604
-2743
-1757
-1785
-2694
-3248
-2972
-2388
-1979
-1807
-1571
-1260
-1284
-1399
-893
-9
599
626
412
797
1734
2226
2106
1968
2259
2849
3061
2908
2822
2841
2730
2464
2417
2736
2858
2326
1472
1011
1209
1423
1093
553
140
-189
-533
-929
-1061
-969
-1066
-1342
-1635
-1813
-1822
-1764
-1669
-1404
-1145
-1134
-1256
-1205
-860
-339
67
184
255
375
553
856
1154
1427
1714
1853
1814
1821
1966
2101
2134
2049
1959
1899
1723
1391
1120
1064
1051
864
495
141
-117
-315
-462
-590
-588
-597
-790
-1164
-1327
-1155
-942
-869
-1212
-1726
-2157
-2536
-2463
-1824
-1357
-1695
-2813
-3628
-3224
-2127
-1564
-2059
-2833
-2904
-2499
-2238
-2053
-1701
-1109
-903
-1291
-1257
-518
245
590
531
751
1465
1958
1929
1746
1947
2578
3011
2956
2804
2699
2638
2470
2311
2623
2980
2681
1798
1073
1040
1356
1284
773
334
102
-243
-758
-1069
-998
-900
-1135
-1554
-1729
-1629
-1659
-1844
-1790
-1391
-1098
-1121
-1276
-1200
-710
-225
2
167
294
378
508
713
1169
1725
1913
1755
1622
1741
1997
2179
2190
2174
2141
1919
1527
1299
1318
1311
1160
814
471
194
-59
-305
-446
-455
-419
-561
-941
-1353
-1370
-1089
-914
-1063
-1466
-1896
-2386
-2655
-2373
-1724
-1442
-2192
-3429
-3725
-2852
-1818
-1723
-2474
-2954
-2734
-2400
-2210
-1912
-1384
-960
-1091
-1299
-901
-98
437
507
582
1127
1813
2039
1884
1859
2249
2785
2999
2912
2819
2709
2518
2301
2363
2735
2795
2260
1423
1025
1213
1352
1047
616
292
-88
-489
-945
-1009
-699
-774
-1236
-1692
-1831
-1646
-1569
-1613
-1470
-1203
-1111
-1278
-1299
-893
-383
-101
-19
-19
171
435
593
907
1337
1640
1728
1620
1587
1795
2033
2103
2071
2061
1969
1706
1422
1292
1265
1253
1087
696
349
71
-132
-214
-335
-400
-563
-810
-1049
-1191
-1088
-955
-955
-1296
-1726
-2119
-2574
-2568
-1986
-1449
-1638
-2810
-3776
-3416
-2331
-1694
-2145
-2898
-2909
-2480
-2287
-2176
-1753
-1076
-847
-1251
-1273
-567
243
579
548
855
1596
2034
1938
1777
2084
2685
3105
2999
2771
2726
2653
2519
2335
2591
2864
2547
1735
1041
1015
1333
1281
712
274
58
-330
-888
-1121
-776
-533
-994
-1710
-2015
-1765
-1477
-1503
-1508
-1310
-1125
-1194
-1269
-1031
-511
-101
-27
6
182
402
568
807
1171
1494
1688
1635
1507
1619
1850
1978
1996
1986
1891
1708
1439
1248
1260
1257
1080
778
414
152
-41
-167
-247
-346
-403
-619
-882
-1127
-1155
-962
-808
-1015
-1425
-1796
-2343
-2584
-2221
-1588
-1377
-2266
-3537
-3690
-2747
-1763
-1857
-2728
-3064
-2704
-2293
-2132
-2031
-1595
-1054
-1059
-1156
-749
-140
334
417
572
1312
1944
2090
1878
1820
2332
3034
3264
3010
2764
2654
2621
2455
2487
2832
2811
2158
1281
985
1277
1360
913
369
42
-182
-638
-1107
-1032
-793
-904
-1351
-1828
-1832
-1620
-1624
-1578
-1412
-1180
-1083
-1254
-1206
-782
-332
13
145
152
292
448
672
1067
1442
1683
1702
1530
1537
1808
2027
2055
1973
1889
1748
1492
1255
1163
1142
1065
781
474
264
53
-152
-313
-387
-420
-583
-812
-1043
-1136
-1089
-964
-909
-1128
-1492
-2079
-2582
-2439
-1719
-1218
-1706
-2986
-3668
-3040
-1919
-1559
-2228
-2940
-2923
-2527
-2241
-1954
-1489
-1046
-1139
-1425
-1136
-331
366
446
390
875
1586
1877
1766
1731
2125
2745
3004
2899
2793
2720
2604
2447
2479
2848
2946
2372
1511
1102
1328
1578
1330
743
309
-32
-447
-870
-897
-641
-701
-1134
-1684
-1908
-1750
-1593
-1528
-1384
-1264
-1245
-1352
-1329
-961
-420
-67
-14
-5
100
309
550
879
1268
1562
1618
1520
1510
1703
1917
2006
1998
1898
1777
1592
1342
1210
1267
1214
939
587
240
53
-84
-209
-359
-508
-605
-815
-992
-1131
-1117
-941
-922
-1149
-1489
-1865
-2287
-2439
-2100
-1478
-1373
-2225
-3324
-3490
-2531
-1584
-1696
-2489
-2904
-2650
-2274
-2084
-1783
-1264
-917
-1109
-1335
-913
-71
466
510
581
1168
1783
1849
1623
1798
2465
3008
2999
2697
2596
2580
2502
2410
2608
2980
2805
2022
1223
1107
1518
1601
1124
565
263
-41
-551
-916
-784
-546
-735
-1267
-1759
-1833
-1631
-1582
-1509
-1247
-1093
-1233
-1463
-1362
-827
-227
-47
-141
-136
-26
220
556
975
1386
1523
1407
1307
1459
1770
1966
2001
1942
1868
1738
1487
1286
1282
1363
1214
903
545
206
34
-118
-209
-236
-378
-650
-977
-1190
-1102
-973
-869
-1000
-1405
-1711
-2134
-2482
-2244
-1663
-1384
-2029
-3174
-3480
-2701
-1841
-1803
-2459
-2844
-2546
-2297
-2295
-2063
-1523
-1047
-1066
-1333
-1038
-265
189
250
443
1059
1748
1831
1551
1632
2208
2853
3006
2845
2747
2664
2532
2448
2598
2938
2903
2251
1508
1276
1438
1539
1265
769
444
73
-409
-728
-721
-555
-723
-1153
-1527
-1710
-1650
-1632
-1600
-1341
-1176
-1252
-1371
-1359
-1010
-498
-237
-123
-44
-74
55
397
842
1276
1439
1329
1268
1380
1641
1897
1928
1913
1923
1771
1515
1352
1370
1408
1248
938
673
439
152
-83
-162
-194
-316
-531
-780
-988
-1125
-1035
-918
-878
-1070
-1466
-1821
-2249
-2458
-2114
-1495
-1393
-2315
-3472
-3481
-2400
-1453
-1757
-2730
-3005
-2518
-2076
-2017
-1893
-1357
-910
-1160
-1385
-862
0
447
274
381
1223
1914
1833
1459
1632
2394
3032
2960
2610
2541
2516
2481
2429
2568
2893
2717
1961
1263
1203
1577
1614
1093
512
313
158
-419
-770
-706
-615
-704
-1166
-1476
-1596
-1732
-1672
-1451
-1118
-962
-1249
-1535
-1382
-867
-255
17
-93
-120
-64
116
596
1055
1350
1419
1240
1232
1453
1727
1913
1918
1864
1809
1698
1495
1324
1257
1316
1223
890
584
287
47
-98
-161
-175
-329
-582
-884
-1104
-1077
-975
-955
-1062
-1338
-1609
-1956
-2385
-2380
-1857
-1320
-1575
-2711
-3607
-3205
-2017
-1373
-1933
-2811
-2904
-2398
-1973
-1830
-1602
-1175
-1039
-1280
-1219
-579
197
410
298
601
1319
1830
1725
1485
1839
2538
2906
2752
2525
2483
2488
2453
2456
2761
2850
2393
1644
1192
1375
1694
1524
887
450
205
-57
-443
-685
-548
-472
-747
-1267
-1616
-1671
-1537
-1381
-1285
-1162
-1157
-1374
-1491
-1218
-596
-136
-87
-212
-274
-85
288
691
1039
1274
1281
1211
1248
1460
1817
1972
1876
1805
1751
1608
1421
1303
1336
1339
1120
803
468
210
83
-66
-122
-218
-438
-688
-940
-1049
-959
-915
-892
-1063
-1418
-1717
-2149
-2327
-2067
-1624
-1431
-2051
-3143
-3389
-2592
-1655
-1610
-2376
-2885
-2639
-2167
-1999
-1844
-1467
-1102
-1133
-1319
-997
-246
245
289
399
958
1545
1669
1443
1526
2116
2712
2876
2585
2456
2430
2416
2432
2530
2828
2671
2062
1397
1213
1500
1629
1258
758
412
166
-200
-493
-512
-589
-732
-1033
-1206
-1275
-1600
-1748
-1519
-1173
-883
-1123
-1527
-1493
-1077
-493
-92
-95
-214
-258
-184
282
846
1242
1305
1083
1055
1284
1616
1835
1851
1856
1807
1694
1562
1453
1413
1375
1296
1008
805
583
246
66
-44
-38
-108
-418
-767
-936
-923
-860
-783
-894
-1224
-1547
-1999
-2346
-2237
-1795
-1413
-1749
-2710
-3330
-3064
-2238
-1684
-2005
-2680
-2968
-2717
-2162
-1799
-1618
-1383
-1281
-1327
-1146
-691
-107
229
285
593
1157
1559
1624
1524
1797
2422
2857
2839
2594
2410
2426
2520
2604
2852
2804
2409
1779
1329
1478
1678
1533
1056
576
267
53
-227
-392
-434
-681
-907
-1072
-1230
-1401
-1694
-1775
-1456
-1115
-982
-1247
-1601
-1459
-954
-409
-73
-125
-328
-312
-78
460
1013
1193
1123
1014
1104
1390
1705
1866
1860
1772
1681
1628
1526
1481
1478
1344
1142
916
698
474
206
20
-27
-37
-237
-498
-751
-977
-892
-829
-788
-982
-1323
-1606
-2042
-2234
-2083
-1639
-1375
-1986
-3005
-3266
-2634
-1776
-1693
-2385
-2815
-2591
-2259
-2070
-1877
-1530
-1155
-1247
-1345
-965
-373
38
121
291
879
1367
1484
1376
1485
1994
2586
2762
2541
2437
2360
2406
2406
2524
2803
2668
2127
1554
1452
1659
1662
1247
778
549
350
80
-302
-454
-408
-629
-874
-1034
-1247
-1408
-1701
-1732
-1268
-918
-983
-1375
-1627
-1362
-757
-323
-189
-258
-377
-300
18
557
1018
1139
1029
931
1125
1481
1707
1776
1755
1748
1692
1590
1501
1449
1403
1241
1162
975
693
436
149
57
40
10
-239
-520
-769
-944
-908
-739
-848
-1170
-1529
-1980
-2178
-2119
-1755
-1468
-1963
-2854
-3213
-2747
-1891
-1774
-2318
-2719
-2703
-2331
-2037
-1915
-1615
-1288
-1310
-1340
-987
-417
36
59
170
753
1252
1439
1374
1447
1893
2398
2586
2515
2450
2403
2459
2388
2450
2647
2537
2124
1565
1448
1597
1587
1261
791
572
433
201
-140
-342
-424
-739
-952
-942
-942
-1155
-1610
-1710
-1370
-1062
-1010
-1232
-1430
-1302
-1008
-641
-251
-200
-252
-242
-138
325
801
967
963
936
1079
1358
1569
1687
1724
1719
1711
1620
1534
1527
1510
1359
1188
1061
899
688
279
107
100
40
-105
-357
-594
-739
-825
-802
-907
-1141
-1287
-1684
-2087
-2241
-1982
-1565
-1762
-2549
-3152
-2893
-2119
-1838
-2225
-2669
-2619
-2305
-2139
-1994
-1690
-1292
-1261
-1404
-1087
-453
15
88
132
517
1142
1465
1435
1467
1775
2252
2472
2386
2335
2363
2454
2381
2306
2454
2465
2124
1564
1371
1527
1588
1256
735
517
452
235
-90
-246
-275
-492
-919
-1172
-1129
-1080
-1235
-1501
-1491
-1309
-1261
-1248
-1166
-1012
-812
-781
-677
-368
-119
-5
72
254
579
853
924
1007
1179
1383
1524
1542
1610
1722
1728
1668
1575
1554
1548
1395
1124
949
928
823
570
248
94
24
-118
-254
-488
-583
-702
-825
-911
-1083
-1188
-1558
-2043
-2237
-1970
-1456
-1667
-2525
-3132
-2869
-2030
-1804
-2309
-2741
-2665
-2333
-2146
-2006
-1685
-1341
-1361
-1512
-1187
-501
2
-28
21
505
1024
1295
1278
1370
1775
2192
2394
2359
2330
2332
2381
2359
2342
2534
2494
2107
1595
1435
1630
1654
1273
750
525
415
141
-79
-202
-177
-399
-939
-1241
-1283
-1062
-1009
-1272
-1458
-1556
-1523
-1315
-1078
-901
-815
-907
-834
-526
-209
42
76
151
474
732
907
1010
1089
1308
1444
1513
1633
1730
1737
1678
1630
1649
1688
1491
1187
1047
957
925
718
417
215
74
5
-145
-351
-462
-633
-792
-943
-1066
-1026
-1393
-2023
-2274
-1973
-1419
-1565
-2485
-3133
-2845
-2037
-1813
-2303
-2662
-2530
-2287
-2210
-2093
-1684
-1261
-1346
-1619
-1308
-544
-39
-56
-67
401
967
1221
1219
1344
1774
2189
2318
2233
2253
2329
2366
2297
2305
2534
2484
2037
1508
1402
1600
1610
1272
793
566
445
143
-126
-138
-100
-355
-875
-1270
-1302
-1118
-1069
-1232
-1428
-1532
-1539
-1459
-1192
-881
-822
-959
-946
-669
-260
-22
4
123
363
655
836
878
1032
1273
1448
1532
1599
1724
1758
1640
1591
1654
1709
1569
1245
1072
1017
966
757
514
309
130
-14
-139
-219
-366
-548
-727
-895
-1062
-1028
-1266
-1835
-2148
-1938
-1360
-1393
-2326
-3075
-2834
-1986
-1613
-2143
-2632
-2480
-2200
-2142
-2037
-1639
-1140
-1195
-1623
-1357
-581
-100
-71
-131
295
945
1120
1024
1169
1649
2065
2208
2120
2141
2251
2198
2126
2218
2564
2532
2023
1415
1274
1561
1603
1271
822
619
473
104
-231
-187
-72
-299
-908
-1387
-1260
-915
-926
-1316
-1595
-1492
-1331
-1305
-1220
-1062
-874
-857
-874
-564
-182
-40
-118
-29
381
784
855
783
893
1147
1369
1444
1495
1605
1607
1518
1493
1575
1659
1513
1198
1061
1041
982
810
545
313
158
64
-17
-122
-329
-501
-704
-793
-899
-930
-1024
-1583
-2052
-2043
-1511
-1121
-1738
-2762
-2935
-2212
-1563
-1753
-2335
-2450
-2139
-2006
-2047
-1771
-1277
-1117
-1461
-1486
-794
-109
7
-229
10
717
1130
1081
1000
1341
1821
2066
2046
2044
2178
2086
1971
1992
2242
2426
2148
1616
1247
1391
1583
1410
931
640
578
310
-39
-211
-115
-124
-540
-983
-1196
-1196
-1082
-1053
-1087
-1255
-1547
-1623
-1302
-865
-711
-811
-928
-793
-499
-164
31
71
186
343
608
825
919
1047
1226
1354
1436
1539
1624
1612
1493
1477
1611
1584
1307
1079
978
908
809
602
433
280
11
-146
-168
-223
-335
-607
-859
-853
-832
-935
-1399
-1978
-1948
-1400
-1033
-1556
-2552
-2860
-2253
-1554
-1602
-2175
-2384
-2210
-2143
-2134
-1777
-1197
-1007
-1415
-1608
-983
-254
-63
-242
-99
537
1024
975
884
1177
1717
2006
2000
2015
2121
2098
1915
1926
2212
2524
2294
1649
1236
1378
1590
1395
1016
773
718
390
-123
-243
-23
-25
-608
-1197
-1063
-694
-863
-1424
-1705
-1354
-957
-1005
-1247
-1309
-1141
-916
-705
-405
-143
-181
-343
-296
207
821
901
714
723
919
1203
1325
1344
1474
1549
1482
1374
1383
1421
1386
1206
1055
1053
990
756
384
242
309
309
105
-197
-373
-508
-638
-697
-673
-729
-902
-1412
-2011
-2006
-1468
-1005
-1454
-2444
-2783
-2241
-1597
-1634
-2066
-2170
-2012
-1983
-2003
-1699
-1189
-1021
-1298
-1374
-790
-230
-165
-266
-56
568
995
970
930
1141
1510
1730
1864
2022
2104
1999
1806
1726
1933
2288
2160
1635
1264
1241
1394
1259
906
752
717
443
-26
-257
-162
-213
-580
-805
-706
-678
-1085
-1519
-1428
-968
-754
-944
-1181
-1197
-1079
-888
-556
-249
-162
-279
-366
-122
331
670
806
804
832
949
1107
1250
1359
1450
1512
1489
1359
1228
1230
1248
1155
1046
993
855
561
220
149
292
260
-23
-294
-438
-564
-704
-812
-743
-666
-949
-1611
-2056
-1812
-1158
-976
-1685
-2469
-2483
-1852
-1431
-1696
-2000
-1915
-1784
-1825
-1804
-1454
-1035
-1032
-1295
-1153
-562
-151
-196
-267
86
673
950
904
892
1100
1441
1620
1696
1869
1973
1799
1614
1622
1879
2167
1891
1360
1149
1239
1294
1044
745
696
661
302
-175
-308
-228
-237
-442
-712
-737
-803
-1026
-1154
-1033
-774
-802
-1078
-1138
-904
-655
-546
-490
-312
-139
-125
-120
93
475
743
783
786
863
972
1133
1143
1193
1378
1417
1327
1153
1135
1152
1080
987
871
805
643
398
246
248
191
40
-186
-381
-446
-617
-727
-695
-668
-725
-1275
-1916
-1885
-1285
-783
-1300
-2316
-2569
-2002
-1452
-1504
-1889
-1918
-1702
-1803
-1820
-1449
-1012
-903
-1191
-1124
-548
-155
-133
-225
16
544
857
867
855
963
1217
1449
1565
1705
1781
1702
1540
1475
1698
2007
1874
1410
1093
1101
1239
1077
730
697
672
305
-88
-303
-142
-67
-408
-689
-798
-777
-805
-964
-959
-801
-785
-918
-956
-776
-558
-549
-521
-291
-81
11
2
64
320
606
712
753
830
926
1000
1026
1137
1295
1337
1213
1058
984
1021
1047
937
830
715
535
391
289
250
173
-31
-164
-261
-432
-581
-689
-668
-660
-763
-1200
-1784
-1800
-1285
-809
-1209
-2128
-2428
-1969
-1378
-1344
-1673
-1731
-1668
-1724
-1688
-1268
-810
-825
-1089
-1025
-468
-104
-135
-139
130
536
744
769
841
977
1136
1269
1445
1634
1644
1466
1291
1319
1561
1798
1616
1233
985
916
963
879
761
687
506
191
-102
-166
-43
-54
-321
-586
-612
-561
-656
-759
-761
-690
-676
-763
-767
-625
-519
-465
-400
-245
-21
24
-33
58
323
582
650
640
735
839
892
881
926
1073
1110
989
888
892
897
821
725
683
627
468
321
196
131
84
-8
-119
-247
-384
-507
-536
-578
-651
-698
-790
-1156
-1564
-1515
-1025
-719
-1202
-2010
-2118
-1559
-1114
-1195
-1499
-1523
-1498
-1580
-1420
-1015
-681
-744
-1002
-818
-349
-136
-152
-58
204
497
601
656
820
885
986
1145
1312
1448
1362
1213
1152
1231
1414
1528
1343
987
820
870
927
795
655
581
379
105
-39
-32
15
-144
-363
-390
-370
-461
-631
-649
-500
-423
-490
-569
-517
-374
-323
-300
-151
21
52
11
37
216
489
577
537
569
671
750
763
811
912
930
873
767
712
702
661
610
579
560
416
241
109
79
114
17
-198
-297
-332
-384
-471
-556
-577
-614
-728
-860
-1124
-1346
-1196
-926
-881
-1277
-1729
-1726
-1394
-1173
-1174
-1264
-1319
-1402
-1420
-1157
-762
-641
-774
-805
-614
-305
-148
-92
77
241
352
486
635
768
846
923
1063
1196
1246
1198
1126
1097
1161
1300
1343
1153
911
830
801
740
659
618
536
331
60
-43
36
18
-116
-262
-327
-321
-413
-502
-415
-321
-359
-433
-406
-274
-236
-263
-207
-71
73
59
40
152
276
408
492
530
583
626
611
617
718
788
804
732
626
570
553
559
483
397
313
224
128
42
43
-4
-145
-259
-305
-299
-370
-500
-539
-590
-567
-664
-796
-905
-1103
-1069
-975
-893
-990
-1340
-1442
-1264
-1069
-998
-1095
-1167
-1196
-1160
-1005
-755
-609
-636
-609
-524
-331
-167
-76
87
224
368
450
513
649
747
836
923
1001
1034
998
991
996
1104
1093
1004
957
889
858
650
593
658
667
499
138
30
105
117
64
-52
-171
-257
-306
-377
-360
-266
-266
-326
-391
-326
-248
-221
-205
-173
-34
69
93
135
235
344
368
409
489
537
579
575
612
674
674
610
488
450
479
478
424
345
278
235
116
31
24
-4
-63
-183
-255
-275
-334
-387
-461
-496
-499
-587
-637
-713
-754
-810
-916
-938
-893
-828
-929
-1133
-1156
-976
-840
-856
-935
-946
-902
-855
-750
-521
-410
-452
-453
-345
-121
-4
62
196
277
350
441
536
616
663
717
793
852
862
863
818
774
784
844
868
664
495
523
551
495
335
247
238
158
71
11
-7
0
-63
-115
-142
-169
-199
-214
-175
-141
-119
-156
-152
-73
-47
-4
51
94
158
241
272
292
354
421
474
429
414
458
471
507
483
434
425
390
347
315
334
281
184
117
90
97
7
-65
-126
-205
-255
-305
-302
-317
-387
-442
-498
-518
-488
-527
-586
-703
-755
-688
-716
-760
-733
-750
-813
-867
-873
-728
-694
-780
-786
-696
-634
-643
-556
-405
-330
-327
-293
-179
-57
4
75
191
295
339
428
471
478
551
609
648
661
649
683
724
683
606
616
664
602
492
413
435
447
347
281
251
184
77
39
40
64
38
-91
-132
-111
-113
-100
-97
-83
-68
-80
-36
25
75
38
60
183
191
223
286
320
350
354
361
390
416
433
402
349
357
391
332
260
253
229
206
150
78
34
-23
-88
-133
-174
-217
-250
-266
-276
-372
-459
-468
-439
-436
-479
-473
-486
-544
-620
-659
-552
-497
-629
-747
-704
-582
-564
-679
-707
-585
-499
-539
-576
-487
-409
-424
-425
-278
-110
-141
-225
-179
-14
99
132
170
200
252
296
363
464
513
545
547
537
537
549
621
636
604
551
482
443
415
416
454
429
290
206
183
166
139
98
113
99
25
-29
-46
-11
3
-53
-62
-7
36
16
2
50
99
110
87
142
217
197
181
239
309
329
301
267
279
313
303
261
271
264
202
170
123
89
103
59
5
-47
-109
-135
-169
-223
-279
-279
-298
-381
-429
-422
-401
-411
-461
-521
-532
-464
-435
-500
-533
-514
-475
-466
-506
-499
-487
-478
-423
-351
-362
-436
-456
-388
-292
-257
-268
-286
-235
-169
-134
-71
-21
6
15
17
79
173
238
265
266
258
303
373
397
384
347
394
468
485
485
444
408
384
359
386
406
388
293
232
241
239
205
190
179
101
44
42
103
132
89
37
11
41
95
115
93
80
123
147
146
152
160
199
205
205
228
229
219
176
153
206
224
195
182
149
106
78
69
64
32
-21
-107
-154
-130
-137
-172
-235
-311
-360
-392
-370
-321
-357
-406
-432
-481
-470
-426
-419
-420
-455
-476
-443
-434
-424
-419
-415
-350
-358
-390
-331
-280
-230
-228
-250
-222
-162
-135
-134
-101
-73
-61
-52
-40
-14
-3
23
68
114
150
101
107
171
217
255
245
279
305
316
328
326
346
356
380
358
339
341
309
328
368
359
305
257
230
228
243
236
219
192
153
88
73
104
115
128
95
74
87
78
78
110
141
103
96
137
161
165
144
153
140
166
219
190
124
101
106
100
82
54
33
-3
-62
-75
-78
-104
-153
-232
-285
-284
-290
-296
-303
-354
-382
-427
-444
-408
-437
-434
-439
-479
-452
-423
-394
-345
-354
-407
-392
-313
-250
-241
-237
-212
-170
-141
-138
-139
-122
-89
-74
-53
-35
-33
-21
5
32
68
61
74
113
122
151
166
190
207
172
203
231
213
253
246
237
268
255
262
273
224
196
223
226
238
234
205
198
172
148
128
121
129
109
132
161
134
124
126
134
157
167
154
189
213
158
172
214
192
179
180
216
201
161
166
165
151
123
98
73
56
42
39
26
-13
-52
-97
-133
-150
-174
-201
-224
-234
-236
-277
-338
-378
-378
-332
-321
-355
-388
-399
-391
-397
-412
-391
-359
-351
-343
-321
-274
-240
-235
-230
-229
-191
-119
-73
-105
-113
-60
-39
-6
10
30
62
48
56
68
84
113
92
89
90
104
129
133
152
163
137
109
110
94
131
156
144
147
97
60
99
120
115
125
118
113
94
67
69
109
127
91
73
106
156
161
156
176
196
191
174
190
227
216
205
218
214
209
205
192
181
187
156
143
146
120
133
133
107
99
80
57
27
22
23
-20
-44
-70
-86
-109
-139
-143
-147
-172
-229
-250
-255
-266
-261
-282
-298
-298
-336
-333
-324
-355
-339
-299
-267
-243
-228
-246
-235
-188
-159
-120
-118
-114
-72
-71
-68
-30
3
2
-22
-19
20
27
43
74
49
46
56
47
66
62
46
54
39
48
73
50
21
30
23
29
36
20
-9
-21
-16
9
63
53
24
25
26
61
90
95
107
116
131
126
152
178
163
159
140
162
198
191
206
222
180
143
155
178
184
143
124
137
148
167
138
86
89
73
83
105
65
68
54
32
26
1
-21
-10
-25
-61
-73
-88
-78
-99
-124
-129
-132
-131
-163
-206
-204
-198
-203
-185
-211
-230
-198
-201
-203
-176
-155
-151
-144
-142
-142
-120
-120
-88
-57
-77
-59
-56
-47
-13
-9
7
12
6
18
17
27
46
29
39
50
33
35
46
60
39
16
2
-20
0
-3
-15
-2
-12
-15
-17
-24
-18
-34
-24
2
-19
-30
-19
-15
-10
0
0
4
23
46
71
83
69
89
103
109
142
142
143
149
173
189
167
147
126
128
155
138
124
120
118
125
106
79
53
28
14
19
27
36
15
-11
-46
-85
-69
-52
-70
-71
-66
-62
-64
-73
-79
-98
-105
-93
-108
-113
-100
-88
-79
-81
-68
-72
-80
-80
-61
-31
-23
-11
0
-10
-16
2
12
9
9
6
16
21
13
7
12
22
25
25
17
-9
-4
-4
-14
-17
-10
-8
-28
-36
-33
-39
-63
-61
-75
-86
-61
-54
-37
-55
-73
-75
-98
-83
-62
-35
-17
-30
-41
-9
13
13
15
-6
7
25
30
64
71
66
69
55
76
97
100
90
68
80
105
104
105
116
118
96
77
79
72
85
77
57
60
58
64
35
-1
1
-13
-23
-15
-17
-35
-56
-48
-54
-75
-75
-58
-57
-44
-40
-77
-78
-83
-88
-59
-36
-39
-40
-39
-47
-48
-39
-20
-1
-1
-8
26
43
36
71
66
49
69
53
46
63
69
59
48
44
38
20
10
14
10
10
7
-8
-33
-39
-40
-63
-61
-57
-56
-80
-108
-96
-91
-85
-76
-87
-92
-81
-57
-59
-45
-23
-69
-55
-25
-37
-11
13
15
29
21
37
64
37
40
38
31
62
68
78
104
77
73
70
27
40
75
98
94
78
67
53
32
14
33
38
11
-4
15
14
-8
-12
-35
-47
-28
-26
-17
-4
-24
-40
-64
-58
-66
-90
-65
-51
-59
-72
-60
-57
-60
-64
-48
-45
-43
-6
18
45
55
66
43
28
47
73
81
83
96
97
105
88
58
77
93
56
46
42
33
47
44
16
7
4
-7
-9
-40
-38
-44
-78
-79
-92
-114
-101
-91
-92
-73
-92
-98
-86
-104
-86
-74
-102
-81
-37
-38
-30
-27
-10
23
8
27
41
24
26
30
33
53
67
85
89
76
73
58
38
41
74
67
54
56
34
33
28
28
38
18
10
10
-17
-21
-13
-44
-36
-21
-58
-64
-53
-54
-36
-27
-39
-55
-65
-58
-61
-47
-36
-37
-26
-21
-14
13
13
-4
-8
-11
23
41
45
57
72
75
70
55
58
91
67
63
92
76
80
80
55
58
62
24
9
8
-10
10
25
1
-12
-38
-39
-25
-47
-31
-28
-54
-75
-88
-83
-77
-64
-53
-47
-64
-92
-101
-71
-46
-49
-41
-39
-16
10
-8
-2
7
11
33
2
14
64
46
38
55
36
24
53
35
21
38
23
12
29
13
9
33
9
-21
7
7
-25
-17
-39
-52
-16
-6
-13
-22
-37
-24
-33
-48
-24
-29
-37
-16
-24
-46
-30
-20
-13
13
11
-15
-12
-11
12
36
22
29
53
42
40
56
50
62
64
53
61
69
83
91
68
55
65
76
55
27
38
49
24
7
17
5
-13
-6
-9
-48
-38
-22
-48
-53
-50
-42
-44
-69
-77
-81
-77
-50
-52
-54
-47
-63
-61
-65
-49
-36
-63
-42
-29
-43
-18
-15
5
18
3
9
4
27
70
47
39
63
40
25
34
54
52
42
32
10
5
3
13
7
2
-3
-12
-8
-17
-27
-25
-24
-23
-24
-21
-16
-23
-34
-36
-26
-25
-12
-15
-25
-8
-3
-6
10
4
-28
-28
-9
14
27
2
3
22
21
40
44
43
56
52
56
75
82
82
59
32
31
34
27
45
48
48
43
10
-6
3
5
4
6
-6
1
-11
-39
-32
-37
-37
-26
-11
-12
-43
-43
-33
-48
-52
-48
-55
-57
-62
-64
-43
-44
-50
-27
-22
-28
-53
-64
-31
-4
26
19
2
8
4
22
22
3
27
46
43
38
39
48
38
30
36
20
3
11
0
-17
-5
18
8
4
-3
-25
-20
-30
-29
-6
0
0
-6
-22
-13
-8
-22
-35
-30
-11
-14
-9
-22
-18
0
-16
-13
-23
-18
4
5
18
24
8
24
25
19
47
53
63
75
68
43
51
77
59
50
50
36
49
62
57
52
32
26
19
1
-10
-17
-21
-14
-11
-7
-19
-49
-43
-56
-79
-62
-53
-59
-42
-40
-56
-78
-60
-33
-51
-41
-23
-14
-19
-35
-31
-34
-31
-27
-18
-11
-8
4
4
6
14
2
0
18
17
18
22
24
21
14
15
21
21
17
20
22
25
18
20
6
8
36
19
6
2
2
11
