-1
-1
0
0
0
0
-2
-1
0
-1
-1
-1
-1
-1
-1
-1
-2
0
1
0
-1
0
-1
-1
0
-1
-1
0
-1
0
0
0
0
-1
0
0
0
1
1
0
1
1
0
1
0
0
0
1
1
1
1
1
0
0
0
1
1
1
0
0
0
0
0
0
1
0
0
1
0
1
1
0
1
0
1
1
1
1
1
2
2
1
2
2
1
2
1
2
1
1
1
2
2
1
1
1
1
1
1
1
2
1
2
2
0
0
1
1
1
1
1
1
1
1
1
2
1
0
1
0
0
0
0
-1
-1
-1
0
-2
-2
-2
-2
-2
-3
-3
-3
-4
-4
-3
-3
-4
-3
-4
-4
-4
-5
-3
-4
-3
-4
-4
-3
-4
-4
-3
-3
-3
-3
-2
-2
-3
-1
-1
-1
0
1
1
2
2
2
4
4
3
4
4
5
5
5
6
7
7
9
9
9
9
10
10
11
11
11
11
11
10
12
12
12
12
13
12
12
12
11
10
10
9
8
7
4
3
2
1
-1
-3
-4
-4
-6
-8
-9
-10
-10
-13
-15
-16
-19
-20
-21
-24
-25
-27
-30
-30
-32
-34
-33
-35
-37
-38
-39
-40
-40
-40
-42
-42
-43
-43
-44
-42
-42
-39
-37
-35
-33
-31
-30
-29
-25
-24
-21
-16
-13
-8
-4
0
5
10
15
19
23
28
34
40
44
48
55
58
63
66
71
74
77
80
81
86
89
91
93
96
98
99
101
100
102
100
101
101
101
100
99
96
93
91
88
84
78
73
68
62
56
50
43
36
31
24
16
9
2
-4
-13
-20
-26
-37
-46
-52
-61
-69
-75
-86
-94
-105
-115
-123
-132
-141
-150
-159
-166
-174
-182
-187
-192
-199
-204
-209
-213
-214
-217
-220
-221
-222
-220
-217
-217
-212
-206
-202
-195
-188
-177
-167
-158
-143
-132
-117
-102
-89
-71
-52
-34
-17
2
26
44
64
84
104
127
149
169
189
206
225
245
261
279
294
304
316
326
336
344
353
358
362
365
363
362
357
350
343
333
323
314
300
287
272
255
239
222
205
188
166
146
122
98
78
57
34
17
-5
-25
-47
-69
-87
-104
-123
-139
-159
-179
-194
-208
-219
-230
-246
-262
-278
-295
-306
-318
-326
-338
-352
-365
-373
-378
-384
-390
-398
-405
-409
-411
-425
-446
-466
-469
-458
-434
-420
-422
-425
-419
-397
-353
-311
-285
-268
-255
-217
-158
-98
-53
-21
6
42
95
155
209
248
269
293
327
363
403
435
450
458
463
467
482
494
489
482
468
456
456
459
460
458
436
406
390
386
381
366
339
316
300
292
290
288
270
243
221
206
202
198
178
156
136
117
109
105
91
72
49
27
14
0
-17
-38
-66
-91
-106
-115
-125
-137
-158
-179
-193
-210
-220
-232
-247
-257
-273
-284
-289
-295
-299
-307
-318
-330
-345
-363
-370
-371
-375
-376
-387
-397
-394
-395
-394
-393
-405
-422
-449
-488
-513
-509
-490
-467
-465
-481
-482
-469
-427
-371
-326
-305
-296
-278
-225
-151
-84
-37
-9
18
62
122
191
252
287
300
322
369
431
482
500
491
485
504
539
569
561
514
474
463
485
519
520
495
462
441
448
472
473
442
396
362
361
380
387
378
349
312
296
301
310
302
270
230
206
202
200
191
163
129
103
86
75
61
28
-10
-50
-86
-106
-120
-139
-160
-189
-210
-219
-222
-231
-250
-276
-296
-301
-305
-300
-302
-308
-316
-330
-336
-342
-347
-349
-353
-365
-381
-394
-404
-402
-396
-401
-408
-430
-440
-435
-434
-442
-488
-553
-592
-586
-540
-502
-508
-547
-569
-546
-479
-397
-355
-358
-376
-358
-276
-166
-83
-45
-35
-20
36
128
224
293
316
318
346
413
502
571
596
588
575
581
611
655
670
644
594
547
535
548
564
574
563
536
508
496
500
501
479
449
421
407
405
407
400
381
347
316
307
306
301
280
251
222
199
187
185
174
139
92
54
33
22
-4
-46
-97
-144
-179
-192
-194
-199
-225
-256
-273
-277
-274
-282
-297
-316
-336
-347
-349
-340
-334
-342
-353
-364
-377
-381
-374
-368
-369
-390
-415
-417
-413
-411
-415
-437
-457
-469
-479
-495
-547
-629
-690
-692
-645
-604
-614
-659
-689
-678
-613
-520
-455
-442
-461
-452
-362
-233
-131
-84
-77
-52
15
117
228
304
333
334
370
458
558
627
653
652
657
697
754
794
783
714
656
655
683
711
691
632
573
537
550
592
603
558
481
426
434
472
485
463
414
365
346
360
379
364
299
235
214
228
247
236
195
148
108
93
95
85
47
-20
-79
-107
-120
-136
-165
-206
-248
-282
-295
-282
-274
-294
-327
-348
-348
-334
-326
-327
-333
-346
-350
-336
-324
-331
-356
-377
-379
-369
-366
-377
-390
-409
-428
-429
-424
-434
-460
-491
-512
-518
-559
-639
-704
-726
-696
-658
-657
-691
-722
-727
-684
-597
-523
-494
-501
-490
-417
-296
-188
-121
-93
-67
-8
89
204
297
343
356
387
465
563
645
682
680
678
704
757
815
843
814
751
708
709
742
765
740
675
608
579
594
612
599
550
489
452
450
472
482
462
414
363
345
348
351
324
273
222
195
194
196
190
159
111
74
58
51
45
10
-45
-93
-127
-144
-155
-185
-228
-271
-307
-314
-305
-307
-319
-341
-365
-367
-349
-326
-316
-331
-353
-357
-335
-309
-303
-327
-356
-367
-359
-335
-324
-345
-378
-417
-431
-421
-421
-435
-462
-499
-554
-636
-713
-729
-698
-665
-680
-742
-797
-808
-763
-676
-596
-564
-586
-606
-541
-400
-266
-198
-192
-182
-111
5
136
246
297
307
334
423
557
668
709
699
695
730
800
872
909
882
818
761
743
770
800
796
749
675
628
627
635
622
589
542
503
492
491
497
493
450
397
357
350
362
345
305
258
223
210
198
190
175
141
97
62
47
40
15
-29
-75
-118
-151
-174
-195
-226
-268
-310
-334
-340
-341
-345
-355
-373
-384
-377
-359
-337
-331
-333
-321
-305
-302
-309
-317
-322
-312
-305
-308
-309
-328
-352
-369
-383
-398
-421
-451
-470
-479
-516
-597
-702
-765
-758
-711
-686
-727
-803
-857
-856
-782
-672
-606
-612
-655
-650
-532
-360
-242
-204
-205
-173
-67
82
224
314
339
340
392
514
650
737
748
727
732
783
857
913
921
884
836
818
821
824
814
780
741
710
684
667
642
589
544
523
517
510
488
456
431
405
377
360
348
327
294
258
236
221
200
171
150
135
108
70
40
20
-3
-40
-78
-110
-143
-183
-217
-235
-250
-284
-323
-349
-351
-345
-346
-354
-370
-379
-371
-352
-326
-304
-292
-289
-291
-295
-287
-266
-257
-262
-267
-280
-287
-292
-310
-329
-351
-392
-432
-456
-465
-484
-563
-690
-790
-800
-749
-715
-745
-836
-915
-933
-874
-759
-667
-664
-724
-748
-657
-478
-320
-256
-260
-239
-152
-4
162
284
333
335
363
476
640
759
787
761
750
786
867
944
969
929
860
823
835
860
859
812
745
701
691
698
681
619
547
502
501
525
526
485
431
388
374
388
402
382
327
265
242
252
257
226
181
143
114
100
92
65
18
-40
-86
-103
-113
-139
-184
-231
-263
-283
-298
-317
-331
-344
-352
-346
-338
-336
-343
-351
-342
-315
-282
-257
-251
-258
-273
-276
-264
-249
-243
-254
-278
-305
-329
-345
-360
-395
-447
-485
-503
-528
-601
-727
-831
-847
-795
-751
-787
-884
-963
-983
-923
-803
-710
-702
-768
-799
-689
-489
-327
-277
-296
-275
-174
-7
168
283
314
303
342
473
651
771
780
738
728
783
883
962
976
928
849
813
851
910
922
849
740
680
688
737
761
700
589
487
447
489
544
553
491
385
319
335
394
428
381
281
203
189
228
263
247
173
87
46
61
94
87
11
-89
-150
-145
-110
-104
-151
-232
-301
-324
-304
-268
-264
-310
-364
-372
-338
-300
-289
-299
-306
-296
-269
-237
-216
-217
-236
-254
-252
-238
-228
-243
-280
-318
-350
-379
-415
-451
-480
-506
-564
-674
-801
-872
-852
-796
-791
-865
-968
-1030
-1014
-915
-800
-759
-808
-884
-857
-685
-474
-354
-349
-373
-320
-170
27
190
267
272
272
350
529
712
792
766
716
733
827
936
997
984
909
838
832
893
955
949
857
733
680
711
768
788
715
588
497
473
513
560
547
476
389
335
359
416
425
367
275
213
208
236
250
222
159
91
56
62
80
62
-11
-103
-156
-157
-136
-141
-178
-237
-294
-321
-312
-287
-282
-315
-352
-367
-347
-312
-293
-283
-277
-272
-249
-229
-221
-207
-198
-197
-189
-197
-215
-224
-240
-250
-265
-313
-381
-448
-478
-477
-502
-607
-772
-886
-886
-822
-775
-832
-960
-1059
-1078
-991
-850
-774
-811
-911
-937
-798
-566
-389
-352
-385
-377
-260
-58
145
259
271
254
300
467
673
796
796
733
720
792
909
997
1006
941
858
834
887
955
974
905
801
728
703
728
757
732
657
556
483
484
522
549
527
445
358
326
355
411
422
355
259
191
189
231
262
232
147
57
14
44
86
68
-20
-128
-184
-171
-134
-126
-182
-271
-340
-345
-300
-260
-263
-319
-377
-381
-335
-280
-249
-248
-271
-280
-257
-219
-186
-183
-197
-210
-215
-207
-211
-233
-265
-305
-356
-408
-452
-484
-521
-595
-725
-855
-915
-897
-852
-852
-936
-1039
-1092
-1081
-987
-877
-835
-871
-939
-916
-742
-525
-390
-371
-388
-333
-185
6
162
251
271
282
367
533
714
805
786
741
753
828
932
998
991
932
872
870
922
970
965
891
797
732
727
760
765
716
626
545
529
558
576
556
494
424
391
399
431
435
384
304
256
256
269
270
239
181
125
101
99
102
76
6
-72
-125
-142
-144
-161
-188
-227
-268
-299
-312
-324
-344
-373
-394
-381
-338
-283
-233
-191
-184
-194
-182
-186
-195
-186
-156
-158
-190
-289
-281
50
311
118
-318
-559
-577
-603
-825
-1166
-1405
-1421
-1280
-1235
-1279
-1257
-1165
-1092
-1095
-1132
-1049
-866
-798
-884
-941
-786
-436
-134
-8
28
59
100
167
286
405
437
363
300
367
549
711
763
724
631
539
540
638
729
719
651
654
790
960
1035
1031
982
903
801
740
736
730
689
603
555
598
649
640
605
552
491
454
447
469
481
443
384
379
387
359
311
264
218
149
89
97
124
87
1
-67
-83
-91
-115
-117
-104
-124
-190
-254
-279
-296
-362
-444
-473
-448
-408
-352
-284
-211
-158
-131
-73
-17
-22
-74
-143
-180
-228
-344
-458
-514
-548
-600
-685
-763
-804
-876
-1090
-1524
-2088
-2515
-2533
-2180
-1751
-1389
-1009
-632
-445
-491
-527
-330
-101
-115
-202
-5
482
879
991
966
889
647
244
-54
-75
-4
-21
-20
165
461
619
573
458
349
239
198
371
732
1038
1199
1311
1422
1453
1315
1091
893
713
571
538
629
727
702
511
183
-218
-584
-714
-544
-222
120
470
825
1052
1029
831
660
576
516
487
565
696
722
568
297
22
-239
-483
-633
-610
-447
-246
-73
85
180
150
41
-41
-78
-128
-145
-59
63
97
38
-20
-31
-78
-161
-171
-122
-80
-41
18
74
16
-197
-474
-706
-891
-1067
-1166
-1101
-948
-879
-909
-992
-1082
-1340
-2055
-3059
-3672
-3456
-2693
-1881
-1153
-370
310
489
186
-33
121
252
121
95
523
1146
1437
1266
932
539
-54
-713
-1026
-861
-505
-170
190
651
1043
1150
1010
812
702
716
927
1329
1774
2068
2118
1958
1660
1270
805
376
78
-51
12
216
419
485
388
207
65
-1
-159
-356
-359
-179
145
569
1009
1317
1323
1073
725
447
320
250
262
347
342
201
-30
-278
-544
-782
-870
-762
-493
-156
149
375
489
452
339
233
146
59
26
87
133
128
93
50
-6
-123
-193
-169
-134
-97
-103
-95
-100
-167
-284
-483
-669
-851
-1028
-1091
-1106
-1120
-1106
-1154
-1223
-1457
-2277
-3481
-4302
-4149
-3257
-2315
-1401
-322
605
905
631
421
541
523
194
55
430
927
1059
864
626
265
-410
-1121
-1387
-1153
-775
-386
215
991
1528
1632
1502
1386
1278
1136
1161
1480
1872
2018
1875
1645
1406
989
399
-117
-373
-384
-275
-36
336
629
657
492
392
471
568
535
363
245
271
272
323
539
745
758
586
408
305
212
108
23
12
45
-22
-122
-172
-251
-357
-429
-385
-213
-12
156
247
318
380
351
279
193
86
-25
-96
-69
41
94
26
-47
-103
-137
-107
-23
18
18
31
16
3
-76
-298
-621
-920
-1118
-1215
-1189
-1127
-1160
-1267
-1460
-2126
-3344
-4394
-4519
-3730
-2634
-1594
-426
800
1407
1151
712
692
726
319
-138
-13
529
758
479
197
93
-310
-1126
-1695
-1504
-857
-317
171
954
1806
2135
1882
1556
1492
1458
1246
1140
1376
1699
1696
1360
1039
811
423
-156
-589
-579
-244
94
366
674
956
1013
829
705
792
917
889
683
458
280
31
-251
-385
-376
-285
-145
51
301
530
624
534
382
307
239
96
-25
-83
-125
-169
-239
-302
-296
-256
-226
-139
84
353
524
538
369
145
-58
-181
-54
165
213
193
151
71
-20
-99
-20
73
111
132
41
-79
-308
-679
-997
-1247
-1396
-1370
-1271
-1234
-1256
-1432
-2230
-3593
-4558
-4430
-3454
-2315
-1236
51
1275
1668
1214
782
770
639
51
-411
-163
395
499
187
23
-5
-445
-1290
-1715
-1303
-569
6
567
1401
2169
2281
1867
1538
1478
1371
1086
924
1133
1398
1342
1065
841
645
220
-346
-666
-505
-79
285
571
862
1081
1070
867
762
820
860
756
680
709
358
-256
-689
-990
-983
-646
-226
259
695
908
822
592
463
291
121
68
4
2
30
-32
-174
-300
-374
-442
-469
-310
-1
299
515
585
509
272
65
-15
-49
68
237
312
278
247
204
24
-90
-10
44
18
-44
-138
-282
-583
-909
-1175
-1275
-1187
-1118
-1122
-1102
-1135
-1805
-3206
-4426
-4627
-3783
-2588
-1524
-292
1049
1689
1354
772
651
649
124
-511
-447
172
515
289
38
59
-235
-1049
-1657
-1449
-667
8
493
1204
2031
2330
1966
1508
1373
1311
1018
764
910
1269
1388
1174
905
727
377
-203
-628
-575
-138
273
523
790
1054
1122
959
791
806
833
715
602
683
799
579
26
-640
-1164
-1384
-1308
-859
-68
742
1200
1220
1022
751
411
74
-135
-131
20
85
12
-90
-207
-405
-652
-748
-556
-160
241
545
731
741
482
113
-100
-105
60
236
288
325
343
234
91
72
138
115
-23
-239
-468
-566
-659
-811
-932
-1015
-1068
-1196
-1331
-1296
-1541
-2700
-4208
-4886
-4298
-3052
-1883
-694
743
1725
1568
836
555
742
500
-234
-504
4
501
383
35
9
-85
-858
-1735
-1793
-1016
-120
434
1048
1909
2379
2098
1562
1359
1379
1173
830
838
1190
1401
1236
928
721
428
-122
-629
-677
-268
206
497
728
982
1104
968
753
711
823
840
717
708
849
911
508
-299
-916
-1214
-1415
-1338
-781
51
791
1131
1105
947
768
464
77
-77
62
143
46
-48
-139
-308
-562
-794
-807
-540
-135
232
523
752
730
399
76
1
96
213
315
375
358
238
90
1
60
175
120
-19
-151
-343
-540
-736
-978
-1105
-1159
-1206
-1224
-1232
-1222
-1790
-3232
-4553
-4770
-3882
-2561
-1371
-87
1269
1822
1340
677
539
605
155
-515
-472
146
489
311
52
9
-321
-1243
-1908
-1567
-589
258
783
1415
2130
2273
1805
1336
1217
1212
964
726
941
1344
1452
1184
815
536
132
-420
-726
-514
13
451
677
868
1046
1028
815
638
674
797
804
772
865
970
880
518
-108
-885
-1600
-1943
-1697
-923
131
1046
1489
1481
1153
646
201
-49
-101
-7
111
154
82
-88
-338
-681
-975
-1007
-756
-284
301
797
1018
889
549
177
-61
-30
164
308
394
433
286
113
78
33
-71
-139
-166
-253
-297
-304
-460
-678
-902
-1147
-1226
-1204
-1254
-1299
-1787
-3094
-4406
-4731
-3901
-2557
-1366
-196
979
1505
1136
531
435
625
330
-253
-304
188
529
358
34
-96
-449
-1277
-1835
-1484
-505
382
878
1360
1891
1986
1593
1185
1136
1254
1125
955
1137
1465
1524
1207
742
355
-37
-469
-656
-404
138
581
752
835
884
836
707
606
689
880
977
977
1019
1025
759
229
-326
-708
-894
-963
-982
-803
-327
187
523
736
846
772
536
252
70
69
133
89
-43
-173
-342
-579
-781
-792
-633
-403
-149
127
432
641
601
411
247
191
258
356
380
403
368
164
-17
-54
-44
-5
124
143
-105
-416
-680
-889
-1004
-1063
-1053
-927
-899
-1024
-1292
-2201
-3721
-4826
-4681
-3461
-2017
-788
459
1461
1528
755
102
178
368
47
-263
72
683
830
415
-9
-284
-887
-1704
-1895
-1118
38
812
1180
1576
1862
1653
1143
872
1024
1228
1234
1292
1584
1797
1560
958
370
-43
-383
-610
-518
-21
580
878
856
733
626
510
421
497
795
1111
1236
1196
1100
947
569
13
-406
-699
-978
-1059
-947
-687
-261
112
325
471
544
498
374
310
333
354
330
192
-22
-225
-445
-697
-864
-823
-647
-431
-145
178
429
536
508
443
371
332
346
368
370
345
209
-10
-83
-39
31
198
184
-107
-302
-418
-512
-528
-671
-801
-795
-900
-1091
-1231
-1421
-2166
-3588
-4708
-4598
-3409
-1955
-782
224
1045
1067
331
-170
83
518
491
221
380
862
891
376
-157
-515
-977
-1588
-1705
-916
207
896
1071
1159
1296
1185
876
821
1173
1603
1733
1683
1742
1751
1422
791
184
-134
-244
-291
-135
284
692
785
555
293
221
288
419
681
1059
1374
1421
1232
999
752
454
37
-454
-758
-861
-945
-864
-551
-187
123
292
334
357
373
313
230
263
353
297
157
-9
-242
-471
-686
-835
-776
-545
-294
-64
183
397
441
324
260
313
363
408
504
529
384
189
61
30
132
251
268
124
-211
-455
-558
-646
-650
-693
-842
-897
-954
-1037
-1094
-1288
-1878
-3022
-4198
-4453
-3509
-2057
-894
-126
479
637
118
-418
-261
329
627
491
499
871
999
531
-137
-595
-912
-1274
-1377
-761
250
919
993
824
786
763
649
735
1184
1726
1980
1914
1805
1668
1320
788
287
51
78
188
330
518
643
561
252
-61
-92
146
465
805
1124
1338
1335
1105
801
560
323
-10
-221
-171
-159
-282
-400
-577
-713
-656
-437
-110
259
535
560
436
321
178
54
6
-59
-130
-173
-277
-416
-516
-540
-536
-456
-214
98
325
449
435
307
244
258
303
358
387
379
352
291
239
229
190
49
-152
-291
-409
-394
-319
-395
-629
-962
-1226
-1311
-1271
-1144
-1075
-1627
-2941
-4189
-4274
-3160
-1818
-853
-136
350
258
-320
-628
-129
574
707
499
572
929
973
441
-185
-572
-928
-1247
-1114
-336
587
907
648
393
386
467
586
932
1529
2016
2101
1903
1683
1491
1146
694
395
364
496
579
560
529
422
145
-185
-304
-94
303
688
962
1123
1134
976
727
540
492
504
504
504
381
130
-253
-800
-1126
-1068
-793
-435
-103
172
311
271
132
-19
0
144
207
272
303
182
-72
-409
-706
-787
-623
-354
-66
246
429
337
122
-51
-32
194
394
512
601
568
336
113
121
153
83
139
240
212
-19
-320
-420
-454
-700
-1053
-1199
-1085
-1035
-1139
-1182
-1587
-2692
-3932
-4339
-3416
-1917
-875
-349
-13
-12
-486
-915
-529
376
865
811
781
1029
1110
574
-202
-646
-817
-887
-723
-149
546
728
321
-86
-109
179
571
1051
1647
2080
2106
1828
1506
1292
1121
947
878
928
993
943
705
397
98
-158
-270
-215
44
416
680
758
677
566
502
476
543
679
820
844
648
373
109
-187
-472
-649
-566
-325
-161
-92
-86
-98
-152
-270
-306
-197
1
171
204
144
35
-145
-354
-479
-445
-304
-161
-26
107
181
164
160
142
80
156
311
375
327
216
184
199
255
339
268
277
292
35
-155
-240
-264
-252
-530
-832
-876
-842
-893
-1186
-1361
-1515
-2481
-3809
-4322
-3421
-1787
-911
-827
-650
-524
-848
-1237
-792
467
1234
1083
860
1029
1121
538
-298
-573
-407
-294
-221
83
455
348
-253
-656
-465
92
648
1106
1546
1787
1654
1354
1159
1207
1379
1493
1543
1516
1374
1081
664
317
139
87
137
210
291
325
209
69
35
130
371
634
866
997
957
820
591
337
216
116
14
6
-64
-210
-450
-754
-919
-867
-617
-340
-153
-22
-31
-110
-120
-85
38
144
128
41
-60
-147
-234
-244
-172
-77
62
166
130
20
-57
-21
135
264
280
294
386
445
448
404
272
102
97
267
318
297
108
-278
-564
-785
-850
-746
-718
-914
-1253
-1571
-2224
-3301
-3962
-3480
-2171
-1151
-1005
-1152
-1122
-1204
-1415
-1025
150
1141
1250
926
838
881
540
-71
-277
-4
275
337
334
324
31
-504
-804
-531
109
665
985
1149
1169
1065
958
1000
1254
1564
1800
1856
1697
1439
1139
833
589
505
557
572
466
271
57
-107
-187
-111
111
359
519
516
434
364
345
342
329
306
199
158
241
259
202
-25
-373
-516
-368
-94
1
-110
-295
-496
-559
-494
-357
-149
-68
-162
-254
-256
-211
-178
-103
20
130
228
233
188
177
135
131
235
403
505
405
206
145
235
255
197
263
349
291
154
-80
-282
-312
-400
-566
-634
-634
-682
-955
-1301
-1572
-2228
-3150
-3541
-2802
-1489
-1029
-1399
-1639
-1623
-1608
-1447
-661
525
1057
731
341
357
487
318
149
338
629
705
534
318
83
-278
-514
-354
82
493
671
641
512
418
505
784
1148
1458
1653
1705
1567
1315
1128
1075
1094
1111
1088
995
773
445
131
-42
-47
69
214
276
242
143
44
22
138
267
300
228
129
157
196
201
200
159
112
47
30
69
36
-91
-292
-435
-402
-352
-333
-333
-359
-379
-437
-451
-377
-280
-178
-113
-24
88
126
143
219
322
407
455
306
178
270
308
288
303
391
424
328
287
172
127
111
-66
-151
-318
-554
-664
-688
-631
-665
-896
-1151
-1379
-1889
-2632
-2971
-2340
-1353
-1133
-1534
-1781
-1719
-1587
-1377
-751
156
507
215
-32
83
300
327
341
555
752
727
533
310
113
-78
-116
105
394
551
525
365
243
259
480
830
1083
1209
1239
1206
1149
1066
1096
1214
1275
1278
1195
1050
843
596
431
375
389
427
379
243
97
-24
-47
2
107
185
138
86
130
207
246
213
164
155
124
-30
-183
-152
-207
-430
-545
-482
-318
-267
-385
-488
-496
-421
-375
-304
-150
-119
-177
-184
-156
-87
-12
50
146
292
395
361
236
125
134
233
370
558
600
427
331
310
227
300
360
305
214
-30
-207
-330
-488
-491
-488
-507
-618
-890
-1030
-1529
-2409
-2707
-2298
-1548
-1172
-1515
-1869
-1985
-1940
-1662
-1076
-280
101
-76
-218
-122
98
260
341
552
756
767
645
465
283
165
214
411
570
596
450
214
91
186
483
770
904
912
867
855
849
922
1090
1213
1258
1232
1175
1079
907
775
721
707
695
605
492
313
121
39
19
101
192
165
54
-125
-116
5
-122
-219
-99
87
180
39
-48
-17
-131
-221
-184
-11
144
-44
-330
-479
-489
-347
-269
-257
-245
-293
-370
-430
-351
-213
-157
-93
-30
57
153
138
127
186
278
363
378
405
401
358
376
430
493
460
261
89
83
101
53
-137
-395
-523
-472
-443
-570
-840
-1018
-1088
-1494
-2037
-2143
-1723
-1277
-1416
-1799
-1776
-1639
-1572
-1341
-835
-280
-210
-453
-452
-236
-13
157
349
605
690
585
458
374
373
435
528
610
595
498
388
287
296
467
693
783
734
688
698
736
775
889
1055
1118
1075
999
950
928
888
858
836
775
673
544
431
366
346
361
347
290
204
64
-69
-60
57
134
89
-13
-81
-98
-97
-121
-131
-152
-246
-334
-370
-361
-348
-362
-323
-278
-278
-299
-359
-348
-262
-247
-250
-248
-290
-328
-336
-266
-136
-26
33
40
53
103
145
175
243
330
389
390
326
300
386
480
428
324
303
298
232
124
29
-38
-141
-241
-305
-419
-610
-834
-879
-881
-1247
-1732
-1842
-1578
-1319
-1384
-1582
-1615
-1583
-1533
-1326
-936
-593
-556
-615
-499
-296
-79
110
249
356
402
427
466
477
518
599
647
628
592
599
583
534
550
661
772
741
656
638
663
697
728
818
893
873
821
772
772
832
873
879
839
767
716
664
593
541
509
473
389
308
267
216
136
32
-31
-57
-93
-135
-299
-524
-541
-401
-252
-173
-188
-266
-378
-396
-290
-124
15
6
-150
-269
-309
-269
-193
-170
-212
-258
-320
-404
-370
-270
-196
-138
-103
-82
-36
-2
42
84
178
259
211
193
270
362
399
421
461
474
392
250
154
152
142
25
-102
-192
-249
-377
-575
-696
-660
-663
-1005
-1514
-1700
-1459
-1210
-1263
-1505
-1610
-1587
-1534
-1349
-1011
-688
-623
-757
-727
-481
-182
53
141
212
309
365
396
435
549
682
739
727
695
708
696
627
619
716
811
780
664
588
599
666
715
758
808
799
727
687
734
854
919
869
779
710
685
678
664
652
620
534
406
288
227
151
51
30
81
64
-83
-296
-393
-316
-173
-126
-255
-398
-428
-366
-258
-189
-199
-264
-341
-349
-276
-177
-163
-222
-264
-292
-300
-300
-317
-325
-300
-268
-247
-237
-207
-180
-143
-99
-33
66
150
183
158
130
179
271
340
349
350
375
329
253
228
262
249
136
10
-44
-90
-174
-301
-389
-406
-456
-526
-726
-1127
-1448
-1441
-1163
-994
-1166
-1438
-1569
-1557
-1402
-1111
-793
-680
-821
-872
-701
-425
-158
31
142
184
225
318
424
516
610
688
719
678
657
672
664
674
733
825
832
723
628
619
671
759
817
828
789
687
639
695
795
891
892
800
697
624
629
646
619
583
508
416
346
282
216
166
156
128
53
-63
-212
-301
-248
-110
-82
-237
-416
-460
-372
-242
-160
-169
-272
-393
-424
-338
-214
-166
-242
-333
-374
-352
-315
-319
-340
-339
-320
-303
-269
-215
-181
-162
-113
-79
-50
-28
-22
5
85
190
227
205
149
121
162
279
376
320
179
43
42
110
158
130
4
-185
-337
-358
-304
-292
-358
-538
-880
-1205
-1249
-995
-822
-935
-1200
-1349
-1339
-1207
-989
-736
-621
-702
-778
-684
-451
-216
-55
9
34
87
182
289
386
474
565
601
591
591
617
639
658
710
802
829
765
675
633
690
775
833
835
785
710
654
668
733
788
779
696
600
559
575
603
591
549
479
393
321
281
260
206
155
125
85
5
-123
-209
-176
-107
-88
-170
-299
-373
-364
-304
-253
-239
-281
-368
-426
-395
-296
-228
-234
-288
-347
-365
-329
-301
-289
-280
-295
-303
-297
-266
-213
-182
-169
-149
-126
-114
-113
-82
0
78
123
103
98
146
226
264
231
207
186
170
168
179
168
98
-25
-115
-172
-193
-217
-270
-348
-410
-501
-700
-908
-944
-817
-754
-860
-1013
-1085
-1102
-1050
-904
-720
-620
-662
-739
-676
-478
-250
-93
-53
-61
-27
53
163
303
451
535
507
463
499
598
678
708
735
775
796
760
713
689
692
720
729
733
730
692
646
631
664
718
711
645
590
568
572
568
556
536
482
399
338
304
285
269
238
182
79
-30
-101
-124
-108
-95
-149
-247
-335
-345
-315
-282
-260
-272
-318
-379
-400
-355
-291
-260
-285
-339
-377
-379
-355
-345
-347
-339
-331
-330
-316
-291
-261
-234
-211
-184
-148
-116
-100
-92
-62
-12
40
72
78
68
74
104
149
182
182
151
113
90
100
106
109
95
28
-53
-113
-130
-143
-176
-219
-278
-405
-573
-689
-703
-654
-627
-674
-766
-860
-909
-889
-783
-637
-546
-531
-570
-578
-493
-337
-185
-77
-15
19
51
117
221
327
398
425
436
483
550
598
621
633
650
662
686
702
705
698
672
659
670
700
716
683
638
605
591
603
611
601
578
543
494
437
398
376
350
309
268
223
177
145
100
42
-2
-41
-79
-109
-126
-154
-186
-212
-215
-217
-243
-286
-324
-345
-349
-333
-320
-311
-318
-336
-357
-368
-361
-346
-335
-332
-334
-322
-292
-262
-245
-243
-241
-230
-218
-202
-179
-157
-144
-125
-97
-68
-42
-17
0
12
34
66
87
86
75
62
51
45
52
62
55
32
-2
-31
-45
-51
-67
-94
-122
-165
-220
-280
-355
-434
-483
-495
-480
-463
-466
-507
-565
-594
-562
-477
-380
-317
-300
-307
-293
-234
-153
-72
-28
-7
37
105
198
276
313
326
332
360
420
485
533
545
531
519
524
551
584
606
604
582
545
519
515
518
504
489
471
453
438
419
391
360
341
325
309
298
299
291
264
222
180
147
115
91
68
36
9
-13
-47
-70
-87
-104
-132
-172
-206
-235
-256
-262
-264
-285
-307
-335
-362
-373
-376
-371
-369
-370
-368
-374
-378
-372
-349
-315
-284
-266
-243
-221
-203
-188
-185
-178
-158
-140
-116
-84
-53
-35
-22
-5
19
44
63
79
88
86
79
70
70
77
67
61
56
48
50
56
54
31
-9
-40
-62
-77
-91
-126
-181
-241
-298
-330
-335
-346
-372
-412
-437
-430
-399
-365
-339
-339
-362
-360
-315
-237
-166
-125
-111
-95
-49
26
108
171
201
218
242
275
323
374
395
399
409
433
466
489
495
483
475
483
498
522
539
534
508
475
460
469
479
471
444
410
378
353
340
333
314
286
237
184
145
129
120
93
54
12
-20
-48
-67
-87
-114
-156
-193
-215
-232
-239
-250
-275
-313
-338
-338
-329
-327
-326
-333
-341
-340
-333
-323
-317
-310
-306
-298
-273
-246
-230
-226
-227
-231
-219
-193
-155
-126
-118
-109
-98
-82
-62
-36
-3
19
32
37
39
37
38
48
59
67
69
63
55
35
12
-2
-20
-37
-48
-55
-63
-77
-102
-153
-206
-242
-254
-243
-235
-248
-280
-306
-314
-293
-261
-248
-249
-250
-245
-217
-169
-128
-105
-93
-72
-33
24
88
123
135
144
165
210
266
317
353
367
379
387
401
427
444
445
434
431
445
452
455
448
427
410
399
396
398
390
379
363
345
332
316
301
277
235
193
158
143
131
109
69
17
-21
-52
-70
-79
-90
-99
-110
-121
-130
-143
-152
-171
-201
-218
-226
-224
-226
-244
-262
-281
-296
-299
-301
-297
-298
-305
-303
-292
-270
-258
-256
-250
-238
-217
-188
-165
-148
-133
-126
-109
-79
-54
-38
-32
-39
-43
-37
-27
-9
3
10
9
1
-9
-16
-19
-22
-30
-29
-25
-24
-24
-28
-40
-56
-78
-106
-135
-172
-196
-199
-193
-180
-184
-214
-246
-264
-251
-212
-185
-178
-184
-186
-168
-129
-81
-53
-38
-24
1
45
94
135
157
163
172
196
239
277
299
307
303
313
340
369
394
405
407
410
411
421
425
424
415
394
380
375
368
348
316
287
272
263
249
232
213
196
178
161
146
124
91
56
30
18
13
2
-16
-44
-68
-85
-92
-100
-117
-138
-163
-176
-182
-183
-201
-236
-263
-273
-267
-258
-258
-264
-271
-273
-266
-260
-261
-264
-262
-253
-233
-213
-200
-194
-192
-184
-165
-142
-124
-114
-112
-105
-91
-79
-63
-54
-51
-51
-50
-40
-32
-26
-27
-38
-45
-40
-33
-24
-30
-54
-78
-89
-88
-90
-99
-119
-139
-158
-167
-165
-159
-160
-172
-179
-173
-154
-129
-121
-125
-131
-126
-99
-63
-29
-4
12
25
48
80
116
148
166
186
206
235
266
288
299
298
309
328
348
358
356
351
348
351
350
347
346
341
335
324
319
317
309
289
259
237
227
218
214
199
178
152
126
106
95
85
69
49
31
23
18
14
2
-24
-53
-73
-77
-76
-82
-97
-118
-137
-145
-159
-173
-187
-201
-201
-200
-199
-207
-215
-224
-233
-232
-228
-223
-227
-235
-232
-221
-203
-188
-180
-178
-181
-175
-157
-142
-131
-130
-131
-126
-108
-92
-93
-98
-101
-100
-98
-100
-97
-97
-99
-107
-122
-131
-138
-147
-157
-177
-189
-192
-187
-177
-172
-183
-195
-192
-177
-152
-130
-112
-100
-83
-58
-39
-19
3
20
45
75
106
134
151
165
169
183
212
242
268
274
279
290
309
330
348
349
339
332
339
352
362
359
341
326
318
315
311
300
286
275
262
248
236
225
217
208
190
163
136
110
94
80
64
42
23
13
6
-2
-15
-30
-50
-62
-72
-80
-91
-107
-123
-137
-144
-145
-150
-162
-174
-184
-191
-195
-194
-197
-205
-207
-208
-209
-208
-206
-197
-187
-179
-173
-174
-175
-168
-162
-158
-149
-141
-131
-127
-126
-122
-115
-109
-105
-107
-108
-109
-113
-118
-124
-131
-135
-140
-145
-144
-151
-160
-164
-168
-174
-178
-175
-167
-158
-147
-148
-151
-148
-138
-119
-99
-71
-51
-38
-30
-22
-5
9
20
35
59
89
116
138
150
162
180
198
219
242
259
271
278
281
281
287
298
309
314
316
317
316
318
322
325
330
338
342
338
329
318
305
296
284
275
262
242
227
208
196
188
176
164
154
138
121
97
77
58
37
18
-2
-24
-41
-59
-79
-103
-128
-147
-161
-169
-178
-200
-225
-245
-262
-273
-282
-293
-305
-318
-328
-336
-350
-359
-366
-369
-367
-359
-346
-330
-321
-323
-330
-329
-316
-302
-291
-282
-280
-274
-265
-258
-254
-245
-237
-225
-208
-191
-174
-158
-143
-125
-104
-83
-62
-40
-17
1
15
32
53
78
103
125
141
158
180
199
215
229
248
268
287
304
318
332
335
332
333
334
339
342
338
336
330
322
314
303
297
290
286
283
273
262
249
232
218
213
210
204
192
173
156
144
134
125
113
95
76
59
52
49
45
35
21
4
-16
-31
-46
-62
-76
-88
-96
-109
-125
-136
-150
-160
-165
-170
-176
-190
-205
-217
-229
-237
-240
-248
-256
-265
-267
-268
-274
-272
-277
-282
-280
-275
-267
-262
-255
-250
-248
-241
-232
-220
-205
-191
-188
-189
-189
-182
-172
-159
-146
-135
-123
-111
-98
-81
-65
-55
-50
-40
-23
-3
17
35
48
59
66
74
84
100
116
127
138
143
147
162
183
199
209
215
223
228
236
240
245
251
253
255
257
261
261
256
250
241
235
233
236
235
231
228
225
221
214
205
193
182
171
162
155
141
125
113
97
86
80
70
56
40
23
11
-1
-8
-21
-38
-53
-68
-81
-93
-101
-112
-124
-137
-145
-158
-169
-184
-198
-197
-198
-201
-205
-213
-222
-230
-233
-230
-225
-222
-219
-219
-218
-217
-218
-219
-219
-216
-208
-200
-196
-192
-187
-180
-177
-167
-162
-153
-139
-130
-120
-119
-116
-111
-102
-89
-70
-50
-37
-32
-27
-17
-6
12
31
46
61
70
74
82
88
100
112
124
138
145
157
168
170
173
181
188
201
210
217
222
220
221
216
212
214
217
221
219
214
210
202
195
188
182
179
176
173
165
157
150
140
128
120
106
96
90
85
78
64
51
38
25
22
19
12
1
-16
-31
-45
-57
-65
-76
-84
-98
-105
-110
-119
-126
-137
-146
-155
-161
-166
-171
-176
-179
-180
-181
-182
-184
-185
-191
-187
-182
-180
-184
-189
-182
-176
-170
-170
-171
-167
-161
-149
-135
-127
-128
-130
-126
-114
-98
-88
-80
-74
-65
-49
-40
-34
-27
-23
-15
-8
3
16
26
39
48
57
65
73
81
81
87
98
105
114
117
119
125
133
139
144
143
140
137
138
142
147
152
152
150
143
142
142
140
139
138
133
129
123
120
116
115
114
111
109
102
97
96
88
84
79
69
58
48
43
42
33
21
8
-1
-9
-14
-20
-27
-31
-38
-42
-45
-52
-61
-67
-71
-76
-82
-89
-97
-99
-100
-101
-102
-107
-111
-118
-123
-126
-125
-121
-121
-123
-125
-127
-128
-126
-125
-125
-127
-128
-123
-119
-115
-114
-113
-106
-99
-94
-87
-81
-76
-73
-65
-55
-46
-36
-25
-16
-10
-2
5
11
16
23
30
33
38
40
43
47
50
55
61
63
70
77
84
86
87
88
91
95
99
100
100
99
95
96
97
98
100
101
103
103
103
103
98
90
81
74
70
67
67
64
59
59
55
53
51
48
44
42
38
34
28
24
20
16
12
6
-2
-7
-10
-14
-20
-26
-29
-31
-34
-37
-37
-39
-45
-49
-53
-55
-58
-59
-62
-65
-66
-67
-68
-73
-80
-84
-88
-88
-88
-88
-85
-82
-75
-73
-69
-68
-72
-68
-63
-59
-59
-59
-62
-63
-59
-53
-48
-46
-45
-39
-31
-21
-15
-11
-12
-6
6
13
18
20
22
24
27
31
34
36
36
38
39
44
45
42
39
38
44
50
51
49
47
46
48
50
50
49
49
53
61
65
68
68
65
66
62
62
65
63
60
56
55
51
43
36
24
20
13
2
-5
-11
-12
-14
-17
-18
-20
-20
-21
-20
-19
-18
-23
-29
-29
-26
-24
-24
-26
-29
-29
-31
-33
-31
-30
-34
-34
-31
-32
-34
-35
-38
-38
-37
-33
-31
-32
-35
-35
-32
-31
-34
-37
-34
-30
-23
-19
-17
-16
-17
-17
-13
-10
-5
-1
-1
1
6
10
11
7
9
9
13
16
17
17
12
13
15
16
17
13
12
15
15
16
20
23
25
26
28
30
28
28
25
27
30
28
27
25
24
24
24
26
25
19
17
14
12
14
11
10
12
10
4
2
1
2
1
1
-3
-7
-8
-6
-6
-5
-6
-13
-16
-16
-12
-9
-12
-14
-19
-21
-23
-22
-20
-20
-23
-26
-25
-25
-23
-22
-25
-27
-26
-24
-24
-24
-24
-23
-22
-20
-18
-16
-15
-14
-13
-10
-9
-8
-7
-6
-2
-1
0
1
-3
-2
1
4
5
6
9
9
11
15
15
16
16
18
21
18
22
24
27
27
24
22
19
18
23
24
25
22
20
17
16
19
17
12
9
4
6
8
11
11
8
6
2
4
8
8
2
1
0
2
5
0
-3
-4
-4
-4
-5
-7
-11
-12
-9
-5
-3
-4
-4
-6
-3
0
2
2
-4
-6
-6
-4
-2
-2
-5
-8
-9
-12
-15
-15
-14
-14
-14
-16
-16
-14
-10
-6
-5
-5
-6
-6
-6
-7
-5
-4
-8
-11
-15
-14
-10
-9
-10
-16
-20
-16
-11
-4
-4
-5
-2
0
2
4
4
3
4
4
3
7
4
1
0
2
2
2
0
-3
1
4
3
2
0
-1
-2
2
4
5
3
1
6
6
6
7
7
8
6
7
11
13
11
7
4
7
10
12
10
7
7
11
18
22
18
13
11
15
20
19
17
