1
2
3
4
2
2
2
-1
-2
0
0
-1
-1
3
3
-3
-3
-1
-2
2
4
0
-1
2
3
1
2
3
-1
-3
-7
-2
4
-3
-3
5
2
0
1
-6
-2
2
2
1
-3
-7
-4
1
-5
-1
4
-1
-2
0
2
8
7
2
7
4
3
4
-7
-6
3
8
9
-3
-13
-8
3
6
4
10
9
4
4
7
13
20
15
8
9
11
10
8
9
13
15
9
2
-3
-8
-6
-7
-13
-13
-14
-19
-20
-22
-19
-10
-13
-13
-13
-16
-14
-9
-7
-3
-1
-3
-7
-7
-5
-10
-2
-2
-9
-9
-9
-8
-5
-6
-7
-5
-7
-6
-9
-10
-8
-11
-8
-3
-4
-1
-3
-2
0
-3
7
12
7
7
7
1
3
2
3
9
9
10
9
1
4
15
12
14
18
21
28
18
19
41
48
48
40
35
48
57
59
56
54
52
36
24
20
19
16
-2
-9
-10
-12
-16
-27
-37
-32
-35
-45
-41
-46
-46
-48
-53
-51
-46
-51
-62
-77
-108
-143
-167
-140
-111
-140
-178
-202
-195
-178
-156
-129
-106
-97
-103
-80
-40
2
58
100
113
143
164
164
152
130
164
213
209
157
93
55
28
30
63
63
8
-58
-85
-51
-13
13
23
14
3
11
45
93
130
141
167
173
165
201
223
225
243
249
262
265
241
230
212
193
189
187
161
114
65
40
35
33
42
35
19
-8
-10
34
54
16
-19
20
63
31
-49
-97
-132
-215
-301
-323
-347
-502
-782
-981
-950
-785
-698
-832
-1000
-1026
-918
-807
-710
-484
-261
-197
-209
-137
78
309
445
552
642
710
762
761
739
718
708
714
650
503
371
279
172
16
-99
-154
-218
-282
-371
-398
-383
-479
-496
-396
-313
-245
-193
-76
60
119
168
312
496
571
566
599
630
627
633
609
577
493
360
262
182
129
116
37
-58
-94
-116
-140
-181
-164
-99
-40
4
13
63
143
185
259
334
401
474
499
455
439
499
549
517
381
288
268
190
40
-148
-276
-379
-535
-715
-856
-878
-909
-1046
-1246
-1555
-1890
-1971
-1640
-1154
-1048
-1385
-1559
-1291
-940
-697
-390
73
397
323
203
476
954
1199
1215
1279
1342
1276
1151
1074
1006
877
814
754
530
229
29
-97
-299
-532
-611
-568
-589
-708
-733
-608
-540
-581
-499
-222
-43
-32
-20
119
367
463
491
655
811
815
690
605
664
709
638
545
444
334
183
27
-17
-10
9
-19
-111
-163
-197
-185
-82
25
126
234
306
310
269
313
494
695
757
702
643
560
474
443
440
450
393
258
130
-4
-163
-303
-377
-408
-545
-744
-845
-864
-934
-1082
-1105
-1012
-969
-1180
-1732
-2212
-2067
-1276
-637
-903
-1560
-1564
-998
-689
-708
-337
380
585
104
-75
556
1162
1168
995
1140
1356
1281
1045
956
962
863
789
755
572
267
107
-27
-312
-547
-559
-430
-468
-687
-730
-562
-483
-490
-419
-154
23
-45
25
200
344
441
569
782
854
753
663
705
792
788
737
679
567
369
203
185
216
197
75
-35
-36
-89
-193
-182
-66
17
41
88
130
171
198
275
464
572
601
592
531
443
384
443
540
505
343
190
131
77
-92
-176
-153
-182
-343
-549
-661
-774
-929
-1015
-979
-956
-1017
-1339
-2112
-2833
-2553
-1315
-622
-1329
-2241
-2028
-1191
-983
-1188
-589
514
583
-228
-278
710
1466
1317
1079
1434
1802
1599
1264
1264
1319
1193
1090
1024
760
418
190
-16
-338
-640
-652
-489
-552
-867
-942
-695
-572
-676
-623
-258
30
1
-14
231
453
450
456
758
1125
1091
785
707
898
990
861
759
697
497
222
67
153
241
137
-6
-135
-252
-308
-218
-62
-7
18
132
284
261
181
330
608
765
699
629
694
696
552
496
608
626
464
270
196
117
-80
-267
-294
-260
-415
-647
-801
-929
-1135
-1326
-1261
-1046
-1123
-1933
-3058
-3397
-2433
-1093
-988
-2073
-2654
-2015
-1325
-1378
-1236
-142
748
257
-507
21
1349
1833
1409
1359
1907
2156
1818
1520
1582
1678
1510
1296
1139
836
485
233
-78
-511
-777
-707
-604
-849
-1215
-1161
-818
-753
-927
-815
-355
-56
-155
-146
319
780
720
438
575
1066
1316
1150
993
1039
1031
854
719
766
745
495
283
230
190
101
5
-115
-255
-293
-194
-86
-73
-54
92
269
307
328
477
658
767
728
687
776
781
634
539
555
608
528
325
197
62
-152
-351
-361
-284
-364
-672
-1084
-1331
-1383
-1354
-1291
-1311
-1983
-3265
-3873
-2984
-1454
-1130
-2305
-3122
-2531
-1702
-1605
-1340
-237
700
275
-628
-115
1396
2130
1843
1708
2215
2458
2074
1787
1944
2110
1909
1577
1354
1042
597
209
-101
-491
-847
-834
-679
-917
-1401
-1539
-1244
-1018
-1116
-1064
-565
-164
-241
-323
141
747
813
606
741
1217
1418
1157
1041
1275
1409
1186
871
785
775
542
294
317
386
242
-14
-242
-380
-417
-360
-164
34
92
111
178
193
202
428
787
1007
923
690
660
767
768
708
761
878
742
344
37
48
93
-90
-269
-308
-420
-796
-1181
-1342
-1353
-1403
-1510
-1855
-2881
-4022
-3836
-2211
-1171
-2114
-3507
-3300
-2103
-1730
-1994
-1175
391
581
-606
-837
793
2270
2088
1574
2048
2716
2512
1930
2021
2456
2364
1873
1595
1514
1128
548
185
-111
-556
-861
-849
-859
-1224
-1653
-1567
-1217
-1235
-1404
-1108
-527
-376
-558
-362
305
755
622
572
1032
1432
1302
1034
1217
1630
1595
1211
985
930
783
513
419
500
452
153
-190
-363
-447
-446
-220
22
28
-33
24
133
185
252
597
1056
1114
827
659
749
900
910
984
1140
1018
611
231
207
291
146
-73
-175
-325
-723
-1205
-1424
-1349
-1379
-1683
-2297
-3322
-4194
-3857
-2466
-1692
-2560
-3817
-3603
-2410
-1962
-2099
-1272
170
352
-683
-836
783
2316
2283
1773
2208
2931
2732
2130
2220
2792
2834
2217
1726
1573
1260
679
217
-82
-450
-782
-904
-1071
-1507
-1871
-1753
-1455
-1459
-1600
-1402
-874
-652
-783
-612
72
685
796
715
884
1242
1392
1355
1403
1547
1625
1510
1262
1042
831
692
669
598
416
168
-82
-285
-408
-401
-209
32
89
-57
-97
25
197
413
668
998
1141
968
743
766
940
1068
1121
1173
1117
748
370
253
280
262
141
-10
-287
-785
-1254
-1452
-1405
-1465
-1881
-2829
-4026
-4390
-3433
-2192
-2213
-3504
-4193
-3423
-2483
-2341
-2112
-910
155
-259
-1127
-459
1417
2420
2039
1841
2598
3188
2772
2279
2605
3095
2916
2342
1968
1775
1314
678
243
-100
-451
-707
-893
-1241
-1740
-2005
-1819
-1610
-1715
-1824
-1502
-992
-905
-982
-646
52
539
604
644
947
1302
1413
1463
1583
1752
1804
1660
1457
1214
1074
1002
891
808
647
360
90
-192
-379
-281
-44
106
57
-112
-173
-10
179
373
605
874
914
679
592
726
935
1124
1182
1098
945
668
474
425
402
361
207
-86
-489
-907
-1172
-1266
-1427
-1920
-2936
-4084
-4298
-3316
-2379
-2781
-4067
-4558
-3743
-2847
-2686
-2417
-1333
-467
-858
-1426
-587
1278
2313
2067
1920
2529
3083
2891
2622
3011
3532
3400
2797
2308
2063
1805
1266
681
221
-165
-446
-762
-1259
-1755
-1967
-1874
-1850
-2058
-2118
-1871
-1535
-1416
-1379
-971
-412
-45
119
321
773
1204
1365
1414
1622
1928
2054
1979
1785
1633
1562
1417
1304
1209
1050
741
325
39
-50
-25
29
79
26
-136
-260
-236
-18
192
349
517
617
584
525
609
827
1118
1236
1108
855
695
790
942
860
440
5
-138
-231
-628
-1133
-1409
-1711
-2640
-4039
-4604
-3611
-2462
-2957
-4551
-5205
-4281
-3255
-3296
-3215
-2013
-904
-1180
-1915
-1205
676
1874
1817
1773
2573
3302
3165
2828
3132
3758
3940
3528
2963
2598
2250
1771
1258
770
398
83
-364
-1020
-1630
-1852
-1783
-1837
-2199
-2462
-2281
-1959
-1893
-1916
-1571
-968
-667
-653
-341
436
1026
1099
1079
1394
1902
2155
2183
2163
2060
1877
1726
1715
1765
1606
1253
853
433
202
270
359
283
83
-143
-263
-288
-189
59
236
279
216
174
251
366
598
878
994
1000
889
810
855
912
810
591
469
362
115
-395
-865
-1180
-1651
-2747
-4070
-4285
-3158
-2336
-3379
-5177
-5455
-4239
-3470
-3811
-3629
-2185
-1214
-1962
-2768
-1533
773
1813
1411
1468
2592
3322
2926
2644
3430
4461
4427
3692
3224
3054
2784
2240
1704
1347
1032
545
-75
-776
-1340
-1512
-1510
-1759
-2278
-2613
-2532
-2362
-2358
-2343
-1972
-1474
-1365
-1378
-871
-9
496
527
688
1275
1835
2056
2084
2257
2459
2377
2168
2106
2212
2152
1750
1296
1014
904
843
702
522
373
182
-108
-284
-217
-52
85
57
-100
-213
-165
39
313
569
737
724
654
648
793
967
895
671
413
293
200
-66
-426
-890
-1640
-2887
-4054
-3900
-2734
-2287
-3582
-5306
-5460
-4316
-3602
-3872
-3627
-2376
-1759
-2630
-3203
-1727
574
1463
991
1117
2296
2921
2474
2466
3636
4687
4479
3623
3214
3262
3088
2599
2206
2018
1665
971
155
-524
-844
-896
-1012
-1440
-2052
-2419
-2509
-2563
-2607
-2459
-2042
-1695
-1782
-1896
-1416
-575
-28
119
325
860
1479
1684
1740
2053
2383
2526
2431
2433
2577
2479
2125
1715
1483
1434
1390
1249
978
650
368
117
-39
-6
77
26
-129
-294
-401
-382
-294
-123
168
403
448
394
378
412
521
705
776
623
321
116
92
-109
-753
-1814
-2941
-3471
-3051
-2307
-2382
-3682
-5071
-5109
-4202
-3653
-3712
-3439
-2613
-2435
-3218
-3382
-1816
221
875
483
713
1730
2284
2059
2318
3571
4576
4311
3525
3273
3458
3337
2859
2620
2580
2292
1528
569
-65
-265
-318
-535
-1025
-1616
-2067
-2314
-2508
-2595
-2398
-2051
-1895
-2103
-2270
-2000
-1341
-676
-278
108
500
754
867
1050
1573
2216
2512
2487
2424
2397
2340
2200
2104
2074
2001
1853
1614
1350
1110
883
682
468
334
260
184
49
-207
-429
-488
-369
-181
-40
28
132
198
215
258
288
367
559
706
499
172
-28
-179
-552
-1338
-2365
-3068
-2937
-2304
-2180
-3146
-4528
-5027
-4329
-3544
-3500
-3588
-3093
-2611
-3006
-3516
-2629
-715
461
231
12
836
1793
1944
1928
2786
3978
4188
3525
3144
3408
3627
3226
2766
2729
2652
2063
1202
581
361
274
-47
-530
-1027
-1542
-1945
-2160
-2230
-2195
-2053
-2013
-2210
-2387
-2219
-1733
-1231
-789
-450
-170
65
194
520
1130
1686
2000
2100
2237
2417
2460
2416
2366
2350
2328
2264
2120
1872
1618
1404
1152
897
739
659
540
352
99
-192
-449
-495
-326
-131
-102
-189
-241
-254
-117
-12
24
112
223
274
164
18
-111
-431
-1169
-2216
-2952
-2791
-1899
-1492
-2590
-4360
-5021
-4158
-3178
-3181
-3457
-2992
-2522
-3092
-3819
-2990
-868
396
-65
-577
217
1330
1504
1443
2366
3704
3974
3197
2720
3108
3618
3434
2973
2822
2745
2296
1566
1021
777
714
547
48
-632
-1204
-1475
-1609
-1837
-1963
-1886
-1888
-2178
-2510
-2482
-2019
-1527
-1270
-1058
-847
-543
-142
208
584
1062
1506
1834
2087
2295
2428
2429
2325
2320
2488
2614
2539
2283
1984
1727
1497
1320
1235
1167
973
698
407
49
-223
-307
-227
-107
-168
-363
-481
-423
-352
-307
-312
-314
-204
-63
-55
-320
-699
-1013
-1458
-2413
-3205
-2670
-1366
-1354
-3191
-4900
-4507
-2923
-2590
-3453
-3405
-2187
-1941
-3389
-4034
-2195
132
419
-672
-578
891
1546
933
1049
2685
4025
3589
2514
2457
3192
3377
2898
2711
2944
2787
1977
1169
835
902
942
642
56
-583
-1084
-1392
-1575
-1641
-1564
-1459
-1615
-2037
-2289
-2124
-1780
-1462
-1208
-986
-816
-678
-409
-55
357
772
1135
1498
1811
2000
2053
2013
2075
2230
2413
2486
2399
2274
2033
1738
1544
1485
1504
1442
1207
898
589
266
31
-17
58
90
-76
-349
-462
-433
-413
-423
-408
-270
-219
-412
-635
-601
-509
-1004
-2252
-3417
-3321
-1934
-931
-1743
-3651
-4768
-4197
-3053
-2712
-2714
-2242
-1932
-2722
-3847
-3353
-1156
545
340
-502
-275
647
974
915
1684
3105
3714
3070
2289
2370
2921
3081
2883
2795
2829
2523
1755
1092
922
1065
1121
771
137
-552
-1091
-1368
-1448
-1377
-1229
-1272
-1704
-2315
-2539
-2140
-1611
-1404
-1360
-1198
-1026
-871
-672
-275
288
741
1037
1340
1656
1790
1797
1868
2019
2274
2546
2604
2472
2259
2012
1849
1770
1777
1782
1619
1314
944
696
533
337
145
25
-47
-91
-248
-459
-580
-572
-426
-377
-514
-622
-581
-472
-621
-1072
-1725
-2442
-2788
-2467
-1567
-1315
-2480
-4015
-4327
-3266
-2359
-2515
-2733
-2367
-2275
-3027
-3472
-2277
-392
226
-516
-919
-151
711
780
952
1947
2969
2956
2281
2092
2545
2918
2860
2724
2795
2678
2126
1468
1184
1253
1323
1218
777
100
-488
-872
-1052
-1039
-969
-1014
-1333
-1800
-2116
-2046
-1758
-1667
-1758
-1699
-1305
-908
-828
-808
-546
8
569
927
1241
1534
1662
1659
1711
2031
2470
2719
2625
2337
2190
2146
2134
2090
1994
1912
1756
1441
1029
758
646
559
364
81
-83
-223
-398
-546
-583
-560
-571
-708
-836
-737
-576
-549
-808
-1338
-2160
-3031
-3087
-1958
-799
-1334
-3430
-4773
-4011
-2499
-2109
-2548
-2381
-1876
-2500
-3768
-3399
-1086
611
-31
-1229
-876
312
704
535
1207
2594
3111
2389
1807
2228
2843
2844
2616
2720
2832
2481
1831
1414
1288
1254
1305
1206
736
18
-576
-893
-983
-916
-807
-877
-1364
-1990
-2217
-2040
-1753
-1612
-1574
-1403
-1251
-1236
-1135
-826
-363
137
557
883
1105
1214
1331
1504
1779
2122
2389
2531
2484
2283
2164
2187
2262
2244
2104
1996
1757
1369
1074
945
911
752
400
105
-24
-201
-428
-559
-568
-553
-663
-830
-884
-786
-764
-878
-1084
-1640
-2650
-3424
-2908
-1275
-567
-2098
-4332
-4727
-3103
-1872
-2216
-2632
-2022
-1710
-2852
-3781
-2398
81
708
-679
-1459
-401
823
749
556
1615
2832
2728
1873
1752
2434
2828
2550
2411
2707
2746
2244
1575
1278
1307
1344
1296
1166
706
-51
-670
-928
-808
-592
-605
-984
-1600
-2037
-2022
-1728
-1502
-1567
-1601
-1430
-1283
-1196
-1076
-739
-309
30
280
577
885
1008
1106
1355
1713
2057
2260
2263
2227
2179
2147
2269
2360
2301
2190
1999
1705
1432
1244
1130
982
694
424
218
-29
-231
-397
-539
-660
-737
-742
-769
-904
-1024
-952
-837
-1151
-2079
-3111
-3269
-2013
-605
-833
-2792
-4474
-4057
-2388
-1583
-1997
-2213
-1894
-2154
-3214
-3297
-1410
493
352
-1052
-1383
-244
643
581
716
1735
2511
2161
1526
1712
2391
2561
2293
2315
2609
2567
1998
1462
1387
1492
1487
1379
1220
771
4
-644
-750
-395
-149
-447
-1050
-1579
-1878
-1861
-1683
-1428
-1264
-1393
-1606
-1601
-1365
-1053
-756
-470
-132
204
373
495
741
1014
1255
1492
1798
2101
2176
2121
2071
2115
2205
2278
2337
2229
1994
1651
1395
1344
1272
1060
764
515
266
2
-225
-369
-485
-708
-865
-818
-728
-843
-1049
-1092
-1015
-1120
-1789
-2694
-2946
-2074
-862
-800
-2246
-3799
-3762
-2396
-1419
-1563
-1930
-1865
-1961
-2585
-2816
-1715
-138
204
-690
-1247
-715
82
382
584
1232
1828
1753
1399
1466
1927
2155
2053
2097
2343
2345
1912
1513
1525
1625
1558
1472
1371
1047
436
-214
-394
-18
240
-43
-676
-1158
-1332
-1368
-1287
-1289
-1380
-1527
-1510
-1229
-1079
-1171
-1340
-1158
-512
70
200
168
281
395
497
798
1398
1986
2070
1784
1571
1698
1999
2228
2328
2278
2093
1738
1515
1484
1405
1208
914
700
567
309
-63
-295
-399
-529
-598
-619
-646
-760
-997
-1131
-1041
-826
-868
-1402
-2188
-2631
-2071
-976
-637
-1563
-2896
-3175
-2266
-1411
-1366
-1677
-1753
-1813
-2231
-2447
-1708
-578
-191
-762
-1251
-895
-266
60
350
826
1117
1008
889
1191
1680
1818
1657
1642
1866
1992
1798
1572
1601
1700
1532
1283
1237
1166
815
320
139
323
365
80
-299
-550
-751
-974
-983
-815
-734
-964
-1317
-1319
-1014
-837
-877
-874
-659
-392
-189
10
174
303
313
413
840
1288
1472
1469
1440
1481
1565
1591
1704
1891
1824
1515
1181
1061
1084
1033
911
747
572
230
-6
-62
-166
-274
-398
-499
-567
-691
-763
-802
-802
-626
-539
-647
-851
-1330
-1990
-2208
-1479
-220
86
-1203
-2714
-2808
-1681
-763
-723
-1115
-1387
-1706
-2117
-1981
-1032
-164
-304
-972
-1125
-658
-243
-172
28
486
646
518
580
982
1327
1119
720
851
1323
1546
1508
1382
1230
1053
806
767
1062
1207
889
368
131
203
279
219
65
-42
-232
-523
-572
-358
-232
-358
-564
-591
-409
-373
-452
-393
-158
79
71
80
235
314
279
287
556
975
1133
976
751
679
730
858
990
1100
1083
802
503
425
557
681
630
439
296
152
0
-86
-75
-34
-97
-212
-331
-403
-404
-401
-371
-331
-399
-455
-470
-382
-321
-608
-1130
-1313
-862
-249
-115
-716
-1401
-1514
-1194
-924
-836
-780
-837
-1109
-1407
-1362
-940
-668
-743
-846
-774
-640
-577
-484
-266
-50
-65
-91
74
342
535
520
498
584
657
717
795
912
1016
930
772
818
912
859
677
496
531
578
404
249
236
189
43
-38
42
132
100
-53
-158
-76
6
-13
-15
19
95
147
148
237
379
436
329
251
325
404
479
509
527
544
451
322
375
518
510
427
326
290
311
225
186
253
281
212
86
47
40
-17
-98
-125
-65
-90
-166
-206
-207
-213
-314
-369
-321
-313
-302
-317
-395
-520
-733
-892
-815
-501
-273
-388
-747
-1000
-978
-808
-652
-593
-559
-617
-806
-908
-802
-563
-444
-527
-585
-567
-504
-405
-266
-128
-114
-161
-151
-30
200
314
279
318
408
432
428
417
484
540
398
336
385
407
391
286
246
284
305
304
253
227
257
260
277
301
333
359
265
210
304
400
428
340
245
273
344
430
497
449
355
243
197
295
423
508
415
258
178
191
258
306
389
403
295
158
118
175
207
271
276
213
151
64
48
47
15
-15
-41
-87
-157
-231
-294
-333
-386
-415
-455
-484
-510
-547
-567
-625
-634
-575
-542
-567
-581
-581
-600
-596
-551
-463
-338
-328
-417
-460
-454
-423
-369
-287
-230
-216
-255
-317
-317
-261
-167
-136
-119
-94
-147
-113
-90
-120
-110
-68
43
69
14
-47
-85
-11
42
65
116
123
169
228
192
183
221
239
260
307
345
390
454
464
410
374
381
453
554
554
486
422
402
421
470
497
504
479
400
346
301
297
354
361
331
301
253
240
227
245
271
269
271
216
165
134
137
133
81
74
88
30
-55
-121
-156
-154
-141
-154
-205
-263
-314
-305
-293
-309
-342
-364
-420
-480
-460
-435
-454
-444
-415
-382
-370
-387
-386
-400
-365
-333
-294
-220
-234
-284
-334
-350
-264
-189
-167
-193
-219
-243
-268
-220
-148
-171
-223
-234
-218
-209
-213
-180
-154
-149
-139
-137
-116
-70
-30
-29
-53
-45
-29
45
151
193
206
231
226
224
275
297
328
384
399
371
338
335
359
375
376
398
375
322
331
319
287
289
358
437
404
325
272
265
301
358
434
422
320
265
257
244
267
252
234
229
146
82
83
64
13
10
-37
-93
-99
-141
-177
-182
-185
-183
-222
-319
-338
-315
-315
-321
-300
-239
-258
-342
-385
-354
-273
-255
-227
-207
-255
-313
-363
-336
-251
-144
-97
-181
-254
-270
-224
-141
-145
-168
-147
-172
-258
-284
-213
-138
-95
-119
-161
-152
-150
-110
-37
-17
-30
-38
-83
-64
-34
-28
58
119
149
152
105
90
138
198
247
282
283
211
129
141
192
274
324
280
221
160
134
156
232
273
254
209
131
85
89
146
237
245
217
241
198
164
154
135
177
221
244
248
191
110
21
39
92
113
143
75
-32
-135
-144
-32
-12
-42
-100
-173
-210
-277
-230
-163
-161
-166
-212
-252
-266
-268
-264
-200
-127
-100
-139
-248
-293
-266
-162
-94
-58
-37
-126
-187
-183
-121
-63
-65
-88
-119
-139
-146
-127
-79
-37
-61
-106
-96
-73
-43
-13
-30
-56
-42
6
23
23
33
42
62
55
82
164
167
130
128
115
130
174
195
202
195
155
109
125
144
150
157
124
93
143
164
115
87
78
116
151
161
173
166
110
92
120
107
109
98
107
130
130
138
88
61
86
45
5
-15
19
29
-65
-88
-108
-130
-118
-145
-179
-175
-198
-198
-216
-233
-200
-234
-232
-241
-236
-198
-200
-167
-132
-150
-202
-210
-150
-116
-93
-60
-49
-70
-94
-96
-70
-29
-66
-76
-39
-46
-49
-42
2
17
-30
-37
-57
-33
34
49
38
2
3
24
57
111
104
118
126
78
115
160
139
136
148
164
191
157
113
136
177
201
167
137
155
128
112
122
144
184
138
109
118
83
82
96
107
130
113
67
47
74
81
84
95
89
80
41
17
16
27
13
-9
-10
-43
-76
-48
-43
-72
-63
-91
-125
-137
-155
-167
-190
-203
-204
-175
-193
-242
-234
-231
-238
-241
-211
-184
-177
-199
-207
-169
-110
-86
-128
-167
-166
-148
-117
-76
-71
-47
-45
-114
-93
-59
-38
33
50
-8
-38
-33
-5
61
69
42
23
9
-1
-1
39
84
65
56
96
107
132
159
123
136
165
154
163
223
230
180
176
164
195
231
206
186
196
150
125
182
210
191
187
152
121
126
107
106
133
140
107
61
27
45
47
46
81
55
3
-16
-16
5
23
10
-12
-55
-95
-110
-99
-86
-85
-90
-138
-193
-179
-173
-200
-182
-194
-206
-218
-262
-243
-219
-226
-229
-192
-176
-186
-205
-218
-173
-145
-149
-131
-121
-126
-97
-81
-78
-83
-81
-67
-64
-59
-55
-15
9
-26
-30
-13
10
37
27
5
-2
-8
-2
35
71
83
75
59
58
73
125
146
131
147
149
168
192
196
185
197
202
184
196
180
163
198
205
210
209
158
137
145
168
132
124
155
101
80
70
67
90
93
64
64
55
26
40
24
14
10
13
5
-6
12
-39
-46
-19
-57
-68
-84
-122
-136
-121
-123
-125
-144
-186
-203
-190
-191
-191
-209
-204
-194
-213
-222
-226
-201
-190
-166
-155
-164
-153
-130
-121
-107
-78
-38
-26
-30
-63
-82
-37
-6
-7
-21
-10
4
-23
-49
-17
18
14
24
18
-18
-36
-21
41
68
21
21
41
28
37
48
88
117
121
118
101
105
125
144
155
174
182
179
144
143
163
199
235
219
186
128
98
126
168
167
168
147
124
107
80
71
70
77
58
41
9
14
33
34
16
-10
-18
-49
-49
-60
-72
-45
-40
-55
-67
-92
-108
-118
-127
-122
-122
-148
-153
-150
-169
-193
-197
-168
-193
-174
-156
-188
-187
-195
-167
-120
-134
-151
-121
-128
-118
-62
-43
-39
-29
-62
-65
-1
21
37
52
0
-4
-15
-46
-13
31
47
41
5
-18
7
9
27
39
18
11
-3
23
33
4
57
67
69
115
98
102
98
95
138
148
160
187
172
153
163
179
196
200
179
154
154
158
132
139
174
135
117
118
80
95
94
40
43
55
8
16
17
-15
-16
-35
-33
-45
-67
-90
-68
-41
-70
-71
-102
-157
-159
-150
-131
-112
-127
-124
-136
-152
-151
-148
-166
-176
-137
-141
-141
-130
-141
-113
-130
-166
-101
-89
-135
-100
-75
-78
-48
-34
-58
-61
-52
-48
-3
27
-2
18
13
-44
-45
4
41
31
34
13
-9
13
30
22
36
55
33
13
12
27
54
62
49
50
84
82
42
94
128
101
149
184
156
130
137
144
180
219
217
231
227
190
160
182
177
156
159
143
113
113
114
75
53
4
-30
13
1
-53
-46
-42
-55
-80
-102
-94
-81
-74
-123
-144
-99
-100
-119
-144
-140
-108
-138
-152
-144
-127
-110
-155
-173
-140
-132
-151
-163
-160
-152
-127
-117
-100
-93
-110
-113
-119
-105
-80
-43
-29
-5
-29
-71
-47
-18
18
14
-6
23
42
14
-11
21
66
45
25
22
15
8
11
38
46
11
5
43
56
62
51
45
58
73
73
70
97
105
93
109
126
140
133
127
150
152
147
149
179
207
188
161
177
184
181
160
120
123
137
120
78
86
98
73
26
0
-9
-21
-23
-42
-63
-69
-94
-111
-111
-117
-117
-119
-108
-129
-147
-148
-172
-144
-131
-149
-154
-174
-149
-136
-149
-131
-132
-158
-128
-120
-161
-120
-105
-107
-92
-84
-87
-74
-59
-80
-69
-43
-24
-31
-52
-18
34
24
-11
15
35
12
-1
28
83
69
18
7
33
37
16
20
23
23
26
19
56
60
28
42
18
6
12
39
77
72
75
57
44
66
67
63
86
115
140
157
142
149
168
163
172
166
170
173
160
160
130
116
169
187
144
95
71
59
44
22
15
32
34
19
-39
-68
-65
-90
-87
-96
-102
-122
-176
-174
-149
-158
-149
-153
-162
-146
-152
-141
-137
-155
-114
-76
-113
-123
-119
-135
-108
-89
-76
-83
-107
-87
-70
-89
-65
-46
-65
-52
-42
-23
-11
-17
17
46
-3
-23
9
28
38
29
39
50
57
36
-2
3
32
44
25
4
-3
12
18
0
11
13
-18
-16
23
25
4
-3
10
43
36
37
52
96
106
87
103
117
134
126
131
149
191
191
158
173
175
152
138
132
147
162
118
112
115
84
63
45
39
19
-17
-26
-28
-49
-57
-64
-72
-84
-99
-137
-168
-142
-122
-115
-115
-121
-153
-165
-149
-162
-136
-110
-131
-147
-131
-139
-156
-100
-53
-68
-87
-85
-67
-49
-53
-52
-37
-39
-40
-3
8
0
31
44
39
53
22
7
41
45
38
42
51
46
36
34
46
31
7
11
14
34
29
13
-3
-24
-31
-25
-8
10
-5
-16
-26
-39
-9
26
47
37
79
91
46
57
99
119
101
102
153
180
136
139
153
140
140
122
134
142
106
103
127
96
66
60
18
-14
4
-2
-40
-58
-52
-39
-58
-88
-113
-132
-121
-103
-122
-131
-134
-152
-147
-144
-134
-109
-117
-108
-90
-116
-111
-105
-102
-80
-58
-55
-78
-99
-123
-80
-50
-70
-28
-9
-26
-13
-22
-6
29
19
4
21
63
84
69
70
76
72
75
38
50
115
80
26
27
44
41
23
52
62
42
2
-44
-34
-19
-25
-13
14
-5
-34
-51
-46
-11
13
22
54
59
40
50
58
83
76
79
110
137
155
144
128
123
134
121
123
135
130
94
54
57
59
68
48
16
12
-18
-53
-35
-22
-28
-31
-84
-95
-69
-102
-134
-138
-125
-98
-108
-103
-89
-114
-130
-140
-117
-72
-98
-148
-155
-152
-105
-79
-85
-81
-82
-75
-92
-80
-32
-50
-61
-39
-39
-17
19
20
19
21
-6
25
92
90
74
75
49
36
62
71
75
69
53
47
29
38
42
47
63
33
6
17
18
29
20
16
32
2
-15
-9
-9
1
10
18
28
17
39
55
42
70
59
52
57
62
85
85
93
104
94
83
84
93
100
99
83
80
93
69
60
38
1
-5
-34
-26
3
-20
-27
-52
-73
-66
-84
-91
-81
-72
-82
-98
-114
-122
-139
-128
-81
-87
-89
-88
-93
-94
-123
-98
-61
-68
-76
-98
-98
-78
-70
-69
-50
-42
-55
-27
-7
-10
-11
-18
-31
-13
8
2
34
47
49
39
41
49
52
102
89
63
68
45
52
73
63
68
78
46
42
58
33
18
36
55
34
0
28
18
-5
20
8
-7
5
9
15
27
9
34
61
45
38
29
49
51
48
76
48
51
79
66
58
49
50
82
62
11
33
21
12
16
-11
9
-13
-42
-34
-46
-66
-74
-77
-79
-69
-61
-77
-67
-48
-60
-71
-54
-55
-71
-61
-76
-94
-68
-65
-92
-84
-83
-82
-68
-62
-40
-68
-89
-62
-61
-40
-43
-71
-60
-47
-20
-14
-16
32
34
27
52
49
80
83
66
98
116
94
92
85
75
102
72
62
67
59
81
44
0
11
28
26
5
-15
-19
-17
-5
-11
5
16
-4
14
-1
-16
7
2
0
10
13
10
30
42
39
36
20
22
36
44
75
85
47
50
49
30
10
3
19
33
16
-21
-19
-5
-8
-21
-10
-14
-34
-38
-40
-40
-20
-35
-75
-43
-41
-81
-80
-78
-63
-55
-86
-90
-68
-64
-78
-94
-79
-58
-63
-72
-53
-63
-82
-57
-50
-64
-28
-42
-45
18
2
-8
14
43
48
25
37
62
77
94
86
75
83
71
97
123
107
76
61
72
69
71
78
60
54
41
-23
-26
-14
-26
-16
-33
-34
-8
-24
-65
-76
-59
-53
-29
9
6
-1
-13
-35
-19
5
14
46
52
50
74
60
54
67
61
46
49
58
57
71
72
47
36
24
-7
-1
4
-6
3
0
-9
-11
-33
-60
-53
-22
-28
-50
-60
-67
-50
-24
-51
-83
-52
-62
-101
-95
-109
-103
-81
-82
-68
-72
-96
-92
-83
-106
-113
-94
-71
-60
-59
-81
-67
-17
-30
-66
-74
-49
-6
21
18
20
64
97
133
189
189
182
206
221
247
245
192
172
191
184
142
107
94
70
22
-15
-49
-79
-79
-104
-108
-106
-144
-122
-110
-115
-106
-99
-48
-5
30
32
25
41
49
77
79
77
93
111
102
75
75
64
52
60
45
4
-6
8
-29
-52
-58
-78
-45
-44
-68
-54
-36
-55
-80
-74
-70
-67
-60
-64
-71
-49
-30
-40
-48
-81
-86
-54
-70
-76
-70
-70
-60
-71
-99
-86
-52
-62
-76
-75
-68
-61
-59
-43
-18
-1
-5
21
55
28
26
49
61
62
44
53
99
109
91
94
99
109
123
107
99
134
101
72
110
95
61
34
14
18
-6
-44
-21
17
-2
-16
-36
-56
-32
-47
-59
-18
20
5
5
6
3
49
53
61
68
58
85
86
60
43
29
33
48
66
37
17
59
33
-36
-46
-32
-34
-18
-9
-28
-40
-50
-58
-54
-63
-63
-48
-36
-51
-59
-55
-62
-51
-50
-68
-53
-37
-63
-98
-87
-77
-106
-97
-84
-82
-72
-78
-71
-65
-82
-75
-44
-22
-27
-33
-38
-24
17
11
11
36
33
43
64
53
55
70
75
96
103
81
83
74
51
62
67
55
39
38
40
30
11
1
9
15
-3
-41
-35
-27
-25
12
3
-15
-2
1
13
37
22
15
32
52
65
64
67
59
74
70
62
68
52
50
56
42
34
47
40
43
31
-2
3
4
-23
-10
10
-17
-33
-39
-43
-24
-27
-46
-56
-44
-37
-49
-41
-33
-40
-39
-56
-68
-64
-60
-60
-60
-68
-77
-43
-48
-78
-78
-74
-43
-23
-55
-59
-47
-38
-39
-55
-38
-27
-31
-12
-6
-7
-9
6
25
23
29
20
25
44
47
28
36
56
40
46
62
35
20
40
55
49
35
7
8
46
38
22
20
6
-3
3
0
-13
8
18
6
-13
-13
16
21
2
-2
28
54
38
6
21
60
61
38
49
58
57
47
7
33
49
34
46
35
14
-6
-21
2
17
-24
-27
2
-13
-43
-53
-51
-24
-3
-41
-33
-12
-37
-40
-9
-3
-31
-30
-25
-21
-14
-40
-58
-27
-31
-66
-46
-28
-46
-27
-39
-59
-21
-51
-69
-35
-37
-35
-33
-45
-22
-4
-18
4
35
13
3
5
12
23
26
20
22
50
41
30
26
1
20
46
24
34
22
-1
22
12
-4
3
19
14
-5
-16
-2
17
11
-12
-3
6
5
26
31
45
42
2
19
53
40
49
54
39
46
71
65
39
39
25
25
43
32
13
14
1
-11
-13
-25
-23
-26
-35
-39
-42
-49
-58
-53
-47
-37
-41
-56
-34
-13
-36
-45
-35
-29
-17
-16
-11
-8
-23
-42
-24
-18
-53
-24
8
-7
-9
-23
-13
4
-12
-11
3
11
9
-1
-3
