19
12
-30
-15
55
-35
7
46
-60
26
28
-41
32
3
-41
20
-1
-22
11
-6
-16
29
9
-35
2
8
-24
39
-7
-53
71
-7
-57
54
-28
-40
58
-24
-23
39
-21
-4
46
-18
-18
28
2
-5
30
-22
-26
49
-24
-4
43
-24
-11
2
-3
2
-29
7
-7
5
18
-38
42
-4
-67
49
21
-59
21
33
-49
19
23
-47
60
-23
-67
82
-41
-25
73
-50
17
52
-32
18
3
-15
0
20
-8
-38
23
-5
-7
4
-35
21
13
-6
30
-16
14
25
-38
-8
36
15
-38
12
57
-9
-38
-12
29
1
-49
-5
36
26
-45
11
32
-51
35
-10
-45
62
-12
-45
36
-21
-8
20
-35
31
18
-60
40
17
-48
6
-18
26
-5
-40
56
8
-41
25
-1
-29
-18
21
1
-33
41
-4
-7
24
-34
4
31
-27
-2
2
-4
14
27
4
-37
48
14
-3
21
-6
19
-7
-19
-12
17
24
-33
10
33
-74
46
38
-70
15
-7
2
-1
-26
15
7
-8
-24
23
20
-34
16
-3
-19
-7
7
15
-7
-30
17
3
-23
13
-9
3
-21
-3
43
-16
-6
21
-37
21
16
-37
29
10
-41
17
-6
-20
54
-39
-14
70
-30
-20
24
-34
14
40
-40
11
14
-31
20
5
-20
15
10
21
3
-26
23
37
6
-8
3
9
-7
-7
34
-39
-8
30
-48
30
42
-61
-18
27
-35
-3
27
-39
17
21
-47
33
2
-59
29
17
-46
31
24
-43
28
-15
-30
50
-22
19
24
-20
17
-26
41
-11
-43
73
-26
-36
41
-27
19
9
-42
57
14
-44
-4
13
-13
7
28
-23
-10
-22
-2
33
-58
38
33
-100
70
34
-95
48
43
-39
-7
-20
-9
30
-36
-10
53
-49
-32
71
-28
-36
59
-7
4
-20
5
46
-75
48
8
-11
56
-73
64
-25
-34
96
-81
-13
39
-35
-1
-12
17
-19
-18
81
-17
-19
43
-38
-4
-20
-2
68
-51
9
58
-28
-13
-21
44
-7
-58
63
-15
-15
23
-13
26
-56
-8
66
-64
-15
53
-2
23
2
10
24
-77
13
30
-33
1
-6
13
-42
4
55
-16
-25
27
5
12
-16
-14
26
-19
-12
23
23
-37
33
51
-57
-9
48
-1
7
-21
-7
19
-35
-4
4
-27
17
23
-52
9
37
-72
15
41
-62
49
-4
-19
37
-83
25
32
-43
3
-10
15
-4
-2
53
-39
-5
24
-23
25
-17
10
8
-26
5
13
-15
-33
5
28
-13
-17
13
20
-21
-8
34
-46
24
15
-35
34
-6
22
45
-39
60
7
-39
73
-63
10
47
-71
40
5
-43
29
-21
10
13
-50
37
37
-44
3
43
-23
-14
9
-3
20
-28
22
20
-40
26
-18
-4
-8
-32
34
-14
-24
23
-30
8
38
-33
-9
-14
38
12
-57
43
14
-27
-1
-6
37
-26
-22
51
-1
-46
4
19
-11
18
-8
-18
23
-38
4
31
-74
60
-19
-38
70
-70
17
21
-38
70
-43
6
76
-62
4
-5
9
11
-34
39
25
7
-26
-42
41
13
-24
-4
35
-26
-2
65
-84
7
62
-82
27
50
-26
-10
-8
34
-2
-42
14
34
-33
-27
33
34
-64
-12
79
-40
-75
61
48
-77
9
35
-20
4
-14
27
-18
-47
62
-24
-8
-2
-13
40
-60
53
42
-95
62
10
-38
13
-20
90
-51
-51
45
-46
27
9
-21
10
-25
10
45
-30
24
22
-16
31
-28
-9
30
-1
-17
11
33
-37
17
35
-63
28
-18
-14
69
-43
-7
31
-27
10
15
-30
-23
67
-25
-71
72
-18
-30
20
-23
36
-17
-13
50
-11
-13
-31
27
42
-60
12
15
-70
26
11
-40
22
-24
1
3
-11
28
-28
4
12
-20
-23
-14
63
-36
-55
88
-21
-50
58
-9
-17
41
13
9
23
-8
-14
5
-15
24
1
-34
45
17
-44
20
32
-8
4
-17
21
-27
-20
33
-32
15
0
-15
22
-16
12
-6
-15
34
-18
46
0
-7
61
-75
28
41
-68
20
20
-13
-27
-9
37
-33
-64
48
28
-67
11
45
-17
-9
21
-26
-43
39
-3
-39
13
8
31
-35
-4
61
-35
-29
48
9
-39
30
11
-10
-3
-7
15
-30
-50
17
-2
-32
29
24
-28
31
57
-65
-5
44
-29
23
0
-7
53
-25
-23
50
-22
-32
29
-25
11
6
-14
23
-11
4
-15
-25
39
-12
-41
47
-28
-8
37
-35
18
9
-29
13
27
-15
4
27
-24
-32
34
-6
-8
35
-37
17
22
-23
19
-28
0
5
-19
15
-4
1
-22
7
15
-33
35
9
-21
16
-49
30
30
-57
41
3
-34
43
-9
-14
16
-31
11
17
-5
14
-5
-14
15
23
-26
5
39
-22
-12
-10
25
4
-39
46
-12
3
26
-48
64
-18
-47
53
-18
24
-24
14
37
-50
21
8
-33
-5
11
-17
-28
33
15
-28
18
-16
18
-20
-36
31
-54
38
22
-94
46
-3
-41
34
-36
34
-11
-39
73
-45
-1
44
-56
49
6
-13
49
-22
-8
9
-9
-5
-12
22
-12
2
12
-58
53
-16
-54
36
-28
1
25
-24
13
16
-13
6
17
-10
-1
21
-14
8
2
-10
-3
13
15
-11
4
11
-12
19
30
-2
-20
17
34
-35
0
35
-35
18
32
-40
22
-21
-18
30
-12
15
-10
-5
27
-36
45
-2
-52
44
-28
10
17
-34
7
35
-18
-41
19
-1
13
11
-25
20
-4
-21
23
-5
-20
17
-5
-18
7
18
-4
-21
31
19
-32
-9
23
20
-13
3
31
-24
-18
18
15
-15
22
17
-42
18
7
-6
-7
-12
16
2
0
-1
0
-8
-22
26
-7
-53
-1
16
-8
-35
27
-21
-23
41
-40
-18
6
-30
3
-23
-20
28
-25
-21
-2
3
15
-19
8
26
-2
-7
22
39
-22
-2
13
1
13
-21
0
33
9
-26
3
15
-14
-6
2
-26
7
-17
-19
14
-50
-2
4
-38
-4
6
-36
-19
6
-17
-16
15
-16
-10
21
12
36
-36
13
25
-32
55
12
16
35
13
26
31
32
-3
77
-12
-2
121
-12
27
94
-3
31
41
1
51
40
-6
25
56
0
-19
48
33
-75
28
57
-48
8
28
-19
-45
33
-27
-29
69
-106
-10
65
-119
9
18
-86
8
8
-80
-15
32
-64
-28
7
-50
-41
0
-26
-58
-4
15
-34
-19
-15
-50
-13
11
-31
3
-7
-35
0
-17
11
-24
-28
14
-48
-8
23
-22
2
13
-40
-61
-28
-26
-41
-20
-16
-37
-13
-53
-44
-8
-74
-47
-29
-70
-15
0
-37
-1
-18
0
-6
-28
18
7
13
19
38
35
50
23
35
58
21
41
40
72
70
43
79
45
68
88
11
92
62
44
71
51
112
40
53
90
56
70
24
84
86
19
81
43
7
77
37
11
44
9
63
-1
-19
62
-32
-14
26
-10
27
-63
-38
69
-73
-17
24
-91
-16
-15
-89
-17
-52
-76
-19
-80
-33
-84
-93
6
-102
-52
-32
-98
-23
-81
-76
-24
-83
-76
-37
-49
-93
-41
-8
-96
-24
6
-76
-7
-42
-36
6
-42
-26
3
-12
-40
-20
-2
-21
-49
-50
-50
-49
-32
-54
-50
-13
-68
-74
-31
-61
-59
-55
-72
-43
-37
-31
6
-11
-1
21
4
14
59
37
45
102
83
89
133
95
85
116
86
103
110
89
117
129
79
121
120
82
104
75
83
73
56
122
48
46
117
2
49
75
7
95
30
8
103
-28
41
84
-67
69
27
-50
68
-23
5
12
-48
30
-32
-35
-1
-38
14
-15
-24
11
-82
-17
21
-82
-37
-31
-49
-30
-54
-46
-35
-72
-59
-62
-79
-62
-89
-66
-90
-92
-40
-76
-76
-58
-77
-84
-68
-57
-65
-82
-42
-63
-92
-19
-36
-52
-31
-46
-12
-18
-38
15
-16
-5
15
-21
27
3
-2
-5
-55
-45
-43
-43
-28
-31
-62
-48
-36
-69
-69
-62
-75
-87
-82
-60
-28
-29
-27
-1
-6
15
14
-2
57
68
54
87
94
106
111
116
111
118
121
87
127
133
103
131
138
120
115
122
95
101
111
92
108
90
92
99
77
91
46
88
60
48
125
4
47
85
-14
58
19
-12
48
-13
13
-14
-1
-8
-71
15
-55
-38
32
-74
-3
-5
-66
15
-56
-49
-15
-61
-18
-50
-52
-51
-51
-48
-114
-61
-52
-97
-49
-78
-99
-62
-88
-82
-69
-119
-94
-53
-116
-84
-49
-114
-92
-56
-81
-68
-65
-77
-56
-49
-37
-40
-15
-44
-61
6
-14
-14
24
-20
-8
17
-13
-32
-33
-23
-53
-37
-25
-55
-48
-51
-47
-81
-101
-76
-80
-86
-85
-55
-38
-22
-21
-21
4
16
27
42
82
82
93
124
107
139
154
131
147
144
114
144
158
150
159
148
129
108
127
126
85
108
108
101
107
89
83
101
95
58
86
99
53
75
76
64
85
28
61
74
14
28
13
13
21
-20
-3
16
-26
-35
-26
-34
-25
-35
-53
-36
-40
-37
-61
-48
-36
-61
-67
-91
-45
-32
-107
-31
-72
-150
-47
-125
-103
-57
-150
-74
-88
-117
-70
-168
-98
-80
-146
-59
-111
-99
-75
-116
-30
-87
-92
-26
-96
-18
-26
-61
6
-39
-23
9
-18
-21
-30
-26
-35
-54
-65
-84
-88
-83
-89
-98
-108
-103
-110
-138
-126
-121
-126
-132
-121
-106
-82
-42
-52
-26
14
22
35
81
129
147
174
211
208
233
241
221
250
258
220
201
237
234
245
225
156
190
190
145
176
148
127
120
108
155
112
68
122
89
65
106
54
73
107
80
76
67
76
86
59
40
56
46
4
35
25
-67
-17
-17
-86
-4
-30
-115
5
25
-112
-61
-51
-96
-23
-100
-91
-51
-134
-90
-75
-114
-127
-142
-99
-145
-161
-103
-188
-188
-141
-188
-175
-175
-202
-201
-229
-183
-150
-188
-135
-137
-185
-145
-120
-65
-102
-118
-23
-15
9
-5
-13
31
-21
-40
-8
-84
-84
-92
-159
-112
-140
-204
-229
-222
-210
-216
-252
-282
-240
-227
-258
-246
-150
-119
-132
-93
-42
30
86
124
190
270
300
339
381
445
463
420
448
466
416
449
490
446
479
432
332
347
367
326
221
216
227
163
189
149
109
120
33
65
107
86
127
90
124
105
84
103
68
132
96
53
128
100
92
70
39
112
44
-45
2
26
-21
-11
-9
-137
-152
-83
-176
-47
-43
-195
-110
-112
-114
-88
-132
-152
-176
-214
-230
-185
-203
-239
-264
-341
-268
-289
-403
-306
-326
-414
-305
-281
-258
-318
-368
-275
-251
-277
-249
-152
-126
-138
-139
-107
-58
-34
-45
-94
-107
-88
-133
-221
-238
-242
-218
-215
-329
-329
-322
-364
-391
-423
-372
-326
-348
-399
-321
-210
-193
-171
-147
-59
49
82
197
357
436
458
483
613
635
631
696
755
865
829
755
756
767
754
674
623
625
583
476
402
402
315
196
150
129
189
128
29
110
125
117
16
-68
195
193
19
207
211
105
131
88
120
206
187
68
162
224
109
79
36
142
110
-58
-52
-33
-13
-138
-226
-79
-245
-369
-187
-238
-245
-387
-541
-370
-320
-362
-406
-477
-458
-512
-525
-413
-411
-435
-559
-585
-461
-507
-452
-412
-417
-361
-363
-291
-247
-223
-167
-93
-106
-34
48
-64
-73
-16
-10
-198
-389
-343
-294
-249
-276
-429
-498
-534
-617
-652
-652
-529
-473
-570
-588
-512
-350
-299
-308
-159
-9
81
216
371
580
661
623
683
880
1131
1216
1231
1263
1293
1215
1057
1085
1170
1114
953
811
775
749
579
391
381
347
194
127
162
167
66
-113
-177
-101
-26
-54
-14
64
0
-14
10
31
164
266
177
228
381
300
181
227
306
256
148
198
330
178
-28
-43
-55
-19
-71
-232
-353
-289
-276
-475
-448
-416
-563
-589
-626
-594
-549
-679
-687
-712
-751
-683
-678
-754
-666
-553
-611
-592
-488
-494
-453
-408
-398
-238
-145
-220
-161
-80
-206
-336
-298
-193
-315
-484
-604
-543
-379
-538
-792
-775
-665
-760
-941
-830
-614
-603
-787
-797
-492
-354
-351
-230
-29
222
286
227
527
807
812
885
1115
1359
1370
1284
1412
1595
1598
1452
1439
1624
1517
1232
1136
1130
1067
820
614
619
616
438
173
131
178
18
-151
-72
84
5
-136
-138
-61
-1
-44
-56
102
249
241
190
277
406
374
354
358
407
423
327
304
333
346
224
37
125
163
-60
-255
-319
-278
-365
-514
-582
-592
-653
-824
-876
-877
-969
-983
-1056
-1012
-775
-897
-960
-838
-881
-813
-820
-784
-501
-493
-567
-470
-417
-287
-325
-477
-496
-483
-434
-499
-673
-750
-683
-631
-802
-947
-894
-840
-845
-974
-989
-826
-706
-758
-825
-578
-267
-265
-265
-15
286
393
356
497
902
1162
1090
1082
1323
1511
1485
1462
1558
1682
1609
1445
1455
1532
1471
1268
1119
1150
1110
951
809
703
644
516
331
273
307
295
211
134
179
162
70
78
115
150
206
223
247
333
421
353
217
262
405
410
268
242
367
355
187
130
217
160
-48
-126
-107
-140
-271
-374
-446
-577
-719
-842
-867
-800
-801
-912
-1082
-1078
-1011
-1119
-1091
-999
-957
-950
-991
-898
-748
-708
-620
-553
-609
-689
-741
-711
-664
-771
-971
-996
-823
-719
-924
-1178
-1140
-1002
-1127
-1266
-1083
-719
-698
-1030
-1046
-670
-345
-270
-283
-49
308
349
377
659
1074
1267
1124
1136
1467
1732
1696
1561
1602
1721
1683
1535
1560
1687
1580
1263
1056
1121
1164
988
740
615
646
559
360
353
434
415
211
59
159
280
266
190
207
331
357
280
305
410
472
438
364
392
507
458
303
344
451
409
209
129
232
211
-69
-178
-114
-263
-326
-390
-503
-531
-713
-929
-980
-946
-778
-841
-1086
-1130
-1109
-1032
-1116
-1175
-921
-909
-1062
-1157
-1033
-602
-678
-1113
-1285
-1122
-843
-1017
-1305
-996
-675
-955
-1535
-1603
-956
-612
-984
-1292
-1001
-580
-715
-1052
-748
-65
25
-330
-376
132
608
498
353
653
1053
1184
1144
1208
1529
1658
1419
1237
1416
1803
1780
1430
1297
1415
1467
1265
1078
1201
1307
1010
613
567
837
840
487
278
366
433
289
143
235
388
241
61
112
314
384
230
185
352
463
441
340
383
466
377
297
343
484
457
293
195
146
245
231
-8
-139
-172
-179
-316
-484
-622
-680
-666
-732
-788
-897
-1088
-1140
-1152
-1060
-993
-1104
-1203
-1243
-1173
-1174
-1182
-1237
-1384
-1422
-1401
-1344
-1319
-1422
-1397
-1282
-1363
-1486
-1448
-1190
-1002
-1153
-1251
-1053
-706
-589
-722
-587
-189
-34
-97
9
378
644
649
679
996
1361
1358
1238
1255
1463
1700
1716
1597
1542
1589
1592
1428
1355
1480
1483
1257
949
898
1057
996
707
544
611
594
397
235
322
431
301
113
127
301
338
211
201
322
400
387
301
372
468
430
393
407
521
591
434
338
412
430
406
313
290
297
192
53
-84
-51
-64
-206
-318
-406
-501
-625
-769
-791
-864
-1000
-1036
-988
-962
-1083
-1266
-1378
-1353
-1318
-1161
-1040
-1212
-1663
-1998
-1880
-1606
-1450
-1401
-1397
-1515
-1885
-2066
-1699
-1107
-855
-1116
-1320
-1262
-1025
-786
-566
-237
-22
26
0
143
487
813
940
920
1141
1580
1730
1531
1272
1401
1860
2006
1798
1712
1795
1640
1261
1166
1551
1754
1372
808
606
804
816
608
600
670
502
83
-130
101
382
335
94
-5
89
125
27
43
272
489
458
299
293
402
481
445
496
648
758
641
398
390
513
632
593
453
380
307
140
24
39
98
22
-188
-471
-630
-677
-684
-670
-718
-819
-1087
-1298
-1285
-1055
-934
-1156
-1356
-1342
-1347
-1580
-1986
-1861
-1356
-1208
-1673
-2333
-2238
-1703
-1584
-1897
-1871
-1470
-1401
-1851
-2077
-1430
-688
-687
-1058
-987
-402
-56
-179
-22
517
961
945
784
1084
1616
1810
1635
1643
1977
2256
2122
1854
1856
2007
2110
1979
1793
1802
1695
1345
1031
1011
1170
1113
696
333
297
318
173
21
65
116
-102
-409
-452
-221
-25
-112
-200
-122
5
10
-34
71
281
448
466
457
535
648
743
792
801
868
937
861
801
765
788
782
549
360
355
390
271
19
-169
-203
-257
-521
-826
-910
-822
-863
-1131
-1368
-1378
-1268
-1310
-1461
-1452
-1378
-1557
-1871
-2033
-1831
-1609
-1935
-2333
-2208
-1665
-1413
-1964
-2537
-2254
-1559
-1295
-1608
-1756
-1270
-987
-1260
-1342
-698
128
185
-340
-334
459
1056
1003
859
1257
1845
1804
1485
1659
2244
2531
2107
1678
1957
2381
2250
1775
1585
1853
1898
1461
1090
1062
1140
913
471
370
591
533
110
-231
-150
110
63
-237
-350
-281
-278
-396
-419
-120
151
59
-132
-74
205
431
395
328
474
703
778
732
782
965
1075
970
825
835
993
1005
702
526
580
539
363
77
-34
-20
-209
-483
-651
-622
-768
-1043
-1210
-1303
-1179
-1248
-1347
-1401
-1483
-1519
-1724
-1844
-1934
-2009
-2000
-1991
-1946
-2055
-2279
-2409
-2142
-1628
-1487
-1850
-2308
-2141
-1440
-1038
-1134
-1277
-981
-605
-605
-561
-96
596
715
363
369
980
1623
1635
1496
1650
1960
2026
1870
1961
2236
2295
1953
1696
1854
2095
1977
1519
1258
1370
1411
1198
873
698
654
477
274
214
380
388
19
-332
-345
-75
22
-121
-274
-262
-166
-234
-219
-18
195
235
101
101
336
531
552
533
651
796
827
774
749
841
923
847
669
554
590
615
479
245
89
153
105
-125
-352
-473
-489
-628
-812
-920
-909
-998
-1280
-1413
-1352
-1150
-1190
-1564
-1864
-2075
-2093
-1963
-1780
-1636
-1840
-2293
-2648
-2559
-2057
-1608
-1628
-2079
-2379
-2165
-1620
-1201
-1231
-1271
-956
-590
-414
-349
-63
437
713
660
824
1378
1840
1840
1524
1659
2206
2508
2436
2200
2150
2206
2109
2070
2219
2241
1965
1476
1174
1319
1526
1377
1008
625
417
404
329
299
335
230
-77
-346
-378
-239
-172
-323
-420
-300
-115
-101
-267
-305
-131
74
195
188
216
311
342
382
563
778
862
726
583
629
754
845
854
805
607
408
291
249
370
341
79
-214
-472
-471
-387
-510
-694
-853
-1006
-1020
-1107
-1214
-1277
-1432
-1560
-1815
-2121
-2114
-1944
-1888
-2028
-2394
-2662
-2569
-2339
-2120
-2102
-2253
-2230
-2159
-2103
-1918
-1579
-1184
-911
-969
-877
-500
-142
138
356
668
1086
1324
1256
1433
1779
2061
2204
2171
2302
2450
2341
2216
2268
2437
2537
2264
1910
1792
1738
1646
1537
1412
1316
1102
694
443
473
569
477
170
-101
-186
-273
-387
-430
-401
-361
-431
-591
-570
-452
-377
-332
-299
-180
-53
-39
-32
102
320
556
642
633
643
679
705
799
875
967
956
775
659
634
544
500
447
225
120
-107
-297
-327
-410
-506
-675
-873
-918
-1033
-1128
-1062
-1390
-1932
-2143
-2008
-1715
-1711
-2087
-2335
-2531
-2704
-2613
-2299
-1995
-1971
-2378
-2742
-2548
-2122
-1748
-1503
-1375
-1205
-1126
-1142
-836
-285
253
525
520
702
1082
1342
1527
1765
2040
2385
2416
2215
2247
2414
2519
2569
2536
2521
2435
2079
1745
1686
1803
1878
1641
1196
909
676
536
534
551
534
271
-202
-436
-370
-210
-150
-303
-425
-485
-640
-637
-487
-288
-107
-191
-320
-254
-114
44
192
318
499
545
440
463
610
730
806
805
806
751
666
676
608
523
475
418
352
165
-60
-222
-283
-334
-395
-589
-777
-903
-958
-968
-1131
-1470
-1805
-1948
-1975
-2038
-2179
-2133
-2209
-2534
-2882
-2895
-2439
-2076
-2350
-2751
-2767
-2426
-2047
-2006
-1823
-1382
-1151
-1194
-1122
-666
6
417
455
550
941
1361
1583
1712
1965
2314
2451
2402
2413
2577
2742
2655
2479
2574
2710
2536
2126
1808
1860
1974
1736
1372
1155
1000
777
451
372
515
450
109
-305
-463
-347
-360
-509
-575
-594
-607
-723
-805
-663
-480
-428
-416
-362
-216
-48
7
61
273
512
593
554
626
781
941
981
958
1021
1073
985
828
782
842
802
580
344
136
65
-133
-300
-351
-478
-655
-917
-1040
-1016
-980
-1053
-1477
-1962
-2288
-2348
-2044
-1784
-1907
-2592
-3256
-3391
-2883
-2221
-2094
-2437
-2838
-3017
-2816
-2473
-2028
-1467
-1243
-1404
-1623
-1354
-649
102
450
499
680
1029
1382
1596
1899
2308
2633
2659
2581
2690
2922
2996
2835
2744
2844
2894
2692
2285
1958
1910
1878
1720
1485
1243
920
493
167
160
340
298
-55
-501
-786
-777
-736
-723
-659
-680
-782
-977
-1040
-791
-493
-345
-354
-372
-227
-5
120
223
482
718
832
831
790
922
1129
1191
1234
1262
1304
1202
893
705
779
927
880
560
247
26
-162
-227
-400
-382
-421
-728
-1054
-1282
-1166
-1073
-1316
-1838
-2373
-2594
-2544
-2299
-2114
-2419
-3038
-3610
-3548
-2953
-2483
-2410
-2791
-3125
-3104
-2869
-2345
-1681
-1287
-1219
-1432
-1408
-858
-79
532
931
1077
1281
1588
1839
2233
2658
3035
3143
3055
2934
3157
3332
3217
3089
2943
2931
2797
2349
2006
1915
1732
1503
1194
930
723
295
-144
-260
-205
-213
-413
-825
-1022
-1108
-1208
-1127
-1001
-890
-850
-1012
-1105
-948
-720
-415
-188
-99
33
117
207
452
744
1027
1254
1270
1257
1294
1349
1502
1593
1601
1582
1428
1221
1225
1118
936
810
546
404
270
-170
-313
-458
-616
-629
-972
-1095
-1118
-1257
-1442
-1776
-2246
-2610
-2891
-2898
-2535
-2294
-2772
-3590
-4234
-4034
-2995
-2497
-2666
-3118
-3475
-3321
-3038
-2615
-1630
-946
-994
-1368
-1475
-727
424
927
1133
1469
1796
2117
2180
2399
3113
3619
3488
3342
3286
3496
3610
3228
3100
3333
3284
2908
2329
1882
1868
1583
1138
995
890
522
-115
-792
-883
-550
-598
-880
-1248
-1531
-1599
-1770
-1765
-1369
-1103
-1156
-1335
-1414
-1123
-678
-429
-154
155
327
448
510
713
1215
1562
1708
1778
1794
1843
1847
1841
1971
2159
2075
1833
1570
1353
1278
1147
910
772
503
180
-140
-459
-604
-611
-790
-1066
-1255
-1556
-1603
-1655
-1844
-2202
-2890
-3542
-3703
-3270
-2688
-2827
-3764
-4660
-4664
-3833
-3123
-2956
-3174
-3319
-3380
-3365
-2952
-1936
-963
-660
-933
-996
-359
522
1134
1563
2060
2534
2777
2776
3032
3524
3933
3979
3862
3909
4045
3839
3358
3167
3191
3230
2929
2386
1996
1636
1076
548
359
341
155
-462
-1216
-1480
-1420
-1441
-1564
-1737
-1749
-1748
-2040
-2213
-1973
-1576
-1172
-933
-865
-777
-689
-455
41
569
995
1157
1202
1400
1610
1880
2193
2398
2602
2615
2369
2209
2184
2277
2314
2141
1855
1562
1247
937
693
456
317
138
-284
-643
-930
-1202
-1250
-1372
-1484
-1552
-1823
-2116
-2198
-2450
-2797
-3320
-4044
-3891
-3291
-2987
-3193
-4175
-4861
-4478
-3940
-3376
-2851
-2759
-2917
-3339
-3525
-2571
-1147
-396
-280
-476
-245
397
824
1359
2274
2996
3240
3066
3011
3546
4033
4037
3965
3928
4009
3932
3377
3120
3177
2985
2572
2045
1738
1747
1238
395
-41
-213
-315
-674
-1145
-1196
-1216
-1710
-2122
-2146
-1770
-1419
-1648
-1905
-1728
-1535
-1393
-1093
-623
-92
24
-186
24
594
1098
1412
1484
1692
1999
2074
2169
2434
2676
2732
2463
2252
2354
2399
2180
1886
1597
1398
1153
807
631
538
261
-228
-779
-1017
-907
-1003
-1226
-1535
-1676
-1786
-1965
-2060
-2017
-2048
-2581
-3111
-3722
-3984
-3581
-3202
-2922
-3294
-4237
-4466
-4227
-3644
-2984
-2773
-2621
-2806
-3180
-2869
-1911
-892
-401
-497
-392
107
700
1192
1789
2309
2639
2779
2933
3387
3841
3878
3673
3536
3517
3705
3596
3432
3349
3060
2659
2148
1721
1664
1612
1226
710
176
-224
-561
-896
-999
-850
-980
-1350
-1691
-1837
-1625
-1566
-1686
-1547
-1318
-1210
-1090
-899
-551
-233
-220
-101
349
822
1176
1297
1334
1502
1724
1952
2261
2503
2596
2403
2118
2075
2123
2131
2002
1745
1485
1186
805
503
348
194
-79
-407
-849
-997
-1200
-1482
-1460
-1663
-1693
-1783
-2059
-1972
-1993
-2240
-2419
-2795
-3175
-3342
-3340
-2915
-2591
-2836
-3296
-3646
-3611
-3266
-2915
-2598
-2366
-2429
-2549
-2270
-1722
-1133
-806
-712
-434
75
498
977
1398
1682
1958
2105
2404
2847
3250
3478
3444
3225
3094
3079
3083
3167
3227
3147
2877
2335
1870
1703
1537
1354
1104
810
515
122
-252
-412
-500
-699
-963
-1150
-1065
-967
-1055
-1184
-1262
-1291
-1242
-1093
-770
-398
-230
-201
-145
37
320
580
799
1045
1321
1455
1576
1642
1570
1566
1385
1190
1236
1239
1164
1075
914
646
225
-52
-47
11
-12
-152
-487
-726
-795
-1050
-1195
-1115
-1053
-967
-1057
-1259
-1292
-1330
-1303
-1190
-1141
-1143
-1307
-1647
-1857
-1846
-1663
-1497
-1491
-1582
-1745
-1862
-1936
-1867
-1717
-1649
-1709
-1764
-1574
-1294
-1064
-917
-928
-993
-861
-583
-217
254
595
705
693
672
872
1188
1426
1618
1741
1826
1859
1833
1868
1964
2000
1996
1935
1875
1866
1824
1665
1456
1280
1154
1067
971
944
885
683
454
278
198
240
231
186
105
-72
-181
-210
-170
-81
13
37
-28
-52
-111
-185
-101
-112
-92
87
126
156
233
120
73
72
-66
67
218
162
208
142
-58
-62
-107
-126
-41
-89
-136
-215
-334
-291
-280
-377
-420
-534
-543
-436
-478
-446
-467
-582
-523
-524
-514
-396
-419
-483
-591
-869
-1034
-960
-923
-852
-849
-1030
-1213
-1422
-1572
-1547
-1465
-1440
-1429
-1390
-1272
-1114
-991
-914
-892
-867
-799
-581
-257
-5
116
87
88
234
480
724
903
997
988
991
1116
1330
1623
1768
1705
1614
1474
1462
1519
1554
1527
1367
1194
1064
966
944
927
812
633
475
457
472
458
449
354
229
118
55
71
87
91
94
78
55
11
-47
-34
-10
-25
23
130
195
201
127
42
48
60
47
65
121
133
73
59
17
-93
-118
-121
-157
-194
-260
-305
-300
-305
-262
-314
-428
-474
-493
-438
-463
-467
-392
-384
-322
-298
-452
-648
-898
-1057
-953
-764
-672
-725
-953
-1215
-1370
-1411
-1351
-1360
-1520
-1673
-1634
-1409
-1182
-1035
-1020
-1081
-1093
-1095
-928
-565
-260
-94
-18
84
240
401
609
787
922
1010
1121
1352
1605
1798
1831
1770
1754
1672
1562
1573
1569
1503
1304
1099
1055
1016
965
861
713
550
309
217
350
362
318
222
-41
-105
-50
-53
57
87
64
12
-147
-118
-18
60
88
-46
-130
-90
-11
113
158
70
-37
-149
-139
23
85
16
-27
-90
-111
-93
-83
9
-72
-290
-386
-427
-248
-108
-216
-261
-366
-459
-410
-406
-377
-354
-379
-351
-354
-334
-294
-261
-183
-152
-139
-213
-356
-521
-667
-606
-474
-403
-382
-581
-777
-852
-896
-813
-846
-981
-1154
-1294
-1178
-978
-874
-847
-911
-1017
-1023
-919
-684
-382
-197
-101
5
139
354
648
836
948
1104
1199
1372
1615
1758
1856
1803
1614
1462
1366
1430
1467
1366
1182
822
600
585
573
502
327
192
72
-45
-11
6
-42
-128
-312
-360
-315
-235
-53
19
-81
-165
-106
-16
-8
-47
-61
-40
13
-32
-86
7
203
172
-88
-145
-81
75
203
82
-97
-141
-39
180
166
-51
-129
-251
-209
-55
-100
-164
-218
-173
-79
-212
-322
-261
-150
-35
-103
-296
-314
-153
-116
-82
-74
-109
34
13
-153
-176
-364
-623
-749
-772
-663
-551
-578
-681
-843
-1060
-1102
-1065
-1084
-1153
-1258
-1310
-1158
-938
-754
-679
-810
-905
-855
-632
-219
145
383
492
530
698
932
1199
1412
1452
1396
1396
1515
1657
1752
1672
1418
1201
1006
926
1021
1016
851
561
302
164
77
121
100
-67
-229
-345
-291
-193
-160
-215
-421
-552
-554
-378
-111
25
33
21
21
-22
-6
11
16
137
161
83
25
38
304
385
167
40
-158
-53
282
101
-117
-200
-141
347
462
231
166
-47
-95
79
222
456
446
268
170
150
121
-7
-98
-204
-266
-214
-62
104
68
-60
-146
-213
-164
-236
-513
-829
-1191
-1305
-1157
-1093
-1071
-1246
-1492
-1565
-1669
-1674
-1565
-1555
-1596
-1622
-1605
-1354
-1016
-785
-745
-729
-632
-446
-58
374
750
981
1139
1267
1464
1746
1901
1946
1934
1915
1918
1930
1918
1871
1737
1452
1159
952
821
804
723
479
159
-160
-332
-393
-384
-368
-492
-626
-690
-724
-705
-708
-734
-754
-762
-648
-448
-236
-5
84
54
61
108
260
434
508
547
490
490
661
718
700
580
354
326
420
467
526
449
245
315
390
251
214
19
-181
-97
1
78
147
27
-139
-39
86
131
176
-18
-33
209
227
288
260
123
121
43
-70
-210
-490
-921
-1534
-2027
-2121
-1916
-1676
-1807
-2285
-2689
-2863
-2742
-2473
-2394
-2482
-2586
-2458
-1956
-1210
-695
-563
-505
-406
-21
656
1307
1833
2121
2234
2424
2690
3012
3172
3069
2874
2621
2474
2402
2294
2137
1795
1364
979
589
259
10
-218
-494
-767
-947
-1114
-1220
-1298
-1368
-1367
-1367
-1353
-1299
-1218
-1069
-872
-679
-435
-216
-28
240
535
872
1166
1246
1224
1208
1186
1168
1172
1176
1099
993
874
790
724
580
438
335
252
169
156
166
168
127
-33
-59
-42
-74
-41
-60
-39
-10
-50
97
323
353
283
168
116
196
207
239
281
160
-7
-277
-736
-1271
-1950
-2614
-2884
-2871
-2691
-2549
-2782
-3192
-3484
-3543
-3325
-3094
-3027
-2945
-2710
-2208
-1416
-684
-248
-26
108
403
1008
1709
2319
2808
3043
3235
3486
3687
3815
3714
3406
3097
2822
2558
2316
2020
1666
1260
812
391
-32
-484
-905
-1243
-1494
-1684
-1854
-1959
-1964
-1914
-1841
-1783
-1727
-1673
-1591
-1317
-895
-402
136
499
739
1016
1312
1690
2042
2186
2145
2112
2072
2026
1996
1833
1605
1346
1087
946
813
619
372
96
-84
-214
-300
-363
-469
-520
-513
-519
-486
-447
-383
-246
-85
89
199
332
473
593
733
765
783
830
746
569
295
-132
-697
-1500
-2469
-3240
-3591
-3646
-3540
-3595
-3996
-4346
-4436
-4296
-4010
-3906
-3950
-3834
-3413
-2579
-1487
-477
228
632
944
1381
1983
2619
3173
3644
4000
4336
4694
4872
4747
4369
3881
3284
2715
2210
1731
1334
922
509
127
-401
-1018
-1590
-2079
-2390
-2585
-2707
-2725
-2609
-2396
-2125
-1844
-1645
-1498
-1296
-920
-338
303
830
1242
1602
1962
2377
2751
2923
2881
2703
2501
2369
2245
2076
1833
1485
1156
902
698
547
353
65
-200
-373
-489
-536
-539
-491
-453
-441
-427
-364
-177
10
180
382
504
575
734
855
948
1044
978
907
896
651
315
-185
-1166
-2203
-3226
-4066
-4402
-4574
-4635
-4722
-4958
-5021
-4919
-4718
-4530
-4423
-4355
-4156
-3425
-2350
-1139
-9
798
1503
2142
2723
3227
3601
3989
4296
4594
4968
5170
5245
5083
4605
4010
3234
2327
1466
702
32
-435
-759
-1081
-1395
-1841
-2343
-2683
-3018
-3337
-3445
-3399
-3096
-2558
-2015
-1508
-999
-452
79
578
1023
1369
1692
2075
2502
2959
3350
3465
3430
3328
3038
2688
2200
1556
1070
737
483
339
208
63
-69
-236
-402
-563
-746
-895
-888
-718
-456
-148
90
308
607
882
1038
1162
1213
1206
1286
1342
1378
1487
1550
1480
1291
928
328
-471
-1587
-2987
-4273
-5190
-5623
-5735
-5800
-5918
-6000
-5821
-5505
-5117
-4835
-4790
-4584
-4050
-3145
-1924
-686
486
1619
2647
3576
4329
4766
4884
4910
4971
5059
5205
5259
5181
4968
4519
3779
2786
1658
453
-624
-1446
-2108
-2544
-2814
-3004
-3031
-3061
-3177
-3294
-3434
-3468
-3271
-2872
-2351
-1724
-1009
-103
935
1848
2522
2873
2990
3104
3208
3297
3343
3277
3224
3188
3077
2811
2302
1578
758
58
-495
-962
-1251
-1322
-1253
-1035
-769
-592
-466
-414
-413
-355
-225
-86
124
513
1017
1559
2033
2284
2406
2391
2256
2033
1662
1373
1179
1024
966
865
543
-88
-1089
-2439
-3841
-5210
-6272
-6777
-7102
-7197
-7052
-6665
-5901
-5105
-4392
-3881
-3638
-3292
-2797
-2073
-1024
144
1408
2759
4062
5108
5818
6123
6056
5808
5344
4833
4378
3941
3667
3347
2917
2327
1447
438
-619
-1655
-2599
-3426
-4024
-4359
-4397
-4153
-3744
-3216
-2756
-2427
-2063
-1648
-1334
-1042
-583
67
980
2033
2965
3712
4157
4307
4295
4117
3718
3132
2578
2177
1889
1616
1259
828
371
-86
-574
-1088
-1573
-1954
-2078
-1950
-1682
-1274
-751
-192
312
685
949
1141
1258
1325
1441
1659
1905
2148
2361
2524
2606
2476
2228
1862
1307
801
352
-50
-397
-849
-1444
-2324
-3469
-4653
-5770
-6454
-6894
-7309
-7384
-7194
-6603
-5577
-4529
-3618
-2864
-2193
-1550
-847
-100
558
1375
2329
3347
4445
5303
5854
6141
6147
5874
5302
4508
3613
2803
2090
1435
820
149
-485
-1074
-1688
-2329
-3015
-3642
-4131
-4367
-4310
-4031
-3570
-2962
-2213
-1384
-588
17
488
940
1354
1857
2409
2887
3315
3662
3965
4172
4184
3893
3363
2771
2090
1422
804
202
-302
-686
-977
-1257
-1523
-1752
-1859
-1790
-1629
-1433
-1160
-790
-373
99
641
1159
1609
1963
2149
2268
2366
2382
2374
2383
2269
2095
1909
1610
1358
1084
683
363
-86
-528
-919
-1556
-2350
-3427
-4537
-5492
-6301
-6747
-7061
-7197
-7031
-6603
-5625
-4458
-3372
-2392
-1670
-964
-313
311
920
1472
2199
2963
3810
4604
5182
5662
5884
5858
5446
4641
3721
2734
1775
877
49
-634
-1234
-1716
-2131
-2488
-2754
-3020
-3246
-3470
-3614
-3624
-3427
-2952
-2259
-1377
-474
354
1025
1608
2169
2615
2993
3240
3343
3367
3347
3302
3189
2993
2672
2273
1833
1326
826
271
-333
-847
-1302
-1660
-1941
-2084
-2055
-1911
-1596
-1204
-730
-212
253
669
1044
1389
1673
1928
2094
2174
2271
2324
2340
2310
2191
1972
1679
1352
967
615
231
-209
-486
-755
-1032
-1305
-1746
-2287
-3052
-3974
-4853
-5656
-6105
-6473
-6745
-6601
-6180
-5231
-4049
-2947
-1878
-1001
-185
507
980
1345
1651
2080
2556
3054
3592
4061
4569
4944
5139
5019
4471
3707
2777
1847
838
-205
-1077
-1781
-2237
-2534
-2700
-2739
-2669
-2505
-2413
-2394
-2336
-2213
-1965
-1597
-1151
-581
95
777
1419
1988
2521
3036
3374
3507
3393
3074
2765
2471
2133
1738
1335
965
651
428
172
-142
-463
-787
-1085
-1375
-1629
-1800
-1770
-1529
-1173
-725
-248
330
941
1432
1807
1980
2034
2087
2046
1903
1712
1544
1407
1299
1170
1004
850
700
525
277
-53
-345
-596
-901
-1101
-1344
-1649
-1951
-2562
-3297
-3950
-4581
-4984
-5347
-5662
-5665
-5386
-4696
-3832
-2922
-2009
-1195
-377
296
866
1261
1511
1883
2179
2495
2852
3168
3606
3948
4115
4118
3854
3401
2799
2099
1255
354
-527
-1299
-1825
-2293
-2598
-2669
-2598
-2348
-2079
-1806
-1490
-1224
-966
-716
-498
-256
76
467
861
1262
1712
2212
2689
3026
3111
3021
2840
2557
2180
1692
1156
665
306
84
-113
-279
-437
-590
-707
-836
-981
-1113
-1131
-1051
-968
-777
-452
-25
535
999
1309
1640
1943
2128
2142
1985
1744
1503
1217
916
638
389
295
284
240
155
-4
-165
-265
-416
-627
-781
-1056
-1519
-2095
-2876
-3596
-4165
-4619
-4899
-5244
-5399
-5199
-4690
-3883
-3114
-2346
-1619
-949
-285
231
733
1091
1393
1759
2067
2457
2851
3289
3715
3944
3988
3771
3432
3017
2470
1773
916
66
-676
-1288
-1779
-2175
-2400
-2425
-2332
-2166
-1931
-1583
-1212
-908
-616
-315
-93
149
487
808
1121
1430
1736
2083
2458
2715
2768
2733
2592
2284
1903
1424
937
531
140
-210
-459
-601
-720
-769
-815
-927
-1003
-1023
-951
-797
-676
-492
-198
151
568
950
1314
1689
1945
2043
2035
1880
1662
1436
1153
886
616
322
146
37
-75
-139
-218
-311
-376
-489
-645
-744
-907
-1216
-1682
-2397
-3136
-3749
-4278
-4661
-5007
-5169
-5007
-4584
-3891
-3153
-2403
-1695
-1012
-320
221
656
935
1187
1534
1810
2098
2441
2827
3272
3553
3608
3541
3409
3168
2730
2080
1295
495
-263
-966
-1552
-2007
-2274
-2357
-2293
-2112
-1848
-1501
-1087
-657
-351
-107
79
245
507
725
905
1144
1394
1693
2037
2305
2476
2527
2411
2203
1908
1518
1084
620
178
-209
-520
-719
-817
-807
-787
-850
-851
-802
-725
-607
-514
-362
-186
24
373
745
1106
1473
1745
1912
1967
1934
1826
1639
1410
1102
754
467
224
-10
-171
-299
-402
-432
-474
-464
-467
-552
-657
-916
-1364
-1985
-2682
-3384
-3992
-4477
-4973
-5207
-5145
-4864
-4182
-3418
-2649
-1839
-1143
-497
99
573
870
1100
1323
1522
1803
2116
2423
2830
3166
3348
3441
3463
3331
3019
2525
1793
980
151
-613
-1271
-1843
-2268
-2472
-2461
-2299
-1991
-1577
-1143
-723
-317
-17
230
445
577
734
905
991
1118
1395
1691
2012
2282
2375
2393
2308
2072
1767
1365
855
351
-105
-497
-729
-887
-995
-982
-990
-916
-764
-660
-474
-326
-216
-51
133
379
673
1001
1276
1489
1735
1856
1879
1907
1795
1615
1351
1003
680
332
18
-238
-452
-605
-707
-777
-785
-708
-672
-682
-809
-1114
-1532
-2157
-2869
-3480
-4009
-4516
-4963
-5127
-4952
-4418
-3686
-2984
-2208
-1368
-618
43
605
968
1230
1428
1476
1560
1730
1937
2259
2539
2754
2959
3120
3189
3083
2820
2312
1606
815
-5
-754
-1446
-2001
-2399
-2567
-2460
-2187
-1809
-1358
-824
-308
113
417
626
812
930
1013
1021
1002
1091
1214
1441
1730
1901
2062
2133
2023
1899
1672
1269
759
255
-207
-618
-863
-1013
-1076
-1062
-1017
-934
-754
-498
-306
-86
109
242
468
678
857
1077
1246
1383
1542
1643
1638
1599
1508
1354
1128
826
498
178
-135
-407
-659
-814
-909
-997
-895
-839
-776
-692
-708
-817
-1216
-1789
-2448
-3016
-3494
-4105
-4562
-4776
-4734
-4262
-3654
-2984
-2174
-1379
-626
41
599
988
1238
1401
1401
1395
1424
1565
1819
2046
2274
2504
2754
2901
2927
2851
2516
1966
1285
513
-245
-947
-1582
-2069
-2350
-2426
-2192
-1767
-1304
-749
-224
240
629
848
984
1023
968
830
635
584
684
849
1069
1284
1479
1698
1857
1870
1769
1491
1109
728
272
-161
-510
-796
-969
-1072
-1088
-979
-742
-457
-205
69
281
509
751
858
946
1047
1114
1128
1145
1164
1147
1145
1088
983
874
660
455
229
-37
-218
-435
-648
-805
-868
-881
-823
-789
-814
-688
-875
-1425
-1883
-2468
-2903
-3293
-4001
-4443
-4585
-4474
-4060
-3513
-2857
-2182
-1426
-643
51
616
985
1318
1537
1527
1487
1539
1697
1833
1925
2078
2289
2546
2706
2799
2736
2396
1910
1329
722
17
-688
-1371
-1942
-2206
-2299
-2138
-1745
-1325
-876
-342
182
607
891
1048
1130
1075
926
791
698
687
743
816
992
1206
1396
1529
1586
1592
1445
1191
840
466
127
-250
-542
-755
-907
-977
-951
-760
-533
-310
-13
271
522
735
884
1012
1059
1045
1029
1037
993
906
839
722
630
562
447
282
97
-72
-221
-370
-531
-640
-714
-781
-778
-781
-766
-641
-767
-1308
-1782
-2189
-2527
-2885
-3564
-4094
-4270
-4274
-4033
-3576
-3020
-2452
-1793
-1025
-278
392
867
1221
1533
1636
1593
1629
1844
1965
1928
2009
2171
2422
2634
2659
2657
2535
2083
1548
1091
522
-195
-919
-1540
-1913
-2089
-2183
-1999
-1645
-1297
-867
-344
151
571
776
883
1018
981
913
839
805
853
851
877
1021
1207
1310
1397
1472
1424
1304
1095
823
608
274
-171
-497
-712
-833
-942
-985
-844
-590
-354
-98
198
465
726
877
928
968
980
970
879
785
699
551
490
461
364
238
98
-62
-151
-217
-345
-409
-471
-559
-615
-680
-715
-686
-613
-894
-1457
-1787
-2130
-2417
-2836
-3516
-3788
-3853
-3874
-3628
-3171
-2556
-2056
-1581
-890
-69
571
820
1043
1366
1552
1514
1461
1648
1847
1845
1857
2050
2399
2567
2524
2442
2254
1908
1425
952
465
-139
-835
-1377
-1632
-1761
-1778
-1669
-1480
-1150
-729
-318
90
445
630
730
781
698
645
668
636
539
520
657
862
1051
1158
1311
1471
1419
1306
1186
991
695
290
-73
-316
-511
-728
-840
-770
-596
-405
-236
26
364
592
711
802
892
959
846
703
615
525
445
324
238
243
260
164
7
-2
5
-129
-241
-359
-440
-437
-596
-680
-657
-682
-737
-1181
-1690
-1963
-2216
-2459
-2995
-3583
-3725
-3651
-3566
-3354
-2864
-2284
-1761
-1229
-557
250
734
921
1195
1482
1645
1607
1580
1774
1916
1891
1856
2028
2326
2404
2282
2135
1970
1671
1264
773
216
-355
-944
-1348
-1582
-1713
-1710
-1646
-1438
-1065
-624
-200
158
452
658
749
745
694
629
577
518
472
565
688
826
1019
1146
1330
1500
1426
1330
1205
944
634
245
-113
-374
-594
-760
-824
-739
-560
-338
-85
169
386
572
771
864
886
831
690
586
494
357
215
132
57
79
118
48
16
1
-102
-199
-314
-408
-435
-533
-640
-689
-724
-673
-790
-1287
-1651
-1815
-2009
-2319
-2901
-3342
-3399
-3365
-3233
-2938
-2519
-2063
-1573
-950
-241
434
833
1061
1374
1579
1583
1618
1757
1805
1711
1681
1715
1887
2038
2075
2049
1888
1694
1459
1175
708
131
-393
-840
-1216
-1539
-1664
-1617
-1522
-1378
-1068
-615
-197
120
329
507
670
716
671
640
583
498
497
590
722
889
1035
1206
1426
1420
1318
1286
1137
871
547
257
-14
-312
-610
-792
-739
-624
-531
-353
-72
140
281
425
562
696
733
641
521
435
333
212
111
64
40
-4
-47
-66
-43
-33
-68
-117
-192
-311
-373
-427
-527
-593
-683
-717
-921
-1338
-1608
-1834
-2059
-2373
-2836
-3042
-2978
-2883
-2723
-2414
-1992
-1577
-1088
-525
59
559
795
1021
1271
1369
1371
1463
1624
1614
1559
1560
1701
1881
1867
1845
1807
1684
1454
1160
857
465
-23
-525
-877
-1122
-1310
-1421
-1443
-1274
-1042
-785
-479
-243
8
221
340
434
432
447
453
400
439
540
673
784
946
1141
1305
1393
1322
1269
1178
949
655
377
145
-106
-350
-519
-549
-487
-460
-369
-142
49
192
342
432
509
559
525
428
340
299
231
139
93
26
-4
45
-36
-62
-15
-83
-145
-212
-281
-376
-471
-564
-609
-596
-660
-725
-916
-1254
-1471
-1692
-1928
-2252
-2628
-2791
-2869
-2851
-2677
-2332
-1866
-1501
-1100
-433
307
775
1032
1390
1701
1728
1652
1755
1855
1686
1477
1476
1622
1625
1532
1537
1548
1458
1194
967
784
427
-28
-507
-895
-1164
-1349
-1503
-1608
-1530
-1297
-1000
-709
-374
-9
197
357
485
592
727
679
624
718
769
777
857
972
1067
1127
1099
1060
1073
1016
796
502
266
60
-150
-328
-457
-491
-483
-476
-334
-118
61
193
309
420
536
601
545
504
430
311
234
191
143
85
41
-31
-78
-80
-164
-261
-303
-375
-440
-528
-639
-666
-666
-759
-827
-905
-1116
-1354
-1541
-1702
-1927
-2225
-2429
-2399
-2257
-2104
-1827
-1427
-1069
-668
-215
202
610
865
985
1118
1206
1181
1169
1240
1230
1151
1134
1174
1276
1350
1358
1358
1318
1178
987
789
481
117
-188
-519
-798
-924
-1029
-1079
-976
-852
-709
-475
-242
-63
101
195
241
318
325
315
357
399
480
574
636
693
798
908
935
914
865
775
687
546
376
246
101
-41
-134
-204
-197
-110
-36
38
106
195
323
374
374
363
338
310
236
156
144
115
58
22
-21
-3
3
-70
-104
-168
-238
-277
-356
-376
-395
-478
-523
-541
-636
-854
-1101
-1290
-1458
-1670
-1974
-2188
-2221
-2179
-2125
-1968
-1613
-1305
-988
-570
-169
219
448
576
824
975
980
1009
994
1004
1062
1045
1094
1218
1268
1311
1306
1251
1200
1090
916
689
389
62
-188
-412
-679
-813
-839
-888
-865
-735
-557
-411
-314
-186
-21
68
63
84
162
218
252
339
474
588
623
681
855
966
936
884
824
725
590
441
315
227
111
-14
-54
-21
25
90
160
203
261
327
363
393
375
334
299
242
207
145
68
33
22
9
-13
-12
-33
-92
-161
-244
-265
-274
-363
-468
-557
-604
-655
-784
-966
-1160
-1294
-1441
-1634
-1812
-1924
-1943
-1900
-1770
-1545
-1245
-995
-766
-424
-29
242
413
585
729
779
759
764
843
892
838
824
898
1001
1067
1082
1094
1082
959
815
711
478
195
-27
-260
-464
-601
-684
-724
-699
-647
-615
-528
-377
-205
-73
-34
6
88
208
295
293
343
455
510
550
610
705
773
741
741
755
683
590
491
376
305
241
171
146
119
80
84
142
210
275
300
299
341
364
347
326
301
256
210
164
97
41
5
-30
-94
-131
-152
-185
-243
-296
-316
-369
-425
-497
-561
-570
-671
-843
-1036
-1189
-1251
-1383
-1567
-1679
-1678
-1618
-1514
-1327
-1098
-836
-608
-378
-112
127
307
398
535
656
656
639
686
742
724
698
692
766
875
871
853
839
769
677
560
400
168
-59
-255
-393
-466
-537
-582
-574
-506
-450
-453
-364
-211
-119
-76
-49
27
141
244
279
305
362
446
545
635
704
732
735
711
729
700
568
489
426
297
213
186
167
184
143
93
167
261
283
304
326
300
266
266
281
239
197
141
90
101
57
41
19
-67
-108
-125
-143
-195
-257
-297
-362
-461
-533
-589
-672
-835
-1051
-1101
-1152
-1300
-1411
-1528
-1523
-1430
-1382
-1218
-966
-757
-556
-335
-99
110
286
394
495
568
560
579
601
627
661
658
674
711
750
767
738
672
602
516
397
231
62
-49
-199
-345
-415
-432
-416
-397
-368
-341
-262
-112
-51
-29
38
34
57
160
229
224
227
275
373
474
486
513
539
493
495
521
480
407
289
174
152
120
55
53
83
139
180
233
333
394
425
412
375
400
410
364
301
186
110
136
95
47
76
21
-63
-90
-96
-132
-196
-298
-405
-461
-531
-608
-676
-781
-935
-1091
-1160
-1183
-1242
-1336
-1346
-1263
-1175
-1035
-816
-608
-448
-275
-79
112
261
325
380
458
491
483
515
561
553
535
535
574
634
609
571
546
473
399
309
206
81
-41
-141
-246
-275
-264
-266
-233
-205
-147
-52
12
75
113
94
71
97
173
208
165
165
206
289
366
358
389
439
409
363
335
309
269
186
114
91
76
54
35
60
142
211
214
260
354
384
378
358
320
292
253
216
154
80
73
67
43
57
57
15
-37
-95
-163
-203
-283
-394
-486
-573
-670
-787
-885
-976
-1036
-1078
-1128
-1141
-1127
-1076
-964
-853
-736
-576
-431
-287
-116
15
154
269
330
383
409
431
452
485
485
470
490
533
544
512
480
447
418
352
258
165
78
2
-88
-170
-212
-221
-192
-167
-137
-88
-4
84
118
130
141
152
158
178
197
224
217
232
304
321
333
361
354
335
323
286
235
195
133
72
47
32
42
60
91
173
226
226
279
343
349
310
269
269
245
168
112
69
37
9
-29
-47
-61
-80
-108
-118
-143
-205
-220
-256
-353
-438
-519
-576
-640
-766
-866
-908
-961
-996
-978
-952
-911
-840
-757
-644
-477
-324
-195
-54
41
133
222
237
262
306
308
331
363
375
425
468
491
478
480
515
479
420
363
270
170
95
22
-53
-92
-92
-78
-107
-104
-43
-27
17
90
101
115
115
102
131
134
156
205
211
240
251
245
278
310
293
255
223
153
116
73
13
-21
-59
-59
-8
56
110
164
217
313
364
355
367
349
323
273
216
203
174
123
78
46
14
-22
-10
-8
-58
-96
-144
-199
-252
-328
-376
-425
-465
-499
-583
-644
-695
-778
-809
-817
-849
-848
-807
-752
-679
-596
-492
-357
-248
-157
-53
32
112
174
185
194
206
193
219
284
309
304
301
329
366
355
340
358
343
291
226
152
80
8
-38
-55
-45
17
78
97
110
118
127
147
140
157
176
157
179
222
229
212
210
263
301
308
306
308
279
201
129
97
61
-29
-71
-79
-90
-89
-64
0
83
181
231
249
303
314
292
281
254
233
203
165
115
58
37
30
19
-1
-48
-91
-98
-123
-209
-270
-284
-318
-367
-414
-474
-523
-580
-605
-599
-629
-641
-625
-638
-647
-621
-579
-490
-411
-346
-255
-187
-126
-40
19
59
79
84
121
129
131
162
163
165
173
180
207
225
210
209
223
214
187
155
128
101
68
65
67
76
92
102
116
127
188
212
217
222
193
210
245
260
267
294
325
325
333
316
260
249
198
142
131
92
47
-9
-51
-48
-67
-80
-31
-10
6
48
79
139
196
177
171
195
186
166
126
112
128
128
95
89
100
61
6
-14
-30
-81
-153
-224
-256
-305
-401
-428
-409
-464
-521
-535
-550
-535
-501
-539
-559
-520
-509
-482
-456
-429
-349
-273
-203
-139
-99
-30
51
82
112
143
132
139
144
108
92
132
147
138
120
98
104
113
100
99
103
102
80
39
36
13
-13
51
113
132
169
210
240
256
246
270
320
332
321
311
294
289
259
240
252
217
210
203
174
158
84
46
49
10
-18
-9
-1
11
-3
-13
11
8
36
103
105
115
135
140
141
100
98
114
105
120
96
59
48
24
1
-24
-63
-97
-123
-165
-231
-280
-314
-344
-361
-379
-378
-381
-387
-406
-410
-412
-436
-408
-387
-404
-403
-375
-346
-282
-218
-177
-120
-67
-54
-54
-41
-24
-10
1
8
-12
-5
11
0
-9
5
35
57
79
70
111
147
133
161
156
164
209
229
253
255
232
279
316
310
319
332
354
331
276
256
238
225
198
152
151
136
73
58
59
59
51
25
62
80
62
60
77
93
87
55
34
59
83
69
53
61
54
15
14
36
19
35
14
-2
24
-22
-33
-21
-56
-71
-88
-119
-110
-126
-143
-124
-150
-185
-196
-223
-244
-241
-258
-290
-302
-315
-346
-343
-338
-354
-343
-335
-322
-265
-236
-218
-174
-140
-130
-115
-82
-64
-54
-68
-69
-26
1
3
14
21
57
87
97
120
136
116
101
142
152
127
144
161
162
159
150
188
228
252
299
300
300
317
290
272
259
233
237
220
172
144
140
115
66
53
81
99
72
27
26
44
51
57
73
97
55
4
20
49
32
-18
-35
-19
-29
-56
-47
-54
-44
-20
-43
-15
24
-15
-74
-103
-110
-125
-123
-119
-117
-119
-148
-153
-138
-156
-184
-174
-156
-166
-188
-215
-223
-212
-241
-255
-243
-248
-222
-193
-181
-143
-110
-99
-100
-85
-47
-16
-1
13
18
22
24
7
1
10
26
34
37
45
64
73
60
68
73
54
50
40
7
19
72
102
114
112
101
124
164
177
196
241
266
267
265
269
271
226
178
169
167
159
144
120
110
119
88
78
111
83
42
29
1
-7
-6
-13
-5
-29
-51
-26
-19
-14
-11
-37
-23
-5
-29
-33
-30
-41
-61
-98
-127
-148
-149
-133
-133
-147
-178
-159
-154
-191
-170
-141
-113
-101
-122
-140
-142
-141
-148
-148
-143
-144
-130
-114
-120
-114
-111
-112
-107
-114
-86
-57
-63
-50
-54
-59
6
49
43
44
37
26
41
40
27
59
62
41
51
30
17
34
40
32
39
65
92
101
97
108
136
157
145
130
148
161
169
170
172
174
171
180
177
191
200
165
151
158
144
117
102
92
79
40
-1
0
10
9
10
-6
-30
-35
-42
-25
10
3
-8
-1
-17
-37
-38
-50
-74
-86
-80
-71
-68
-89
-112
-104
-130
-159
-127
-91
-105
-134
-106
-88
-130
-155
-143
-127
-94
-116
-154
-135
-125
-116
-124
-143
-104
-68
-84
-76
-83
-109
-90
-97
-125
-76
-40
-24
7
-9
-16
16
25
59
99
56
64
110
66
22
10
10
34
15
8
33
26
34
51
52
65
51
44
58
49
57
70
80
107
125
128
132
151
187
189
186
201
210
217
183
157
161
164
148
89
82
95
65
63
44
46
60
25
-2
-11
-28
-30
-29
-39
-31
-16
-32
-58
-56
-66
-70
-47
-38
-47
-52
-77
-84
-76
-119
-136
-126
-132
-128
-117
-108
-116
-107
-94
-106
-105
-109
-105
-83
-98
-124
-114
-90
-108
-118
-103
-82
-53
-50
-35
-13
-27
-30
-22
-58
-68
-43
-36
-59
-67
-52
-49
-28
-37
-46
-6
5
1
7
30
40
29
26
33
43
56
53
36
64
79
59
60
72
82
73
78
82
67
87
97
106
140
139
145
143
124
133
138
136
149
135
115
125
121
93
57
67
72
43
37
44
54
63
55
32
27
29
29
21
1
1
-12
-12
-28
-56
-50
-57
-58
-60
-45
-41
-58
-48
-67
-95
-105
-141
-122
-98
-143
-138
-125
-120
-87
-77
-65
-49
-53
-59
-57
-71
-62
-44
-40
-39
-44
-50
-54
-54
-70
-57
-32
-40
-38
-43
-58
-40
-55
-75
-45
-35
-35
-27
-32
-21
-32
-55
-23
9
11
24
9
7
18
3
1
14
34
15
13
28
27
34
30
37
56
74
91
96
96
70
61
99
112
95
113
132
126
148
131
96
77
45
58
79
85
88
71
63
41
17
5
-2
32
34
20
54
58
42
24
2
7
7
-10
6
9
4
-14
-31
-24
-52
-75
-72
-56
-40
-44
-63
-49
-62
-85
-67
-79
-57
-31
-53
-61
-37
-25
-39
-45
-46
-35
-26
-18
-22
-44
-25
-14
-23
-40
-81
-75
-49
-73
-99
-77
-54
-58
-64
-60
-66
-58
-47
-29
-18
-27
-31
-37
-24
-23
-15
25
31
-1
-3
-4
-18
4
19
36
47
44
44
27
12
13
22
42
66
60
50
63
70
61
73
67
67
73
62
74
58
61
80
39
58
84
61
68
52
33
52
55
44
59
52
21
34
36
-3
5
21
-6
-18
-34
-32
-7
5
-21
-43
-36
-46
-49
-42
-43
-20
-8
-36
-48
-19
-2
-12
-17
-10
2
-2
-17
0
10
-11
-4
1
-8
-11
-29
-56
-53
-37
-39
-53
-59
-50
-62
-83
-61
-47
-73
-88
-85
-61
-54
-69
-70
-36
-12
-18
-2
14
-9
-3
42
26
19
47
37
45
63
27
0
7
15
17
3
22
40
24
15
10
25
27
17
53
66
49
53
31
36
57
35
29
44
52
44
18
7
13
27
25
8
35
34
20
20
-1
0
23
16
1
2
6
12
-4
-5
-7
-12
-4
-27
-42
-16
-3
-29
-52
-45
-30
-23
-32
-24
-11
-17
-30
-36
-5
-5
-32
-10
7
-6
-10
-22
-12
1
-22
-6
34
30
6
-18
-30
-36
-28
-34
-48
-26
-19
-37
-41
-23
-20
-41
-35
-26
-16
9
-17
-28
4
10
30
26
15
27
27
32
21
22
53
45
7
12
16
19
33
37
22
32
39
23
12
0
1
24
46
23
31
56
38
16
-2
10
11
6
20
-8
-10
3
-10
-3
-1
2
0
-7
-9
11
10
-13
-6
-6
-1
-3
-28
-22
-22
-7
15
-8
-6
4
-11
-20
-10
-6
-5
-29
-38
-3
-18
-13
-4
-27
-9
-25
-41
-47
-49
-33
-25
3
19
-5
-26
-25
-33
-8
-6
-16
8
-7
-15
2
-1
5
3
-20
-12
11
14
3
-1
-12
-23
-1
18
0
3
-9
-18
9
0
0
18
16
23
34
15
17
31
23
34
37
30
27
20
16
13
8
8
12
13
31
31
24
32
27
36
24
8
27
22
6
3
16
37
22
-15
6
18
-6
1
-1
12
23
-12
-21
-11
5
10
-4
2
23
1
-8
8
-9
-22
