0
-15
19
-12
-22
-7
32
14
3
-23
-26
26
-26
-32
11
-10
-20
4
13
32
-21
-11
4
-44
22
29
-14
35
-23
-9
57
-26
41
46
-26
18
-19
-33
13
-18
-9
6
-17
7
7
-19
-31
-35
-17
10
-10
-23
-6
17
14
23
-5
20
11
-52
21
-11
-1
15
-2
72
-13
-20
52
-28
3
19
-51
17
48
-8
0
-10
-15
23
-4
-26
-46
-16
22
-22
0
2
-19
32
2
15
-12
-43
21
-18
49
36
-6
47
-2
35
-3
-41
45
-31
-44
13
-1
-5
-18
-18
2
22
-10
14
31
-35
-18
-9
-25
7
17
-11
-9
30
-3
15
-44
-4
57
-25
49
17
52
34
-63
18
29
13
-36
-75
-3
18
-32
-15
38
30
-6
-21
-37
-1
-5
12
23
14
10
-14
13
13
42
-2
-43
31
-34
-32
31
-17
-24
-13
35
3
33
48
-54
-65
-56
-29
41
20
34
29
9
19
-6
-5
-45
-28
-23
-19
21
22
2
27
17
-10
-13
-37
9
46
-4
-10
5
20
13
-55
-4
7
21
-18
-72
42
1
-56
-16
50
34
-16
26
-35
38
67
-78
38
31
-56
15
-21
1
18
-44
0
46
-47
-15
64
3
52
-8
-63
93
33
0
76
-15
24
5
-104
-13
-53
-68
14
-34
-16
12
6
23
-19
-16
-14
6
45
-26
-7
18
-25
-16
-71
-1
52
-37
17
9
24
49
-7
25
24
-9
-6
5
59
20
12
24
-2
19
-31
-39
-1
56
21
-31
-38
-69
14
18
-22
-10
-67
-13
67
-3
5
35
-23
20
-6
-38
-11
17
0
-54
48
34
-47
47
-26
-73
65
41
67
35
-29
25
6
-26
-15
-3
-7
2
-1
44
-13
-36
-1
-16
12
-52
-29
-4
-43
-19
-23
-15
-25
-9
4
-39
27
7
6
54
-19
9
-13
-46
49
44
16
66
20
63
116
-2
-6
-10
-53
3
-46
-56
39
3
19
59
-5
-22
-26
-68
26
49
-88
6
10
16
108
-23
46
109
-57
-38
-27
-7
62
-19
0
-3
-17
43
-27
6
0
-109
-34
-21
-17
0
-42
-4
10
-86
-49
73
-36
-102
-32
-77
-52
58
11
24
58
-48
17
75
-30
-12
61
-54
-56
39
-38
2
3
-24
79
9
-45
27
-14
3
38
13
75
36
19
22
-28
43
15
-20
-11
-5
-36
17
159
29
106
74
-81
92
0
-32
-5
-166
-17
99
10
82
55
-12
31
-28
-55
-27
-11
-22
-54
-22
-38
11
34
-23
57
19
-51
-8
-86
4
-16
-59
129
-94
25
44
-90
166
-70
-54
-27
-131
84
-64
-43
22
-69
105
-17
-24
153
-41
-40
8
-96
14
16
-51
91
15
-63
78
-7
-9
5
-10
113
-9
37
56
-11
67
-51
-61
-106
-84
29
-4
-9
-90
-44
44
-3
-32
-36
33
79
7
5
-2
-8
-21
-78
74
-8
-37
24
9
106
-100
-17
99
-127
26
-7
-10
182
-157
18
148
-61
158
-146
-54
172
-189
33
21
-59
117
-77
24
114
-52
42
-97
-25
155
-138
-9
61
5
137
-75
-16
71
-36
62
-103
6
128
-84
99
71
-47
59
-83
-23
58
-95
-73
-47
-43
43
107
1
137
122
-60
8
-97
-7
-100
-140
107
13
93
74
22
162
-86
-137
-33
-106
48
18
21
143
-44
-25
-11
-47
-23
-109
-42
-21
-95
-24
1
-1
82
-5
-27
85
-10
-46
-6
-109
-80
-59
-88
5
19
47
17
-53
-12
-10
7
7
-31
-68
-39
28
114
37
-10
8
-11
21
-25
16
74
19
-11
82
112
92
85
9
-7
34
-35
82
119
-94
45
-44
43
213
-78
77
49
-19
103
-24
86
40
-53
-16
-70
51
-40
0
-12
-147
55
-53
11
33
-181
11
-12
-33
-16
-136
-73
-41
-94
-142
-27
-103
-116
5
-101
38
24
-24
101
-120
-57
2
-63
73
-59
-84
75
-50
-6
87
-113
17
29
-131
145
79
-31
184
46
36
120
-50
-24
-2
-109
49
77
-33
138
81
23
214
27
28
164
-90
-14
99
-63
39
79
-17
137
65
-96
138
2
-84
144
-99
27
132
-122
127
27
-82
115
-162
-93
31
-88
46
17
-53
36
8
-19
59
32
-86
-101
-67
-118
-44
-17
-75
36
-5
-44
77
-49
-39
64
-130
-95
-1
-138
-49
79
-7
17
50
-76
4
74
-74
16
-14
-84
77
1
4
107
6
-56
-33
56
42
-44
2
-76
-27
107
36
22
-22
28
46
-82
67
70
-119
-18
7
-84
-38
24
-11
-25
34
-33
-62
45
11
-1
-2
-48
2
-41
-57
-30
-33
-14
-42
16
77
70
24
-74
-71
-7
6
-16
22
86
76
102
89
36
27
-92
-61
1
-53
38
38
-11
121
139
112
93
-27
-4
14
-57
-99
-83
16
15
12
156
124
39
71
9
-34
-13
-81
-92
-21
26
35
73
86
37
62
-8
-24
-2
-93
-10
18
26
80
44
33
-23
15
19
-28
-52
-81
-35
-15
53
80
3
21
27
-25
-52
-157
-114
-60
-137
-49
26
38
41
-12
-11
-12
-71
-63
-39
-65
-86
-78
-45
-43
-46
-42
-74
-61
-40
-82
-31
16
-22
16
21
-16
43
24
-1
-1
-46
-9
-42
-31
63
4
15
111
18
15
102
60
65
40
16
59
47
34
24
23
53
22
-1
18
-11
35
47
-34
-12
10
59
69
11
51
62
12
41
53
-21
-13
12
4
28
-1
-26
17
-14
-24
35
8
-25
16
1
22
51
10
7
-5
-24
-12
-46
-77
-6
-36
-35
59
46
57
60
14
48
14
-43
0
-10
-32
-40
-55
-34
-10
8
26
0
15
24
-3
0
-17
-23
-47
-69
-50
-63
-61
-57
-68
-67
-70
-11
50
29
25
23
0
16
14
-26
-66
-79
-40
-18
-31
-2
7
19
54
21
21
34
-7
-6
-6
-42
-38
-50
-37
37
19
9
34
29
60
76
92
91
34
15
-4
-28
8
-16
-38
-15
25
37
29
54
82
91
31
26
41
19
3
-24
-41
-81
-119
-124
-110
-94
-83
-80
-59
-21
10
41
68
71
60
36
16
-11
-34
-7
-34
-53
-15
18
37
29
20
14
17
22
22
21
50
71
66
51
30
23
7
-8
-22
-35
-20
-16
-27
-17
5
27
38
17
21
44
26
16
-2
-16
8
10
-36
-24
32
34
40
57
58
65
42
52
125
126
73
90
93
65
92
45
-1
18
-22
-4
20
16
74
91
69
58
39
31
-6
-43
-91
-137
-150
-199
-193
-138
-157
-188
-144
-109
-77
-44
-34
47
55
-19
-35
-150
-309
-441
-609
-735
-836
-951
-970
-914
-879
-767
-587
-429
-297
-195
-88
27
84
136
195
190
248
309
324
426
502
516
543
548
504
490
456
412
405
351
368
390
385
444
496
482
431
437
446
460
475
466
504
555
608
631
648
707
709
611
538
508
458
374
314
262
188
166
158
138
161
181
133
107
80
71
97
65
42
8
-18
-53
-136
-136
-213
-318
-336
-361
-276
-241
-176
-58
-70
-98
-393
-896
-1371
-1927
-2383
-2829
-3205
-3253
-3193
-2964
-2536
-1943
-1284
-771
-330
23
321
513
565
618
641
702
736
724
873
975
980
978
901
867
715
475
296
108
-88
-300
-496
-652
-670
-653
-598
-432
-236
52
354
643
979
1289
1518
1643
1680
1649
1566
1471
1311
1189
1078
966
850
715
702
632
511
378
221
152
78
44
103
185
247
271
345
427
525
591
580
591
637
729
771
763
712
661
663
616
516
390
281
164
-60
-278
-459
-622
-747
-878
-984
-1035
-1006
-948
-681
-617
-1407
-2260
-2867
-3316
-3502
-4099
-4431
-4146
-3870
-3228
-2461
-1484
-281
387
680
867
1219
1493
1327
1189
1058
939
787
583
829
1107
1139
1035
772
617
417
118
-93
-309
-520
-770
-956
-850
-597
-240
153
436
785
1084
1222
1367
1176
811
721
551
363
320
338
598
769
898
1113
1197
1285
1208
856
514
374
148
-169
-218
-176
-73
98
202
432
625
774
959
991
1033
1099
1143
1193
1271
1321
1274
1165
931
779
680
509
420
280
143
55
-124
-231
-258
-335
-403
-592
-874
-983
-1052
-1101
-1033
-923
-513
-897
-2458
-3348
-3826
-4124
-4388
-5233
-5094
-4350
-3731
-2588
-1420
188
1565
1790
1778
1969
2382
2250
1686
1386
1083
875
510
332
843
1047
813
417
-39
-225
-592
-1030
-1143
-1230
-1252
-1302
-1213
-578
104
662
1137
1531
1992
2203
2179
2134
1935
1524
913
136
-652
-1036
-1041
-1125
-1051
-709
-317
156
682
1205
1471
1463
1276
926
633
441
384
384
334
453
645
790
1035
1316
1500
1503
1430
1380
1366
1434
1377
1144
870
526
251
-11
-250
-374
-518
-587
-694
-805
-598
-369
-267
-300
-565
-726
-685
-622
-591
-546
-346
173
-177
-1929
-2976
-3458
-3906
-4154
-5193
-5242
-4319
-3826
-2551
-1263
185
1891
2117
1898
2007
2199
2152
1441
918
768
623
402
252
765
1108
741
263
-396
-684
-847
-1427
-1545
-1436
-1333
-1081
-908
-114
884
1422
1820
2007
2289
2358
2032
1854
1625
1280
817
336
10
-357
-732
-1350
-1950
-1878
-1622
-1269
-617
98
905
1493
1889
2236
2301
2107
1647
1169
781
469
406
329
314
536
719
843
977
1099
1156
1054
880
683
466
342
296
276
114
-85
-147
-328
-350
-265
-268
101
328
332
524
451
341
195
-171
-542
-1121
-1584
-1756
-1992
-3016
-4342
-4614
-4646
-4559
-4287
-4237
-3249
-2230
-1523
-142
825
1865
2783
2444
2199
2127
1820
1414
634
176
23
-347
-564
-562
-311
-287
-769
-1157
-1446
-1484
-1358
-1276
-765
-202
321
882
1356
2209
2823
2889
2830
2525
2178
1700
1055
641
337
67
-208
-424
-470
-445
-606
-1346
-1922
-1719
-1468
-1111
-412
392
1249
1854
2299
2628
2612
2396
1904
1117
388
81
86
-13
59
358
580
782
887
1002
1105
893
602
396
273
322
351
323
253
150
126
-41
-113
44
136
318
300
305
582
483
384
221
-302
-618
-1078
-1642
-1815
-1927
-2919
-4887
-5934
-5898
-5706
-5347
-5230
-4186
-2399
-1101
634
2167
3416
4576
4018
2918
2409
1756
1131
164
-671
-688
-777
-1046
-1075
-729
-346
-705
-1424
-1840
-1864
-1525
-1233
-677
343
1292
2104
2643
3322
4054
4004
3398
2523
1677
1018
164
-574
-774
-866
-963
-1056
-1137
-931
-628
-538
-993
-1459
-1257
-903
-354
391
1072
1813
2036
2066
2385
2235
1923
1692
964
311
193
285
435
588
725
760
641
453
521
615
400
297
272
270
452
667
787
779
632
407
181
6
25
218
322
353
392
332
238
74
-156
-443
-1069
-1707
-1971
-2034
-2515
-4357
-6288
-6703
-6568
-6222
-5581
-4729
-2844
-951
551
2486
3947
4990
5168
3773
2496
1686
796
20
-858
-1245
-1098
-1170
-1209
-961
-521
-365
-956
-1654
-1911
-1597
-973
-392
608
1846
2751
3326
3621
3988
4075
3356
2307
1086
47
-620
-1287
-1576
-1488
-1299
-998
-974
-894
-427
-51
-67
-527
-802
-549
-175
327
920
1464
1748
1589
1547
1639
1558
1466
1189
755
568
622
743
832
881
848
603
299
163
267
330
298
326
379
550
781
941
1036
950
685
364
-33
-164
124
186
222
432
357
346
274
7
-18
-474
-1107
-1417
-2043
-2968
-5064
-7467
-7955
-7865
-7436
-6293
-5150
-2789
-334
1587
3967
5211
5881
5963
4116
2578
1563
389
-244
-1198
-1759
-1422
-1325
-1198
-1052
-913
-754
-1381
-2149
-2335
-1901
-818
180
1319
2744
3774
4443
4538
4385
4189
3163
1687
275
-943
-1546
-1966
-2205
-1911
-1549
-1140
-846
-777
-332
125
225
403
582
694
950
1104
1045
955
731
337
-20
-72
231
582
917
1280
1636
1873
1892
1846
1653
1181
669
162
-271
-389
-326
-172
108
393
687
892
949
933
820
633
425
276
125
151
287
353
427
347
156
-4
-163
-213
-340
-563
-785
-1058
-2067
-5014
-8040
-8806
-8677
-8233
-7399
-6281
-3553
-616
1938
4938
6534
7251
7166
4783
2552
1235
-70
-794
-1857
-2492
-1776
-1377
-1176
-797
-710
-634
-1281
-2514
-2778
-1918
-614
601
1819
3275
4534
5093
4910
4568
4076
2820
1013
-709
-1818
-2180
-2347
-2325
-1915
-1379
-773
-496
-516
-72
424
582
589
538
927
1296
1319
1250
845
472
-114
-770
-602
-252
308
1122
1434
1929
2529
2594
2385
1809
1048
298
-507
-968
-946
-659
-313
97
542
915
1312
1529
1404
1149
682
244
58
-233
-114
354
410
433
495
394
347
186
74
-136
-596
-851
-1191
-1961
-4429
-8011
-9222
-9105
-8958
-7766
-6577
-3937
-363
2022
5163
7316
7635
7884
5646
2618
1185
-515
-1453
-2015
-3030
-2398
-1556
-1583
-1077
-890
-933
-1164
-2355
-2757
-1922
-627
990
2264
3535
4934
5410
4996
4356
3508
2195
403
-1360
-2562
-2841
-2643
-2434
-1836
-1036
-395
16
-31
28
475
634
740
1037
1291
1679
1761
1405
1002
314
-455
-1037
-1259
-895
-169
830
1644
2196
2910
3099
2643
2062
1183
270
-540
-1147
-1069
-682
-267
350
858
1290
1689
1723
1495
1096
651
310
17
-152
87
467
414
450
528
161
-4
-88
-157
-102
-465
-525
-584
-1225
-2079
-4729
-7983
-9272
-9869
-9397
-7947
-6583
-3403
65
2888
6207
7708
8114
7841
5064
2467
516
-1499
-2021
-2709
-3216
-2221
-1715
-1368
-849
-1047
-1092
-1587
-2586
-2492
-1606
-97
1750
3142
4529
5666
5825
5156
4026
2671
1110
-693
-2251
-3023
-3024
-2597
-1978
-1191
-459
85
272
92
195
547
744
1128
1525
1458
1163
995
651
5
-587
-1088
-1299
-1136
-464
917
2076
2704
3494
3758
3133
2352
1421
244
-850
-1617
-1869
-1514
-838
104
1138
1757
2108
2206
1909
1602
1176
605
230
-116
-290
-174
-52
196
359
364
335
27
-95
18
-174
-298
-536
-1219
-1920
-4173
-7616
-8996
-9481
-9730
-8492
-7200
-4576
-854
1776
5208
7609
7760
8034
6019
2944
1547
-359
-1606
-2051
-3143
-2644
-1818
-1973
-1301
-1147
-1429
-1414
-2339
-2534
-1429
-165
1604
3146
4279
5526
5798
5075
4174
2858
1311
-333
-2035
-2909
-2851
-2565
-2061
-1291
-646
-136
182
87
85
421
577
750
1080
1366
1768
1765
1309
805
44
-792
-1325
-1395
-951
-161
947
1928
2544
3182
3286
2660
1844
773
-250
-965
-1456
-1278
-692
-104
660
1269
1660
1928
1828
1535
1152
516
99
-73
-284
-59
306
468
681
542
240
52
-216
-229
-245
-518
-647
-1068
-1676
-2653
-5545
-8365
-9057
-9260
-8944
-7892
-6075
-2545
721
3425
6385
7712
7999
7329
4772
2498
788
-872
-1712
-2654
-3102
-2284
-1925
-1738
-1394
-1608
-1577
-1919
-2578
-2020
-692
1024
2782
3936
5022
5813
5410
4278
3025
1567
25
-1563
-2802
-3120
-2789
-2195
-1406
-643
-30
349
372
223
357
681
896
1189
1510
1788
1663
1070
519
-290
-1206
-1667
-1726
-1252
-420
874
2360
3058
3514
3889
3304
2188
1062
-19
-945
-1685
-1773
-1191
-547
236
1176
1769
2007
2019
1826
1425
795
304
46
-98
-94
82
149
242
447
179
12
90
-187
-156
-170
-407
-445
-1100
-1917
-3976
-7648
-9101
-9004
-9070
-8135
-7044
-4294
-287
2298
5281
7533
7761
7715
5695
2803
1236
-522
-1539
-2150
-3312
-2863
-2033
-2035
-1680
-1796
-1954
-1833
-2452
-2370
-1057
658
2624
3938
4743
5625
5697
4722
3361
1896
418
-1152
-2560
-3146
-2840
-2180
-1529
-850
-244
165
388
284
260
585
858
1288
1619
1237
1198
1201
321
-439
-1074
-1513
-1516
-1363
-267
1206
2187
3202
3775
3778
3379
2337
1210
-22
-1120
-1575
-1793
-1433
-493
324
1115
1747
2156
2353
2026
1538
1055
493
119
-103
-128
-88
-22
325
361
217
257
50
93
268
90
138
-195
-988
-1471
-3694
-7573
-9404
-9756
-9622
-8250
-7249
-4975
-965
1803
4859
7272
7442
7684
6049
2925
1473
-70
-1157
-1402
-2723
-2846
-2097
-2296
-1936
-1957
-2469
-2167
-2510
-2622
-1305
375
2536
4216
4806
5540
5734
4670
3326
1821
329
-963
-2368
-3050
-2710
-2105
-1388
-669
-306
-45
236
116
-10
405
931
1295
1638
1908
2052
1743
940
26
-946
-1759
-2081
-1681
-873
176
1717
2940
3435
3761
3612
2673
1426
100
-863
-1334
-1611
-1221
-359
327
1031
1658
1890
1937
1709
1310
905
348
134
126
42
319
654
591
465
309
16
-91
-155
-184
54
-19
-153
-75
-768
-1633
-3627
-7607
-9773
-10001
-10086
-8947
-7284
-4264
-9
2764
5476
7817
7971
7499
5591
2468
511
-1029
-1906
-2125
-2703
-2278
-1512
-1574
-1670
-2089
-2470
-2432
-2832
-2689
-1244
768
3030
4713
5660
6377
6181
4820
3019
1193
-394
-1780
-2945
-3274
-2679
-1751
-894
-208
222
319
71
-396
-555
-140
402
968
1616
2079
2336
2428
1990
858
-416
-1379
-1921
-1928
-1277
6
1458
2493
3105
3489
3257
2329
1238
91
-1005
-1550
-1505
-962
-26
916
1627
1958
1959
1741
1270
803
357
-106
-232
-55
306
746
1041
1177
925
383
-37
-379
-588
-644
-509
-422
-609
-770
-1250
-3132
-6559
-9183
-9721
-9609
-8709
-7026
-4730
-1085
2156
4734
7078
7674
7308
5834
2838
728
-586
-1551
-1720
-2247
-2338
-1619
-1615
-1778
-2024
-2594
-2539
-2730
-2837
-1540
479
2844
4748
5592
6134
5952
4598
2831
1064
-415
-1559
-2572
-2953
-2381
-1473
-649
-47
180
235
126
-224
-390
13
775
1506
2260
2387
1729
1295
313
-1113
-1810
-2337
-2258
-1542
-545
1366
2939
3848
4509
4114
3182
1945
511
-546
-1373
-1644
-1455
-997
-77
783
1481
1927
1894
1843
1578
1085
887
692
570
686
770
814
639
270
73
-254
-719
-653
-389
-118
285
277
180
-318
-1454
-3302
-7212
-10473
-10997
-10842
-9125
-6513
-4089
-183
3024
5335
7561
7446
6703
5166
1730
-267
-1218
-1712
-955
-1117
-1297
-905
-1577
-2096
-2680
-3574
-3484
-3370
-2907
-1075
1277
3970
6036
6616
6547
5688
3869
1846
19
-1295
-2025
-2419
-2272
-1525
-609
32
261
65
-557
-1080
-1333
-1387
-569
751
1873
2779
3126
3060
2409
1033
-412
-1767
-2766
-2981
-2239
-738
934
2635
3947
4158
3720
3006
1750
442
-615
-1252
-1155
-755
-66
961
1606
1850
1785
1251
773
460
205
283
449
683
1193
1447
1517
1534
915
170
-383
-1116
-1311
-1005
-648
18
320
252
-68
-1174
-3036
-6503
-10106
-11174
-10976
-9688
-7113
-4405
-644
2881
5138
7092
7337
6498
5207
2277
-53
-908
-1280
-715
-569
-849
-637
-1263
-2237
-3062
-3984
-4030
-3686
-3142
-1413
1138
3882
5974
6772
6706
5784
3977
1844
-42
-1225
-1718
-1852
-1701
-1135
-289
205
103
-294
-902
-1410
-1695
-1675
-709
833
2304
3415
3776
3311
1916
380
-932
-2379
-3025
-2848
-2077
-487
1129
3005
4441
4241
3724
2925
1343
123
-629
-986
-843
-519
156
887
1320
1572
1534
1178
719
427
356
397
626
973
1303
1499
1230
838
484
-228
-693
-892
-1092
-668
-149
246
737
591
-98
-1175
-3256
-6783
-10356
-11668
-10918
-8929
-6462
-3921
-499
2667
4829
6428
6364
5525
4396
1836
-80
-508
-348
590
743
-46
-494
-1535
-2887
-3933
-4883
-4710
-3861
-2882
-972
1551
4259
6241
6583
5982
4848
3112
1353
-78
-854
-756
-511
-432
-159
182
124
-494
-1396
-2206
-2615
-2534
-1941
-555
1160
2567
3656
3930
3353
2513
1296
-101
-1384
-2202
-2161
-1520
-355
981
2122
2888
2793
2261
1721
914
268
-23
-56
345
820
1238
1636
1626
1233
678
86
-281
-349
-78
338
835
1291
1581
1840
1720
1264
683
-116
-716
-954
-965
-605
-73
271
442
124
-934
-2256
-4759
-8725
-11210
-11193
-9687
-7093
-4752
-2100
1236
3385
4927
5649
4868
4318
3002
833
90
231
1065
1822
1035
-12
-1034
-2564
-3908
-5077
-5326
-4273
-3187
-1773
426
2967
5283
6147
5591
4560
3238
1751
405
-256
-23
527
790
625
405
126
-686
-1785
-2755
-3270
-2953
-2238
-1159
714
2583
3745
4130
3623
2696
1540
-27
-1528
-2377
-2362
-1744
-661
719
1837
2619
2823
2258
1649
1172
772
601
579
871
1314
1477
1431
1212
602
-62
-526
-683
-457
-16
677
1296
1743
2151
2088
1773
1288
517
-49
-648
-1018
-836
-503
160
643
857
1012
137
-1605
-3586
-6194
-9266
-11067
-10633
-8810
-6197
-3626
-1334
1205
3000
4044
4373
3548
3055
2520
1397
1236
1572
2092
2570
1484
-187
-1637
-3360
-4674
-5522
-5515
-4064
-2360
-670
1317
3224
4753
5048
4185
3097
2125
1397
963
1002
1552
2145
2198
1535
573
-461
-1613
-2740
-3567
-3636
-2906
-1872
-547
1133
2468
3146
3230
2612
1688
767
-11
-457
-619
-465
-45
424
924
1288
1482
1315
698
378
373
444
799
1185
1535
1774
1665
1457
1062
454
1
-374
-506
-299
102
729
1169
1376
1640
1579
1294
1043
557
54
-341
-584
-434
-164
195
586
635
265
-639
-2003
-3455
-5489
-8536
-10571
-10174
-8341
-5825
-3709
-1912
545
2411
3300
3417
2886
2989
2924
2005
1735
2182
2960
3201
1736
-91
-1580
-3244
-4669
-5586
-5250
-3638
-2116
-815
704
2433
3756
3767
3052
2513
2190
1923
1649
1895
2731
3266
2968
1879
634
-392
-1644
-2917
-3615
-3460
-2705
-1995
-1059
398
1657
2354
2448
2024
1695
1440
988
425
-46
-82
83
147
358
832
1225
1054
550
502
658
705
983
1197
1301
1540
1601
1391
1061
569
62
-412
-702
-506
27
618
1108
1429
1657
1636
1443
1183
683
324
-89
-358
-173
-322
-6
646
529
344
-638
-2305
-3458
-5801
-8829
-10347
-10144
-7931
-5254
-3676
-1854
215
1738
2701
2457
2260
2963
3062
2589
2510
3064
3901
3570
1803
-167
-1774
-3234
-4675
-5438
-4833
-3289
-1954
-998
145
1584
2602
2519
1924
1757
2085
2323
2449
3080
4008
4402
3617
2015
654
-516
-1856
-2983
-3461
-3071
-2314
-1876
-1364
-483
293
701
730
716
955
1308
1531
1610
1793
1853
1507
1096
877
891
960
663
284
202
245
368
512
729
1034
1264
1366
1322
1119
932
648
175
-156
-116
200
577
866
1042
1332
1417
1180
902
565
388
192
-167
-290
-253
-121
111
159
-29
-782
-2180
-3846
-6106
-8692
-9911
-9093
-7037
-4702
-3094
-1797
-209
882
1439
1494
1478
2318
2883
2869
3372
4110
4647
4085
2011
-183
-1920
-3326
-4290
-4609
-3765
-2411
-1624
-1145
-540
329
913
724
569
957
1764
2601
3237
4086
4861
4753
3666
2104
854
-115
-1134
-1806
-2044
-1873
-1631
-1819
-2000
-1760
-1361
-970
-562
13
810
1363
1524
1610
1727
1775
1692
1536
1573
1779
1776
1464
989
553
230
-40
-143
88
600
1058
1291
1334
1197
835
285
-146
-237
-15
339
646
901
1206
1419
1428
1255
913
655
556
347
222
127
200
404
295
249
-466
-1934
-3269
-5072
-7216
-9011
-9558
-7938
-5663
-4029
-2890
-2098
-945
168
428
681
1610
2915
3686
3846
4300
4797
4621
3326
1159
-612
-1704
-2587
-3168
-3189
-2527
-1967
-2114
-2158
-1781
-1135
-616
-483
112
1240
2240
3033
3695
4381
4753
4170
3094
2127
1475
989
289
-345
-591
-928
-1660
-2475
-2964
-2819
-2395
-1966
-1270
-377
457
949
1031
1130
1315
1500
1841
2207
2607
2863
2590
1942
1260
692
237
3
119
420
778
1076
1075
838
545
165
-238
-383
-180
166
495
782
909
1066
1171
1087
941
753
837
1068
1142
951
815
865
582
362
-183
-1602
-2920
-4287
-5882
-7552
-8942
-8418
-6568
-5000
-3930
-3583
-2827
-1474
-682
-10
872
2313
3808
4079
4166
4568
4603
4097
2566
949
87
-784
-1533
-2069
-2160
-1899
-2350
-2953
-3089
-2750
-2006
-1579
-1000
91
1093
1939
2589
3353
4143
4186
3766
3368
3107
2867
2239
1559
1049
451
-385
-1626
-2694
-3027
-3075
-2922
-2530
-2091
-1484
-996
-742
-282
388
1095
1794
2398
2886
3191
3249
2980
2425
1813
1337
993
806
781
823
852
725
508
270
0
-216
-364
-382
-276
-100
129
327
480
721
848
868
957
1097
1395
1593
1707
1703
1492
1306
1030
455
-704
-2370
-3744
-4961
-6582
-8052
-8489
-7471
-5942
-5095
-4849
-4420
-3263
-1996
-1199
-252
1372
3179
4068
4209
4566
5062
4959
3908
2616
1893
1407
554
-382
-1022
-1340
-1932
-3019
-3711
-3664
-3288
-2998
-2633
-1775
-681
102
715
1601
2652
3351
3616
3807
4041
4220
3976
3407
2913
2395
1560
337
-812
-1579
-2059
-2497
-2917
-2951
-2855
-2834
-2619
-2418
-2007
-1058
-40
949
1813
2489
3058
3240
3167
3041
2783
2572
2378
2157
2020
1845
1614
1220
696
251
-238
-604
-724
-760
-650
-557
-505
-514
-510
-271
-114
-8
366
874
1460
1901
2044
2128
2076
1896
1709
1067
-164
-1661
-2999
-4278
-6081
-7613
-7828
-6989
-5996
-5745
-5998
-5509
-4340
-3298
-2489
-1378
560
2355
3169
3718
4511
5262
5212
4327
3697
3605
3334
2416
1368
789
143
-1084
-2396
-3198
-3313
-3309
-3593
-3528
-2994
-2414
-2016
-1484
-330
930
1810
2437
3084
3944
4337
4142
4090
4065
3802
3140
2182
1398
647
-250
-1236
-2068
-2457
-2722
-3000
-3147
-3116
-2790
-2364
-1854
-976
0
854
1664
2197
2379
2502
2585
2649
2862
3084
3215
3330
3139
2659
2002
1275
672
143
-192
-312
-325
-470
-869
-1315
-1588
-1688
-1604
-1367
-830
-95
470
817
1027
1353
1647
1777
1904
1665
978
-95
-1337
-2459
-4066
-5707
-6274
-5883
-5115
-5032
-5748
-5803
-5200
-4569
-4035
-3309
-1518
400
1299
1915
2774
3693
4091
3755
3677
4149
4523
4199
3360
2797
2192
1087
-172
-1050
-1400
-1788
-2460
-2921
-3056
-3125
-3264
-3125
-2335
-1393
-668
24
817
1709
2304
2510
2919
3477
3897
3973
3589
3097
2480
1677
1140
924
619
6
-854
-1635
-2168
-2465
-2566
-2441
-2015
-1460
-973
-589
-299
-136
-43
226
892
1806
2580
3137
3458
3419
3073
2655
2373
2187
1966
1824
1730
1464
891
52
-726
-1256
-1502
-1543
-1460
-1263
-1141
-1152
-1117
-909
-506
-113
230
725
1071
843
20
-898
-1506
-2608
-4004
-4373
-3727
-2883
-3065
-4301
-4921
-4635
-4216
-3891
-3419
-2122
-629
-147
-130
414
1378
1923
1830
2039
2991
3901
3873
3233
2865
2667
2107
1374
1021
1044
741
-142
-952
-1424
-1856
-2353
-2576
-2180
-1574
-1359
-1284
-867
-291
-21
70
581
1450
2080
2379
2597
2374
1937
1797
1816
2159
2370
1904
1171
448
-66
-348
-625
-690
-608
-570
-643
-800
-961
-1300
-1494
-1173
-540
251
933
1382
1684
1678
1539
1613
1905
2249
2394
2452
2488
2227
1753
1133
602
367
142
-85
-251
-292
-401
-824
-1137
-1215
-1173
-1006
-650
-187
30
-310
-1182
-2077
-2532
-3024
-3767
-3924
-3329
-2650
-2799
-3721
-4213
-3894
-3319
-2874
-2345
-1305
-267
-29
-208
123
910
1388
1437
1708
2538
3180
2976
2366
2089
2047
1814
1434
1343
1475
1167
349
-456
-840
-1131
-1544
-1680
-1371
-973
-886
-1049
-980
-656
-552
-479
-61
658
1211
1447
1467
1501
1577
1423
1402
1705
2138
2217
1665
981
554
359
341
303
270
269
-1
-437
-789
-997
-1091
-993
-668
-181
316
589
626
621
706
882
1220
1654
2003
2131
2079
1910
1582
1282
1070
916
880
733
404
119
-187
-547
-808
-823
-748
-697
-527
-393
-426
-647
-1154
-1796
-2347
-2767
-3234
-3565
-3319
-2990
-3062
-3549
-4033
-3907
-3326
-2723
-2172
-1596
-1018
-667
-626
-316
395
989
1348
1659
2122
2602
2635
2294
2089
2126
2119
1996
1973
1942
1676
1065
326
-110
-436
-762
-953
-967
-840
-884
-1069
-1200
-1207
-1127
-1094
-845
-310
114
350
482
601
770
849
983
1426
1973
2169
1931
1537
1291
1257
1285
1331
1369
1210
817
346
-80
-362
-572
-667
-646
-515
-323
-273
-286
-250
-127
81
393
802
1103
1219
1278
1326
1383
1457
1466
1425
1348
1225
983
698
482
250
60
-64
-51
-23
-107
-244
-451
-696
-1065
-1610
-2224
-2745
-3240
-3622
-3572
-3406
-3500
-3857
-4218
-4061
-3488
-2963
-2527
-2105
-1572
-1207
-977
-502
193
851
1186
1452
1902
2355
2438
2308
2328
2457
2495
2408
2371
2331
2022
1396
797
500
298
-26
-350
-531
-602
-778
-999
-1160
-1308
-1431
-1424
-1228
-883
-597
-453
-310
-125
75
227
496
950
1426
1764
1752
1599
1596
1673
1805
1895
1900
1793
1484
1087
744
466
190
-31
-143
-195
-251
-354
-457
-517
-490
-372
-169
61
231
383
506
668
878
969
1046
1101
1106
1095
980
900
890
784
586
443
398
400
358
198
15
-247
-686
-1393
-2160
-2750
-3183
-3233
-3136
-3296
-3721
-4201
-4381
-4145
-3701
-3267
-2911
-2489
-2046
-1693
-1259
-689
-116
353
808
1297
1783
2127
2158
2099
2303
2620
2820
2935
2830
2539
2175
1676
1311
1100
809
520
269
47
-184
-489
-795
-1059
-1244
-1384
-1462
-1287
-1081
-1052
-1041
-910
-694
-589
-486
-165
362
797
955
1067
1218
1342
1555
1859
2085
2214
2119
1849
1642
1444
1187
908
697
600
471
282
128
13
-150
-305
-336
-242
-157
-128
-76
45
229
337
383
445
517
633
660
647
658
621
663
571
513
666
678
545
374
178
-184
-791
-1587
-2315
-2583
-2417
-2395
-2816
-3489
-4041
-4150
-3981
-3815
-3558
-3221
-2924
-2684
-2442
-1922
-1275
-825
-479
52
849
1451
1618
1656
1856
2243
2578
2871
3157
3212
2866
2346
2051
1934
1750
1436
1149
917
679
329
-96
-445
-730
-970
-1123
-1159
-1144
-1224
-1412
-1455
-1324
-1178
-1033
-863
-717
-435
-15
262
446
519
616
959
1392
1798
2015
2012
1927
1772
1682
1635
1495
1366
1225
1094
1005
863
661
468
311
136
82
148
140
76
-6
-38
12
42
82
199
241
232
251
203
202
266
241
212
299
460
497
280
14
-294
-868
-1543
-1878
-1767
-1601
-1839
-2503
-3173
-3431
-3420
-3392
-3267
-3104
-2998
-2931
-2757
-2411
-1997
-1633
-1327
-882
-195
435
755
894
1069
1353
1749
2279
2706
2883
2804
2508
2294
2272
2125
1867
1682
1461
1249
1005
735
472
80
-341
-586
-601
-609
-777
-982
-1186
-1261
-1256
-1197
-951
-840
-983
-1031
-734
-227
11
-57
-59
203
685
1170
1531
1655
1611
1441
1343
1480
1658
1655
1496
1392
1362
1312
1119
895
751
592
497
574
624
505
270
45
12
100
169
208
236
134
-8
-70
-111
-76
11
77
56
17
72
3
-154
-490
-1103
-1611
-1748
-1411
-1144
-1468
-2152
-2760
-2973
-2909
-2828
-2690
-2636
-2684
-2759
-2650
-2244
-1829
-1616
-1458
-1108
-529
95
431
559
669
897
1314
1849
2311
2500
2394
2179
2064
2077
2013
1852
1701
1459
1252
1114
931
750
429
43
-212
-280
-257
-405
-647
-862
-1059
-1104
-963
-818
-748
-818
-956
-895
-593
-311
-243
-257
-98
233
645
1043
1287
1275
1141
1093
1136
1340
1601
1641
1491
1324
1242
1201
1116
989
859
743
684
693
626
447
255
170
223
288
281
266
188
2
-134
-141
-54
-10
-29
-73
-95
-92
-159
-275
-438
-873
-1459
-1747
-1588
-1129
-1121
-1761
-2410
-2694
-2632
-2526
-2423
-2272
-2280
-2475
-2533
-2193
-1678
-1406
-1388
-1258
-818
-264
115
270
436
610
853
1256
1749
2116
2102
1884
1771
1829
1899
1850
1721
1591
1364
1134
1019
946
773
423
98
-29
-75
-195
-378
-558
-681
-816
-851
-676
-451
-561
-948
-1087
-900
-592
-395
-290
-196
-171
9
456
832
999
960
848
860
1078
1395
1535
1528
1446
1309
1221
1176
1155
1154
1007
839
827
804
686
506
386
285
209
263
302
225
67
-175
-268
-145
-61
-50
-121
-193
-191
-197
-336
-424
-481
-853
-1482
-1815
-1438
-864
-919
-1675
-2449
-2630
-2342
-2172
-2204
-2163
-2143
-2355
-2509
-2171
-1518
-1214
-1343
-1316
-824
-218
67
152
282
487
759
1144
1672
2025
1972
1708
1570
1683
1797
1800
1738
1553
1291
1075
994
1026
884
523
179
30
39
-50
-227
-332
-463
-648
-678
-515
-420
-572
-899
-1070
-860
-488
-255
-259
-358
-300
-68
238
616
834
756
625
698
997
1265
1405
1367
1222
1124
1157
1268
1281
1166
1019
928
847
825
775
605
470
384
339
384
369
198
-42
-176
-214
-252
-172
-86
-96
-131
-283
-374
-422
-461
-430
-732
-1346
-1706
-1450
-847
-797
-1496
-2241
-2429
-2160
-2013
-2052
-1966
-1925
-2157
-2410
-2169
-1463
-1038
-1150
-1307
-987
-404
-94
-28
144
427
650
868
1284
1754
1835
1578
1389
1463
1681
1757
1671
1559
1339
1071
981
1020
956
674
363
161
49
-31
-130
-172
-267
-515
-633
-473
-375
-599
-831
-836
-682
-517
-428
-376
-307
-213
-123
97
415
626
621
537
599
836
1047
1156
1190
1150
1105
1098
1125
1151
1114
983
833
791
767
722
682
610
548
423
305
234
141
60
-28
-131
-133
-76
-41
-65
-170
-291
-387
-474
-487
-382
-550
-1135
-1596
-1528
-953
-666
-1218
-1980
-2245
-2051
-1876
-1884
-1777
-1583
-1726
-2127
-2121
-1507
-961
-961
-1175
-1052
-612
-254
-86
92
307
457
580
861
1278
1522
1428
1270
1232
1334
1450
1531
1547
1307
1010
895
915
937
808
605
424
163
-50
-55
58
-15
-319
-502
-455
-377
-499
-793
-863
-602
-349
-327
-410
-413
-305
-163
20
321
608
657
510
454
691
1009
1133
1154
1158
1092
1022
1043
1115
1141
1016
853
808
789
746
674
606
541
433
349
252
138
60
-5
-39
-80
-67
-33
-100
-224
-341
-418
-441
-477
-435
-502
-982
-1497
-1581
-1116
-750
-1090
-1757
-2154
-2083
-1867
-1804
-1664
-1506
-1619
-1980
-2040
-1493
-963
-848
-950
-911
-600
-285
-120
119
356
475
558
770
1144
1405
1371
1216
1149
1176
1236
1352
1431
1262
993
836
826
828
703
576
474
249
40
-9
92
72
-156
-346
-346
-369
-559
-657
-542
-401
-440
-598
-563
-357
-227
-141
-17
205
374
406
405
512
715
867
1001
1106
1147
1156
1050
997
1045
1025
1018
981
896
828
738
681
635
543
445
311
185
55
7
44
-18
-110
-122
-145
-180
-267
-372
-456
-459
-435
-456
-481
-785
-1345
-1592
-1265
-808
-888
-1467
-1899
-1977
-1844
-1792
-1656
-1370
-1359
-1639
-1910
-1614
-975
-735
-818
-830
-611
-370
-238
45
383
533
511
548
851
1165
1251
1185
1104
1105
1172
1234
1293
1231
1000
793
700
710
706
629
575
360
84
7
58
98
-51
-202
-221
-267
-411
-527
-483
-388
-410
-479
-425
-311
-259
-199
-46
140
278
328
346
444
615
757
874
990
1017
1016
992
959
988
1025
1059
974
829
800
770
668
577
513
463
340
164
61
19
2
-56
-129
-148
-148
-235
-383
-465
-447
-413
-443
-542
-559
-573
-945
-1431
-1467
-1041
-763
-1052
-1562
-1789
-1692
-1599
-1631
-1411
-1097
-1174
-1552
-1664
-1225
-767
-662
-692
-620
-406
-312
-227
121
431
510
436
525
815
1005
1044
1086
1081
947
904
1009
1116
1033
859
760
668
611
582
575
501
250
49
66
178
185
73
-132
-365
-384
-286
-211
-246
-345
-350
-308
-225
-117
-23
63
87
101
187
383
590
625
637
713
796
849
865
943
966
881
862
885
862
807
740
681
606
507
473
405
277
150
13
-52
-44
-75
-148
-212
-268
-316
-381
-451
-492
-461
-466
-540
-575
-611
-685
-870
-1020
-950
-811
-838
-1158
-1425
-1363
-1259
-1233
-1255
-1195
-1058
-1174
-1347
-1250
-951
-710
-726
-735
-565
-379
-249
-121
76
234
281
342
490
700
843
846
788
765
782
822
855
865
798
684
631
564
512
494
441
378
257
220
273
233
112
-40
-32
55
-50
-182
-209
-145
-78
-82
2
67
27
-20
8
146
266
364
445
465
505
595
696
735
722
715
731
789
798
757
756
767
646
506
486
491
473
395
279
133
-7
-50
-70
-99
-157
-250
-285
-290
-335
-438
-466
-462
-527
-514
-494
-517
-487
-510
-554
-606
-786
-1000
-1028
-857
-781
-889
-1000
-1044
-1084
-1099
-1046
-895
-819
-919
-1024
-939
-693
-556
-535
-458
-368
-286
-222
-112
126
300
343
376
470
562
607
692
744
699
672
680
718
711
635
561
476
399
371
427
489
408
258
123
58
98
111
57
29
-6
-84
-63
52
116
99
39
-7
31
139
252
328
355
391
411
440
528
611
642
637
634
615
606
602
624
652
626
560
503
434
391
377
311
216
89
-22
-29
7
-45
-138
-208
-302
-403
-404
-394
-433
-429
-432
-462
-477
-476
-469
-500
-509
-484
-503
-648
-813
-831
-755
-648
-686
-820
-837
-873
-940
-928
-883
-797
-753
-799
-813
-754
-650
-518
-448
-417
-344
-238
-85
57
145
209
310
382
437
545
664
700
657
623
615
605
610
640
631
570
500
481
490
431
325
238
195
208
173
130
89
23
-4
4
60
112
76
60
111
136
132
148
217
274
315
363
403
466
505
506
502
488
513
535
507
497
496
490
497
476
427
372
304
231
157
90
70
79
44
-27
-89
-196
-298
-336
-349
-315
-319
-403
-480
-481
-458
-452
-425
-443
-476
-500
-491
-433
-456
-558
-641
-704
-697
-613
-597
-672
-745
-808
-853
-840
-791
-714
-674
-708
-747
-730
-596
-453
-369
-269
-218
-208
-135
-18
131
286
373
394
438
517
545
528
565
607
614
582
569
641
678
609
501
446
409
347
321
322
318
283
205
120
75
101
156
170
176
192
176
154
147
153
172
225
304
368
400
395
399
406
375
348
361
412
471
424
344
359
395
354
274
235
213
190
133
81
94
78
19
-15
-95
-174
-201
-237
-269
-297
-321
-357
-398
-429
-440
-422
-369
-365
-395
-434
-460
-429
-410
-372
-320
-335
-409
-503
-590
-596
-541
-556
-598
-625
-667
-725
-729
-694
-676
-639
-636
-616
-559
-516
-444
-332
-241
-184
-99
-13
67
127
168
217
279
332
365
428
525
579
578
575
568
564
583
590
557
502
450
429
427
419
343
265
241
225
234
259
273
278
235
168
134
167
237
284
332
332
288
266
254
249
305
368
365
340
316
304
321
310
263
246
234
216
233
235
201
188
139
50
21
-13
-59
-84
-115
-153
-222
-280
-287
-298
-309
-336
-392
-417
-402
-413
-441
-402
-354
-356
-370
-371
-352
-292
-256
-293
-345
-403
-434
-429
-429
-463
-523
-545
-574
-603
-581
-538
-519
-543
-554
-539
-479
-411
-366
-306
-257
-237
-209
-157
-84
-17
39
97
154
214
285
353
416
441
448
484
472
464
496
483
464
447
423
426
442
433
387
365
331
285
296
280
260
271
277
276
279
298
316
293
258
226
223
275
289
282
268
252
267
272
272
286
285
257
235
212
199
229
229
194
163
129
94
41
-5
-11
-13
-49
-104
-163
-210
-229
-257
-302
-328
-340
-378
-403
-424
-409
-370
-383
-394
-367
-344
-321
-294
-297
-289
-293
-341
-355
-361
-385
-374
-378
-398
-407
-435
-467
-451
-453
-474
-464
-454
-421
-384
-344
-318
-289
-274
-259
-215
-173
-95
-17
29
62
81
130
198
258
305
334
362
363
363
361
359
391
421
432
418
401
432
442
397
358
348
340
326
309
305
339
363
339
294
291
294
273
267
274
274
276
269
256
251
206
163
162
175
190
181
170
187
174
135
112
107
118
112
82
67
57
2
-46
-90
-113
-95
-139
-193
-233
-280
-317
-340
-347
-329
-295
-302
-339
-336
-329
-328
-304
-282
-261
-266
-307
-298
-266
-283
-294
-281
-281
-316
-346
-348
-330
-313
-326
-336
-327
-321
-309
-293
-263
-241
-259
-266
-237
-204
-206
-186
-130
-80
-43
-35
-24
25
78
106
117
122
134
164
203
233
274
332
347
348
365
369
377
386
399
416
416
412
408
395
402
370
339
346
328
302
296
291
257
233
215
177
159
128
100
115
99
72
83
66
60
99
102
114
130
80
67
98
71
63
74
68
70
16
-44
-48
-71
-119
-148
-155
-145
-136
-148
-178
-195
-213
-228
-214
-206
-221
-236
-256
-261
-260
-284
-285
-282
-288
-296
-316
-306
-284
-284
-273
-270
-288
-305
-300
-281
-260
-242
-240
-230
-229
-227
-212
-198
-178
-175
-170
-134
-84
-51
-43
-41
-41
-32
-8
26
59
87
98
115
128
112
130
191
250
297
310
293
304
336
349
353
363
380
391
394
391
384
388
363
327
309
292
275
228
190
176
127
70
18
14
57
51
34
31
7
-7
-1
10
23
30
48
66
69
63
69
45
8
-5
-25
-31
-38
-50
-31
-21
-52
-76
-94
-101
-87
-101
-122
-109
-116
-139
-153
-169
-162
-148
-157
-164
-212
-250
-241
-255
-270
-272
-267
-254
-258
-291
-291
-256
-234
-231
-232
-220
-193
-167
-176
-167
-132
-122
-102
-77
-63
-39
-29
-51
-32
7
13
13
33
47
46
49
48
57
70
86
131
172
166
160
163
198
231
196
198
258
278
257
250
243
263
297
264
243
267
238
209
198
153
119
75
35
61
51
16
20
12
-3
-18
-37
-23
-7
4
20
25
25
11
23
28
26
37
33
22
29
16
21
23
-17
-4
9
-8
-14
-27
-25
-9
-36
-70
-67
-72
-76
-92
-117
-114
-142
-162
-139
-150
-165
-162
-168
-157
-174
-215
-221
-200
-169
-162
-180
-170
-165
-177
-163
-153
-101
-76
-96
-69
-23
-9
-5
-1
3
29
32
10
0
28
53
47
42
38
58
67
48
75
96
93
82
74
84
95
93
106
127
126
97
76
96
113
122
114
111
116
102
72
57
75
64
16
7
22
27
21
-15
-35
-19
-7
-15
-29
-9
16
17
19
9
8
25
35
50
44
40
47
38
52
62
30
32
44
50
76
54
23
41
45
35
49
44
27
19
-12
-40
-49
-60
-57
-51
-67
-90
-106
-130
-138
-125
-145
-147
-105
-99
-114
-107
-112
-108
-90
-83
-81
-71
-58
-55
-37
-21
-30
-23
-11
-6
1
24
31
23
26
22
22
39
47
52
78
64
41
38
39
28
9
29
57
65
48
38
24
1
13
43
70
47
18
26
7
-8
-7
-29
-36
-38
-49
-49
-37
-45
-62
-56
-41
-21
-23
-15
-1
7
5
2
9
16
9
-6
28
49
26
40
48
22
23
26
40
70
67
58
68
83
73
42
48
61
79
76
30
33
36
8
-13
-24
-2
-9
-41
-45
-57
-92
-83
-54
-77
-90
-82
-76
-71
-60
-51
-64
-72
-86
-76
-50
-46
-24
-3
-7
-13
-15
-19
-3
21
47
51
32
41
52
47
41
66
80
72
69
61
52
40
36
56
74
61
60
57
53
50
32
42
57
33
21
15
1
-7
-36
-52
-36
-34
-47
-56
-70
-88
-100
-116
-129
-103
-85
-85
-81
-68
-50
-55
-81
-80
-45
-12
-4
-8
11
20
14
11
2
-3
24
30
25
62
62
60
49
28
58
68
62
62
41
37
24
3
19
18
13
20
-11
-26
-48
-61
-23
-13
-22
-14
-24
-20
-10
-23
-15
-20
-30
-24
-22
-18
-6
6
0
-1
25
31
18
35
51
53
53
44
67
72
58
71
58
53
48
44
73
70
44
28
19
23
21
20
42
50
32
11
-1
9
20
15
-15
-23
-6
-17
-47
-35
-31
-47
-56
-92
-89
-55
-52
-80
-95
-78
-57
-55
-59
-66
-67
-83
-82
-47
-38
-49
-48
-37
-37
-53
-46
-28
-18
-15
-14
-4
11
31
58
56
47
44
22
26
45
45
50
48
25
15
23
26
21
-2
8
40
22
-12
-6
23
25
4
-2
-6
8
15
-3
-9
-1
9
18
14
-6
-9
-17
-11
13
27
23
11
17
15
4
14
29
42
38
30
51
47
33
38
30
29
38
40
41
39
46
50
19
10
28
19
10
27
26
11
-15
-56
-50
-29
-44
-53
-52
-52
-49
-66
-68
-60
-71
-65
-36
-28
-41
-64
-67
-49
-63
-53
-31
-43
-32
-24
-29
-5
8
-15
-20
-6
3
9
13
18
36
54
43
37
29
40
69
67
58
44
46
51
32
17
12
3
1
11
-5
-25
-20
-18
-42
-62
-46
-16
-24
-30
-2
-14
-37
-36
-31
-30
-27
-20
-26
1
16
-15
-30
-19
1
16
8
14
32
37
35
25
33
40
48
50
54
78
85
70
66
68
68
76
67
58
66
87
63
37
38
17
9
12
8
4
-7
-17
-27
-57
-61
-69
-96
-86
-85
-91
-89
-91
-80
-91
-109
-86
-78
-69
-57
-60
-47
-36
-30
-29
-26
-8
-4
-25
-21
3
-3
9
14
28
68
60
38
29
42
