17
16
19
17
3
-6
-4
0
5
5
8
14
19
18
10
5
-6
-16
-17
-13
-5
3
-2
-9
-19
-26
-29
-34
-38
-51
-59
-46
-33
-19
-18
-36
-44
-56
-68
-60
-51
-49
-42
-36
-21
3
4
-11
-27
-33
-27
-15
-13
-5
2
1
-1
1
8
2
3
15
24
51
83
99
116
121
120
119
112
112
107
102
93
72
68
90
119
115
72
36
-10
-9
14
-6
-7
-25
-34
12
13
-15
-48
-69
-31
-40
-44
-30
-29
22
4
-34
-42
-54
-5
-3
-51
-63
-78
-52
-28
-49
-56
-68
-56
-79
-119
-110
-143
-132
-137
-182
-143
-128
-97
-79
-133
-158
-183
-188
-191
-202
-127
-86
-64
-30
-42
-15
-37
-87
-112
-140
-89
-18
67
147
173
193
177
171
194
206
264
301
344
424
451
519
559
531
523
460
430
468
487
511
538
557
542
543
524
456
396
299
226
255
271
247
243
229
238
187
102
24
-64
-144
-276
-370
-390
-402
-503
-900
-1422
-1726
-1752
-1662
-1812
-2156
-2269
-2144
-1963
-1836
-1776
-1657
-1502
-1466
-1479
-1292
-923
-491
-85
233
519
943
1386
1679
1854
1857
1775
1813
1980
2134
2212
2191
2067
2018
1874
1524
1217
946
646
231
-206
-419
-403
-447
-676
-1025
-1272
-1434
-1635
-1751
-1816
-1802
-1714
-1584
-1271
-799
-400
-104
120
330
531
698
921
1145
1344
1490
1581
1767
2000
2136
2104
1860
1621
1481
1306
1112
920
795
737
637
527
460
381
190
-62
-266
-430
-480
-431
-279
-151
-30
135
217
278
237
66
-131
-416
-739
-987
-1466
-2150
-2620
-2732
-2782
-2983
-3312
-3495
-3386
-3311
-3385
-3313
-3124
-2986
-2806
-2590
-2186
-1537
-877
-338
207
769
1373
1991
2392
2631
2969
3246
3330
3371
3474
3587
3549
3265
2944
2743
2488
2044
1507
1018
547
75
-357
-682
-889
-1103
-1369
-1601
-1788
-1871
-1897
-1953
-2047
-2075
-1948
-1739
-1512
-1214
-821
-413
-78
286
726
1124
1440
1649
1800
1957
2047
2066
2040
1998
1933
1764
1656
1605
1542
1469
1314
1199
1154
1055
903
760
600
482
344
188
69
63
50
-12
1
38
85
140
180
216
222
119
-38
-310
-692
-1222
-1808
-2528
-3260
-3802
-4020
-4182
-4439
-4605
-4513
-4208
-4017
-3919
-3754
-3452
-3186
-2974
-2632
-2044
-1342
-636
39
764
1586
2438
3118
3569
3838
4057
4197
4173
4009
3905
3866
3700
3334
3047
2816
2443
1887
1186
603
85
-497
-1078
-1535
-1831
-2054
-2311
-2433
-2404
-2326
-2206
-2100
-2117
-2076
-1899
-1630
-1374
-1113
-752
-304
196
729
1299
1851
2212
2436
2579
2679
2708
2579
2424
2267
2074
1886
1720
1648
1576
1492
1377
1241
1127
942
763
509
258
141
59
-80
-143
-183
-178
-140
-62
19
139
233
327
342
340
243
112
-13
-305
-712
-1408
-2243
-3012
-3553
-3836
-4154
-4677
-4986
-4913
-4566
-4343
-4232
-3953
-3577
-3346
-3214
-2920
-2318
-1616
-1008
-473
227
1135
2138
2924
3429
3860
4286
4600
4579
4414
4288
4164
3830
3324
2940
2765
2519
2020
1376
934
543
10
-640
-1238
-1713
-2097
-2469
-2775
-2838
-2720
-2611
-2477
-2303
-2065
-1791
-1541
-1319
-1106
-762
-440
-84
355
878
1455
1966
2298
2569
2868
3037
3007
2850
2609
2378
2036
1642
1434
1302
1216
1147
1053
1015
1006
916
715
472
254
43
-163
-329
-473
-491
-369
-260
-77
143
399
638
721
799
746
614
479
204
-94
-642
-1544
-2430
-3097
-3324
-3571
-4194
-4783
-5037
-4768
-4535
-4551
-4424
-4196
-3880
-3711
-3654
-3230
-2524
-1768
-1267
-857
-84
1004
2051
2670
3079
3666
4288
4584
4505
4387
4501
4493
4046
3554
3292
3163
2821
2165
1631
1258
888
390
-243
-786
-1309
-1740
-2118
-2488
-2591
-2609
-2651
-2646
-2550
-2228
-1929
-1714
-1535
-1389
-1051
-694
-380
61
506
990
1462
1856
2304
2701
2963
3011
2864
2719
2520
2226
1904
1603
1473
1363
1224
1152
1146
1183
1101
939
782
531
323
119
-130
-279
-365
-367
-341
-304
-137
103
402
586
707
830
700
487
304
24
-433
-1345
-2460
-3166
-3512
-3753
-4278
-4888
-5113
-4910
-4596
-4520
-4464
-4167
-3892
-3775
-3778
-3555
-2835
-2106
-1627
-1190
-517
580
1691
2447
2985
3572
4288
4609
4550
4516
4600
4651
4297
3743
3520
3427
3125
2643
2172
1773
1449
956
248
-397
-936
-1409
-1880
-2327
-2653
-2751
-2709
-2763
-2743
-2469
-2128
-1931
-1850
-1642
-1316
-974
-758
-513
-2
515
936
1361
1801
2311
2692
2879
2915
2886
2813
2576
2262
1944
1718
1600
1434
1276
1250
1303
1258
1114
1004
912
701
410
106
-132
-255
-411
-544
-571
-470
-255
17
233
495
783
857
655
419
300
143
-330
-1291
-2415
-3088
-3387
-3681
-4249
-5014
-5287
-5024
-4642
-4629
-4691
-4290
-3888
-3752
-3847
-3711
-2943
-2241
-1843
-1438
-767
388
1549
2348
2931
3650
4497
4850
4804
4761
4898
5010
4625
3924
3522
3479
3233
2706
2185
1894
1649
1102
384
-247
-637
-1081
-1751
-2369
-2855
-2966
-2941
-3108
-3082
-2784
-2451
-2273
-2083
-1696
-1259
-927
-821
-599
-113
409
823
1184
1683
2177
2635
2958
3090
3213
3216
3009
2584
2202
2025
1812
1504
1170
1051
1120
1047
908
889
904
782
512
215
-10
-219
-424
-623
-794
-765
-571
-358
-148
177
607
936
905
687
638
539
93
-911
-2185
-2966
-3407
-3762
-4385
-5249
-5449
-5141
-4713
-4623
-4635
-4120
-3667
-3502
-3641
-3657
-2976
-2307
-1999
-1772
-1264
-107
1152
2023
2680
3532
4585
5154
5098
4995
5225
5361
4901
3987
3466
3412
3066
2562
2060
1763
1642
1228
721
202
-184
-652
-1449
-2180
-2788
-3007
-3085
-3345
-3487
-3284
-2860
-2549
-2279
-1830
-1203
-754
-626
-423
24
566
816
995
1406
1779
2265
2650
2842
3089
3207
3163
2899
2586
2375
2130
1768
1306
1069
1067
951
742
689
729
721
571
270
156
86
-136
-389
-723
-815
-676
-568
-490
-289
232
657
722
637
739
835
559
-239
-1479
-2471
-3055
-3469
-4024
-5059
-5721
-5582
-5151
-4836
-4882
-4431
-3713
-3385
-3327
-3370
-2881
-2210
-1932
-1806
-1590
-802
379
1371
2094
2843
3931
4894
5193
5215
5508
5795
5516
4564
3712
3497
3190
2513
1869
1416
1325
1068
658
344
81
-132
-700
-1441
-2131
-2584
-2745
-3117
-3584
-3711
-3406
-3043
-2732
-2294
-1650
-950
-639
-328
198
696
1015
1100
1332
1670
2012
2307
2399
2625
2879
2950
2919
2763
2684
2598
2269
1775
1440
1312
1141
803
525
484
443
353
199
102
152
-3
-240
-414
-490
-363
-365
-372
-288
-30
338
415
386
537
687
634
84
-969
-1883
-2465
-3042
-3758
-4840
-5714
-5816
-5578
-5370
-5405
-5072
-4261
-3689
-3408
-3231
-2784
-1979
-1601
-1519
-1347
-794
199
1001
1542
2170
3149
4177
4741
4982
5394
5954
5938
5249
4477
4113
3823
2974
2062
1361
947
627
127
-208
-374
-489
-713
-1223
-1691
-1929
-2051
-2394
-2940
-3301
-3301
-3168
-3121
-2860
-2342
-1727
-1228
-787
-71
711
1215
1560
1870
2216
2477
2584
2582
2570
2621
2550
2374
2219
2213
2253
2161
1922
1752
1742
1630
1304
1016
850
643
366
73
-115
-162
-273
-409
-515
-496
-317
-161
-26
88
350
648
701
614
605
610
495
-157
-1254
-2126
-2659
-3102
-3786
-4936
-5747
-5794
-5609
-5499
-5602
-5160
-4371
-3921
-3634
-3426
-2823
-1973
-1623
-1520
-1374
-760
204
954
1446
2060
3076
4059
4582
4865
5502
6078
5915
5303
4655
4393
4067
3082
2120
1420
960
493
-10
-270
-401
-516
-808
-1258
-1601
-1703
-1813
-2271
-2824
-3200
-3217
-3148
-3231
-3021
-2538
-1946
-1458
-921
-92
764
1338
1648
2025
2435
2703
2782
2716
2681
2606
2501
2305
2155
2278
2276
2093
1897
1842
1947
1842
1518
1249
1050
768
383
3
-219
-290
-458
-662
-735
-630
-399
-233
-101
3
345
674
701
565
493
557
412
-385
-1544
-2281
-2718
-3187
-4053
-5213
-5783
-5655
-5455
-5417
-5522
-5030
-4252
-3835
-3646
-3436
-2740
-1888
-1621
-1691
-1387
-549
493
1098
1421
2244
3434
4247
4589
4898
5640
6103
5730
5039
4595
4447
3967
2885
1931
1406
1017
573
67
-272
-324
-482
-902
-1281
-1543
-1560
-1796
-2447
-3031
-3212
-3085
-3071
-3145
-2906
-2383
-1843
-1383
-735
125
854
1267
1547
1969
2368
2614
2612
2541
2631
2589
2430
2307
2264
2373
2308
2040
1888
1941
1949
1703
1309
1022
868
605
225
-79
-224
-293
-434
-599
-605
-441
-240
-159
-128
61
411
663
620
456
451
437
148
-769
-1861
-2337
-2711
-3280
-4336
-5459
-5627
-5502
-5471
-5561
-5578
-4849
-4183
-3908
-3620
-3166
-2322
-1628
-1526
-1456
-893
-30
866
1282
1576
2578
3610
4225
4534
4932
5774
5966
5423
4926
4666
4432
3674
2599
1794
1424
916
262
-173
-490
-549
-795
-1202
-1405
-1619
-1614
-1913
-2555
-2897
-2942
-2862
-2997
-3075
-2725
-2178
-1761
-1348
-595
201
839
1187
1526
2159
2574
2753
2671
2577
2654
2569
2371
2209
2187
2231
2126
1849
1757
1948
1922
1639
1286
1097
1080
708
283
21
-156
-220
-457
-691
-636
-429
-277
-219
-183
127
559
680
545
421
477
459
-295
-1392
-2135
-2560
-3045
-4004
-5194
-5702
-5584
-5492
-5495
-5636
-5158
-4273
-3850
-3587
-3179
-2507
-1674
-1436
-1539
-1146
-331
506
995
1199
1960
3070
3737
4219
4634
5251
5810
5500
4965
4801
4591
4073
3069
2052
1525
1093
428
-75
-387
-528
-646
-1068
-1331
-1333
-1356
-1569
-2113
-2563
-2657
-2696
-2878
-3032
-2873
-2463
-2057
-1749
-1084
-202
485
971
1299
1906
2539
2729
2696
2616
2633
2618
2373
2082
2042
2078
1970
1814
1714
1919
2070
1827
1524
1348
1292
1076
631
272
26
-221
-470
-718
-805
-645
-468
-355
-235
-7
429
720
730
691
633
588
288
-575
-1570
-2212
-2727
-3329
-4313
-5335
-5572
-5477
-5379
-5358
-5388
-4755
-4015
-3731
-3420
-3004
-2276
-1586
-1492
-1501
-1028
-235
539
901
1140
2092
3177
3773
4222
4689
5411
5745
5291
4842
4686
4454
3713
2666
1803
1415
948
242
-145
-433
-551
-705
-1121
-1243
-1218
-1293
-1643
-2238
-2585
-2526
-2592
-2950
-3082
-2927
-2467
-2035
-1723
-911
-37
566
1058
1509
2205
2746
2858
2762
2714
2678
2559
2341
2078
2067
2033
1895
1807
1776
2020
2116
1826
1533
1454
1377
1046
519
116
-49
-352
-694
-830
-882
-712
-555
-503
-262
92
494
729
660
641
674
590
-68
-1271
-2027
-2467
-2986
-3879
-5136
-5558
-5357
-5433
-5445
-5441
-4929
-4020
-3647
-3492
-3080
-2432
-1683
-1407
-1605
-1353
-565
178
641
800
1483
2691
3411
3801
4301
5063
5627
5397
4817
4734
4723
4073
3059
2083
1555
1233
441
-98
-291
-462
-513
-851
-1148
-1055
-951
-1257
-1793
-2247
-2384
-2316
-2706
-3055
-2920
-2665
-2273
-1996
-1420
-437
277
749
1235
1830
2488
2832
2706
2624
2676
2537
2349
2019
1862
1979
1791
1580
1635
1850
2066
1995
1712
1597
1589
1342
946
486
91
-101
-443
-736
-821
-776
-634
-524
-434
-85
428
634
669
663
632
668
35
-1152
-1934
-2482
-2931
-3804
-5119
-5652
-5478
-5477
-5456
-5453
-5028
-4077
-3617
-3451
-2936
-2247
-1518
-1221
-1480
-1272
-559
127
579
732
1287
2462
3235
3599
4175
4910
5535
5528
4953
4843
4823
4164
3234
2234
1551
1185
437
-237
-465
-649
-732
-896
-1154
-1086
-968
-1270
-1699
-2120
-2279
-2241
-2622
-3016
-2958
-2743
-2440
-2194
-1717
-754
50
509
1112
1817
2452
2873
2836
2802
2915
2749
2529
2286
2012
1976
1856
1652
1705
1894
1989
1965
1778
1703
1760
1515
1142
751
339
86
-299
-644
-711
-754
-765
-676
-521
-251
147
429
533
563
542
529
-129
-1234
-1926
-2559
-3146
-4123
-5418
-5736
-5615
-5692
-5634
-5499
-4876
-4010
-3609
-3254
-2583
-1936
-1323
-1093
-1246
-896
-223
277
579
764
1394
2451
3140
3517
4180
4997
5439
5374
4955
4961
4889
4033
3087
2162
1506
1059
289
-338
-621
-861
-1018
-1119
-1188
-1121
-1048
-1347
-1736
-1972
-2129
-2224
-2566
-2913
-2851
-2719
-2504
-2081
-1521
-720
10
555
1304
2079
2574
2939
3022
3015
3035
2786
2490
2238
1960
1820
1731
1563
1650
1874
1871
1834
1807
1773
1772
1480
1079
790
383
-52
-411
-705
-812
-928
-1013
-797
-552
-257
160
398
559
622
671
581
-274
-1255
-1926
-2548
-3199
-4426
-5507
-5656
-5712
-5787
-5709
-5444
-4667
-3878
-3531
-3019
-2310
-1670
-1084
-1011
-1152
-665
40
390
521
743
1528
2516
2965
3413
4283
5033
5375
5134
4934
5130
4798
3859
2894
2093
1531
828
11
-483
-732
-954
-1125
-1247
-1252
-1056
-1072
-1418
-1659
-1833
-1963
-2146
-2610
-2805
-2683
-2675
-2529
-2043
-1347
-583
-27
518
1358
2175
2652
2904
3023
3091
3079
2787
2408
2185
1989
1780
1556
1420
1596
1793
1741
1724
1835
1964
1889
1455
1055
833
484
-24
-440
-693
-842
-957
-1068
-939
-587
-214
158
389
499
683
712
355
-505
-1377
-1868
-2547
-3518
-4690
-5518
-5580
-5723
-5918
-5722
-5236
-4466
-3844
-3413
-2742
-1960
-1358
-1050
-991
-826
-342
167
369
508
908
1691
2421
2869
3493
4374
4970
5072
5001
5021
5060
4538
3599
2764
2038
1370
631
-65
-520
-837
-1115
-1323
-1314
-1202
-1097
-1215
-1525
-1660
-1725
-1868
-2160
-2560
-2650
-2599
-2631
-2405
-1865
-1225
-617
-61
648
1538
2279
2708
2935
3101
3149
3060
2853
2544
2252
1999
1747
1555
1505
1648
1745
1701
1721
1857
1972
1806
1474
1175
864
482
-28
-432
-667
-904
-1079
-1146
-940
-616
-316
32
208
386
634
580
47
-781
-1504
-2061
-2831
-4008
-5134
-5549
-5682
-5910
-5938
-5660
-4936
-4202
-3757
-3122
-2316
-1613
-1069
-866
-771
-456
1
330
482
634
1183
1992
2559
2990
3725
4579
4976
5017
5042
5188
5001
4221
3355
2627
1943
1135
252
-342
-732
-1063
-1344
-1467
-1385
-1273
-1218
-1384
-1612
-1639
-1714
-1959
-2327
-2609
-2593
-2576
-2614
-2316
-1729
-1107
-581
27
892
1795
2368
2673
2977
3203
3265
3097
2843
2571
2260
1958
1700
1532
1567
1700
1647
1618
1755
1904
1954
1734
1451
1214
855
368
-56
-406
-749
-969
-1110
-1133
-901
-665
-396
-7
147
321
488
138
-503
-1149
-1826
-2356
-3343
-4645
-5276
-5520
-5743
-5871
-5815
-5306
-4514
-3924
-3378
-2527
-1707
-1100
-655
-551
-321
124
412
614
697
901
1618
2249
2656
3293
3994
4571
4820
4783
4944
5029
4483
3658
2962
2234
1440
643
-123
-616
-1016
-1420
-1568
-1556
-1501
-1360
-1387
-1530
-1568
-1611
-1732
-1997
-2303
-2391
-2402
-2463
-2338
-1934
-1413
-921
-372
393
1285
1982
2409
2791
3127
3236
3180
2963
2710
2481
2143
1832
1642
1548
1588
1624
1590
1645
1816
1882
1791
1593
1353
1109
725
267
-151
-507
-826
-1074
-1177
-1087
-890
-641
-331
-102
86
298
123
-326
-825
-1491
-2044
-2867
-4039
-4824
-5245
-5566
-5731
-5754
-5460
-4809
-4175
-3592
-2791
-1964
-1307
-762
-480
-278
121
467
647
705
828
1325
1955
2357
2801
3491
4135
4486
4592
4815
4974
4645
3946
3253
2672
1957
1121
306
-328
-777
-1250
-1522
-1588
-1597
-1505
-1508
-1590
-1575
-1552
-1617
-1800
-2074
-2253
-2268
-2297
-2297
-2028
-1634
-1223
-683
2
793
1521
2033
2492
2912
3119
3198
3175
2941
2632
2330
2023
1809
1627
1492
1493
1528
1523
1624
1738
1719
1618
1417
1204
949
541
147
-229
-642
-884
-971
-1010
-954
-836
-608
-286
-89
39
53
-253
-755
-1291
-1802
-2482
-3495
-4413
-4983
-5301
-5515
-5656
-5502
-5015
-4409
-3786
-3080
-2338
-1629
-985
-582
-324
57
473
788
861
849
1177
1762
2198
2578
3155
3768
4181
4381
4580
4759
4648
4127
3480
2912
2224
1425
712
12
-637
-1096
-1399
-1544
-1614
-1666
-1659
-1657
-1681
-1654
-1590
-1688
-1942
-2124
-2204
-2214
-2182
-2078
-1760
-1322
-846
-227
483
1178
1808
2336
2749
3037
3175
3181
3075
2810
2463
2177
1932
1722
1569
1499
1533
1566
1600
1714
1762
1693
1578
1405
1162
780
358
26
-398
-769
-889
-917
-890
-881
-733
-505
-321
-187
-358
-675
-1099
-1657
-2055
-2742
-3757
-4533
-5056
-5312
-5468
-5591
-5351
-4835
-4323
-3769
-2961
-2088
-1385
-770
-408
-49
422
775
1033
1110
1184
1595
2067
2381
2753
3181
3649
4035
4194
4346
4443
4263
3794
3230
2652
1954
1264
536
-115
-670
-1212
-1547
-1695
-1802
-1820
-1810
-1799
-1763
-1720
-1664
-1748
-1917
-1966
-1880
-1859
-1892
-1719
-1332
-877
-471
17
702
1334
1805
2286
2743
2991
3050
2996
2848
2647
2407
2174
1931
1669
1501
1427
1435
1457
1497
1547
1578
1502
1333
1198
1000
675
335
11
-309
-531
-686
-764
-809
-779
-703
-580
-414
-448
-671
-957
-1428
-1870
-2399
-3237
-3973
-4530
-4914
-5101
-5280
-5293
-4965
-4449
-3869
-3233
-2501
-1792
-1160
-677
-270
186
614
925
1133
1217
1472
1886
2233
2541
2870
3286
3640
3844
4007
4180
4161
3797
3262
2842
2261
1560
955
278
-306
-789
-1191
-1408
-1629
-1793
-1823
-1754
-1755
-1845
-1794
-1701
-1802
-1943
-1909
-1813
-1769
-1678
-1413
-1039
-628
-160
368
941
1478
1944
2377
2660
2805
2897
2847
2678
2476
2260
2088
1919
1716
1572
1532
1532
1553
1534
1497
1457
1351
1186
950
731
509
166
-174
-447
-603
-655
-778
-813
-691
-575
-516
-685
-934
-1152
-1510
-1936
-2569
-3291
-3867
-4359
-4678
-4889
-5028
-4951
-4687
-4278
-3764
-3101
-2379
-1761
-1179
-630
-153
296
693
987
1187
1306
1552
1939
2214
2505
2849
3179
3452
3654
3820
3902
3807
3424
3024
2665
2130
1541
952
361
-199
-716
-1127
-1386
-1563
-1698
-1761
-1795
-1881
-1828
-1703
-1762
-1835
-1869
-1788
-1661
-1656
-1513
-1209
-919
-573
-128
379
872
1362
1753
2131
2437
2568
2661
2661
2553
2402
2256
2071
1892
1704
1534
1521
1477
1400
1440
1422
1326
1215
1114
978
766
488
204
-25
-230
-428
-561
-579
-549
-538
-536
-601
-720
-969
-1341
-1615
-1972
-2593
-3289
-3877
-4252
-4470
-4711
-4834
-4728
-4430
-4036
-3580
-2945
-2232
-1640
-1130
-675
-157
353
694
972
1133
1275
1637
2022
2230
2457
2790
3139
3354
3464
3613
3716
3536
3166
2828
2493
2039
1427
824
328
-185
-661
-996
-1248
-1456
-1607
-1687
-1765
-1780
-1689
-1664
-1726
-1806
-1830
-1671
-1578
-1562
-1358
-1096
-798
-436
-57
398
878
1285
1674
2041
2274
2437
2544
2479
2339
2241
2110
1970
1820
1658
1599
1533
1382
1356
1449
1408
1247
1111
984
844
606
328
149
-16
-252
-472
-566
-644
-618
-535
-521
-555
-753
-1033
-1340
-1698
-2062
-2589
-3224
-3818
-4203
-4298
-4414
-4495
-4375
-4063
-3555
-3041
-2499
-1871
-1322
-837
-404
-17
379
715
915
1010
1163
1419
1724
2031
2296
2543
2838
3043
3161
3317
3359
3218
2868
2461
2132
1725
1234
669
166
-247
-657
-846
-1033
-1278
-1359
-1411
-1399
-1355
-1419
-1428
-1398
-1469
-1489
-1397
-1370
-1318
-1156
-1033
-762
-395
-74
390
832
1136
1480
1770
1946
2118
2179
2099
2024
1933
1805
1699
1601
1463
1414
1396
1319
1351
1324
1253
1263
1096
947
848
640
400
150
-39
-231
-399
-475
-527
-492
-442
-424
-373
-493
-742
-998
-1314
-1692
-2157
-2800
-3358
-3655
-3931
-4148
-4201
-4162
-3931
-3527
-3116
-2573
-1982
-1515
-1055
-606
-242
101
392
591
745
899
1090
1342
1646
1908
2179
2487
2670
2859
3086
3137
3100
2876
2542
2308
1950
1465
998
529
134
-222
-591
-824
-955
-1107
-1296
-1337
-1288
-1309
-1322
-1400
-1446
-1378
-1394
-1413
-1345
-1249
-1078
-826
-543
-246
114
485
791
1131
1456
1740
1923
1965
2035
2041
1989
1921
1763
1672
1609
1479
1407
1354
1335
1310
1188
1084
1051
1003
846
591
373
209
14
-161
-298
-389
-428
-449
-454
-429
-393
-417
-626
-907
-1143
-1456
-1776
-2251
-2876
-3246
-3471
-3699
-3857
-3871
-3704
-3422
-3089
-2694
-2169
-1622
-1244
-902
-544
-197
174
401
491
623
842
1133
1389
1552
1796
2128
2393
2573
2734
2914
2990
2871
2593
2274
2022
1653
1193
786
351
-55
-337
-563
-787
-950
-1063
-1157
-1191
-1243
-1272
-1219
-1235
-1311
-1298
-1253
-1230
-1172
-1063
-908
-679
-416
-133
263
600
841
1156
1453
1655
1794
1859
1870
1844
1774
1702
1600
1462
1384
1328
1263
1242
1248
1236
1175
1099
980
856
744
561
398
231
-2
-171
-261
-365
-442
-417
-368
-354
-368
-516
-785
-988
-1205
-1498
-1942
-2620
-3098
-3270
-3471
-3653
-3742
-3666
-3378
-3072
-2771
-2278
-1685
-1225
-866
-579
-269
133
421
524
614
756
1004
1263
1413
1598
1904
2192
2338
2456
2670
2782
2676
2459
2203
2002
1688
1236
847
445
29
-295
-533
-710
-874
-1016
-1100
-1157
-1194
-1144
-1078
-1139
-1228
-1199
-1149
-1092
-1050
-986
-795
-630
-510
-229
143
458
696
943
1254
1474
1630
1718
1733
1732
1661
1590
1520
1402
1345
1282
1201
1172
1151
1148
1147
1070
941
892
832
668
483
268
73
-80
-232
-308
-348
-438
-497
-453
-389
-568
-870
-1049
-1212
-1428
-1899
-2520
-2837
-3000
-3243
-3412
-3496
-3371
-3063
-2799
-2497
-2033
-1490
-1028
-688
-463
-145
281
531
606
634
753
1021
1202
1259
1448
1766
1951
2001
2170
2424
2504
2348
2105
1961
1822
1417
961
676
333
-59
-377
-638
-815
-918
-1021
-1130
-1148
-1123
-1045
-935
-996
-1065
-907
-789
-789
-758
-713
-583
-445
-339
-114
225
497
645
895
1171
1365
1562
1629
1650
1651
1543
1497
1447
1311
1210
1141
1074
1001
957
942
905
835
736
730
713
551
357
204
108
-16
-212
-303
-356
-436
-503
-454
-464
-755
-1021
-1144
-1278
-1437
-1925
-2449
-2509
-2605
-2845
-2960
-2959
-2806
-2559
-2394
-2114
-1604
-1147
-870
-580
-327
-24
355
543
568
639
813
1010
1128
1190
1358
1583
1675
1689
1877
2067
2009
1831
1636
1531
1466
1086
707
487
161
-153
-406
-617
-729
-863
-1004
-1033
-1026
-1004
-865
-780
-856
-801
-658
-548
-482
-480
-396
-235
-172
-111
138
394
487
645
904
1108
1265
1311
1337
1439
1434
1374
1345
1268
1179
1085
944
812
766
746
710
622
503
516
575
485
327
228
196
120
-43
-164
-233
-264
-333
-366
-232
-311
-627
-797
-943
-1065
-1282
-1824
-2173
-2214
-2419
-2627
-2660
-2650
-2532
-2334
-2162
-1813
-1359
-1079
-804
-513
-300
15
352
421
434
553
693
846
948
1017
1235
1409
1437
1553
1769
1862
1817
1709
1522
1450
1273
911
636
346
-2
-260
-460
-634
-735
-850
-1006
-991
-881
-782
-689
-698
-693
-564
-418
-364
-359
-285
-218
-169
-72
80
262
414
513
713
987
1129
1225
1312
1341
1394
1372
1271
1192
1086
952
829
696
571
579
553
409
323
326
394
411
289
204
184
167
59
-76
-178
-219
-225
-253
-229
-405
-647
-766
-929
-1118
-1576
-2046
-2108
-2180
-2460
-2679
-2641
-2394
-2176
-2057
-1816
-1367
-933
-688
-406
-17
241
428
528
547
701
784
823
941
962
1053
1266
1343
1366
1532
1707
1678
1517
1320
1211
1110
737
367
148
-86
-401
-711
-840
-864
-975
-1094
-1081
-921
-756
-705
-631
-500
-378
-251
-179
-144
-83
2
78
114
172
323
511
612
675
854
1102
1210
1163
1168
1271
1265
1125
1012
913
782
639
511
447
382
332
302
237
170
192
235
190
139
88
66
25
-86
-135
-137
-168
-218
-241
-272
-410
-591
-669
-724
-890
-1177
-1496
-1657
-1720
-1880
-1993
-2012
-1964
-1866
-1736
-1548
-1277
-990
-790
-572
-342
-107
148
313
395
485
577
691
786
833
932
1057
1130
1186
1283
1387
1383
1274
1154
1062
934
786
576
299
40
-197
-343
-464
-632
-737
-784
-839
-779
-665
-617
-549
-458
-381
-280
-211
-162
-53
22
55
120
177
309
464
540
621
741
872
984
1051
1073
1061
1028
1008
972
868
750
650
563
458
323
254
223
187
105
9
14
12
-63
-94
-99
-125
-142
-179
-207
-205
-187
-219
-281
-397
-549
-600
-712
-934
-1152
-1313
-1376
-1436
-1577
-1630
-1563
-1496
-1447
-1353
-1135
-872
-669
-547
-437
-242
-44
89
165
196
316
470
554
632
730
824
923
968
1017
1103
1155
1093
989
915
817
661
456
244
83
-58
-226
-359
-451
-506
-516
-511
-520
-492
-403
-332
-300
-246
-208
-144
-83
-67
-17
33
102
176
242
326
408
502
600
725
823
834
812
823
819
790
732
670
641
576
458
347
299
283
231
157
128
139
108
56
32
-49
-103
-99
-143
-175
-180
-225
-232
-238
-274
-322
-369
-413
-513
-621
-751
-882
-1033
-1169
-1211
-1273
-1355
-1362
-1289
-1182
-1069
-953
-787
-586
-406
-292
-194
-30
99
145
201
289
364
415
489
567
622
684
759
823
859
878
868
810
711
608
507
392
217
50
-48
-132
-232
-335
-364
-344
-335
-348
-332
-236
-176
-183
-147
-111
-65
8
10
37
92
130
183
225
282
346
429
523
595
625
651
685
647
624
614
535
503
485
408
332
257
177
176
185
124
93
67
69
92
42
-11
-68
-93
-104
-123
-119
-135
-152
-184
-235
-287
-326
-384
-451
-537
-657
-769
-863
-955
-1046
-1106
-1113
-1119
-1117
-1024
-907
-801
-699
-593
-430
-312
-229
-106
-10
59
146
239
278
320
417
486
538
573
604
678
707
678
690
699
661
596
475
372
330
224
95
27
-22
-78
-125
-166
-181
-172
-185
-203
-168
-132
-128
-96
-42
-16
-16
22
43
57
106
133
166
237
292
323
360
366
387
446
463
412
378
393
413
399
360
319
311
305
244
199
178
161
114
101
95
46
45
5
-23
-27
-52
-94
-119
-132
-189
-214
-270
-309
-339
-397
-481
-611
-691
-740
-789
-840
-909
-964
-967
-927
-887
-835
-761
-678
-580
-481
-400
-274
-142
-65
25
124
201
252
275
311
399
454
463
524
568
570
555
545
528
498
466
413
382
314
265
237
169
112
35
5
5
-33
-38
-13
-22
-41
-18
-13
-35
-28
16
47
48
66
72
79
80
68
84
134
177
203
232
239
246
270
279
282
301
279
270
280
242
251
246
167
135
149
141
124
110
99
83
44
20
-29
-64
-55
-76
-103
-173
-190
-171
-246
-305
-328
-330
-364
-410
-458
-521
-533
-580
-642
-664
-704
-692
-646
-639
-641
-632
-569
-494
-453
-398
-306
-190
-85
-28
16
78
137
199
264
292
310
371
409
426
418
394
425
432
408
428
413
398
380
323
308
291
223
192
176
87
18
16
27
32
10
-35
-27
-9
-29
-5
25
7
23
22
9
69
98
72
94
134
117
131
166
172
214
247
240
245
237
191
201
201
165
175
153
137
125
82
71
78
44
13
2
-45
-70
-89
-106
-100
-113
-147
-180
-214
-225
-250
-287
-266
-267
-298
-306
-334
-387
-440
-467
-502
-510
-484
-492
-478
-458
-479
-454
-415
-380
-291
-240
-199
-112
-104
-87
-6
25
55
117
136
158
212
220
235
269
279
287
331
345
343
381
368
348
351
331
294
286
241
176
194
171
144
147
94
72
44
21
48
27
14
15
-13
-5
-2
-27
-9
3
-17
1
26
16
-3
29
71
100
117
129
171
211
187
176
208
174
165
172
148
174
172
123
123
120
81
58
33
23
24
7
-46
-88
-101
-152
-182
-191
-235
-240
-241
-259
-253
-275
-321
-308
-320
-372
-350
-339
-360
-377
-390
-388
-374
-367
-360
-321
-285
-253
-226
-194
-148
-122
-106
-88
-56
-7
27
64
91
115
159
175
215
246
223
225
249
257
256
233
233
269
268
245
224
229
251
239
216
184
197
217
176
109
59
26
3
-23
-47
-14
11
11
12
7
11
10
-17
6
69
74
49
54
74
73
74
63
56
81
91
80
78
80
84
92
97
101
87
87
103
93
56
13
-4
-34
-47
-37
-72
-95
-116
-147
-131
-134
-150
-130
-118
-124
-129
-136
-166
-163
-167
-227
-240
-258
-283
-257
-251
-234
-204
-211
-221
-177
-146
-169
-150
-97
-74
-68
-74
-87
-48
-20
-37
-15
13
47
72
61
73
109
142
170
158
135
160
191
192
180
173
163
168
122
73
95
69
67
97
52
51
76
28
4
9
-7
7
43
33
22
31
-9
-11
-6
1
68
86
80
107
106
110
121
105
119
127
108
84
71
61
40
37
53
58
73
97
100
80
37
20
37
31
3
-25
-41
-61
-116
-144
-119
-102
-101
-89
-71
-63
-78
-92
-97
-87
-94
-142
-154
-155
-150
-141
-165
-180
-186
-173
-160
-123
-91
-76
-53
-67
-82
-42
-36
-65
-50
-46
-38
-41
-46
-17
4
8
23
43
42
43
71
88
95
94
108
139
80
41
59
39
37
46
17
8
17
-7
-9
25
45
47
37
17
23
30
-8
-19
-3
4
0
-29
-35
-3
6
13
34
70
99
98
103
110
106
112
92
62
73
63
63
97
104
94
89
83
82
88
100
94
81
68
47
24
5
-14
-16
-21
-34
-18
-40
-50
-37
-46
-52
-49
-43
-53
-72
-96
-125
-126
-111
-121
-126
-116
-98
-112
-100
-84
-74
-25
-33
-43
-27
-24
-3
-12
-21
10
4
-31
-48
-34
-14
-19
-28
-39
-24
4
9
9
40
50
18
14
-7
-29
-14
-21
-50
-63
-71
-60
-55
-48
-16
2
-10
-35
-61
-73
-65
-58
-48
-28
-32
-47
-45
-47
-51
-60
-53
-16
-4
31
68
55
65
76
74
85
94
137
171
156
150
163
159
149
155
142
171
197
143
136
130
109
116
89
57
51
43
20
17
16
5
-16
-27
-45
-46
-49
-69
-64
-83
-92
-86
-76
-45
-7
-11
-34
-23
-13
9
16
21
27
4
-11
-12
-7
18
27
14
0
-4
13
-1
-5
-2
-14
-33
-70
-88
-80
-88
-100
-104
-114
-127
-139
-118
-102
-88
-86
-98
-89
-94
-111
-127
-115
-91
-85
-96
-129
-113
-77
-110
-121
-74
-48
-64
-71
-57
-58
-48
-5
1
-6
14
46
70
73
74
80
91
85
104
138
128
128
154
153
145
164
159
157
158
136
146
148
147
146
119
92
79
77
81
70
41
32
40
54
43
24
18
-13
0
15
-30
-15
-17
-52
-37
-38
-44
-13
18
37
51
33
22
53
64
62
72
58
28
24
8
-12
7
27
27
12
-4
2
3
-8
-8
-47
-79
-80
-123
-148
-142
-161
-188
-194
-204
-212
-183
-160
-174
-171
-154
-170
-176
-194
-188
-152
-152
-140
-133
-128
-95
-88
-92
-49
-33
-23
12
15
31
60
51
55
44
36
62
65
85
109
120
132
115
110
116
114
133
131
145
155
143
135
120
106
95
95
101
96
98
81
73
72
49
56
40
33
54
68
54
21
9
36
38
26
19
16
43
36
2
17
39
42
54
39
37
55
74
61
53
87
112
103
91
70
64
70
39
9
11
17
-5
-43
-79
-79
-85
-128
-175
-174
-165
-176
-196
-214
-225
-205
-183
-196
-193
-202
-212
-198
-192
-210
-167
-146
-147
-130
-139
-111
-83
-71
-34
-17
-28
-14
-2
-8
-16
-16
-9
25
65
68
62
72
76
75
83
75
92
112
105
101
95
88
95
96
92
111
114
107
108
123
138
117
109
101
93
94
67
52
52
50
41
11
3
16
30
28
34
70
64
55
86
60
45
69
74
70
65
49
42
56
34
19
58
74
52
80
103
91
93
59
58
82
33
-21
-57
-78
-85
-93
-135
-170
-154
-174
-191
-176
-180
-180
-160
-180
-216
-203
-198
-191
-191
-228
-211
-179
-185
-160
-121
-100
-80
-46
-24
16
52
58
49
62
64
34
45
39
29
39
30
15
23
42
33
29
30
13
22
18
26
33
18
39
44
58
69
53
67
78
88
125
125
111
115
114
105
84
95
99
69
52
45
57
55
43
33
20
36
47
40
63
64
29
28
36
27
35
44
59
64
66
78
87
81
54
68
91
83
75
50
27
50
30
-33
-48
-41
-52
-90
-99
-104
-130
-137
-176
-180
-143
-163
-199
-188
-178
-181
-177
-171
-159
-132
-125
-144
-129
-113
-102
-84
-71
-55
-50
-53
-33
-18
-18
-11
-7
2
26
27
8
5
21
23
24
35
24
20
47
35
11
26
55
72
46
34
49
53
82
87
80
109
112
114
121
117
116
121
108
87
103
95
86
93
77
51
44
43
36
26
8
17
28
33
32
47
55
38
56
55
59
76
63
42
38
62
58
66
71
43
46
49
39
45
26
-3
15
18
-29
-35
-36
-73
-79
-124
-165
-128
-132
-174
-182
-179
-188
-190
-207
-228
-198
-199
-218
-198
-163
-135
-129
-125
-101
-81
-83
-82
-64
-47
-49
-46
-41
-46
-21
-12
-17
-5
-3
24
30
25
40
47
47
57
78
69
70
95
93
92
99
107
135
149
145
130
100
126
165
154
128
130
142
141
110
91
92
79
75
65
51
56
47
56
57
25
25
12
13
28
14
26
54
47
40
36
28
36
29
15
6
17
32
32
19
19
5
-7
1
-19
-19
-17
-37
-49
-70
-77
-77
-103
-98
-95
-125
-123
-135
-149
-139
-136
-145
-139
-129
-142
-138
-127
-135
-147
-140
-126
-114
-106
-106
-93
-89
-70
-51
-70
-60
-49
-39
-8
-6
-10
8
21
7
-1
-4
7
29
35
36
48
50
66
89
76
85
107
104
99
110
102
87
96
109
110
110
129
129
125
110
102
107
105
106
97
84
91
88
62
72
80
35
27
42
19
21
12
4
34
45
13
-6
3
9
14
8
-4
9
23
0
-15
14
28
8
-5
-5
-2
-3
-20
-22
-7
-19
-45
-57
-70
-96
-104
-100
-104
-111
-137
-141
-125
-132
-155
-157
-126
-126
-134
-120
-124
-125
-115
-94
-97
-86
-66
-73
-53
-54
-39
1
-10
-20
-2
-4
8
10
-8
27
36
2
4
31
27
40
34
9
35
58
52
60
86
79
78
107
98
92
116
118
125
129
106
114
131
121
104
82
80
88
75
67
67
34
10
10
9
12
0
-3
0
4
3
1
7
16
14
8
2
9
30
27
31
42
28
32
46
37
31
24
25
22
6
-4
-12
-21
-35
-47
-68
-86
-89
-109
-130
-140
-128
-111
-119
-138
-151
-144
-130
-128
-129
-124
-91
-96
-116
-90
-80
-79
-68
-51
-35
-25
-16
5
6
11
37
36
13
4
19
30
24
-12
-17
18
3
-3
24
45
65
69
47
54
77
65
61
88
104
90
94
89
86
102
94
103
121
93
72
96
89
69
79
60
33
21
4
6
22
-3
-28
-29
-36
-44
-44
-24
-9
-25
-37
2
14
1
4
20
47
41
40
49
49
56
43
21
38
37
27
21
20
8
-25
-39
-41
-37
-61
-82
-78
-98
-113
-105
-109
-115
-106
-102
-107
-106
-99
-101
-94
-83
-86
-65
-57
-66
-52
-54
-53
-37
-47
-55
-46
-39
-14
-10
-8
-6
-19
-20
-37
-21
5
7
24
29
23
32
56
63
56
62
84
106
107
99
98
104
110
111
94
82
91
98
74
64
83
65
51
57
50
49
50
31
10
20
7
-9
-16
-1
30
10
-12
9
14
5
-4
-8
18
27
6
3
8
9
6
-3
2
-9
-23
-14
-10
-10
-24
-23
-37
-46
-37
-35
-39
-32
-27
-38
-25
-44
-65
-42
-54
-82
-61
-66
-77
-63
-82
-60
-42
-66
-66
-83
-81
-56
-66
-79
-84
-85
-89
-84
-70
-53
-47
-44
-34
-26
-9
-10
-18
-4
-1
5
46
65
70
84
73
72
80
85
97
102
104
109
107
88
99
109
90
84
72
74
80
62
71
63
52
57
18
4
35
33
6
6
17
17
12
1
-4
-12
-13
-15
-10
1
1
5
6
-6
-18
-9
-10
-18
-13
-20
-4
-2
-25
-28
-22
-18
-21
-26
-23
-6
-16
-33
-20
-6
-7
-25
-22
-26
-40
-28
-34
-46
-43
-48
-52
-64
-79
-55
-56
-88
-77
-63
-64
-59
-80
-104
-82
-84
-84
-48
-32
-23
-41
-59
-66
-56
-31
-16
5
10
28
32
27
19
28
45
52
73
52
51
86
86
87
88
80
90
86
73
92
96
95
83
70
93
80
56
56
44
53
40
35
65
60
32
8
10
9
15
5
-1
20
17
12
-2
-9
2
-13
-15
1
4
18
14
-6
0
-1
2
-3
-5
12
21
19
15
9
14
26
8
11
36
13
-10
-25
-40
-21
-38
-80
-76
-71
-83
-83
-102
-110
-115
-124
-124
-134
-132
-127
-135
-159
-163
-171
-171
-147
-140
-149
-136
-123
-127
-101
-61
-50
-52
-28
-18
-26
0
25
45
78
87
86
105
113
121
146
164
166
182
180
160
167
174
166
164
164
166
162
155
134
117
115
102
108
107
104
105
78
63
54
43
32
25
30
17
3
-8
-7
-2
-23
-28
-25
-32
-41
-51
-58
-51
-52
-69
-64
-62
-71
-78
-88
-86
-74
-72
-80
-77
-73
-69
-60
-74
-63
-63
-84
-74
-63
-65
-74
-75
-82
-91
-86
-77
-83
-84
-89
-109
-102
-93
-104
-84
-72
-87
-92
-92
-88
-71
-66
-69
-49
-35
-20
8
12
19
32
32
53
76
77
88
118
121
126
130
124
138
152
142
138
156
167
163
168
157
146
154
130
127
134
101
72
79
85
78
61
43
51
51
25
0
5
5
3
4
-19
-33
-40
-38
-42
-48
-39
-47
-45
-26
-38
-62
-66
-64
-64
-54
-60
-58
-40
-63
-67
-67
-99
-90
-56
-61
-75
-72
-68
-62
-74
-80
-65
-48
-51
-60
-48
-45
-46
-49
-64
-43
-49
-64
-37
-37
-44
-50
-67
-66
-54
-58
-62
-56
-51
-48
-39
-35
-48
-42
-41
-43
-22
-21
8
32
28
30
28
39
36
47
66
83
97
104
100
89
92
100
105
102
109
120
117
120
106
110
118
90
96
98
78
70
59
44
37
30
18
20
21
5
-6
3
4
5
19
-1
-6
20
18
4
7
11
10
24
8
-12
12
15
6
-1
-6
-1
-6
-13
-28
-27
-24
-42
-57
-67
-58
-41
-49
-63
-62
-64
-62
-58
-74
-71
-51
-50
-57
-79
-70
-59
-75
-71
-74
-80
-73
-80
-100
-97
-102
-114
-97
-94
-94
-83
-74
-64
-54
-54
-42
-36
-39
-11
8
16
34
45
54
72
80
80
102
112
96
99
118
133
146
136
115
103
116
119
115
125
124
109
101
83
53
70
69
49
48
24
13
14
10
14
1
-15
-5
3
-3
-5
-7
1
-1
-22
-39
-48
-32
-25
-18
-13
-27
-46
-41
-35
-43
-33
-29
-19
-19
-32
-35
-52
-49
-34
-43
-57
-67
-81
-72
-52
-61
-67
-57
-56
-55
-58
-65
-55
-29
-38
-54
-59
-50
-33
-39
-43
-42
-30
-24
-33
-36
-29
-27
-28
-11
-2
3
4
13
29
27
18
20
42
57
52
51
49
63
71
68
69
69
81
95
95
97
108
111
100
97
87
73
77
69
83
79
46
37
26
22
17
-14
-25
2
-16
-48
-52
-67
-58
-41
-47
-52
-53
-41
-24
-10
-17
-23
-5
7
-18
-36
-16
-6
-2
-3
-8
2
-1
-7
-20
-10
8
4
-9
-12
3
-20
-43
-42
-40
-39
-52
-62
-58
-48
-47
-63
-68
-71
-55
-30
-47
-46
-34
-42
-21
-20
-43
-41
-17
-9
-12
-15
-17
-5
-4
-16
-16
-6
-3
3
-3
5
27
16
7
12
24
23
10
19
36
52
52
59
69
71
73
73
68
85
92
82
74
65
67
69
73
51
37
40
18
10
23
29
16
-15
-20
-10
-34
-49
-33
-25
-11
-2
-28
-22
11
2
-9
3
0
6
21
12
8
27
30
13
29
29
7
13
19
21
21
-1
-16
-6
-30
-38
-39
-38
-26
-38
-39
-37
-45
-57
-62
-65
-57
-41
-47
-39
-37
-52
-66
-62
-51
-44
-39
-30
-22
-37
-35
-19
-26
-28
-17
-27
-27
-14
-12
-1
14
8
-19
-11
2
-11
2
25
15
21
37
15
15
22
20
36
37
36
38
36
46
46
37
33
34
50
48
38
40
35
38
25
5
22
11
-11
4
-9
-10
2
-13
-6
4
-13
-10
-1
-6
0
-6
-21
-19
-12
-6
-7
-11
-7
1
4
7
13
18
27
27
12
6
29
42
40
27
3
8
4
9
11
-3
0
-4
-16
-20
-20
-27
-28
-35
-23
-14
