-6
-17
26
7
-18
5
14
-5
15
-1
-26
10
17
-6
4
-11
4
38
-14
-14
36
16
2
-24
-6
22
-42
-18
33
-1
-10
-37
-6
47
-65
-16
56
-40
12
-10
-34
49
-33
-13
46
-43
3
35
-48
-1
-5
-20
46
-27
-12
33
-54
6
24
-25
6
-10
21
30
-37
-2
46
-5
-17
6
-2
3
15
-6
11
32
-23
-5
35
-26
-34
15
5
0
-13
-22
40
-2
-63
8
34
-12
-7
10
19
2
-38
17
27
-31
11
32
-36
-19
45
40
-11
-43
53
31
-63
14
48
-7
-2
4
15
24
-44
6
3
-41
34
-6
-10
29
-13
0
-11
-22
14
-27
7
17
-21
32
-14
1
40
-32
12
4
-49
-3
-13
3
14
-13
14
10
-3
-12
-15
10
-32
-5
64
-10
-3
48
-14
19
-2
-8
30
-25
19
22
-26
-39
31
22
-63
-13
27
-6
-48
-11
10
-25
9
-21
-27
57
-9
-6
29
-33
12
27
-52
25
24
-86
48
17
-67
52
18
-3
44
-30
9
92
-54
-14
65
-35
17
-27
9
61
-80
11
20
-53
32
9
5
-11
-56
42
17
-94
0
111
-30
-93
38
33
-22
-26
-10
47
-2
-86
32
18
-59
20
28
-5
-40
6
60
-6
-41
19
42
-7
-54
-24
59
-16
-49
67
-1
-36
1
19
51
-6
-28
20
62
-40
-36
42
14
-19
2
24
10
-4
-39
62
38
-88
53
41
-80
29
17
-34
9
4
10
26
-76
6
60
-59
-13
8
26
-8
-46
40
32
-19
-10
36
26
-29
-9
-13
37
-19
-57
40
39
-4
-7
14
18
-25
-58
62
-11
-99
26
28
-24
-49
1
51
-46
-38
29
21
6
-16
-14
47
5
-74
55
31
-33
22
13
20
-52
15
63
-21
8
33
20
-19
5
-8
-6
-19
-36
65
-6
-38
2
1
4
-48
0
16
1
-23
-20
47
-73
-29
49
-31
6
-35
32
61
-116
-1
145
-67
-50
70
-11
9
-47
13
56
-44
4
14
-2
2
-19
26
11
15
14
13
-8
-30
47
-41
10
45
-69
26
30
-20
-19
10
36
-47
51
36
7
46
-54
14
16
-24
-9
-16
44
-7
-38
44
-29
-61
2
24
-27
-42
-5
10
-18
-71
-21
77
-21
-92
119
21
-40
-5
-50
169
-39
-83
192
-28
-32
59
-2
41
-41
-3
33
-2
-34
-1
45
-86
-38
49
-27
-19
-7
-12
96
-57
-69
121
-45
-35
6
-9
43
-75
2
23
-34
-4
-32
52
-23
-7
72
-68
-11
-11
-17
26
-49
54
50
-68
44
-16
8
57
-130
85
31
-99
114
-70
-10
66
-66
6
-5
43
-16
-13
-40
-1
95
-130
52
43
-118
147
-52
-33
39
-31
90
-101
-20
140
-68
-3
45
-25
42
-73
25
70
-15
-21
23
45
-125
25
93
-98
16
2
22
46
-137
24
126
-60
-24
2
76
-5
-71
67
-71
24
-21
-9
73
-128
100
82
-154
14
57
-20
-32
10
54
83
-65
-72
97
-29
-24
2
-23
62
-61
-28
44
20
-49
11
-1
-17
47
-56
135
-32
7
75
-140
35
26
-23
-51
55
33
-90
27
-45
56
-25
-54
51
-97
15
-31
-18
61
-31
36
43
-56
-35
96
-46
-26
73
-79
77
9
-60
65
-12
-28
62
-81
-61
141
-97
36
21
-159
154
-57
-37
7
-33
89
-141
26
29
-1
53
-33
38
-14
8
22
-21
49
-15
20
69
-30
-1
57
-39
-7
18
-34
55
-42
-45
95
-16
-26
65
-98
3
180
-140
-79
177
-87
-12
9
-78
104
-15
-57
93
-70
-11
129
-184
16
138
-194
34
50
-84
84
-34
-10
105
-121
9
52
-138
126
-16
-28
72
-105
123
21
-53
51
-79
82
-23
-65
52
-86
120
4
-117
132
-90
16
26
-74
110
-88
44
40
-58
40
-58
62
10
-94
80
-91
31
105
-153
19
55
0
-114
-38
150
-60
9
16
-75
121
-20
-92
42
12
11
15
-11
10
58
-85
1
142
-143
10
92
-119
24
-23
10
167
-120
-85
144
-15
-54
-29
-24
104
-40
-127
111
-50
-102
104
-13
-22
49
-6
67
-32
-68
137
-44
-103
79
7
-50
-91
31
180
-112
-46
181
-49
-89
1
4
33
-13
-38
29
9
5
68
-15
-17
105
0
-5
-13
-17
109
-47
-75
15
-9
10
-14
-13
-27
21
58
-85
-20
-18
-48
102
-11
-89
27
107
45
-151
-20
156
-93
-48
-5
44
100
-151
72
7
-90
28
-36
99
-138
-36
171
-134
15
50
-17
134
-137
-3
191
-200
28
114
-150
109
29
-64
35
-7
25
-23
-88
-3
111
-11
-100
1
20
14
-35
-55
145
-22
-79
116
-76
-6
67
-137
101
29
-70
132
-97
-17
22
-6
20
-46
118
-37
-30
96
-91
35
-17
-80
78
24
-50
25
17
5
17
-44
1
54
-129
-51
205
-96
1
103
-100
76
22
-81
-27
46
71
-45
-30
-50
44
8
-108
9
83
39
-92
15
64
-35
-29
-68
122
-8
-129
104
-36
18
2
-15
125
-61
-71
107
-1
-87
40
-2
-57
-24
24
111
-122
-57
147
21
-70
-48
82
42
-109
-9
102
-114
-5
-21
26
197
-212
-16
228
-182
-25
69
-48
67
-53
1
24
-23
9
22
-27
-123
172
69
-199
129
59
-52
10
-58
29
23
-54
27
26
-68
3
29
10
24
18
-78
103
-22
-19
74
-242
155
125
-210
39
32
12
29
-175
145
146
-298
37
196
-15
-82
-132
152
142
-186
-81
126
37
-155
19
83
-65
36
-17
-39
86
-68
-21
133
18
-134
65
67
-85
79
-123
3
116
-77
28
-31
-62
116
12
-122
111
32
-96
106
-61
15
69
-137
142
-57
-75
168
-200
65
122
-209
91
22
-122
96
38
-163
69
84
-63
63
-61
-7
136
-135
-19
106
-138
86
28
-105
130
-104
-88
167
-50
-93
67
45
36
1
-162
123
132
-263
80
126
-119
70
-46
83
-28
-139
184
-13
-78
-12
68
-16
-130
116
-10
-2
31
-121
195
-76
-137
246
-112
-54
81
-147
210
-49
-176
245
-78
-37
31
-23
81
-142
-14
176
-49
-156
8
77
-37
-77
-39
161
1
-131
76
49
9
-26
31
44
-110
40
71
-96
-17
-9
36
12
-84
62
13
-122
187
-17
-147
130
-71
-43
40
-61
36
5
-10
83
-9
-81
100
15
-66
120
-66
-31
38
-52
65
-4
-107
104
74
-159
67
87
-71
71
-106
18
98
-124
53
-10
-42
95
-21
-96
65
74
-109
-13
58
-1
-33
-88
167
-43
-159
148
-38
-33
16
41
105
-168
-18
225
-71
-192
91
53
21
-10
-163
149
-34
-163
186
9
-98
70
-51
41
120
-156
-10
93
-99
65
40
-105
20
-6
66
35
-167
65
110
-91
-18
68
1
-43
-64
86
52
-135
120
-55
-119
146
-27
-4
36
-22
54
-58
49
50
-102
-14
57
-23
-26
1
3
9
-22
43
48
-45
-88
98
82
-103
-44
58
22
0
-62
122
-11
-119
50
61
-12
-109
22
22
42
9
-50
-61
38
20
-48
25
17
-15
12
-8
-2
53
-85
-47
171
-70
-101
157
-8
-45
-114
91
162
-255
-1
198
-3
-88
-87
176
-4
-166
99
11
-8
-58
-64
94
-7
-77
45
17
-16
60
-21
7
27
1
-12
-23
95
-45
-57
42
-21
9
-92
-10
89
-24
-25
4
32
27
18
-52
-32
122
-43
-130
34
95
49
-129
-82
188
72
-191
-51
176
14
-145
-17
102
-17
-94
18
148
-3
-159
105
59
-36
20
-59
-13
19
-18
-11
-60
6
91
-32
-72
89
20
-21
12
-43
-1
38
12
-40
-27
-3
36
-46
-21
70
31
-80
-55
78
44
-49
31
42
-73
-17
54
10
-38
-12
32
26
-57
26
65
-67
-55
49
116
-48
-142
43
116
-47
-111
145
103
-147
-58
79
102
-62
-23
68
-58
-41
-7
88
-37
-74
88
-5
-13
2
-8
18
-23
14
-31
-40
41
12
-42
-63
41
82
-90
-55
77
-35
-37
-30
27
29
-67
-28
2
-15
-24
-9
-3
-18
0
-28
19
2
-80
32
10
-15
25
-39
20
3
-58
26
-58
-2
57
11
-44
-58
84
57
-40
-37
33
77
-39
-44
56
90
23
-45
113
104
1
64
84
69
53
-42
81
82
-87
-15
37
45
-9
-54
5
35
23
-22
-49
-3
-1
24
-36
-68
64
28
-34
-44
-36
43
-12
-40
7
5
-1
11
13
-55
-91
-53
-13
-60
-58
-40
-21
-52
-97
-47
-90
-120
-99
-116
-145
-133
-102
-83
-88
-89
-53
-70
-82
-38
-27
-5
-38
-33
64
17
-3
86
87
74
93
111
131
145
143
204
230
155
166
196
192
183
192
240
251
203
252
256
186
208
239
258
223
156
184
248
161
120
179
172
180
138
125
138
56
95
128
9
12
-16
-53
-11
-119
-116
-84
-177
-197
-190
-322
-493
-618
-749
-744
-713
-789
-836
-819
-832
-884
-916
-849
-777
-805
-784
-671
-428
-243
-257
-200
-56
36
85
231
459
579
618
657
746
838
802
734
701
653
594
544
523
517
401
198
73
49
-15
-160
-237
-246
-286
-381
-419
-326
-256
-297
-292
-172
2
109
163
331
481
557
625
738
907
1007
1040
1036
1094
1078
978
994
970
917
798
635
654
627
480
412
374
359
203
-21
-42
-46
-48
-98
-220
-217
-337
-627
-840
-945
-1160
-1713
-2118
-2131
-1979
-1863
-1991
-1957
-1821
-2007
-2151
-2078
-1765
-1477
-1526
-1371
-909
-502
-263
-126
143
387
423
569
1020
1500
1651
1605
1623
1712
1703
1503
1425
1469
1255
960
806
767
702
344
8
-103
-306
-583
-732
-780
-823
-1061
-1310
-1202
-1025
-990
-919
-691
-432
-299
-223
14
403
583
603
767
1064
1342
1442
1440
1601
1695
1592
1569
1638
1687
1542
1395
1375
1306
1199
1083
961
856
714
523
471
499
311
109
88
54
-4
-98
-66
157
9
-550
-1145
-1408
-1378
-2020
-2942
-3056
-2686
-2472
-2869
-3368
-3144
-2813
-2883
-3062
-2799
-2057
-1733
-1742
-1336
-602
10
76
149
705
1226
1561
1798
2147
2553
2513
2376
2487
2571
2459
2085
1850
1680
1285
926
622
433
162
-401
-706
-788
-941
-1220
-1513
-1516
-1527
-1860
-2041
-1751
-1412
-1314
-1252
-927
-438
-154
-43
301
725
962
1088
1272
1686
1960
1826
1758
1879
1936
1851
1667
1686
1792
1612
1402
1377
1406
1341
1133
1029
1027
910
694
522
494
450
338
281
337
450
379
288
326
52
-465
-1028
-1391
-1481
-2306
-3565
-3910
-3522
-3021
-3235
-3989
-4012
-3818
-3934
-3989
-3608
-2568
-2000
-2261
-1977
-877
242
580
508
999
1653
2061
2400
2990
3841
3878
3217
2992
3188
3305
2867
2306
2122
1734
1052
501
321
247
-401
-1210
-1518
-1545
-1636
-2020
-2223
-2161
-2409
-2632
-2388
-1813
-1545
-1669
-1388
-735
-163
128
378
957
1388
1480
1555
1952
2480
2416
2059
2066
2310
2341
2013
1766
1822
1724
1343
1164
1377
1529
1274
969
824
812
741
509
529
626
605
563
482
559
689
542
300
-163
-709
-1109
-1371
-1640
-2742
-4131
-4584
-4112
-3567
-3863
-4543
-4560
-4459
-4581
-4616
-4064
-2759
-2176
-2385
-1991
-805
504
913
884
1525
2326
2832
3157
3737
4645
4662
3840
3445
3561
3752
3387
2649
2231
1720
946
250
-54
-156
-775
-1569
-1983
-2057
-2127
-2585
-2916
-2835
-2902
-2908
-2540
-1856
-1387
-1616
-1695
-1052
-135
492
803
1257
1725
1793
1824
2122
2567
2668
2283
2150
2406
2551
2298
1859
1630
1460
1168
1088
1350
1639
1466
931
627
640
682
659
635
813
892
756
591
503
688
743
401
-43
-290
-518
-964
-1462
-2035
-3263
-4550
-4932
-4508
-3876
-3929
-4580
-4951
-4997
-4929
-4778
-4112
-2941
-2258
-2115
-1616
-491
747
1259
1274
1744
2604
3434
3984
4533
4990
4769
4087
3688
3714
3914
3660
2974
2237
1431
634
-3
-371
-687
-1276
-1917
-2234
-2326
-2507
-2949
-3265
-3359
-3327
-3029
-2475
-1802
-1387
-1588
-1829
-1392
-439
482
1056
1485
1845
1996
2002
2145
2520
2731
2612
2513
2630
2779
2599
2045
1524
1251
1214
1351
1677
1974
1765
1020
475
449
671
728
609
555
585
623
480
416
458
216
-130
-413
-598
-505
-622
-1036
-1573
-2606
-3920
-4780
-4679
-3824
-3530
-4073
-4624
-4815
-4609
-4363
-4129
-3340
-2310
-1757
-1511
-920
241
1147
1281
1319
1996
3093
3906
4203
4439
4522
4081
3517
3326
3588
3769
3291
2449
1648
943
275
-310
-739
-1069
-1486
-1908
-2112
-2241
-2551
-3041
-3396
-3453
-3192
-2641
-2004
-1591
-1503
-1620
-1634
-1197
-349
498
1154
1612
1863
1978
2088
2334
2534
2524
2576
2729
2854
2851
2553
2090
1675
1367
1320
1530
1825
1931
1507
851
509
504
558
546
456
462
521
468
362
216
50
-101
-302
-574
-623
-530
-550
-925
-1756
-2810
-4022
-4745
-4292
-3434
-3126
-3675
-4608
-4831
-4528
-4274
-3794
-2993
-2024
-1470
-1516
-1075
79
992
1195
1256
2032
3218
3939
4069
3992
3983
3751
3288
3275
3696
3892
3367
2301
1368
693
139
-306
-642
-847
-1182
-1685
-2067
-2383
-2718
-3108
-3305
-3075
-2712
-2314
-1897
-1677
-1745
-1828
-1469
-755
-89
437
927
1383
1661
1713
1839
2152
2461
2648
2713
2878
3022
2829
2340
1839
1632
1584
1545
1684
1812
1653
1177
693
458
450
633
666
407
324
314
252
248
37
-163
-209
-155
15
-117
-433
-702
-1140
-1517
-1843
-2357
-3066
-3752
-3874
-3479
-3230
-3493
-4141
-4449
-4165
-3726
-3363
-2875
-2096
-1460
-1449
-1374
-561
594
1322
1358
1605
2459
3192
3356
3329
3549
3731
3443
3088
3074
3261
3092
2245
1373
925
577
137
-308
-580
-850
-1392
-1916
-2213
-2292
-2363
-2541
-2598
-2425
-2228
-2095
-1877
-1578
-1404
-1266
-816
-206
200
471
814
1267
1657
1881
2024
2229
2478
2597
2620
2640
2619
2455
2115
1852
1784
1721
1638
1528
1376
1194
900
634
591
567
466
346
154
59
111
75
22
-71
-162
-80
-16
-105
-389
-739
-866
-878
-1022
-1353
-2141
-3178
-3761
-3542
-2941
-2752
-3246
-3842
-4089
-3976
-3626
-3190
-2537
-1858
-1705
-1844
-1427
-384
495
734
807
1365
2240
2673
2771
2994
3231
3155
2840
2814
3234
3365
2787
1925
1295
1034
749
366
129
-37
-444
-1060
-1541
-1691
-1808
-2105
-2277
-2186
-1940
-1759
-1794
-1784
-1676
-1616
-1490
-1024
-218
408
515
491
696
1107
1530
1842
2108
2320
2420
2433
2394
2407
2406
2143
1759
1620
1713
1781
1694
1497
1252
964
706
550
539
548
455
245
101
63
28
-25
-139
-310
-292
-41
111
-116
-599
-950
-1034
-964
-1085
-1704
-2735
-3355
-3167
-2772
-2699
-3012
-3458
-3745
-3853
-3735
-3249
-2485
-1848
-1874
-2205
-1905
-980
-108
284
462
994
1652
1943
2088
2457
2932
3016
2709
2665
3015
3225
2841
2141
1684
1462
1196
897
703
594
217
-442
-971
-1187
-1200
-1294
-1475
-1545
-1527
-1565
-1683
-1771
-1644
-1418
-1218
-995
-734
-401
-163
-150
-67
326
856
1210
1382
1515
1660
1810
1884
1919
2046
2093
1945
1745
1687
1798
1784
1594
1466
1388
1231
1051
913
900
849
638
377
183
67
44
65
56
-37
-163
-176
-244
-550
-910
-1003
-826
-762
-1217
-2215
-3145
-3241
-2768
-2464
-2625
-3064
-3382
-3477
-3546
-3437
-2938
-2231
-1867
-2100
-2178
-1560
-724
-263
-147
206
936
1437
1556
1699
2161
2565
2513
2443
2701
2984
2913
2386
1929
1832
1769
1630
1414
1151
850
446
-9
-335
-482
-543
-674
-877
-1085
-1216
-1240
-1280
-1379
-1445
-1406
-1181
-973
-974
-977
-957
-851
-565
-214
188
489
583
658
893
1225
1479
1645
1714
1715
1722
1722
1792
1944
2073
2038
1821
1608
1532
1504
1402
1272
1177
1037
822
485
226
117
66
5
-97
-152
-282
-412
-590
-802
-899
-912
-934
-1073
-1769
-2719
-3085
-2760
-2241
-2249
-2784
-3183
-3288
-3362
-3412
-3127
-2291
-1662
-1913
-2415
-2223
-1374
-722
-654
-347
457
1043
1030
915
1411
2179
2368
2224
2339
2745
2946
2552
2175
2160
2287
2188
1833
1613
1533
1255
840
497
341
297
56
-335
-657
-859
-904
-993
-1144
-1246
-1399
-1472
-1513
-1576
-1510
-1353
-1309
-1260
-1077
-814
-486
-253
-77
210
491
691
956
1178
1359
1509
1589
1752
1983
2119
2122
2067
2037
1996
1891
1816
1750
1662
1437
1183
1035
884
614
341
83
-58
-81
-225
-387
-500
-655
-776
-856
-964
-1051
-1229
-1787
-2638
-3023
-2555
-1783
-1818
-2610
-3148
-3058
-2818
-2857
-2850
-2205
-1495
-1766
-2498
-2402
-1405
-641
-710
-685
22
583
520
334
868
1827
2212
2018
2006
2318
2479
2266
2041
2224
2519
2393
2005
1722
1606
1463
1227
1033
910
736
402
15
-355
-529
-514
-542
-766
-1070
-1257
-1340
-1404
-1477
-1418
-1254
-1301
-1523
-1559
-1290
-945
-743
-545
-241
-32
-11
94
441
840
1082
1221
1335
1487
1654
1762
1876
2038
2099
2025
1905
1887
1884
1695
1526
1463
1345
1033
723
521
368
166
-60
-332
-562
-718
-905
-1074
-1099
-932
-776
-956
-1454
-2031
-2453
-2324
-1821
-1328
-1372
-1887
-2481
-2860
-2734
-2113
-1383
-975
-1157
-1745
-2177
-2056
-1404
-580
-2
161
11
-323
-424
-28
706
1347
1626
1551
1387
1233
1260
1543
1904
2078
1988
1681
1312
1136
1149
1298
1425
1274
913
550
194
44
87
184
236
54
-343
-661
-776
-770
-728
-619
-494
-568
-859
-1148
-1200
-1000
-717
-455
-307
-279
-379
-481
-339
19
415
705
836
839
892
1014
1152
1225
1228
1221
1188
1181
1198
1240
1233
1090
826
539
430
432
411
373
267
77
-195
-437
-570
-531
-384
-337
-449
-666
-812
-833
-803
-674
-486
-417
-693
-1137
-1362
-1183
-740
-473
-561
-836
-1017
-1117
-1225
-1090
-667
-397
-624
-1031
-1075
-801
-605
-557
-435
-225
-190
-407
-520
-253
115
275
275
302
389
374
287
342
553
704
678
604
634
692
716
721
712
709
641
487
410
390
400
435
409
325
219
126
85
153
250
298
263
133
-3
-76
-42
59
137
169
128
51
-19
-29
53
163
237
257
174
90
98
181
273
287
260
192
128
170
283
328
345
337
262
161
91
151
273
284
227
168
63
-59
-134
-145
-115
-88
-87
-148
-255
-335
-353
-342
-302
-270
-237
-238
-330
-373
-375
-399
-385
-298
-172
-169
-360
-550
-576
-496
-432
-420
-392
-365
-496
-715
-773
-650
-532
-475
-489
-516
-526
-588
-644
-544
-304
-130
-95
-149
-184
-126
34
194
303
392
433
381
295
278
408
575
559
464
418
361
340
389
459
520
504
421
338
300
322
402
438
425
374
264
220
220
210
254
285
235
208
185
128
96
126
173
168
119
110
107
95
91
90
123
143
125
117
119
125
147
160
154
110
106
146
174
155
57
17
-20
-46
-10
1
-21
-59
-120
-178
-168
-149
-149
-177
-222
-270
-322
-345
-331
-297
-277
-303
-320
-312
-359
-383
-349
-281
-237
-258
-339
-389
-401
-434
-373
-283
-248
-283
-370
-451
-483
-448
-362
-297
-274
-300
-339
-339
-277
-167
-108
-79
-25
37
48
72
126
189
237
210
209
256
306
331
371
386
299
256
272
264
262
275
280
264
209
142
156
167
165
192
231
224
198
196
161
152
215
256
262
274
265
230
188
159
174
244
297
299
277
223
171
112
32
15
72
124
124
98
32
-42
-55
-23
32
98
120
54
-3
-31
-81
-70
9
44
32
-10
-60
-103
-110
-80
-82
-108
-108
-130
-210
-271
-296
-287
-248
-282
-328
-317
-310
-357
-393
-361
-289
-250
-285
-291
-260
-245
-206
-141
-96
-63
-39
-10
12
25
43
57
61
71
96
90
39
23
32
-4
-49
-45
-12
-29
-109
-174
-174
-140
-115
-122
-116
-135
-189
-196
-183
-172
-110
-49
-22
-10
-24
-18
9
35
73
136
182
195
191
193
198
197
215
229
242
237
240
258
248
229
238
264
266
261
271
296
329
315
278
269
254
240
249
263
279
266
207
167
99
56
97
101
54
33
-27
-105
-147
-192
-200
-202
-198
-187
-248
-296
-285
-275
-266
-273
-265
-219
-176
-134
-92
-90
-91
-77
-17
45
63
86
103
122
149
164
139
96
66
61
57
30
-24
-61
-71
-110
-155
-151
-166
-216
-273
-306
-278
-289
-301
-258
-267
-301
-306
-295
-260
-208
-153
-94
-82
-133
-154
-131
-76
-15
28
67
46
-7
-10
-4
34
124
198
204
151
97
85
125
187
197
206
231
196
162
152
164
193
201
226
236
227
221
170
114
135
159
143
122
108
87
33
-17
-57
-68
-38
-22
-43
-92
-129
-138
-122
-96
-66
-33
-24
-22
-40
-23
28
42
72
68
59
99
101
122
186
217
214
162
98
99
105
91
97
126
131
58
-37
-94
-86
-67
-92
-86
-110
-191
-247
-264
-222
-178
-191
-207
-200
-223
-266
-302
-278
-209
-190
-171
-141
-123
-134
-148
-129
-83
-21
12
46
58
42
19
26
91
105
113
119
84
82
98
115
142
142
116
85
67
52
65
89
103
79
13
-31
-15
34
92
130
78
6
-6
5
31
33
39
66
1
-30
-5
-30
-40
-21
12
13
-18
-28
-19
-13
-29
-31
19
56
49
58
32
2
31
61
89
106
94
85
103
77
59
97
110
94
72
30
-14
-33
-46
-59
-64
-59
-76
-107
-146
-185
-184
-202
-228
-216
-190
-176
-171
-166
-149
-160
-190
-145
-103
-90
-28
4
6
16
2
17
85
120
137
157
150
148
145
127
144
162
147
151
160
139
101
71
68
78
51
25
-2
-53
-78
-66
-36
0
-10
-35
-32
-40
-15
19
4
11
29
6
17
52
24
-20
-13
-17
7
55
45
14
5
-26
-32
9
43
58
21
-18
-40
-6
69
90
65
45
34
37
48
88
124
92
63
47
-3
-15
-2
9
12
-34
-65
-86
-114
-105
-129
-165
-178
-177
-167
-188
-215
-250
-255
-209
-202
-213
-199
-185
-175
-162
-121
-57
-14
0
-4
-12
20
91
145
158
167
171
163
181
201
203
193
179
175
144
123
131
123
103
74
40
10
30
26
-34
-26
-10
-28
-34
-29
-28
-54
-74
-76
-60
-22
7
-11
-23
-12
-29
-57
-40
-6
25
32
6
-13
7
20
36
71
77
85
73
63
90
98
100
140
166
172
170
141
141
157
157
158
148
152
118
38
23
33
11
-16
-68
-91
-103
-165
-205
-206
-215
-212
-241
-282
-302
-321
-304
-275
-242
-230
-220
-200
-207
-190
-175
-155
-77
-40
-36
-15
-22
6
66
64
79
133
137
126
140
152
174
184
160
125
104
120
117
94
109
124
90
54
28
-12
-35
1
31
36
2
-54
-66
-78
-100
-87
-62
-37
-45
-84
-71
-60
-79
-67
-61
-52
-21
-29
-25
14
28
31
55
76
102
112
123
173
198
209
239
241
232
225
210
212
229
241
227
196
153
153
152
113
77
40
23
-17
-98
-116
-107
-142
-179
-228
-259
-270
-299
-319
-312
-297
-285
-289
-295
-295
-265
-233
-205
-168
-156
-117
-69
-86
-72
-11
21
46
72
98
136
150
140
145
149
146
146
125
136
180
155
92
66
63
73
57
30
23
-5
-36
-54
-78
-68
-77
-120
-133
-125
-129
-143
-126
-94
-89
-97
-104
-110
-103
-104
-74
-30
12
44
49
47
58
70
96
138
187
230
250
246
228
228
234
240
264
280
259
245
230
191
170
156
145
125
101
89
52
13
-25
-79
-116
-125
-155
-203
-216
-221
-243
-244
-231
-220
-207
-218
-242
-224
-204
-211
-174
-144
-124
-108
-122
-109
-52
-18
-10
0
10
48
67
56
84
94
84
94
93
104
107
87
97
86
69
84
68
30
11
-15
-19
18
-1
-51
-59
-71
-101
-126
-148
-146
-113
-106
-111
-102
-98
-98
-100
-86
-77
-61
-23
-2
-5
-9
-1
23
72
93
80
130
183
174
171
165
166
203
197
193
251
262
231
213
181
174
187
151
138
141
112
109
81
22
4
-28
-77
-73
-58
-68
-115
-183
-183
-190
-235
-210
-161
-179
-197
-194
-177
-172
-192
-170
-139
-119
-79
-62
-45
-39
-61
-28
8
0
17
53
73
66
46
50
67
62
67
63
51
29
8
21
27
15
8
-19
-48
-46
-64
-72
-50
-69
-87
-59
-73
-99
-80
-54
-36
-51
-61
-18
-2
-21
-14
-9
7
21
19
55
88
64
52
88
107
97
101
119
125
139
167
162
144
178
182
115
113
151
149
152
168
140
126
113
44
15
33
32
35
-4
-43
-33
-52
-93
-119
-130
-122
-106
-119
-119
-125
-154
-163
-153
-144
-140
-138
-102
-70
-80
-73
-72
-76
-45
-38
-40
-16
-11
-24
-26
-13
25
32
1
-13
-14
15
41
11
5
26
-3
-40
-54
-39
-33
-47
-57
-83
-101
-102
-108
-91
-66
-64
-59
-58
-71
-23
1
-36
-29
2
28
46
43
58
77
62
66
102
125
138
118
108
143
147
134
149
150
138
155
141
136
169
175
158
143
126
86
78
116
114
69
68
79
43
23
6
-19
2
2
-30
-32
-61
-112
-115
-100
-101
-125
-148
-126
-113
-149
-156
-137
-112
-88
-113
-117
-81
-68
-69
-75
-60
-34
-25
-16
-5
-19
-22
0
12
27
29
12
1
-17
-35
-47
-46
-28
-37
-64
-74
-84
-74
-72
-87
-93
-97
-111
-99
-88
-82
-77
-95
-72
-57
-78
-49
-2
-9
-21
13
51
55
63
65
41
50
91
100
107
120
114
121
111
110
149
169
170
170
153
154
160
143
147
167
172
146
130
137
117
85
92
95
80
63
34
17
-5
-30
-27
-26
-26
-46
-99
-115
-99
-114
-120
-108
-106
-95
-62
-32
-37
-42
-40
-52
-57
-45
-41
-32
-12
-22
-36
-31
-35
-51
-39
-20
-9
-6
-22
-24
-27
-41
-52
-56
-64
-75
-84
-83
-66
-75
-92
-98
-106
-96
-99
-120
-109
-88
-89
-91
-86
-83
-90
-99
-79
-49
-35
-30
-36
-19
-3
-9
-13
-9
8
22
37
54
81
110
84
67
89
117
138
145
151
163
162
127
104
81
103
127
136
178
186
222
252
260
267
253
208
149
104
45
-6
-36
-59
-78
-86
-71
-57
-53
-46
-32
-26
-32
-33
-32
-46
-85
-110
-106
-100
-99
-108
-87
-70
-83
-80
-76
-52
-31
-35
-49
-51
-30
-25
-19
-74
-134
-142
-177
-210
-200
-157
-120
-84
-18
53
106
155
173
146
116
60
5
-43
-89
-110
-132
-114
-82
-62
-30
-10
9
35
51
23
9
-18
-108
-163
-167
-140
-118
-108
-97
-62
-7
18
43
74
104
124
134
126
119
121
107
94
90
119
145
160
193
195
186
178
148
133
123
121
117
95
98
120
120
94
84
68
52
52
17
-4
-16
-37
-42
-57
-82
-77
-76
-82
-66
-73
-100
-127
-131
-141
-175
-189
-169
-131
-114
-108
-102
-105
-102
-96
-105
-82
-50
-64
-55
-28
-24
-3
-5
-17
33
46
18
37
51
59
63
36
51
69
38
22
4
22
22
-21
-28
-38
-58
-56
-57
-66
-77
-70
-71
-76
-98
-127
-71
-49
-60
-67
-41
-12
-1
22
27
51
67
69
85
73
121
155
139
150
130
148
198
186
155
183
192
174
120
126
161
115
101
133
107
61
81
36
2
8
-33
35
53
-31
-6
-47
-50
-36
-134
-122
-94
-150
-137
-145
-172
-118
-153
-160
-149
-169
-123
-119
-162
-136
-85
-108
-123
-95
-97
-62
-52
-40
27
-10
-15
96
75
-20
67
45
63
81
-8
93
72
-20
90
63
2
42
7
-28
-23
-63
-97
-18
-19
-13
-37
-92
-35
-77
-150
-59
-68
-76
-33
-63
-46
7
-12
16
34
-24
121
94
55
129
71
111
134
130
171
109
131
205
129
112
131
139
172
146
135
154
139
143
40
67
99
44
77
12
41
52
-50
-6
5
-42
-68
-82
-18
-125
-147
-90
-144
-211
-226
-117
-82
-211
-118
-66
-174
-159
-163
-63
-101
-126
-62
-112
-38
-13
-52
-20
36
66
55
62
46
57
17
38
75
92
93
67
67
-2
-23
36
0
22
-37
-82
-1
-39
-119
-25
-112
-164
12
-124
-103
-29
-45
-42
-33
-51
79
-54
-142
70
-42
-33
40
17
107
32
40
123
73
69
53
114
105
88
115
150
75
114
120
101
126
42
80
108
56
111
96
40
77
93
12
20
29
-65
88
-101
21
58
-186
74
-77
-76
24
-172
-45
16
-146
-38
-7
-160
-1
-4
-154
-8
-84
-7
8
-177
20
-67
-73
22
-20
55
33
12
32
-18
-102
3
47
-17
25
24
41
46
-35
-118
47
-47
-107
102
-93
52
12
-165
33
-132
-100
-14
-149
-51
-48
-12
-20
-108
-9
-55
-36
-11
19
82
-41
52
102
-27
110
63
38
87
-49
175
37
-4
223
11
35
50
61
89
7
72
9
23
26
25
110
-29
-12
83
-15
6
-20
21
102
11
-31
58
30
-36
-3
2
-53
-120
44
-48
-12
13
-75
8
-22
1
15
-13
-54
-15
12
49
17
-44
16
16
-62
1
-11
-14
20
-53
43
53
-119
-1
7
-118
-2
-38
-29
-36
-122
54
-68
-158
20
-61
-36
-26
-58
1
-28
1
60
-55
-38
69
30
-42
1
41
1
-7
69
112
3
83
54
22
-8
-5
47
-25
58
122
32
15
90
-19
-19
-15
6
15
-6
59
17
52
5
-45
90
-83
-82
79
-30
31
94
-58
41
-11
-117
121
-85
-27
128
-92
17
36
-123
44
-83
-75
44
-47
59
0
-13
-32
-81
58
34
-48
59
-7
83
44
-49
42
34
68
-95
12
66
-73
62
-71
-51
-22
-156
29
-13
-145
-2
-66
-128
-43
-69
-63
-79
-26
-21
-41
-49
-40
-1
-7
-18
7
48
-35
130
91
22
115
-1
103
95
29
15
26
90
29
68
43
28
145
-113
-1
122
-140
155
19
-106
219
-110
-29
175
-137
88
-13
-123
197
-24
7
99
-111
38
20
-51
-24
-13
23
27
35
-88
15
113
-116
-43
74
-90
3
27
-17
-16
-34
-13
29
-33
-37
86
-64
30
67
-37
93
-98
-59
56
-167
37
31
-98
80
-70
-21
15
-191
14
20
-269
-5
22
-203
129
-83
-169
118
-211
-20
68
-201
88
2
-98
82
6
-31
-32
61
-32
-9
104
-89
135
125
-81
94
57
27
23
-32
52
110
-103
34
228
-111
5
167
-42
85
82
-77
145
7
20
169
-46
107
33
-10
197
-140
93
105
-135
108
-163
111
-5
-111
111
-171
20
-37
-62
-28
-183
58
-84
-72
123
-147
122
110
-308
196
122
-182
291
-71
11
212
-153
230
108
-114
162
-29
17
22
-4
9
54
46
-157
63
-38
-210
19
-46
-216
117
-90
-175
71
-170
-39
2
-194
-15
41
-67
-23
-43
-18
17
-121
-82
-20
-16
-37
-49
42
-67
-63
-29
-46
-2
13
-74
54
27
-65
125
-29
-39
109
-43
117
140
-33
197
17
9
135
-22
142
35
7
177
-89
6
150
-87
46
20
-114
94
-26
-135
34
-78
-51
32
-195
-15
86
-232
-19
34
-72
35
6
46
-33
54
79
1
162
47
61
170
-13
134
153
-12
133
81
36
162
-29
90
205
-131
87
18
-64
210
-184
-48
137
-186
-7
-27
-116
46
-180
-77
72
-270
79
93
-247
60
-164
-101
72
-234
-3
-37
-129
-34
-69
-70
-77
-25
-55
-96
-70
-1
57
-6
-135
-8
55
-8
18
-8
6
52
11
65
135
80
21
47
84
51
52
92
19
44
76
-29
42
-49
-46
-24
-39
-25
-45
-66
-50
-46
-76
-95
-62
-47
-91
-17
5
-104
7
128
-101
90
65
21
17
-21
122
24
159
140
9
119
63
104
110
-64
97
106
29
143
5
108
85
-131
128
23
-68
71
-18
98
-24
-137
51
-21
-85
-89
-35
13
-42
-76
34
17
-144
-92
28
-54
-32
-29
-66
29
-125
-66
77
-128
-35
68
-89
-13
-19
-2
52
-16
-7
-29
11
-29
-24
35
-39
78
-12
-63
189
-41
-41
153
-155
140
42
-160
298
-115
-61
189
-343
78
26
-234
150
-197
-28
62
-292
95
-137
-130
150
-238
59
4
-52
93
-45
78
-11
-39
195
-16
62
112
-4
230
4
14
125
-24
159
35
4
204
-130
58
150
-112
-18
59
-12
35
18
20
7
-30
36
24
-33
5
5
-55
96
-14
18
32
-49
34
-79
-45
61
-148
50
17
-145
128
-42
-116
7
-168
5
32
-140
55
-110
-21
102
-73
-3
-1
7
64
-12
-38
112
80
-31
68
2
-23
32
-37
-36
6
-90
34
-52
-146
76
-124
-143
49
-130
5
43
-191
15
24
-149
73
-17
-65
40
15
93
-25
60
68
84
50
-28
95
118
-11
195
-62
51
232
-190
138
99
-166
148
-12
-93
143
-119
34
47
-147
100
-2
-111
199
-153
-8
116
-143
72
2
50
68
-99
75
71
-87
2
51
32
-41
14
67
44
-55
19
-52
13
-50
11
34
-156
110
-40
-96
54
-108
-79
47
-120
5
126
-159
14
77
-148
28
26
-18
55
-83
-74
86
-142
2
113
-255
165
-17
-243
216
-197
-57
95
-197
168
-95
-149
151
-142
2
-32
-79
142
-105
95
150
-136
236
31
-29
274
-141
80
113
-87
176
-11
-67
184
-24
-91
153
-57
9
84
-85
147
-40
-64
88
-47
-3
-49
104
-63
-13
126
-124
105
61
-47
73
-43
26
101
-58
51
34
-15
37
-70
69
-34
-57
112
-20
15
-29
-45
40
-40
-27
-30
27
-115
-30
120
-140
5
-9
-146
107
-66
-46
22
-109
9
-73
-105
-15
-72
-36
13
-161
26
-116
-121
58
-131
17
-27
-128
113
-27
-104
75
-18
20
25
-81
173
96
-88
158
60
49
10
-16
153
46
-54
121
43
12
57
57
14
-13
67
12
16
-32
31
-19
-81
-17
72
-155
-9
56
-132
175
-113
-39
213
-165
104
104
-91
157
-37
-41
126
-72
74
170
-58
125
14
38
133
-46
77
40
-19
59
-11
17
86
-17
-77
8
2
-54
64
-39
-21
-5
-83
-33
-37
-114
-48
-73
-110
12
-106
-48
-65
-161
-38
-99
-49
-63
-130
-2
-83
-31
-99
-129
111
-118
-119
101
-97
129
62
-91
244
-52
32
176
-131
175
44
-62
196
-120
33
109
-53
52
-46
48
-32
-21
115
-66
75
40
-41
69
-82
44
22
-121
124
-40
-25
137
-109
85
67
-106
101
25
-13
6
-43
48
11
52
64
24
47
-22
49
29
50
91
-35
104
76
-34
63
-26
63
51
-85
77
33
-17
96
-69
28
56
-128
59
-47
-35
21
-116
30
-97
-79
23
-208
-42
-67
-119
63
-147
-26
63
-185
-46
-45
-113
39
-56
-61
-12
-40
36
-68
-62
72
28
16
-26
82
74
-63
14
35
98
12
22
44
-46
77
-7
31
51
-101
63
67
-87
79
55
-85
41
24
17
36
-188
-85
97
-70
53
72
-85
72
15
8
135
-136
-3
152
-102
7
84
39
67
-11
6
75
33
17
90
69
27
57
-4
46
45
-53
31
51
-24
63
-52
0
100
-43
-21
-50
21
25
-90
-68
-88
-42
-27
-104
-31
-51
-29
-27
-57
-47
-98
10
0
-119
20
7
-167
-23
-8
-94
31
-13
32
49
-47
70
25
-42
79
83
-39
35
43
-56
92
30
-60
109
-7
-21
103
-67
66
89
-101
78
1
27
88
-110
24
2
-64
66
-41
45
28
-68
81
-17
-37
3
-76
13
26
-41
18
-69
-7
64
-43
61
90
6
21
36
46
-10
13
33
30
73
8
-13
50
3
-46
26
27
17
-26
-55
26
22
-51
-32
17
-19
-22
-26
-51
20
-65
-49
47
-100
-47
-35
-96
51
-27
-84
24
-59
-44
12
-48
-47
-55
25
4
-111
-6
20
-48
15
22
-2
-1
20
42
-24
43
117
0
-20
50
50
110
37
-19
70
48
27
0
-8
115
-2
-82
85
-12
-46
32
6
53
-22
-101
5
-13
18
-2
-84
63
2
-28
68
-62
16
22
-30
89
25
28
35
-42
62
35
-46
96
-3
-28
65
-51
64
60
-92
50
0
-34
-9
-50
29
-47
-66
33
-26
-30
31
3
21
-26
-24
-8
-71
-21
-58
-77
4
-70
-57
-50
-67
-25
-53
-31
-6
-52
-25
-9
-49
8
13
-10
6
32
31
11
0
21
28
-2
30
74
21
23
59
-4
-13
-2
0
77
53
7
79
31
-2
36
-11
22
32
15
71
32
29
65
-12
-9
24
-45
-32
-5
-87
-28
40
-42
17
22
-38
-13
-49
-5
17
-43
22
8
-24
45
-40
-27
85
-11
11
38
-18
52
38
-20
43
-4
-12
32
-48
33
24
-38
20
-3
-19
40
-3
-63
36
-24
-83
-2
-72
-63
-29
-60
11
-30
-46
19
-68
-44
-2
-85
-8
27
-55
-1
5
-58
0
15
-29
9
22
-36
-4
-6
-9
40
9
16
-36
25
96
-29
40
53
23
72
26
53
59
-7
49
50
12
60
32
50
30
-12
13
-3
12
40
-10
-17
4
-5
-48
11
-23
-65
-22
-51
12
-23
-30
60
-18
-57
22
6
33
17
-19
16
20
46
45
11
21
10
0
-22
10
73
2
-14
23
9
2
-2
4
-25
-31
-14
-19
3
-20
-31
-26
-8
-38
-55
-37
-82
-29
-16
-81
-28
-25
-48
-39
-25
-17
-70
-41
2
-41
32
20
-49
21
6
-3
13
-2
29
-31
-2
81
-34
16
64
-16
34
13
-18
82
45
-12
21
-19
40
49
22
97
11
-19
102
32
-2
25
-42
29
43
8
60
-22
-34
-12
-30
6
2
31
4
-29
14
6
-12
-31
-19
13
-19
9
36
5
-2
23
35
47
12
0
35
14
32
21
-18
20
14
-59
-13
-3
-41
12
-41
-50
-3
-62
-43
-7
-42
-39
-9
7
-11
-38
-37
-22
-34
2
34
-18
3
29
-50
-31
-17
-41
2
-31
-33
-17
-12
10
4
0
-17
-55
12
33
-26
14
12
21
53
10
10
37
25
19
5
16
65
67
22
30
17
-3
6
5
-17
20
35
-12
21
10
10
17
-26
6
23
-6
6
-21
-42
16
13
-17
-2
-36
-39
11
18
-3
1
31
-18
-24
17
-10
-16
-31
-38
-8
-7
1
-2
-57
-68
3
6
-58
-22
2
-16
24
-15
-41
12
-15
11
44
-9
53
82
38
43
26
46
39
33
61
31
59
59
28
31
7
-15
-20
-41
-51
-15
-23
-32
-1
-26
-29
-25
-67
-64
-41
-31
-8
-6
-31
-1
17
10
14
-17
-18
28
27
20
66
41
24
26
-30
-8
5
-8
7
0
-4
5
-9
-34
-25
1
-6
-15
-8
3
9
-8
-5
0
12
26
5
-6
10
-4
4
13
-18
-2
14
17
-14
-31
-16
-42
-43
-12
-13
-14
-9
-28
-41
-35
-13
-17
-4
10
-8
9
1
-13
31
42
21
26
16
26
39
19
14
21
19
0
-6
7
11
14
10
-12
-13
-9
-12
6
-8
-4
10
-3
18
18
-26
-9
29
19
21
0
-8
12
16
20
17
15
-3
-17
1
30
34
8
1
-13
-35
-11
-7
7
39
6
-11
4
1
-5
-3
15
5
-8
8
11
-6
1
-5
-13
-9
-24
-16
2
2
-14
-17
-15
-13
-2
-24
-45
-38
-33
-6
6
-18
-8
-20
-23
8
-11
-21
-8
-1
12
7
7
15
10
-2
-14
-13
15
12
0
16
1
-12
-5
-15
-20
-13
-3
5
-3
-12
5
6
-12
-14
-22
-1
11
-28
-16
21
19
15
12
11
22
6
2
-7
0
39
25
18
33
31
16
4
4
24
36
27
27
37
27
10
-2
