-1
0
-1
0
0
0
0
0
0
0
-1
0
-1
0
-1
-1
-1
-1
0
-1
-1
-2
-1
-1
-2
0
-1
0
1
0
1
2
2
2
2
3
4
2
2
2
4
5
3
3
6
5
3
3
6
5
4
2
4
4
4
4
5
4
2
2
2
4
2
1
-1
-2
-1
-2
-2
-4
-7
-8
-8
-9
-8
-8
-8
-7
-6
-7
-7
-8
-9
-8
-8
-6
-7
-7
-6
-6
-7
-4
-4
-5
-6
-7
-4
-3
-3
-5
-5
-4
-4
-4
-4
-2
0
1
2
1
4
4
3
5
6
9
12
12
12
12
12
17
17
14
14
15
16
16
12
15
12
5
18
39
48
41
29
42
58
61
58
52
60
66
50
49
59
47
43
45
32
30
26
2
3
-6
-20
-9
-31
-48
-37
-42
-39
-65
-81
-40
-34
-49
-61
-72
-48
-56
-91
-67
-47
-57
-74
-82
-59
-37
-48
-60
-56
-57
-59
-51
-38
-24
-28
-43
-36
-11
18
29
17
19
28
52
98
116
117
122
121
124
132
123
115
110
107
123
128
131
120
108
112
113
90
90
97
75
76
90
89
94
71
43
56
76
83
61
54
55
47
27
-4
-31
-27
-19
-54
-53
-39
-57
-74
-126
-144
-110
-127
-112
-118
-195
-184
-149
-128
-96
-130
-153
-109
-121
-76
-8
-217
-548
-689
-632
-448
-598
-970
-1039
-1012
-965
-1023
-1137
-931
-888
-1075
-940
-822
-651
-459
-631
-519
-161
3
208
277
328
588
564
491
733
905
1085
1073
828
941
1141
1100
1015
866
834
946
857
779
809
685
544
437
417
565
547
431
416
401
482
536
514
601
644
626
652
654
669
615
511
483
476
519
492
348
244
164
103
72
50
29
-71
-189
-280
-264
-190
-229
-365
-471
-439
-287
-249
-303
-355
-426
-455
-399
-330
-283
-290
-361
-401
-440
-462
-514
-544
-538
-563
-686
-655
-722
-1244
-1703
-1819
-1758
-1770
-2148
-2266
-2116
-2285
-2344
-2326
-2196
-1928
-1894
-1714
-1284
-1074
-847
-538
-288
82
415
722
1198
1472
1570
1823
1940
1986
2081
1977
1889
1856
1687
1626
1555
1282
1091
858
746
829
708
623
556
303
226
223
165
260
305
354
507
613
757
884
956
1049
1181
1361
1527
1531
1448
1408
1245
1113
1053
867
748
636
402
284
115
-72
-166
-342
-385
-409
-448
-386
-415
-418
-389
-435
-338
-226
-145
24
-36
-126
-124
-78
-47
-234
-346
-221
-146
-274
-581
-734
-742
-803
-988
-1214
-1248
-1314
-1403
-1804
-2583
-3195
-3478
-3128
-2643
-2857
-3189
-3319
-3115
-2656
-2622
-2466
-1917
-1617
-1290
-882
-401
257
456
452
856
1384
1997
2453
2525
2568
2662
2583
2514
2547
2308
1947
1547
1296
1440
1244
599
72
-205
-21
142
-68
-115
-108
-193
-217
-231
-11
322
392
445
720
998
1244
1395
1436
1654
1884
1989
2132
2166
2035
1836
1595
1460
1345
1089
907
742
538
340
29
-211
-302
-489
-522
-452
-441
-350
-357
-426
-391
-455
-485
-175
34
159
234
98
127
4
-239
-171
-228
-180
-252
-625
-715
-899
-1099
-1119
-1412
-1414
-1815
-3157
-4038
-4187
-3521
-2907
-3606
-4213
-4016
-3726
-3344
-3199
-2839
-2145
-2121
-2150
-1284
-84
705
682
366
855
1847
2419
2864
3148
3124
3187
3108
3178
3630
3412
2773
2321
1818
1537
1005
162
-108
-297
-692
-988
-1195
-1020
-828
-1140
-1392
-1272
-1071
-715
-366
19
462
596
628
993
1467
1901
2173
2205
2458
2705
2674
2695
2566
2359
2251
2057
1940
1820
1344
838
433
99
-95
-415
-659
-696
-714
-690
-691
-865
-977
-968
-885
-603
-331
-249
-146
-103
-94
89
9
-115
-91
-140
12
19
-195
-343
-617
-805
-859
-1029
-1000
-1122
-2054
-3240
-4095
-4188
-3299
-2837
-3356
-3773
-4045
-3766
-3085
-2895
-2596
-2537
-2714
-1959
-877
31
501
135
125
866
1593
2310
2826
2906
3022
3059
3014
3320
3510
3339
3100
2733
2475
2446
2006
1471
891
54
-268
-405
-471
-383
-976
-1689
-1968
-2000
-1501
-1135
-1185
-1077
-943
-601
-84
232
470
659
920
1449
2020
2275
2270
2185
2191
2413
2548
2590
2696
2547
2168
1801
1441
1184
801
301
99
-2
-149
-285
-600
-921
-1169
-1326
-1169
-998
-965
-951
-874
-763
-760
-797
-838
-783
-580
-504
-421
-333
-344
-398
-579
-648
-617
-638
-625
-772
-866
-656
-769
-1236
-1949
-2702
-2733
-2182
-1777
-1771
-2229
-2604
-2336
-1894
-1667
-1760
-2081
-2162
-1800
-1238
-660
-349
-399
-429
-289
34
537
910
1041
1168
1355
1689
2104
2376
2507
2413
2175
2064
2144
2339
2460
2267
1919
1581
1298
1170
1104
886
574
211
-86
-123
-131
-252
-512
-760
-778
-520
-142
85
108
46
50
213
429
589
678
679
754
945
1123
1112
893
750
703
715
784
701
513
368
240
195
254
266
154
7
-145
-284
-267
-366
-381
-345
-520
-457
-454
-548
-522
-694
-799
-772
-865
-883
-858
-897
-878
-907
-906
-865
-940
-915
-845
-770
-636
-531
-451
-396
-322
-218
-176
-273
-500
-659
-580
-401
-264
-391
-682
-779
-665
-526
-516
-752
-951
-983
-986
-799
-598
-503
-542
-659
-628
-420
-178
-58
-68
-69
20
235
516
759
897
844
765
778
898
1046
1108
1060
999
991
1020
1078
1079
985
824
673
544
555
687
683
572
468
426
509
549
502
458
379
364
389
422
474
450
410
408
429
435
410
389
339
300
302
298
315
297
173
102
89
69
108
86
22
-37
-138
-124
-111
-157
-201
-309
-373
-355
-319
-281
-342
-501
-583
-547
-461
-384
-369
-424
-452
-415
-415
-449
-444
-436
-416
-329
-281
-291
-241
-216
-185
-167
-340
-619
-864
-897
-704
-596
-719
-946
-1067
-987
-865
-939
-1075
-1184
-1215
-1128
-1005
-775
-566
-533
-648
-750
-646
-436
-321
-254
-207
-73
137
316
524
726
822
734
684
837
1060
1268
1292
1188
1168
1101
1030
1014
989
958
848
757
768
820
840
769
705
640
573
596
572
522
533
449
409
468
455
448
338
236
244
273
360
284
173
198
159
108
157
121
41
-5
-27
63
136
-14
-53
85
-79
-169
-104
-104
-18
-91
-275
-220
-44
-78
-191
-281
-440
-300
-210
-380
-324
-299
-381
-344
-412
-462
-400
-447
-375
-293
-309
-227
-182
-148
-79
-155
-110
-130
-388
-716
-1128
-1129
-706
-574
-895
-1365
-1561
-1414
-1388
-1596
-1745
-1766
-1790
-1829
-1767
-1427
-1123
-1091
-1280
-1316
-865
-386
-85
178
384
684
914
1136
1559
1893
2044
1963
1917
2162
2400
2562
2500
2256
2167
1961
1750
1644
1440
1212
777
409
351
245
49
-255
-508
-586
-734
-807
-742
-658
-607
-698
-660
-483
-321
-195
-133
52
280
463
643
750
821
840
864
893
893
896
888
889
864
691
522
424
297
230
58
-138
-109
-6
-76
-290
-449
-490
-436
-430
-611
-640
-441
-344
-384
-518
-607
-528
-486
-543
-531
-440
-439
-588
-590
-512
-527
-525
-609
-539
-311
-289
-396
-794
-1440
-1906
-1932
-1541
-1253
-1458
-1866
-2136
-2042
-1839
-1868
-1906
-1892
-1832
-1701
-1494
-999
-528
-451
-560
-578
-129
545
1011
1318
1491
1685
1866
2026
2414
2772
2862
2724
2527
2593
2754
2727
2463
2138
1940
1687
1453
1372
1175
819
300
-344
-705
-824
-868
-907
-1117
-1434
-1590
-1484
-1247
-1023
-980
-1017
-812
-429
-57
256
385
527
715
928
1293
1602
1726
1715
1609
1570
1558
1545
1471
1349
1339
1249
1029
755
464
183
-140
-375
-471
-515
-616
-803
-941
-1026
-1046
-1050
-1102
-1095
-1073
-1006
-975
-980
-818
-716
-682
-698
-841
-718
-526
-470
-275
-317
-328
-307
-684
-1125
-1619
-1955
-1851
-1697
-1583
-1724
-2181
-2452
-2506
-2434
-2310
-2200
-2088
-2031
-1883
-1553
-1179
-804
-664
-559
-272
134
741
1209
1506
1836
1901
2022
2321
2621
3020
3173
3098
2933
2800
2762
2640
2465
2289
2085
1867
1571
1388
1229
826
300
-269
-590
-676
-854
-1064
-1237
-1360
-1401
-1425
-1419
-1333
-1138
-934
-697
-431
-185
143
333
488
777
1029
1328
1595
1720
1833
1833
1764
1735
1698
1679
1674
1680
1582
1274
983
703
443
244
-102
-344
-407
-534
-587
-759
-1064
-1219
-1299
-1297
-1257
-1190
-1093
-1107
-1108
-1084
-1123
-1112
-1123
-1050
-880
-722
-594
-564
-558
-579
-945
-1550
-2109
-2178
-1703
-1397
-1577
-2008
-2388
-2471
-2393
-2435
-2344
-2143
-2000
-1969
-1839
-1414
-973
-790
-798
-769
-369
293
863
1279
1561
1729
1774
1912
2266
2712
3062
3097
2920
2882
2884
2840
2711
2462
2260
2020
1780
1674
1551
1323
819
198
-225
-585
-849
-960
-1038
-1029
-1178
-1497
-1579
-1448
-1146
-920
-900
-815
-573
-194
139
391
669
865
1079
1341
1617
1903
1913
1781
1775
1854
1984
2013
1909
1796
1633
1265
873
700
514
246
51
-219
-358
-419
-687
-924
-1110
-1182
-1096
-1102
-1122
-1163
-1255
-1164
-1196
-1193
-1129
-1151
-1003
-837
-773
-700
-740
-736
-916
-1470
-1992
-2339
-2109
-1601
-1491
-1883
-2449
-2765
-2590
-2436
-2347
-2269
-2263
-2177
-2036
-1696
-1216
-923
-816
-828
-644
-32
630
1262
1501
1501
1581
1727
2131
2651
3037
3190
2947
2690
2668
2747
2838
2660
2387
2184
1933
1770
1624
1410
1027
380
-267
-671
-755
-676
-701
-907
-1254
-1567
-1579
-1395
-1113
-956
-987
-896
-709
-400
-26
198
391
598
837
1216
1601
1904
1978
1846
1756
1812
2072
2291
2286
2120
1866
1566
1306
1055
793
549
266
83
-39
-162
-430
-750
-993
-1121
-1122
-1126
-1155
-1147
-1163
-1261
-1430
-1527
-1421
-1244
-968
-891
-1004
-1019
-1078
-1436
-1931
-2371
-2394
-2168
-2059
-2034
-2206
-2490
-2853
-3024
-2738
-2309
-2175
-2268
-2277
-1887
-1455
-1194
-1028
-811
-320
63
349
816
1279
1679
1822
1767
2053
2585
3044
3228
3067
2901
2750
2569
2513
2524
2530
2308
1860
1531
1343
1162
823
301
-172
-582
-853
-891
-831
-819
-1150
-1627
-1655
-1306
-833
-593
-719
-730
-571
-361
22
388
677
941
1056
1260
1621
1859
1918
1791
1782
1988
2218
2353
2276
2059
1767
1494
1302
1159
1101
858
540
322
4
-187
-313
-535
-658
-792
-937
-881
-896
-901
-1141
-1441
-1410
-1387
-1365
-1281
-1185
-872
-973
-1776
-2606
-3153
-2980
-2460
-2319
-2466
-2888
-3479
-3668
-3543
-3100
-2616
-2591
-2719
-2702
-2429
-1879
-1349
-1036
-853
-582
9
733
1429
1781
1810
1828
1993
2546
3272
3729
3816
3542
3163
2932
2777
2910
3032
2792
2317
1671
1297
1214
1000
631
93
-545
-1008
-1263
-1247
-1183
-1371
-1726
-2002
-1914
-1535
-1125
-850
-758
-734
-564
-170
319
705
890
982
1228
1649
2035
2249
2289
2204
2140
2197
2433
2633
2562
2324
2011
1737
1575
1421
1176
896
620
413
237
-9
-294
-532
-648
-682
-739
-935
-1160
-1064
-1060
-1190
-1343
-1662
-1453
-1250
-1273
-1111
-1690
-2393
-3296
-4323
-3637
-2427
-1795
-2244
-4364
-5211
-4241
-3176
-2222
-2670
-3193
-2813
-2889
-2488
-1591
-798
-103
-476
-573
330
1469
2318
2105
1900
2095
2634
3454
3826
4121
3878
3058
2734
2661
3185
3587
2961
2211
1369
953
1195
1144
968
336
-699
-1358
-1641
-1315
-990
-1244
-1700
-2142
-2055
-1673
-1249
-770
-755
-771
-611
-273
356
589
622
812
1120
1707
2089
2226
2184
1893
1846
2070
2476
2841
2706
2329
1977
1799
1736
1621
1382
1121
840
665
579
383
28
-359
-598
-559
-350
-551
-659
-911
-1156
-1150
-1427
-1364
-1007
-878
-892
-1939
-3482
-4424
-4374
-2844
-2059
-2600
-3894
-5326
-5138
-4310
-3565
-2516
-2684
-3165
-3523
-3796
-2314
-964
-570
-421
-633
-5
1049
1490
1999
2193
2330
2659
3195
3989
4197
4055
3328
2935
3277
3379
3620
3336
2457
1933
1193
930
1355
1184
868
-38
-1136
-1419
-1586
-1670
-1638
-1669
-1658
-1803
-2147
-2244
-1778
-1195
-830
-458
-351
-196
-32
-7
604
1239
1597
1958
1882
1894
2033
1905
2036
2312
2526
2668
2516
2297
2126
1963
1781
1627
1484
1267
1116
773
422
210
-7
-90
-29
-232
-307
-507
-975
-897
-833
-793
-749
-1146
-1254
-752
-906
-1600
-2974
-4612
-4550
-3020
-1955
-2113
-4065
-6144
-5664
-4301
-3132
-2474
-3155
-3741
-3786
-3988
-2662
-861
-351
-476
-931
-493
1190
2083
2023
2272
2342
2875
3666
3979
4368
4449
3589
3169
3471
3722
4164
3456
2109
1567
1272
1332
1667
1169
511
-278
-1477
-1736
-1541
-1590
-1637
-2039
-2451
-2331
-2334
-2393
-1969
-1494
-1120
-718
-644
-578
-237
-53
440
1219
1683
2034
1977
1746
1924
2162
2407
2739
2760
2675
2577
2363
2319
2323
2132
1909
1657
1296
1131
889
544
419
188
-46
-63
-264
-432
-612
-923
-1067
-981
-896
-885
-1065
-1342
-983
-825
-1680
-3145
-4759
-4378
-2213
-1412
-2437
-4972
-6566
-5031
-3406
-2715
-2664
-3717
-3924
-3868
-3847
-2050
-564
-605
-1162
-1548
-316
1636
2197
1767
1648
2128
3038
3899
4095
4082
3960
3264
3330
3917
4101
4149
2930
1666
1749
1910
2150
1930
830
109
-509
-1121
-1078
-956
-1318
-1962
-2460
-2486
-1984
-1917
-2434
-2365
-1878
-1266
-724
-877
-940
-651
-350
434
1203
1555
1606
1283
1301
1907
2473
2799
2738
2441
2404
2591
2735
2763
2663
2258
1905
1762
1552
1537
1292
823
553
229
111
145
-151
-418
-642
-791
-709
-845
-1008
-1225
-1253
-1090
-844
-888
-1889
-3372
-4587
-4274
-2385
-1231
-2189
-4688
-6604
-5689
-3621
-2497
-2700
-3779
-4275
-4122
-3738
-2527
-1152
-703
-1046
-1492
-707
854
1752
1663
1457
1963
3127
4145
4200
3675
3393
3354
3715
4338
4497
4257
3158
1937
1793
2335
2794
2368
1165
111
-503
-804
-841
-855
-1132
-1797
-2293
-2424
-2362
-2296
-2449
-2261
-1745
-1339
-1117
-1259
-1362
-1005
-356
586
1283
1362
1134
918
1204
1923
2572
2892
2788
2517
2376
2528
2844
2953
2819
2448
2033
1898
1809
1639
1346
970
782
540
293
82
-195
-338
-487
-643
-755
-969
-1009
-1172
-1320
-1221
-1182
-1368
-2375
-4062
-4783
-3649
-1840
-1496
-3638
-6146
-6212
-4204
-2787
-2878
-3818
-4238
-3896
-3848
-3437
-1926
-791
-956
-1732
-1656
234
1855
1679
1064
1383
2687
3837
3884
3622
3590
3571
3618
3950
4471
4552
3733
2296
1773
2334
2926
2765
1594
469
15
-256
-476
-534
-807
-1285
-2024
-2476
-2210
-1895
-2009
-2373
-2329
-1752
-1241
-1189
-1474
-1433
-855
-111
688
1033
948
857
877
1339
2120
2607
2625
2329
2066
2315
2803
2998
2925
2588
2239
2119
2000
1760
1757
1581
1194
895
433
351
386
82
-202
-355
-555
-606
-874
-1205
-1165
-1172
-1162
-960
-1531
-2664
-4029
-4947
-3593
-1707
-1738
-3742
-6345
-6528
-4178
-2761
-2852
-3833
-4516
-4148
-3814
-3191
-1798
-1002
-1240
-1692
-1225
414
1614
1565
1074
1481
2661
3844
4248
3713
3364
3450
3757
4469
4696
4284
3533
2339
1985
2611
3111
2846
1583
298
-124
-163
-259
-418
-790
-1489
-2154
-2379
-2188
-1840
-2113
-2574
-2293
-1740
-1280
-1289
-1803
-1681
-1003
-175
672
845
608
493
694
1452
2223
2542
2424
2085
1982
2314
2852
3074
2907
2568
2260
2139
2126
1967
1883
1626
1273
967
616
442
355
103
61
-218
-574
-704
-1004
-1062
-943
-984
-1088
-1180
-1782
-2409
-3353
-4425
-3886
-2285
-1630
-2768
-5747
-6945
-4654
-2537
-2214
-3583
-4885
-4217
-3405
-3345
-2392
-1251
-863
-1284
-1786
-614
1355
1799
1154
1197
2259
3678
4008
3241
3029
3592
3963
4428
4419
4002
3639
2549
2101
2717
3270
3088
1816
251
-125
156
54
-225
-706
-1237
-1685
-2212
-2430
-2058
-1954
-2111
-2050
-1943
-1602
-1517
-1863
-1712
-1015
-223
432
378
122
338
819
1482
2052
2210
2105
1968
1952
2334
2867
3112
2980
2589
2213
2193
2175
2117
2055
1822
1642
1240
689
423
396
377
291
0
-364
-636
-814
-946
-919
-959
-1163
-1144
-1623
-2329
-3352
-4617
-3936
-2142
-1577
-2891
-5931
-6884
-4498
-2525
-2405
-3807
-4789
-4088
-3671
-3598
-2407
-1121
-861
-1678
-1929
-510
1278
1509
887
1288
2416
3483
3659
3080
3088
3594
3917
4469
4485
4074
3618
2627
2330
2882
3315
3122
1912
605
288
409
218
-95
-510
-1052
-1575
-2155
-2364
-1938
-1917
-2182
-2233
-2271
-1950
-1857
-2109
-1817
-1210
-620
-157
-157
-198
68
460
1080
1736
1954
1787
1677
1819
2367
2969
3129
2969
2668
2353
2327
2464
2480
2418
2168
1835
1546
1131
785
697
591
554
222
-177
-451
-795
-968
-1035
-871
-804
-1028
-1429
-2243
-2969
-3876
-4270
-2953
-1777
-2050
-4231
-6677
-5963
-3405
-2077
-2631
-4342
-4827
-3955
-3453
-2806
-1748
-1045
-1078
-1717
-1543
9
1345
1405
1054
1555
2741
3678
3456
2685
2942
3720
4444
4604
3904
3481
3083
2541
2611
3052
3229
2614
1227
310
364
521
289
-198
-772
-1294
-1695
-2105
-2094
-1807
-1922
-2031
-2061
-2144
-2001
-2018
-1975
-1427
-912
-494
-243
-435
-455
31
847
1534
1631
1382
1314
1613
2149
2611
2842
2826
2639
2348
2298
2482
2574
2560
2301
2033
1791
1455
1069
926
880
869
543
110
-106
-344
-504
-705
-838
-683
-806
-1075
-1446
-2313
-3174
-4115
-3889
-2240
-1399
-2694
-5431
-6940
-5146
-2593
-1970
-3217
-4699
-4763
-4095
-3448
-2448
-1371
-1036
-1642
-2171
-1176
571
1423
1113
965
1883
3035
3478
3000
2742
3322
4031
4502
4415
3954
3409
2761
2594
3092
3572
3329
2103
827
394
600
651
239
-320
-906
-1477
-1896
-2118
-1956
-1851
-2114
-2194
-2133
-2098
-2041
-2225
-2059
-1400
-869
-465
-427
-659
-436
193
951
1496
1412
1169
1292
1719
2264
2704
2775
2702
2564
2364
2413
2584
2567
2478
2225
1950
1776
1409
1048
902
915
984
647
134
-377
-636
-511
-523
-502
-672
-985
-1051
-1652
-2412
-3169
-3898
-3114
-1830
-1787
-3307
-5815
-6319
-4144
-2273
-2066
-3543
-4907
-4722
-3960
-3078
-2010
-1353
-1462
-1975
-1980
-956
478
1083
920
1161
1903
2777
3126
2682
2742
3422
4165
4645
4209
3516
3104
2782
2955
3531
3741
3189
1980
924
721
1010
949
561
-219
-1034
-1346
-1671
-1893
-1899
-2102
-2040
-1956
-2253
-2369
-2415
-2377
-1891
-1468
-1103
-813
-975
-1033
-587
185
936
1151
910
875
1260
1805
2303
2532
2574
2599
2484
2440
2609
2702
2728
2585
2260
2103
1796
1494
1288
1237
1277
946
376
-24
-204
-136
-310
-638
-681
-779
-851
-1081
-1804
-2224
-2792
-3713
-3313
-2260
-1746
-2715
-5436
-6468
-4351
-2119
-1723
-3473
-5255
-4769
-3519
-2848
-2185
-1674
-1643
-1903
-2141
-1254
512
1107
782
814
1472
2658
3178
2555
2496
3270
4140
4649
4063
3271
3112
3017
3180
3673
3752
3288
2101
879
829
1340
1212
598
-145
-639
-849
-1419
-1944
-1800
-1662
-1734
-1909
-2240
-2275
-2246
-2406
-2080
-1434
-1045
-992
-1247
-1299
-684
83
619
793
649
711
1109
1551
1970
2299
2435
2433
2332
2280
2428
2646
2640
2476
2328
2202
1912
1497
1232
1312
1451
1136
506
68
-153
-49
-123
-430
-596
-716
-904
-911
-1320
-1954
-2645
-3709
-3490
-2066
-1363
-2416
-5100
-6615
-4674
-2165
-1590
-3248
-5172
-4957
-3648
-2913
-2366
-1801
-1716
-2027
-2267
-1466
208
1062
633
554
1341
2421
2906
2405
2348
3275
4132
4431
4052
3268
3078
3056
3260
3837
3931
3299
2134
1180
1056
1509
1471
879
96
-509
-803
-1161
-1553
-1649
-1592
-1622
-1740
-2033
-2332
-2418
-2356
-2025
-1445
-1147
-1216
-1460
-1533
-975
-157
457
635
531
478
775
1333
1807
2142
2274
2245
2283
2311
2309
2457
2546
2579
2502
2279
1973
1646
1381
1381
1531
1441
868
155
-61
104
176
-121
-635
-867
-799
-719
-1163
-1826
-2792
-3853
-3386
-2001
-1317
-2471
-5514
-6692
-4432
-2004
-1596
-3580
-5478
-4897
-3544
-2916
-2407
-1999
-1871
-2103
-2286
-1394
267
864
484
503
1315
2555
2881
2265
2326
3287
4191
4481
3804
3129
3211
3268
3504
3902
3884
3271
2073
1160
1251
1733
1533
794
23
-450
-652
-1107
-1606
-1563
-1438
-1545
-1807
-2286
-2458
-2316
-2237
-1921
-1475
-1357
-1419
-1555
-1471
-827
-35
415
498
408
410
814
1345
1807
2152
2180
2128
2193
2196
2296
2453
2504
2554
2429
2218
1988
1601
1314
1402
1576
1458
805
211
58
28
70
-256
-407
-313
-724
-1001
-1463
-1961
-2692
-3659
-3064
-1654
-1339
-3196
-6010
-6071
-3487
-1593
-2187
-4492
-5388
-4321
-3312
-2904
-2554
-1995
-1832
-2358
-2412
-1126
413
722
257
507
1649
2574
2430
1954
2575
3795
4378
4071
3358
3219
3321
3344
3664
3978
3916
2965
1718
1335
1645
1837
1399
565
43
-253
-722
-1176
-1449
-1339
-1233
-1606
-2048
-2322
-2349
-2183
-2031
-1817
-1565
-1473
-1576
-1615
-1272
-582
113
375
264
232
399
870
1406
1807
2113
2144
2067
2056
2077
2269
2495
2610
2503
2282
2068
1810
1542
1399
1431
1506
1314
749
180
-77
-52
56
-52
-350
-652
-881
-1060
-1311
-1758
-2903
-3636
-2880
-1615
-1263
-3330
-6045
-5683
-3118
-1356
-2201
-4662
-5291
-4021
-3070
-2780
-2477
-1965
-1856
-2404
-2363
-925
461
507
102
444
1627
2529
2214
1900
2550
3591
4252
3981
3252
3115
3249
3347
3668
3842
3658
2789
1730
1394
1736
1841
1247
509
41
-215
-653
-1188
-1306
-1107
-1188
-1580
-1999
-2221
-2067
-1978
-1919
-1690
-1540
-1491
-1526
-1502
-1087
-428
96
297
210
177
428
938
1470
1868
1993
1959
1976
2003
2053
2236
2397
2492
2449
2141
1892
1650
1467
1493
1500
1505
1149
476
122
29
194
156
-271
-467
-644
-583
-854
-1525
-2287
-3371
-3251
-1941
-1192
-2065
-4728
-6149
-4317
-1946
-1570
-3462
-5203
-4728
-3355
-2896
-2699
-2180
-1997
-2251
-2508
-1794
-179
489
-3
116
1034
2008
2275
1677
1812
3009
3845
4044
3487
2905
3083
3127
3274
3680
3798
3355
2290
1432
1621
2110
1672
852
277
117
21
-702
-1322
-1201
-1025
-1211
-1676
-2135
-2122
-1960
-1998
-1833
-1668
-1625
-1575
-1613
-1387
-875
-405
-73
9
-9
120
521
1051
1500
1779
1854
1896
1950
1976
2164
2342
2457
2548
2386
2167
1931
1653
1572
1616
1633
1516
902
416
277
307
404
46
-276
-324
-603
-628
-946
-1260
-1610
-2997
-3367
-2281
-1139
-1323
-4012
-6056
-4573
-2064
-1312
-3050
-5033
-4697
-3199
-2740
-2794
-2350
-2037
-2165
-2457
-2012
-450
389
-118
-159
651
1784
2334
1681
1555
2570
3533
3933
3438
2723
2920
3140
3066
3415
3641
3323
2404
1390
1446
2163
1847
869
149
-41
177
-258
-1190
-1435
-1298
-1202
-1255
-1796
-2174
-2229
-2224
-1879
-1500
-1470
-1549
-1667
-1550
-951
-249
68
-36
-152
39
623
1172
1403
1544
1658
1882
2100
2070
2089
2235
2338
2455
2413
2260
1967
1642
1490
1590
1788
1525
981
386
182
458
478
130
-277
-531
-468
-428
-642
-1060
-1389
-2172
-3096
-2788
-1824
-1097
-2211
-4756
-5313
-3432
-1491
-1637
-3854
-5023
-3929
-2565
-2411
-2734
-2464
-1937
-1874
-2097
-1428
-144
245
-154
-8
1066
2150
2056
1375
1703
2910
3723
3579
2797
2521
2879
3021
3077
3302
3340
2856
1921
1240
1498
1937
1621
814
17
-290
-206
-415
-878
-1199
-1462
-1528
-1465
-1667
-1855
-2072
-2218
-1877
-1554
-1391
-1397
-1620
-1488
-940
-312
18
-92
-186
129
711
1147
1309
1493
1705
1894
2001
2041
2134
2252
2386
2468
2417
2251
1976
1718
1572
1632
1727
1475
914
455
338
448
398
50
-248
-528
-577
-590
-614
-784
-1088
-1608
-2685
-3073
-2348
-1310
-1110
-3001
-4970
-4427
-2495
-1346
-2448
-4313
-4207
-2886
-2367
-2721
-2725
-2000
-1500
-1850
-1992
-915
125
38
-266
276
1535
2139
1581
1290
2024
3008
3371
3024
2570
2726
2847
2804
2930
3033
2997
2379
1629
1385
1653
1702
1169
543
140
-144
-360
-660
-872
-980
-1385
-1539
-1411
-1565
-1766
-2046
-2101
-1620
-1349
-1438
-1503
-1449
-1075
-585
-384
-251
-47
62
409
781
936
1315
1594
1680
1826
1856
1991
2209
2236
2311
2371
2235
2040
1846
1737
1816
1700
1384
1108
829
570
484
365
190
86
-284
-516
-537
-581
-411
-726
-1367
-2190
-2994
-2546
-1446
-925
-1998
-4201
-4798
-3255
-1656
-1702
-3348
-4305
-3609
-2694
-2634
-2666
-2292
-1893
-1873
-2090
-1498
-351
-61
-392
-144
897
1858
1711
1149
1463
2576
3272
3203
2669
2556
2835
2752
2801
2993
3080
2744
1933
1411
1643
1816
1394
886
538
366
-68
-893
-1216
-730
-499
-973
-1774
-2273
-1880
-1455
-1583
-1781
-1873
-1724
-1483
-1378
-1168
-834
-644
-497
-298
-67
234
484
707
1082
1430
1595
1677
1682
1841
2221
2432
2422
2293
2118
2075
2046
2035
2001
1828
1553
1230
970
851
769
604
296
51
-111
-274
-310
-440
-409
-518
-969
-1336
-2222
-2774
-2199
-1386
-931
-2226
-4415
-4569
-2853
-1401
-1862
-3685
-4256
-3187
-2569
-2808
-2756
-2223
-1735
-1883
-2164
-1374
-367
-348
-465
63
1028
1699
1390
1057
1669
2564
3093
3017
2469
2437
2715
2747
2848
2855
2743
2478
1896
1484
1642
1693
1310
832
399
266
-179
-1025
-1111
-631
-494
-1029
-1948
-2203
-1741
-1458
-1503
-1673
-1723
-1622
-1521
-1383
-1015
-654
-480
-395
-280
2
289
591
868
1107
1437
1661
1751
1805
1939
2250
2429
2359
2210
2173
2217
2104
1920
1769
1748
1627
1248
921
743
698
586
232
-52
-18
-161
-354
-572
-667
-629
-820
-1243
-2111
-2603
-2142
-1270
-969
-2412
-4243
-4116
-2514
-1362
-2058
-3614
-3909
-3068
-2614
-2693
-2481
-1968
-1774
-2104
-2164
-1282
-429
-365
-459
-2
888
1360
1120
966
1512
2377
2799
2663
2309
2247
2355
2499
2736
2828
2645
2102
1601
1484
1750
1748
1363
785
368
169
-191
-635
-838
-583
-501
-907
-1582
-2152
-1974
-1406
-1173
-1201
-1530
-1853
-1747
-1317
-746
-330
-388
-602
-445
-46
415
744
839
1120
1411
1546
1690
1759
1931
2128
2239
2380
2386
2205
1898
1783
1908
2015
1937
1560
1087
801
752
763
675
411
185
1
-166
-364
-334
-382
-684
-1047
-1876
-2321
-1997
-1498
-1211
-2235
-3725
-3845
-2887
-1781
-1979
-3293
-3846
-3328
-2721
-2472
-2403
-2334
-2061
-2021
-2056
-1412
-730
-494
-390
-216
475
1147
1134
1038
1379
2008
2553
2626
2267
2230
2327
2361
2575
2715
2658
2268
1650
1358
1610
1678
1378
912
429
222
-70
-416
-659
-738
-674
-849
-1219
-1769
-1980
-1608
-1256
-1156
-1441
-1779
-1633
-1263
-921
-583
-323
-335
-369
-229
61
619
897
1013
1297
1432
1560
1660
1701
1998
2251
2337
2284
2074
1861
1850
1929
1926
1942
1645
1214
926
706
774
835
550
318
95
-107
-234
-297
-413
-603
-1037
-1809
-2013
-1698
-1417
-1460
-2448
-3356
-3226
-2613
-1981
-2261
-3195
-3578
-3191
-2641
-2313
-2255
-2372
-2259
-2101
-1870
-1198
-712
-585
-484
-261
362
914
1073
1185
1489
1873
2211
2318
2168
2233
2307
2312
2511
2536
2323
2027
1671
1471
1558
1480
1177
799
408
243
31
-400
-707
-898
-839
-673
-971
-1423
-1738
-1688
-1247
-1116
-1318
-1491
-1502
-1201
-810
-655
-437
-215
-262
-148
135
487
892
1022
1141
1406
1459
1504
1646
1844
2094
2211
2068
1938
1846
1736
1816
1779
1723
1695
1302
919
718
654
768
642
304
11
-41
-90
-97
-320
-781
-1054
-1512
-1755
-1556
-1485
-1539
-2158
-3058
-3115
-2525
-1975
-2220
-2955
-3401
-3048
-2453
-2306
-2242
-2278
-2196
-1940
-1788
-1281
-706
-571
-476
-284
197
740
1025
1132
1381
1754
1966
2068
2030
2121
2188
2210
2310
2240
2089
1875
1632
1453
1505
1407
1110
763
409
185
92
-169
-506
-698
-965
-932
-797
-1071
-1448
-1730
-1562
-1025
-952
-1145
-1301
-1266
-840
-463
-276
-95
-106
-136
199
612
953
1196
1104
1123
1352
1534
1768
1895
1882
1962
1910
1815
1784
1721
1663
1578
1457
1374
1241
911
686
542
488
512
298
45
-17
-212
-192
-333
-743
-998
-1451
-1629
-1473
-1380
-1436
-2058
-2855
-2920
-2391
-1893
-2103
-2769
-3119
-2844
-2413
-2208
-2077
-2084
-2049
-2003
-1765
-1154
-707
-522
-453
-305
169
660
880
1044
1322
1648
1827
1889
1869
1985
2112
2097
2159
2115
1989
1786
1473
1354
1442
1328
1100
706
344
149
-40
-142
-368
-589
-811
-1022
-1009
-1035
-1135
-1269
-1442
-1316
-1066
-984
-997
-939
-798
-520
-256
-183
-34
107
263
561
753
981
1178
1207
1351
1513
1629
1737
1756
1754
1732
1730
1718
1707
1550
1368
1319
1242
1162
947
655
542
483
376
263
54
-36
-123
-250
-397
-626
-916
-1353
-1594
-1525
-1281
-1205
-1799
-2601
-2819
-2350
-1730
-1822
-2448
-2801
-2664
-2356
-2125
-1872
-1738
-1781
-1911
-1773
-1197
-670
-517
-553
-351
117
486
637
805
1098
1394
1579
1674
1701
1772
1832
1910
1993
1991
1891
1670
1415
1241
1214
1100
990
840
596
273
-133
-287
-323
-345
-468
-736
-927
-1102
-1200
-1167
-997
-827
-882
-1027
-1084
-870
-489
-315
-156
-79
-38
104
288
567
772
956
1105
1228
1347
1392
1478
1548
1623
1742
1706
1640
1534
1461
1393
1262
1267
1218
1003
722
541
501
509
431
185
-60
-116
-189
-279
-385
-546
-828
-1389
-1741
-1577
-1033
-917
-1854
-2800
-2734
-1965
-1447
-1791
-2388
-2528
-2392
-2338
-2148
-1708
-1484
-1648
-1884
-1634
-985
-583
-531
-506
-238
201
467
588
743
1013
1357
1485
1513
1566
1619
1614
1592
1753
1917
1821
1435
1099
1039
1103
1038
857
685
541
255
-146
-411
-461
-349
-405
-602
-772
-981
-1107
-1067
-860
-592
-633
-826
-908
-791
-406
-62
92
121
124
144
308
625
892
1107
1184
1176
1245
1299
1373
1498
1590
1620
1531
1407
1300
1186
1102
1127
1158
1043
831
544
349
336
330
282
117
-132
-239
-334
-390
-456
-510
-588
-1161
-1741
-1727
-1123
-633
-1310
-2431
-2653
-1936
-1307
-1568
-2090
-2173
-2022
-2090
-2072
-1589
-1196
-1275
-1688
-1680
-998
-570
-479
-454
-301
120
305
378
604
841
1086
1238
1262
1313
1463
1416
1351
1498
1624
1664
1426
1028
898
1002
958
863
698
499
303
-53
-352
-371
-228
-159
-296
-705
-999
-976
-801
-497
-345
-587
-810
-849
-609
-179
92
170
116
74
160
447
736
921
1041
1073
1073
1072
1129
1268
1365
1456
1481
1349
1215
1088
999
999
1042
1025
878
581
318
280
342
354
221
-25
-180
-307
-394
-325
-291
-413
-518
-962
-1574
-1649
-1255
-637
-802
-1939
-2555
-2177
-1443
-1190
-1671
-1972
-1914
-1965
-2006
-1605
-1137
-1046
-1307
-1563
-1123
-523
-392
-356
-305
-85
210
263
437
684
840
1025
1124
1142
1248
1241
1094
1207
1385
1461
1393
967
728
852
891
849
666
381
252
-4
-238
-79
56
-79
-368
-639
-599
-404
-426
-426
-390
-450
-495
-493
-324
-21
87
87
157
198
289
442
605
800
934
926
944
964
1016
1167
1205
1216
1181
1070
1009
938
885
941
910
775
598
395
349
327
230
164
117
-51
-222
-323
-347
-300
-372
-525
-584
-680
-1071
-1460
-1367
-807
-568
-1297
-2133
-2126
-1550
-1090
-1249
-1639
-1734
-1791
-1867
-1605
-1134
-928
-1105
-1445
-1334
-775
-422
-345
-347
-252
72
303
349
475
632
830
1000
1037
1050
1088
1053
1000
1139
1272
1230
1013
747
700
758
731
646
502
304
53
-135
-37
109
38
-170
-334
-356
-303
-255
-250
-215
-212
-239
-182
-114
20
175
228
295
359
400
489
632
755
797
800
811
879
936
976
971
964
966
902
835
736
696
682
593
507
455
367
242
148
100
78
-28
-187
-254
-280
-287
-285
-365
-484
-566
-662
-804
-1092
-1274
-1062
-754
-797
-1358
-1851
-1739
-1303
-1089
-1235
-1455
-1514
-1558
-1505
-1245
-976
-899
-1049
-1128
-910
-600
-444
-317
-170
-42
81
196
302
446
651
829
840
827
858
870
886
897
1001
1074
977
771
623
649
673
584
481
382
256
154
87
39
33
-9
-48
-32
-45
-110
-156
-84
31
76
89
79
112
213
318
407
465
470
504
592
615
675
752
781
814
801
789
789
732
704
709
626
603
609
503
355
265
213
211
162
29
-36
-76
-148
-240
-272
-288
-338
-430
-463
-494
-515
-595
-736
-795
-939
-995
-916
-878
-981
-1256
-1439
-1338
-1111
-1022
-1178
-1320
-1341
-1245
-1097
-980
-870
-878
-880
-816
-660
-393
-265
-211
-77
-4
145
337
419
529
607
663
708
741
774
826
852
799
773
770
749
665
496
450
480
431
393
255
118
82
2
-1
65
62
5
-60
-73
-9
78
109
123
141
169
256
304
333
429
519
550
509
569
687
722
776
780
722
738
752
730
694
668
646
585
537
427
341
291
197
122
99
76
-21
-152
-231
-253
-270
-291
-357
-407
-425
-431
-426
-461
-492
-494
-549
-666
-750
-772
-724
-750
-879
-948
-939
-976
-1039
-998
-940
-959
-1060
-1125
-1005
-907
-901
-844
-828
-743
-647
-612
-471
-314
-255
-173
-81
17
127
198
315
383
411
508
562
597
588
527
593
693
683
571
462
447
515
566
484
382
349
341
328
264
256
253
216
229
250
281
314
300
294
326
351
365
392
443
495
525
521
499
514
566
597
583
585
573
554
565
579
584
516
439
390
353
318
236
141
101
106
65
-15
-70
-153
-177
-165
-213
-262
-299
-338
-350
-372
-441
-464
-424
-421
-451
-521
-642
-671
-661
-603
-571
-726
-872
-872
-834
-841
-921
-981
-946
-930
-982
-991
-899
-825
-828
-839
-781
-667
-619
-593
-500
-362
-210
-184
-169
-69
36
151
221
274
388
434
432
460
539
640
635
554
535
574
597
613
590
567
537
463
441
466
480
487
465
425
408
387
390
414
399
389
419
454
472
463
469
465
460
490
505
517
503
475
468
453
449
480
441
395
375
338
319
290
253
224
206
148
92
49
-6
-36
-43
-67
-109
-165
-196
-230
-262
-295
-338
-349
-374
-419
-424
-426
-461
-480
-517
-565
-589
-634
-684
-640
-588
-689
-782
-816
-799
-722
-764
-828
-844
-874
-874
-823
-740
-703
-726
-754
-739
-631
-516
-457
-424
-372
-289
-235
-149
-35
86
199
198
177
221
327
467
561
551
488
496
558
631
674
648
622
604
542
519
545
577
583
531
483
479
475
431
431
455
444
418
385
416
458
433
409
426
442
428
428
440
478
500
465
430
403
425
403
389
408
334
265
250
253
240
177
99
59
48
11
-46
-103
-131
-144
-161
-179
-251
-335
-380
-388
-378
-382
-420
-505
-546
-541
-553
-581
-591
-576
-594
-649
-698
-699
-656
-618
-665
-729
-733
-696
-650
-654
-686
-699
-668
-666
-642
-565
-545
-548
-518
-468
-398
-360
-318
-223
-150
-111
-87
-72
37
165
165
165
208
291
358
297
301
360
422
520
509
459
446
450
478
509
517
492
464
461
478
521
525
493
497
518
521
505
518
519
538
552
521
514
480
508
548
523
501
489
485
456
418
443
482
438
359
312
329
331
268
196
164
145
65
-21
-18
-21
-70
-123
-212
-283
-314
-340
-343
-347
-388
-440
-491
-559
-569
-551
-546
-567
-635
-665
-645
-616
-583
-570
-587
-631
-671
-640
-583
-567
-590
-641
-615
-520
-496
-535
-575
-547
-481
-448
-433
-433
-412
-365
-343
-274
-204
-186
-169
-150
-110
-39
21
38
54
142
191
195
230
244
279
326
357
393
426
409
406
430
442
491
516
505
518
528
531
522
543
550
525
535
565
576
554
523
503
544
573
539
525
503
485
515
537
496
464
451
429
404
380
362
306
263
243
222
174
120
92
46
-10
-62
-83
-139
-234
-293
-336
-319
-337
-393
-440
-504
-518
-524
-539
-557
-588
-621
-608
-563
-577
-595
-604
-584
-543
-556
-541
-536
-528
-513
-478
-428
-420
-412
-435
-439
-414
-365
-324
-336
-345
-313
-289
-300
-263
-214
-199
-184
-184
-134
-55
-41
-40
0
16
39
80
96
167
214
201
227
228
249
289
283
319
360
363
366
375
412
453
439
413
416
448
468
467
483
505
494
474
488
513
537
531
513
514
495
464
435
421
447
434
417
400
331
299
304
283
252
213
155
142
138
100
28
-51
-51
-43
-82
-148
-195
-222
-272
-305
-309
-322
-380
-449
-466
-449
-470
-510
-520
-528
-528
-519
-510
-495
-510
-508
-478
-425
-385
-394
-412
-425
-385
-335
-317
-299
-285
-280
-275
-236
-203
-197
-213
-205
-164
-141
-127
-123
-134
-119
-102
-93
-81
-64
-47
-43
-36
-8
10
-1
17
34
65
109
102
99
127
151
178
202
203
209
256
290
272
288
347
358
348
380
421
440
434
411
422
447
463
474
453
436
449
453
458
448
405
403
419
404
360
331
321
307
300
274
206
179
160
85
61
53
18
-23
-72
-127
-158
-174
-220
-264
-280
-291
-315
-352
-371
-370
-388
-422
-428
-415
-412
-427
-452
-441
-411
-378
-362
-380
-354
-339
-328
-264
-252
-262
-237
-223
-209
-214
-206
-168
-153
-140
-117
-116
-111
-127
-144
-105
-108
-127
-84
-46
-56
-80
-93
-104
-118
-98
-51
-51
-51
-31
-43
-30
6
28
50
56
50
61
90
147
176
181
216
244
269
269
281
311
319
337
358
388
410
389
370
372
388
397
385
389
397
386
365
342
329
328
297
262
252
238
210
183
166
148
126
103
67
43
17
-23
-24
-44
-87
-134
-147
-137
-169
-202
-217
-237
-271
-295
-309
-307
-299
-305
-287
-285
-314
-329
-320
-314
-290
-253
-244
-244
-238
-221
-213
-180
-153
-147
-128
-109
-89
-65
-60
-66
-42
-30
-30
-34
-43
-43
-55
-71
-81
-72
-72
-91
-91
-91
-105
-102
-108
-122
-122
-112
-91
-80
-94
-102
-84
-69
-55
-39
-36
16
56
61
108
135
145
151
153
188
249
265
257
275
291
312
323
338
328
279
273
287
312
321
301
292
281
261
236
204
152
136
152
135
112
89
74
67
33
11
9
-27
-60
-72
-72
-50
-70
-118
-131
-152
-153
-132
-135
-151
-187
-180
-125
-132
-167
-174
-181
-149
-111
-107
-117
-133
-122
-89
-68
-54
-58
-75
-84
-67
-17
23
16
-29
-58
-35
-6
-13
-21
-18
-33
-37
-34
-44
-59
-88
-84
-80
-96
-122
-125
-89
-92
-127
-114
-119
-146
-139
-136
-88
-63
-108
-100
-64
-46
-21
-22
-25
1
22
42
80
84
76
117
153
181
194
179
180
195
193
190
202
202
194
205
212
201
180
137
114
124
119
115
98
42
14
13
-16
-15
13
-20
-75
-78
-93
-94
-57
-88
-104
-98
-119
-110
-105
-100
-78
-89
-72
-60
-84
-81
-59
-16
16
2
-5
29
44
33
32
50
62
67
74
76
80
90
110
105
82
54
58
65
36
11
19
10
-17
-18
-32
-48
-38
-56
-81
-92
-120
-114
-102
-111
-103
-99
-84
-87
-113
-123
-132
-135
-115
-80
-45
-25
-21
-11
-24
-17
10
-2
22
61
61
95
102
70
93
113
117
149
139
106
112
122
110
102
105
85
50
39
39
46
29
0
-24
-33
-37
-72
-62
-49
-76
-118
-157
-134
-109
-113
-116
-123
-125
-115
-131
-141
-118
-103
-79
-93
-88
-63
-70
-61
-35
-21
-21
-11
-9
7
33
54
72
77
94
108
103
98
100
124
132
132
140
140
151
144
112
116
119
80
49
47
38
37
29
-1
-9
-22
-52
-52
-27
-38
-41
-43
-74
-68
-43
-41
-48
-76
-57
-16
-22
-13
4
13
35
57
46
30
31
53
84
82
87
98
85
92
105
97
107
110
80
67
80
72
59
43
7
5
30
3
-28
-26
-48
-69
-89
-102
-100
-112
-148
-149
-144
-163
-163
-182
-184
-163
-195
-213
-203
-211
-190
-178
-162
-123
-129
-141
-129
-119
-95
-77
-59
-28
0
9
22
45
60
67
73
86
104
132
140
136
181
204
162
136
134
140
147
126
107
124
114
74
57
53
54
40
9
-8
-4
-20
-35
-35
-27
-11
-23
-40
-58
-62
-53
-44
-14
-5
-16
4
29
26
21
50
79
78
64
52
79
127
122
100
144
153
134
129
134
149
134
92
74
95
95
63
42
38
31
15
-25
-46
-38
-53
-74
-80
-91
-90
-96
-136
-157
-152
-153
-178
-179
-166
-174
-174
-197
-219
-199
-185
-172
-149
-140
-153
-169
-150
-100
-94
-91
-61
-55
-40
-28
-4
21
29
15
23
65
75
72
87
96
94
100
103
119
121
110
124
116
97
81
55
59
70
52
32
9
-3
8
-3
-31
-14
-33
-66
-31
-11
-9
-7
-21
-16
1
-14
-2
32
33
28
34
55
83
90
84
75
92
117
114
125
136
140
135
135
133
115
112
109
114
117
111
95
79
51
46
61
38
7
-20
-39
-43
-57
-77
-109
-134
-102
-92
-120
-151
-173
-164
-166
-184
-175
-167
-176
-198
-206
-165
-139
-147
-170
-163
-117
-88
-89
-76
-49
-44
-53
-22
-18
-25
26
37
33
58
57
60
71
77
85
74
66
78
89
90
76
75
80
48
30
31
42
67
51
21
5
-10
-13
-6
-15
-32
-40
-27
-32
-32
-11
-28
-13
0
7
41
30
21
38
52
74
78
73
83
83
100
116
116
132
104
75
103
122
133
116
81
57
60
54
35
59
57
24
10
-5
-1
-3
-40
-41
-27
-51
-61
-51
-73
-78
-85
-111
-119
-111
-115
-133
-129
-118
-125
-130
-144
-155
-123
-122
-132
-101
-83
-75
-77
-93
-72
-32
-15
-18
-12
5
17
19
15
29
45
49
53
51
62
83
83
88
86
67
86
86
71
82
60
27
40
34
20
19
2
-7
-4
-16
-32
-32
-39
-41
-36
-51
-58
-19
-16
-39
-36
-39
-38
-19
9
19
13
23
29
57
100
85
73
91
88
79
82
73
99
129
106
100
79
64
72
66
58
53
48
50
39
14
5
-14
-23
-32
-49
-36
-47
-61
-58
-67
-77
-98
-103
-96
-96
-102
-123
-118
-87
-109
-120
-116
-139
-122
-100
-99
-66
-72
-80
-37
-47
-46
-9
0
18
17
15
31
43
64
58
73
92
57
56
78
81
83
75
50
50
65
67
86
65
24
23
18
21
15
-12
-8
-10
-19
-20
-38
-39
-42
-64
-72
-80
-72
-51
-38
-48
-39
-14
-12
-11
-2
26
43
44
52
69
77
62
78
100
97
99
87
79
93
106
117
101
80
73
74
73
53
59
40
7
4
-24
-23
-3
-33
-34
-35
-62
-60
-64
-76
-76
-94
-99
-88
-102
-93
-82
-91
-94
-117
-124
-101
-93
-75
-60
-59
-63
-67
-72
-64
-43
-33
-10
-1
-13
-12
-9
1
19
30
26
19
35
70
60
46
65
45
26
45
36
24
41
50
47
39
11
-7
8
18
13
1
-1
6
-7
-7
-11
-30
-14
-2
2
18
0
-21
-7
-10
-2
27
20
28
39
40
47
48
65
85
87
68
43
51
79
80
72
83
71
56
58
48
40
44
42
40
25
-3
-2
15
3
-20
-30
-25
-26
-52
-58
-35
-47
-66
-56
-57
-61
-70
-77
-78
-65
-54
-69
-85
-83
-82
-76
-56
-65
-68
-59
-57
-43
-48
-52
-33
-20
-21
-24
-21
-20
-14
1
15
5
0
0
1
13
7
25
57
48
18
14
16
5
27
43
38
35
17
12
37
14
-10
10
9
16
32
22
8
1
3
7
15
11
-5
10
18
9
13
24
10
-4
7
9
27
52
32
29
49
48
62
73
53
51
53
47
47
55
58
47
41
35
37
22
11
3
-18
-14
-9
-7
-6
-21
-29
-37
-55
-51
-34
-28
-39
-58
-59
-43
-36
-46
-76
-78
-61
-43
-23
-46
-70
-45
-31
-52
-35
-31
-32
-13
-26
-25
14
16
-22
-21
-6
7
38
43
19
23
17
5
8
7
29
28
9
7
2
2
32
31
3
5
-3
-9
5
-10
-19
30
34
-2
-11
-18
-3
0
-19
-7
1
-3
-3
-9
-2
10
-13
-12
2
-20
5
38
19
20
13
0
23
22
23
35
20
6
17
54
65
26
15
27
23
28
23
27
45
41
32
31
17
9
21
27
20
0
-14
0
10
1
-6
-7
-19
-33
-49
-58
-47
-47
-31
-25
-53
-55
-45
-36
-36
-56
-51
-39
-43
-32
-45
-46
-15
-21
-29
-17
-18
1
19
0
0
0
3
21
19
19
41
45
37
33
19
26
31
28
34
18
0
