33
-12
6
-17
15
19
-13
-31
-4
3
-12
5
-20
32
53
-63
10
38
-40
6
-40
-13
46
-14
-4
31
24
7
-9
11
42
32
-22
-25
15
11
-7
2
15
34
3
-6
-11
-2
-1
-61
-18
-1
-19
45
27
26
23
-32
20
-24
-32
18
0
3
-29
41
61
-13
29
4
-1
-7
-31
3
-21
-9
27
-4
22
27
-11
26
-58
-63
-22
-54
48
22
-32
22
12
26
25
-12
-17
-36
-18
-8
25
33
-27
42
45
3
8
8
24
-18
-29
12
-20
16
24
-20
19
-41
-32
-9
-80
1
-9
-82
25
11
-13
9
-17
10
22
-4
-1
13
-22
-11
-4
3
14
-7
18
15
-2
-27
-25
22
-24
-25
-4
-47
3
-20
-34
-10
-45
-4
-19
-63
11
-7
-65
15
-20
-14
33
-46
42
33
-38
61
3
-9
21
-10
69
57
2
61
47
55
60
-17
14
30
57
79
10
37
82
29
31
56
38
33
6
24
42
3
7
55
1
-49
13
-8
-12
17
-34
-39
-11
-14
-5
-45
-56
45
-5
-61
25
-34
5
-8
-78
8
-31
-64
-23
-16
-22
-13
-55
-34
31
-8
-55
-48
-37
-8
-10
-17
9
-28
-3
22
-24
20
43
-7
50
89
13
48
33
-34
3
-43
-17
26
-50
7
52
26
70
33
3
13
-12
19
9
19
72
58
31
32
32
23
46
-20
-66
7
-30
-36
-7
-49
-35
-58
-103
-79
-73
-104
-80
-117
-134
-39
-63
-116
-21
-69
-168
-65
-81
-100
-3
-109
-82
11
-109
-29
25
-77
6
9
-66
18
-29
-15
132
41
66
124
69
134
92
93
163
92
121
153
137
190
210
247
212
198
180
124
144
154
119
141
158
128
103
67
141
118
29
30
-2
17
-37
-77
-6
-26
-44
-45
-32
-62
-116
-86
-108
-111
-89
-171
-110
-112
-170
-69
-137
-157
-89
-153
-134
-96
-176
-163
-90
-153
-134
-113
-127
-92
-127
-106
-61
-75
-102
-112
-89
-97
-117
-39
-12
-66
-70
-35
-46
-37
-46
-17
31
-17
5
3
-64
-32
-10
29
51
30
-27
-1
72
15
23
55
55
58
40
11
79
74
107
91
63
164
107
97
168
101
122
153
78
210
152
104
194
80
132
198
80
141
131
79
157
117
126
129
70
94
102
104
132
44
75
84
-12
20
30
33
57
15
43
11
-51
4
-9
-71
-61
-47
-129
-91
-44
-152
-53
-1
-138
-125
-187
-140
-34
-121
-197
-115
-115
-193
-126
-135
-53
-39
-237
-131
-45
-144
-129
-155
-102
-56
-69
-95
-91
-52
-117
-96
-58
-39
-36
-142
-127
-39
-50
-21
-50
24
91
-81
-46
79
-6
32
55
-88
77
89
2
122
37
32
100
-9
73
136
27
52
116
130
63
76
96
70
106
47
92
186
101
46
55
103
122
72
70
113
55
68
21
32
93
-4
45
28
-1
108
-28
-72
45
21
55
-1
-18
79
-3
-11
15
-26
37
-75
-36
42
-79
5
-43
-100
-7
-54
-15
22
-83
-32
-50
-93
-53
-69
-33
-94
-71
60
36
-3
-26
-131
-96
-21
-53
-78
-101
-34
36
-58
-19
-26
-128
-41
-100
-115
-40
-82
-19
-26
1
115
28
43
47
46
10
-91
-22
-34
-35
20
17
76
48
42
90
19
15
7
-12
23
-62
-63
2
-30
43
57
83
131
47
20
15
42
87
29
-21
1
53
64
65
89
-5
-46
25
58
37
40
54
3
42
39
10
-8
-45
-37
13
56
21
28
20
28
49
16
64
13
-56
-55
-42
4
-51
-36
-18
-29
-28
-53
-35
-9
-24
-106
-76
-36
-50
-12
-4
1
-10
-31
-31
-32
50
20
-92
-42
-54
30
26
-38
43
16
2
30
-7
-33
-36
-67
3
29
22
105
62
36
67
-55
21
22
-66
48
-23
-16
26
-13
84
3
-45
34
-57
-46
38
27
14
-15
8
35
29
-6
-52
-45
-55
20
5
-41
36
43
-3
3
24
-53
7
-38
-118
1
-39
20
12
-103
14
43
-57
3
1
-26
21
-43
-4
59
2
7
14
-42
41
1
-85
-6
-16
25
34
-58
-18
46
1
-14
16
-35
-74
-37
-43
-3
54
55
60
31
70
90
24
-7
-26
-3
12
21
38
25
60
79
84
49
40
62
-4
-11
-17
-10
25
-12
-18
23
61
49
14
29
1
-23
-9
-1
13
4
6
28
-2
-78
-4
21
-20
64
9
-23
-10
-34
29
-1
-60
-22
-31
-34
-14
-6
-4
-35
-19
-33
-33
32
11
11
-1
-59
-19
-22
-16
9
13
35
-2
-26
-25
-23
-27
-29
-35
-58
-39
8
-16
-9
0
-5
17
-47
-38
10
-58
-46
14
-21
-11
-14
5
46
7
-19
-49
-6
17
33
25
-55
16
42
-22
7
-42
-47
5
-47
0
24
-34
40
70
27
42
43
57
-2
-40
17
7
-10
18
30
46
27
-27
22
25
18
6
-30
36
39
21
46
4
15
46
3
12
7
15
40
11
11
54
17
8
64
0
1
1
-86
-32
-13
-19
12
-41
30
55
1
15
3
26
-20
-27
-15
-35
45
3
-21
49
38
21
-62
-92
0
-7
5
6
-49
16
39
4
10
24
-8
-83
-80
-33
-14
-20
-43
-27
12
30
-8
-31
-12
-3
-23
-46
-8
19
22
-9
-32
31
-3
-38
-15
-28
10
-26
-52
1
-27
-29
11
13
22
23
7
12
-18
-47
-33
-32
-8
-14
-14
32
42
32
37
64
77
5
-31
-14
19
34
-24
-24
23
21
-11
-14
19
24
4
1
26
58
59
51
27
19
7
13
35
-2
-12
16
-22
-18
8
35
58
35
90
134
100
75
75
69
46
28
18
35
85
79
83
116
95
48
21
-11
-28
-36
-99
-133
-115
-81
-62
-62
-57
-44
-44
-53
-66
-76
-70
-109
-107
-82
-79
-66
-99
-70
-31
-60
-74
-105
-108
-80
-71
-90
-108
-91
-83
-102
-116
-117
-93
-74
-98
-106
-73
-20
4
6
27
60
93
94
83
93
105
100
101
111
132
166
186
205
212
232
215
166
165
168
173
166
139
161
198
185
170
186
202
223
196
187
189
156
126
89
81
84
116
152
163
170
165
160
147
102
61
15
-43
-117
-181
-196
-233
-245
-245
-261
-203
-166
-139
-79
-30
-5
-6
-5
-15
-88
-309
-499
-678
-915
-1125
-1414
-1598
-1673
-1784
-1826
-1803
-1614
-1390
-1229
-1018
-757
-447
-249
-106
80
215
345
433
512
563
612
765
858
959
1013
1019
1102
1143
1126
1038
952
834
691
528
346
280
193
125
135
131
186
292
363
447
558
638
704
798
852
891
939
934
973
990
967
946
896
810
669
546
432
299
222
114
-24
-98
-184
-266
-286
-285
-296
-259
-267
-269
-167
-123
-61
38
128
193
248
312
295
335
309
200
102
-47
-157
-281
-371
-402
-502
-477
-507
-985
-1537
-1951
-2280
-2575
-3212
-3820
-3968
-3976
-3916
-3732
-3251
-2442
-1776
-1347
-821
-126
530
928
1144
1301
1462
1570
1549
1658
1861
1965
2053
2173
2280
2344
2337
2246
2053
1668
1047
392
-147
-728
-1268
-1657
-1930
-1930
-1768
-1490
-994
-450
124
680
1115
1439
1661
1826
1799
1741
1763
1691
1624
1605
1621
1698
1703
1611
1489
1301
1076
797
468
178
-120
-457
-695
-838
-937
-896
-798
-725
-591
-398
-145
106
348
551
740
967
1116
1192
1236
1224
1157
1077
949
787
600
382
120
-186
-481
-787
-1056
-1247
-1362
-1883
-2822
-3582
-4208
-4548
-5061
-5912
-6164
-6001
-5622
-5117
-4472
-3156
-1813
-900
-129
727
1818
2545
2812
2912
2928
2967
2777
2619
2703
2765
2755
2678
2712
2789
2701
2508
2179
1672
887
-90
-889
-1558
-2228
-2785
-3133
-3130
-3014
-2939
-2559
-1847
-1045
-384
119
705
1359
1916
2312
2579
2862
3001
2896
2803
2722
2678
2447
1981
1557
1156
812
479
198
40
-186
-414
-502
-490
-424
-383
-331
-322
-337
-262
-46
225
462
690
899
1160
1408
1619
1896
2078
2100
1991
1769
1533
1208
832
390
-81
-538
-1098
-1465
-1719
-1897
-2134
-2948
-3858
-4548
-5066
-5521
-6227
-6781
-6911
-6668
-6124
-5460
-4334
-2811
-1393
-218
819
1981
3095
3780
4038
4098
4101
3875
3533
3328
3212
3128
2928
2659
2473
2317
2108
1746
1233
616
-257
-1240
-2080
-2748
-3296
-3776
-3967
-3779
-3391
-2842
-2041
-1074
-195
508
1087
1421
1664
1942
2117
2220
2208
2235
2348
2466
2638
2723
2681
2481
2111
1663
1124
594
66
-525
-998
-1325
-1415
-1253
-1005
-628
-201
121
479
923
1327
1617
1789
1883
1897
1836
1800
1759
1687
1677
1547
1359
1267
1120
939
687
309
-147
-706
-1328
-1975
-2528
-3029
-3571
-4100
-4832
-5460
-5702
-5800
-5701
-5596
-5428
-4897
-4191
-3370
-2409
-1311
-210
701
1468
2084
2703
3252
3444
3458
3405
3287
3076
2795
2669
2548
2290
1918
1495
1140
751
277
-223
-787
-1402
-1944
-2413
-2703
-2788
-2808
-2650
-2298
-1835
-1260
-624
-36
554
1051
1288
1467
1683
1873
2052
2116
2105
2169
2226
2251
2254
2180
2009
1673
1206
741
336
-37
-413
-749
-983
-1036
-921
-712
-391
-14
354
714
1062
1427
1726
1915
1993
1952
1890
1797
1688
1587
1452
1313
1145
975
785
615
435
178
-54
-302
-594
-889
-1222
-1501
-1730
-2048
-2561
-3442
-4474
-5229
-5703
-6129
-6635
-6983
-6767
-5948
-4879
-3719
-2337
-775
663
1797
2639
3409
4076
4279
4050
3658
3334
3058
2741
2438
2270
2197
2065
1852
1670
1514
1155
585
-138
-962
-1850
-2739
-3481
-3901
-4046
-4096
-3903
-3248
-2259
-1224
-195
812
1720
2380
2719
2860
2965
2945
2680
2386
2186
2101
2073
2079
2110
2113
1974
1621
1268
878
361
-189
-796
-1374
-1750
-1933
-1951
-1760
-1345
-830
-280
289
874
1554
2098
2407
2597
2643
2551
2399
2215
2000
1730
1446
1195
970
803
637
486
322
104
-205
-573
-895
-1236
-1535
-1864
-2486
-3269
-4052
-4905
-5675
-6275
-6772
-6991
-6978
-6684
-5858
-4680
-3253
-1694
-259
1052
2206
3123
3808
4270
4474
4272
3893
3490
3074
2745
2488
2280
2101
1944
1773
1544
1266
935
424
-329
-1259
-2166
-2937
-3614
-4098
-4297
-4189
-3776
-3097
-2103
-899
262
1329
2199
2796
3249
3478
3480
3267
2875
2531
2165
1826
1674
1610
1588
1484
1274
1094
832
448
-3
-495
-1025
-1510
-1822
-2002
-2000
-1765
-1403
-911
-292
405
1154
1833
2402
2824
3061
3103
2992
2811
2584
2234
1832
1467
1083
725
483
314
141
7
-241
-486
-674
-982
-1204
-1501
-1972
-2620
-3531
-4304
-5081
-5931
-6563
-7103
-7207
-6950
-6518
-5517
-4251
-2794
-1249
90
1488
2720
3565
4112
4386
4513
4260
3766
3324
2953
2706
2341
2009
1926
1867
1727
1469
1209
948
366
-469
-1342
-2170
-2873
-3579
-4109
-4242
-4089
-3621
-2895
-1910
-683
516
1577
2471
3104
3477
3534
3375
3158
2827
2322
1812
1503
1359
1286
1245
1160
1032
864
573
249
-76
-490
-986
-1464
-1811
-1954
-1908
-1709
-1327
-772
-134
543
1281
2046
2641
3033
3284
3327
3194
2904
2596
2242
1796
1370
889
511
317
106
-63
-191
-421
-637
-790
-985
-1151
-1481
-2017
-2669
-3532
-4373
-5295
-6170
-6644
-7000
-7127
-6963
-6490
-5324
-3930
-2488
-970
423
1836
2927
3686
4256
4524
4575
4192
3679
3308
2906
2616
2298
2064
2006
1811
1633
1514
1301
934
230
-601
-1383
-2214
-3021
-3727
-4164
-4285
-4144
-3660
-2918
-1808
-554
517
1575
2472
3135
3551
3552
3386
3119
2690
2213
1684
1339
1153
1010
989
940
885
772
569
336
-13
-420
-852
-1260
-1570
-1786
-1769
-1551
-1196
-700
-107
677
1459
2097
2672
3097
3314
3336
3212
2953
2542
2094
1660
1197
787
453
239
92
-90
-232
-408
-522
-713
-980
-1134
-1549
-2162
-3036
-4065
-4944
-5903
-6659
-7207
-7576
-7497
-7126
-6278
-4985
-3448
-1752
-282
1204
2601
3594
4367
4757
4900
4785
4296
3759
3320
2937
2575
2202
1992
1879
1743
1613
1385
1124
658
-118
-1013
-1932
-2760
-3532
-4194
-4562
-4582
-4228
-3581
-2633
-1403
-148
1070
2203
3077
3739
4048
3955
3646
3174
2606
2029
1517
1117
867
759
715
680
635
531
365
89
-276
-648
-1099
-1512
-1786
-1936
-1915
-1676
-1234
-607
173
985
1782
2550
3160
3544
3697
3661
3476
3097
2605
2064
1514
990
534
188
-61
-274
-431
-564
-727
-864
-994
-1124
-1336
-1774
-2414
-3206
-4008
-4870
-5833
-6530
-7050
-7270
-7093
-6774
-5834
-4467
-3024
-1439
-78
1372
2775
3728
4362
4648
4795
4635
4089
3554
3096
2763
2382
1947
1807
1724
1597
1434
1206
1021
584
-150
-930
-1768
-2585
-3370
-4051
-4358
-4358
-4040
-3421
-2576
-1405
-108
1028
2048
2896
3459
3755
3733
3461
3039
2536
2013
1538
1224
1055
891
741
665
612
528
333
45
-259
-617
-1055
-1438
-1649
-1711
-1612
-1419
-1077
-480
257
1042
1816
2496
3020
3379
3523
3464
3326
3062
2606
2060
1480
997
556
206
-10
-241
-393
-522
-692
-761
-868
-1023
-1210
-1654
-2329
-3150
-4059
-5023
-5949
-6641
-7164
-7432
-7378
-6985
-5924
-4524
-3058
-1505
5
1549
2872
3828
4517
4883
4940
4613
4042
3555
3143
2754
2284
1920
1802
1664
1539
1424
1260
1013
506
-287
-1112
-1902
-2719
-3549
-4206
-4494
-4511
-4220
-3587
-2566
-1310
-55
1139
2221
3150
3830
4157
4121
3799
3254
2608
1963
1408
1025
714
434
317
302
345
450
422
195
-102
-427
-801
-1112
-1397
-1588
-1569
-1455
-1143
-584
126
948
1765
2502
3103
3498
3734
3785
3640
3333
2846
2210
1581
1056
525
111
-202
-458
-581
-736
-800
-759
-863
-942
-1172
-1754
-2481
-3388
-4400
-5434
-6351
-7088
-7607
-7777
-7646
-6974
-5658
-4150
-2551
-932
617
2170
3406
4251
4808
5085
5000
4535
3948
3438
2996
2557
2081
1711
1588
1507
1434
1393
1257
932
313
-490
-1306
-2143
-2992
-3822
-4449
-4704
-4644
-4235
-3468
-2343
-1042
210
1428
2486
3382
4017
4232
4146
3809
3308
2709
2087
1624
1254
899
615
414
341
300
195
13
-229
-498
-819
-1172
-1468
-1622
-1660
-1612
-1393
-977
-368
364
1164
1956
2603
3152
3498
3674
3727
3542
3207
2715
2118
1570
1070
612
238
-97
-393
-564
-703
-819
-883
-980
-1122
-1475
-2009
-2724
-3606
-4520
-5511
-6345
-6986
-7426
-7534
-7374
-6663
-5440
-3953
-2327
-804
758
2290
3525
4459
4977
5248
5179
4663
4097
3543
3037
2538
2015
1669
1463
1314
1208
1110
984
672
82
-661
-1376
-2084
-2903
-3707
-4240
-4491
-4422
-4042
-3355
-2207
-937
255
1419
2454
3397
4021
4239
4186
3882
3435
2790
2124
1618
1164
784
448
210
118
43
-64
-208
-373
-590
-909
-1223
-1488
-1638
-1642
-1578
-1355
-929
-335
345
1071
1858
2559
3075
3433
3669
3746
3616
3286
2814
2244
1652
1106
601
181
-149
-425
-604
-713
-854
-956
-1004
-1181
-1520
-2144
-2988
-3788
-4797
-5821
-6659
-7362
-7573
-7588
-7332
-6358
-5076
-3496
-1856
-370
1310
2813
3983
4799
5242
5493
5235
4683
4126
3533
3064
2462
1901
1639
1417
1232
1061
964
867
476
-107
-837
-1569
-2232
-3116
-3892
-4338
-4581
-4423
-3996
-3197
-1991
-756
451
1626
2738
3647
4169
4340
4226
3939
3436
2719
2051
1446
953
544
159
-57
-167
-225
-305
-439
-530
-727
-972
-1180
-1436
-1548
-1565
-1502
-1229
-795
-189
492
1229
2000
2686
3242
3608
3804
3846
3615
3201
2717
2143
1554
973
467
33
-333
-597
-794
-902
-976
-1037
-1012
-1141
-1502
-2101
-2909
-3688
-4666
-5714
-6552
-7221
-7516
-7596
-7252
-6248
-4937
-3353
-1817
-259
1428
2795
3966
4794
5240
5445
5158
4666
4085
3477
2974
2360
1833
1520
1317
1224
1089
987
861
480
-44
-692
-1400
-2169
-3035
-3722
-4203
-4455
-4340
-3936
-3177
-2116
-931
334
1551
2685
3581
4118
4342
4209
3896
3416
2734
2032
1324
749
330
-47
-214
-249
-287
-359
-415
-486
-635
-767
-986
-1202
-1340
-1496
-1451
-1214
-838
-266
384
1119
1902
2597
3182
3608
3842
3949
3794
3403
2901
2297
1706
1071
498
50
-371
-658
-834
-908
-947
-1058
-1058
-1161
-1471
-2051
-2905
-3716
-4726
-5736
-6564
-7260
-7586
-7661
-7279
-6302
-5010
-3461
-1935
-299
1396
2723
3889
4720
5225
5445
5155
4670
4129
3540
2956
2324
1859
1561
1329
1236
1119
1051
956
578
56
-577
-1287
-2045
-2894
-3632
-4170
-4473
-4449
-4080
-3308
-2301
-1165
143
1425
2592
3541
4138
4361
4231
3976
3500
2768
2005
1243
657
252
-133
-333
-341
-315
-314
-347
-354
-389
-473
-719
-1033
-1204
-1336
-1362
-1200
-860
-333
245
897
1719
2507
3127
3591
3908
3999
3821
3467
2934
2321
1735
1086
448
-73
-485
-765
-955
-1027
-1016
-1062
-1051
-1058
-1328
-1893
-2688
-3585
-4588
-5589
-6506
-7253
-7649
-7725
-7324
-6428
-5222
-3694
-2073
-432
1239
2674
3855
4737
5277
5461
5221
4739
4160
3596
3023
2343
1863
1575
1373
1254
1129
1078
1039
796
292
-341
-1034
-1807
-2665
-3447
-4035
-4377
-4391
-4134
-3486
-2505
-1407
-156
1151
2346
3351
4045
4385
4419
4128
3533
2856
2167
1393
683
101
-363
-582
-641
-624
-526
-422
-368
-428
-507
-605
-777
-1000
-1226
-1292
-1211
-958
-538
33
739
1477
2216
2886
3467
3856
3965
3872
3563
3090
2495
1822
1182
601
25
-466
-805
-1002
-1042
-1108
-1164
-1014
-1014
-1195
-1574
-2376
-3179
-4098
-5126
-6001
-6880
-7374
-7520
-7367
-6591
-5535
-4145
-2582
-1039
659
2171
3484
4496
5074
5380
5233
4851
4381
3780
3216
2546
1992
1664
1394
1310
1283
1243
1195
972
580
35
-623
-1363
-2218
-3051
-3775
-4285
-4435
-4302
-3806
-3017
-2037
-849
394
1646
2710
3504
4036
4169
3987
3581
3011
2360
1631
901
308
-116
-367
-469
-454
-412
-367
-291
-302
-293
-346
-570
-773
-1010
-1186
-1192
-1080
-728
-187
434
1120
1824
2501
3091
3525
3778
3812
3616
3230
2689
2065
1446
811
229
-243
-640
-856
-954
-1040
-1056
-1022
-937
-978
-1379
-1949
-2682
-3674
-4623
-5545
-6468
-7084
-7425
-7479
-6980
-6042
-4807
-3348
-1793
-131
1463
2829
3917
4743
5242
5243
4984
4589
4080
3512
2827
2282
1895
1574
1387
1275
1312
1324
1125
813
330
-216
-892
-1808
-2640
-3343
-3971
-4346
-4418
-4100
-3404
-2567
-1586
-385
891
2059
3026
3686
4030
4059
3740
3253
2686
2034
1308
597
91
-268
-476
-467
-353
-267
-232
-217
-188
-171
-279
-492
-734
-928
-1086
-1097
-852
-435
109
734
1379
2014
2659
3204
3548
3726
3659
3319
2906
2359
1727
1156
518
-6
-383
-700
-918
-1042
-1007
-978
-970
-948
-1156
-1614
-2306
-3189
-4060
-4961
-5932
-6740
-7300
-7514
-7247
-6572
-5528
-4195
-2748
-1197
408
1925
3253
4278
4964
5254
5158
4823
4348
3856
3315
2694
2145
1764
1547
1446
1415
1392
1306
1104
722
188
-418
-1155
-2004
-2866
-3630
-4141
-4395
-4353
-3920
-3204
-2293
-1196
33
1299
2396
3264
3849
4057
3896
3461
2981
2431
1730
965
302
-105
-341
-431
-362
-247
-147
-73
-42
0
-27
-223
-549
-869
-1044
-1138
-1081
-795
-363
231
896
1519
2187
2843
3333
3626
3682
3509
3160
2716
2166
1511
917
349
-186
-595
-876
-973
-993
-976
-912
-896
-926
-1208
-1823
-2558
-3437
-4341
-5246
-6251
-7014
-7385
-7474
-7097
-6303
-5194
-3779
-2263
-677
916
2385
3631
4522
5081
5254
5122
4810
4287
3755
3174
2532
2055
1716
1545
1487
1435
1400
1232
971
631
73
-631
-1454
-2347
-3198
-3902
-4346
-4502
-4315
-3804
-3066
-2080
-948
230
1444
2517
3297
3778
3949
3793
3441
2955
2369
1734
1018
422
80
-161
-278
-278
-235
-145
-116
-116
-86
-168
-376
-677
-970
-1086
-1095
-1016
-729
-224
367
972
1632
2273
2842
3284
3490
3516
3364
3007
2558
2029
1447
906
395
-141
-540
-762
-945
-983
-994
-1013
-915
-1000
-1330
-1944
-2789
-3520
-4358
-5293
-6185
-6924
-7245
-7285
-6893
-6112
-4982
-3497
-2038
-490
1091
2499
3740
4572
5061
5244
5071
4755
4268
3708
3186
2601
2102
1783
1593
1525
1447
1373
1253
991
594
-56
-781
-1557
-2448
-3257
-3924
-4359
-4480
-4314
-3818
-3102
-2165
-994
169
1360
2412
3108
3538
3707
3605
3273
2821
2267
1659
1051
481
94
-120
-219
-217
-208
-137
-58
-84
-120
-226
-405
-666
-909
-989
-1013
-859
-543
-127
429
1003
1624
2240
2770
3169
3353
3390
3240
2877
2418
1943
1408
874
351
-143
-430
-633
-801
-828
-845
-782
-736
-936
-1341
-1983
-2743
-3596
-4528
-5463
-6346
-6951
-7298
-7277
-6744
-5876
-4684
-3307
-1841
-180
1412
2745
3826
4656
5141
5202
4984
4597
4172
3679
3059
2451
2035
1793
1599
1494
1461
1378
1183
850
360
-212
-934
-1835
-2730
-3508
-4080
-4428
-4545
-4332
-3748
-2900
-1921
-796
454
1622
2627
3356
3829
4060
3704
3123
2680
2110
1460
672
11
-199
-345
-403
-306
-113
103
92
20
39
66
-149
-551
-837
-992
-1044
-952
-686
-180
425
1005
1617
2296
2945
3398
3579
3519
3306
2930
2425
1865
1309
773
167
-386
-683
-844
-921
-917
-907
-802
-746
-900
-1394
-2167
-2943
-3796
-4707
-5726
-6671
-7176
-7394
-7159
-6520
-5614
-4263
-2836
-1366
272
1804
3221
4271
4867
5190
5173
4934
4481
3933
3387
2766
2200
1797
1565
1500
1478
1449
1380
1131
805
335
-307
-1049
-1971
-2880
-3668
-4250
-4545
-4574
-4237
-3628
-2793
-1727
-545
724
1857
2770
3434
3752
3851
3646
3235
2722
2084
1433
809
320
-20
-238
-295
-281
-227
-157
-122
-114
-123
-228
-461
-689
-893
-997
-945
-775
-447
5
575
1185
1747
2357
2888
3237
3399
3341
3129
2796
2362
1821
1248
690
180
-221
-577
-795
-887
-967
-967
-944
-915
-1073
-1628
-2323
-3060
-3839
-4668
-5617
-6395
-6887
-7080
-6835
-6260
-5340
-4074
-2678
-1189
327
1774
3079
4076
4687
4956
4965
4737
4311
3825
3309
2795
2312
1879
1667
1634
1575
1533
1432
1196
831
255
-413
-1187
-2067
-2903
-3619
-4155
-4462
-4489
-4142
-3461
-2629
-1649
-492
670
1741
2611
3183
3493
3501
3278
2955
2518
1955
1340
783
358
93
-49
-74
-27
-3
52
95
55
-32
-192
-447
-700
-924
-1044
-973
-763
-426
15
526
1100
1719
2274
2721
3062
3234
3191
2976
2649
2223
1731
1224
708
198
-218
-457
-625
-751
-797
-841
-740
-728
-1022
-1498
-2212
-2954
-3761
-4675
-5532
-6374
-6895
-7058
-6854
-6189
-5204
-3952
-2589
-1153
376
1783
3017
3951
4490
4791
4769
4508
4129
3700
3239
2721
2287
1984
1855
1859
1802
1699
1589
1331
907
318
-426
-1262
-2171
-3054
-3831
-4388
-4615
-4546
-4190
-3536
-2642
-1576
-412
756
1840
2698
3303
3588
3612
3365
2795
2220
1622
1006
472
-21
-245
-279
-253
-88
127
337
382
322
239
78
-114
-463
-831
-1041
-1128
-1000
-693
-238
394
1049
1688
2334
2914
3337
3514
3459
3241
2842
2333
1790
1193
632
84
-358
-636
-824
-826
-790
-693
-548
-591
-782
-1298
-2075
-2956
-3910
-4814
-5780
-6614
-7143
-7365
-6967
-6212
-5188
-3851
-2427
-819
719
2083
3307
4191
4672
4739
4569
4293
3914
3470
2917
2424
2119
1894
1826
1875
1937
1998
1826
1444
971
329
-444
-1382
-2450
-3405
-4164
-4650
-4852
-4731
-4204
-3451
-2480
-1352
-178
1018
2049
2794
3250
3442
3405
3154
2731
2166
1585
1068
635
314
112
108
161
191
257
323
358
229
5
-250
-555
-818
-1096
-1250
-1176
-999
-628
-144
421
1133
1829
2404
2867
3214
3366
3278
2990
2635
2211
1680
1120
590
159
-186
-481
-666
-750
-762
-726
-708
-674
-746
-1081
-1686
-2470
-3332
-4154
-4956
-5772
-6403
-6728
-6636
-6051
-5223
-4134
-2807
-1426
-54
1211
2353
3310
3942
4144
4073
3868
3583
3250
2846
2508
2284
2076
2017
2074
2136
2204
2061
1729
1291
652
-149
-1057
-2034
-2993
-3787
-4352
-4582
-4483
-4124
-3456
-2560
-1512
-444
626
1563
2240
2733
2923
2894
2656
2217
1842
1453
1065
813
614
563
610
664
775
829
818
681
457
190
-177
-546
-946
-1273
-1450
-1498
-1326
-962
-480
141
827
1468
2046
2526
2872
3010
2989
2803
2485
2126
1657
1198
794
412
117
-124
-314
-360
-326
-342
-364
-412
-465
-608
-1121
-1882
-2709
-3514
-4209
-4944
-5706
-6194
-6339
-6098
-5506
-4673
-3541
-2296
-1071
86
1165
2203
2930
3295
3436
3356
3205
3009
2782
2615
2476
2397
2355
2408
2507
2525
2525
2257
1720
1091
290
-608
-1546
-2501
-3338
-3967
-4333
-4404
-4115
-3542
-2801
-1831
-849
83
982
1686
2253
2510
2338
2140
1999
1746
1397
978
788
872
882
857
948
1119
1161
992
836
687
441
-35
-656
-1055
-1327
-1561
-1656
-1556
-1152
-614
-69
518
1172
1801
2261
2633
2898
2944
2849
2584
2241
1916
1485
1068
696
426
244
95
48
-57
-129
-146
-286
-423
-574
-791
-1208
-1984
-2831
-3591
-4172
-4777
-5540
-5961
-5959
-5645
-5042
-4317
-3252
-2003
-942
-44
808
1721
2473
2792
2794
2724
2710
2629
2497
2490
2537
2624
2651
2588
2661
2780
2638
2193
1559
827
-49
-1034
-1939
-2734
-3371
-3885
-4182
-3987
-3512
-2915
-2142
-1277
-398
344
940
1430
1751
1832
1712
1556
1438
1287
1151
1161
1228
1316
1423
1476
1542
1535
1340
1070
719
282
-180
-633
-1027
-1330
-1542
-1656
-1554
-1205
-770
-282
312
874
1322
1776
2148
2377
2539
2542
2443
2276
2037
1801
1553
1282
996
737
495
336
193
-30
-167
-312
-494
-615
-817
-985
-1088
-1451
-2048
-2733
-3369
-3790
-4260
-4877
-5295
-5352
-5040
-4505
-3876
-2998
-1963
-992
-185
518
1270
1916
2253
2332
2344
2437
2477
2431
2439
2529
2655
2680
2705
2729
2655
2445
1979
1309
538
-328
-1188
-1924
-2555
-3115
-3511
-3602
-3347
-2881
-2350
-1710
-1009
-340
252
730
1070
1300
1359
1199
1102
1140
1162
1200
1254
1389
1594
1706
1744
1747
1623
1322
914
477
54
-349
-774
-1157
-1346
-1389
-1335
-1160
-819
-390
7
444
876
1277
1653
1880
1999
2096
2136
2092
1978
1792
1612
1510
1343
1081
848
624
435
217
-64
-327
-484
-579
-745
-868
-921
-944
-932
-1237
-1889
-2516
-3120
-3517
-3917
-4608
-5069
-5112
-4795
-4235
-3642
-2747
-1636
-708
-70
489
1268
1930
2139
2070
1957
2021
2189
2235
2315
2519
2700
2751
2708
2710
2649
2358
1856
1111
277
-570
-1442
-2151
-2687
-3095
-3341
-3312
-2954
-2378
-1719
-1112
-504
55
391
622
835
996
951
742
758
937
1136
1335
1485
1770
1995
1992
1911
1733
1446
1005
415
-105
-502
-840
-1101
-1244
-1220
-1112
-927
-635
-258
120
403
686
980
1209
1387
1508
1630
1782
1875
1858
1811
1785
1762
1649
1390
1068
809
579
292
35
-290
-516
-569
-706
-714
-732
-801
-733
-772
-907
-1492
-2431
-3122
-3562
-3881
-4511
-5161
-5156
-4708
-3966
-3250
-2489
-1281
-336
136
497
969
1590
1782
1529
1316
1439
1759
1908
2120
2537
2909
3077
2997
2914
2817
2396
1658
707
-181
-1004
-1843
-2377
-2649
-2841
-2890
-2727
-2262
-1689
-1195
-734
-324
20
169
183
227
405
545
572
711
876
1153
1593
1914
2163
2160
1911
1728
1384
969
596
114
-287
-609
-816
-826
-735
-579
-469
-376
-214
3
209
410
616
788
947
1120
1321
1553
1768
1923
1962
1912
1841
1747
1578
1303
957
604
338
40
-181
-236
-269
-309
-434
-511
-540
-537
-631
-795
-969
-1707
-2704
-3420
-3793
-3913
-4409
-4950
-4807
-4254
-3558
-2977
-2242
-1136
-377
-119
-13
389
992
1163
1047
1014
1311
1755
1991
2342
2877
3236
3250
2944
2677
2468
1906
1135
270
-520
-1168
-1851
-2160
-2089
-2077
-2136
-2064
-1737
-1326
-1052
-875
-684
-520
-517
-486
-296
-58
268
594
951
1401
1793
2095
2363
2504
2388
2040
1641
1230
827
500
155
-107
-259
-354
-380
-356
-221
-108
-115
-157
-173
-137
-58
61
306
556
731
986
1290
1614
1840
1889
1831
1690
1564
1432
1211
928
695
530
307
116
29
-19
-74
-211
-387
-590
-777
-996
-1170
-1162
-1563
-2517
-3231
-3560
-3576
-3731
-4384
-4491
-3992
-3462
-3006
-2520
-1594
-692
-361
-360
-132
592
1091
1028
1003
1288
1742
2028
2214
2620
2988
2925
2529
2263
2065
1621
1045
439
-155
-754
-1322
-1577
-1543
-1548
-1659
-1727
-1575
-1344
-1212
-1064
-888
-677
-569
-545
-263
176
560
951
1218
1315
1513
1768
1885
1909
1804
1556
1324
1077
874
793
696
503
279
59
-149
-158
-114
-229
-361
-441
-453
-334
-138
112
435
678
841
1057
1307
1527
1699
1734
1621
1466
1343
1281
1207
1083
945
796
597
374
246
170
-23
-310
-534
-800
-1079
-1238
-1319
-1251
-1678
-2640
-3207
-3432
-3424
-3659
-4274
-4275
-3858
-3422
-3007
-2514
-1521
-649
-343
-309
-56
694
1095
978
963
1190
1659
1919
2089
2522
2849
2825
2446
2085
1881
1513
977
373
-208
-720
-1204
-1409
-1377
-1413
-1449
-1460
-1424
-1312
-1209
-1087
-885
-719
-678
-555
-186
266
648
955
1279
1495
1456
1442
1551
1643
1565
1260
1048
971
852
806
775
668
510
265
-16
-159
-182
-283
-435
-504
-446
-294
-88
258
682
999
1086
1120
1352
1589
1680
1637
1556
1490
1414
1325
1209
1139
1061
886
603
305
160
-3
-244
-574
-860
-1007
-1253
-1479
-1461
-1344
-1807
-2710
-3226
-3303
-3253
-3605
-4138
-3989
-3507
-3102
-2745
-2185
-1151
-414
-303
-323
21
650
797
680
820
1174
1566
1722
1946
2411
2670
2505
2140
1840
1548
1156
709
242
-214
-658
-1023
-1105
-1018
-1050
-1110
-1106
-1113
-1162
-1141
-1033
-859
-689
-622
-374
61
356
552
830
1146
1345
1354
1241
1306
1453
1399
1308
1197
1090
1040
920
759
613
469
214
-75
-180
-220
-271
-286
-258
-145
46
223
436
734
927
987
1096
1224
1338
1444
1443
1420
1418
1340
1267
1103
913
841
636
328
57
-152
-323
-560
-770
-864
-1030
-1193
-1293
-1247
-1291
-2005
-2758
-2989
-3058
-3185
-3653
-3947
-3541
-3017
-2632
-2308
-1633
-755
-417
-477
-435
6
441
407
375
725
1253
1627
1844
2186
2496
2498
2213
1854
1602
1244
763
378
52
-217
-468
-630
-685
-760
-848
-987
-1112
-1207
-1275
-1180
-985
-848
-707
-442
-42
354
498
577
829
1042
1141
1110
1071
1243
1409
1463
1461
1409
1341
1181
994
750
508
314
78
-89
-180
-207
-161
-60
38
89
226
314
383
567
627
714
908
1073
1240
1317
1330
1342
1316
1234
1055
844
651
511
358
134
-34
-187
-379
-542
-691
-869
-1057
-1199
-1322
-1306
-1384
-2000
-2608
-2798
-2832
-3000
-3457
-3582
-3072
-2599
-2283
-1918
-1222
-509
-353
-378
-265
136
413
295
387
731
1159
1458
1599
1909
2114
1990
1679
1376
1130
761
367
124
-78
-233
-351
-400
-376
-519
-708
-803
-915
-1037
-1082
-983
-743
-509
-291
-25
216
405
535
660
784
805
858
989
1104
1233
1365
1444
1401
1326
1124
911
760
469
278
134
-29
-7
74
116
181
263
322
307
300
347
394
503
629
789
959
1058
1144
1206
1208
1091
960
830
677
535
363
260
214
91
-24
-143
-388
-641
-835
-1008
-1134
-1266
-1325
-1262
-1221
-1442
-1895
-2167
-2280
-2361
-2622
-2897
-2774
-2459
-2088
-1730
-1353
-865
-607
-544
-463
-315
-94
-33
72
298
508
789
1097
1402
1543
1473
1317
1144
974
765
547
383
302
246
168
99
91
75
-82
-338
-504
-596
-580
-559
-535
-391
-221
-1
212
368
446
483
502
423
311
321
466
674
823
909
999
1032
1052
997
839
715
546
403
345
327
371
435
515
543
580
609
565
584
621
619
624
618
701
842
927
943
884
780
658
526
379
202
90
36
-5
-24
-64
-168
-311
-466
-663
-840
-970
-1100
-1154
-1159
-1074
-995
-1268
-1573
-1786
-2046
-2164
-2289
-2426
-2408
-2270
-1978
-1573
-1142
-887
-774
-672
-593
-476
-427
-363
-158
45
280
569
838
1107
1260
1258
1143
976
844
785
783
723
631
554
536
557
477
325
129
-99
-259
-308
-374
-386
-362
-321
-189
-150
-52
53
20
89
128
178
351
452
611
773
874
985
983
932
892
852
833
795
706
633
699
758
780
824
746
688
620
492
431
333
260
286
308
363
414
455
513
490
364
270
205
147
133
51
13
10
-47
-67
-136
-223
-308
-467
-594
-705
-763
-760
-807
-848
-822
-816
-891
-1038
-1366
-1690
-1853
-1966
-1959
-1919
-1940
-1812
-1535
-1238
-977
-844
-856
-923
-887
-749
-519
-312
-162
59
272
516
773
907
965
955
876
899
952
910
924
947
926
946
911
821
671
469
296
103
-8
-148
-256
-254
-225
-94
-82
-122
-124
-185
-141
-110
-115
-46
20
132
305
490
670
793
829
798
793
861
954
967
920
942
993
1058
1068
997
905
746
577
418
326
281
223
207
192
194
227
194
125
2
-123
-191
-301
-355
-345
-305
-268
-313
-330
-315
-353
-387
-494
-639
-697
-734
-728
-698
-726
-752
-762
-765
-710
-696
-764
-816
-890
-924
-922
-951
-894
-815
-799
-735
-671
-640
-640
-649
-614
-566
-502
-442
-360
-216
-117
-43
39
58
132
174
158
185
236
336
415
472
510
548
602
610
591
595
570
529
504
450
450
463
443
426
430
462
443
365
301
291
292
270
245
289
353
344
364
368
371
431
442
406
392
392
397
435
456
439
392
384
397
366
341
289
229
208
145
82
71
33
15
-36
-101
-146
-226
-254
-319
-409
-400
-364
-328
-334
-332
-304
-316
-337
-370
-432
-425
-400
-418
-411
-399
-363
-358
-373
-347
-306
-269
-269
-282
-306
-305
-310
-358
-343
-334
-322
-288
-290
-276
-226
-225
-246
-231
-241
-208
-178
-143
-82
-109
-94
-43
-70
-16
54
46
70
95
112
171
186
154
176
186
187
178
153
187
164
142
167
132
146
178
174
206
198
172
192
182
204
247
269
276
255
286
293
275
260
228
234
227
231
241
235
262
279
275
264
227
230
242
206
202
171
108
74
54
50
54
23
-2
33
46
50
56
-18
-35
-29
-66
-52
-82
-149
-147
-164
-209
-225
-250
-268
-244
-219
-217
-213
-227
-243
-241
-260
-289
-280
-276
-293
-274
-256
-242
-213
-233
-217
-189
-190
-156
-158
-170
-167
-173
-181
-149
-118
-110
-70
-59
-64
-26
1
40
88
92
79
65
88
91
75
115
131
103
87
81
79
99
118
119
128
95
97
162
165
163
189
174
164
132
91
113
117
132
127
62
52
72
61
56
81
89
118
145
108
106
151
150
88
78
87
74
77
29
29
53
23
41
25
-11
16
30
12
-9
-21
-18
-44
-72
-55
-67
-97
-129
-175
-159
-135
-135
-126
-124
-134
-150
-167
-152
-136
-158
-159
-147
-126
-86
-95
-112
-51
-19
-20
3
2
-16
-31
-48
-57
-58
-67
-85
-73
-46
-7
-4
-6
16
3
15
41
65
93
85
55
65
82
69
59
44
51
57
35
55
67
75
86
99
107
114
132
141
149
116
96
97
85
62
58
66
37
45
10
17
-10
-248
-371
-413
-212
273
522
522
274
-63
-141
-17
180
304
214
-24
-153
-129
-13
161
200
70
-222
-606
-765
-604
-205
174
312
225
-30
-214
-207
-8
169
127
-19
-242
-295
-104
138
357
349
99
-215
-399
-397
-186
29
7
-8
-113
-177
-118
-171
-197
-301
-329
-170
-104
-98
-66
92
210
185
181
91
69
71
-6
0
-23
46
161
105
131
223
238
257
171
54
22
69
131
172
141
150
189
154
173
163
104
34
-1
45
115
167
213
221
96
4
-4
8
72
-20
-110
-135
-198
-47
86
99
135
14
-68
-117
-196
-82
-24
-8
44
8
-49
-73
-55
-39
-33
-86
-161
-205
-193
-109
-24
-9
-60
-109
-125
-189
-208
-139
-141
-119
-102
-173
-187
-182
-177
-48
19
-34
-51
-77
-90
-29
28
74
29
-34
23
42
16
2
-13
3
62
111
126
89
5
-16
43
72
-6
-82
-52
-5
8
-7
-36
-41
-8
50
83
49
29
49
98
119
98
93
91
68
69
155
206
188
156
138
184
263
314
263
182
155
126
163
203
141
49
-19
-19
12
4
-35
-47
-37
-15
-30
-83
-88
-60
-77
-106
-103
-95
-130
-178
-148
-74
-62
-87
-106
-128
-103
-26
-4
-45
-94
-148
-137
-71
-19
-24
-82
-142
-108
-39
-45
-119
-192
-199
-128
-104
-135
-119
-65
12
27
2
15
-7
-68
-57
-19
0
25
-6
9
90
107
112
85
58
9
-56
-39
-44
-51
-31
-6
29
22
11
3
-45
-81
-63
13
30
4
53
119
141
86
68
90
82
77
39
52
136
183
227
229
200
238
219
153
133
138
137
78
44
75
140
179
123
62
30
0
-12
-35
-44
-58
-77
-32
0
-18
-34
-77
-84
-90
-129
-154
-187
-172
-95
-77
-125
-119
-77
-63
-76
-136
-162
-108
-117
-95
-45
-84
-81
-57
-91
-55
-50
-93
-48
-34
0
38
4
-18
27
60
22
6
18
16
8
-14
-6
8
25
5
-31
-5
9
14
37
19
-32
-28
-23
-56
-81
-101
-99
-70
-49
-52
-58
-63
-32
-16
-10
-7
-9
-10
27
90
102
107
104
109
139
172
165
127
118
112
148
187
188
214
182
97
96
110
116
154
89
29
51
79
128
87
-27
-27
-18
-51
-23
-46
-58
-22
-48
-73
-34
-26
-50
-69
-101
-105
-87
-95
-128
-119
-85
-61
-71
-89
-95
-119
-132
-128
-104
-100
-108
-56
-50
-55
-34
-72
-45
-2
-60
-54
-15
-15
9
15
27
29
8
17
39
38
15
3
10
14
64
98
75
55
-6
-77
-77
-34
-23
-61
-76
-106
-108
-60
-97
-76
-26
-78
-73
-51
-45
3
16
25
31
30
63
106
153
185
184
182
180
173
175
189
218
205
164
116
97
124
105
79
85
62
46
44
16
30
39
3
-15
-60
-56
-20
-16
-11
-49
-62
-46
-25
-9
-18
-7
-1
-39
-97
-97
-90
-139
-118
-99
-122
-129
-140
-127
-94
-113
-171
-187
-189
-152
-79
-45
-56
-69
-69
-15
9
2
34
6
-25
-27
8
61
93
92
47
73
134
112
56
13
3
-12
13
67
32
10
30
27
21
-9
-82
-106
-87
-81
-55
-46
-29
8
-3
-47
-91
-55
31
21
-16
5
38
85
116
117
118
126
123
114
117
94
99
101
44
76
148
144
144
91
12
8
15
27
45
57
59
33
33
79
80
37
-29
-79
-50
-38
-53
-34
-17
-18
-15
-12
-45
-78
-94
-101
-87
-101
-111
-122
-140
-114
-96
-113
-149
-171
-144
-129
-154
-141
-114
-83
-23
21
39
31
-1
-23
-5
35
77
93
79
57
54
84
115
144
163
117
40
9
11
31
44
34
22
19
-3
-42
-42
-36
-61
-86
-123
-150
-118
-69
-32
0
-13
-48
-75
-61
-22
-22
-34
-20
17
82
156
184
130
84
87
74
86
97
76
76
62
52
84
85
46
36
30
50
62
45
42
29
26
61
66
37
46
69
82
30
-35
-37
-18
-3
6
-4
-27
-15
-13
-20
-31
-64
-114
-137
-126
-135
-139
-179
-202
-147
-113
-138
-138
-138
-133
-93
-99
-76
-30
-17
8
36
61
52
35
54
73
61
72
74
97
141
126
123
129
130
112
86
81
40
-17
-44
-45
-32
-27
-49
-71
-88
-76
-65
-87
-121
-130
-118
-80
-61
-79
-64
-47
-37
-2
24
17
6
-3
21
74
75
72
82
85
88
97
79
60
58
34
48
53
35
28
45
81
99
92
89
93
80
48
43
67
61
63
98
101
83
62
40
30
21
29
12
-9
-12
-36
-39
-38
-54
-79
-119
-163
-189
-189
-203
-223
-216
-169
-140
-148
-141
-148
-141
-94
-65
-25
12
-8
-7
41
88
111
108
77
54
89
115
126
143
119
60
74
106
104
85
17
-13
-11
-39
-64
-74
-85
-68
-75
-89
-72
-64
-40
-29
-45
-58
-64
-49
-54
-36
38
21
-2
32
12
29
71
43
22
8
19
62
72
57
39
39
14
-15
20
28
7
31
32
17
56
73
64
84
83
61
70
82
57
82
99
47
56
59
46
94
85
35
32
-3
-26
5
-8
-33
-44
-90
-112
-89
-103
-138
-175
-209
-214
-175
-141
-154
-145
-118
-92
-70
-69
-43
-16
-27
-18
-7
-7
30
59
65
98
107
89
91
104
107
106
122
129
105
96
76
67
67
24
-25
-37
-46
-61
-62
-80
-78
-71
-65
-42
-37
-42
-29
-41
-72
-51
-43
-39
-6
-8
-14
6
24
34
36
21
16
20
30
44
54
42
9
8
25
11
3
7
18
34
30
35
39
41
56
58
60
45
39
70
57
29
33
38
38
56
71
46
25
30
20
-9
-32
-36
-32
-45
-50
-58
-89
-104
-98
-103
-115
-124
-111
-83
-72
-70
-76
-82
-97
-82
-51
-45
-46
-42
-9
-3
-14
32
47
52
98
112
100
87
106
134
97
67
87
73
57
62
35
-2
-31
-43
-35
-36
-45
-57
-61
-72
-67
-48
-52
-51
-57
-48
-35
-48
-36
-21
-7
14
35
26
3
24
50
53
50
48
40
64
69
32
33
31
1
-21
-23
16
28
1
-1
21
41
36
25
37
55
40
37
55
47
27
26
46
65
59
43
13
6
7
-15
-9
17
-3
-28
-34
-53
-75
-99
-117
-110
-107
-106
-93
-101
-102
-69
-42
-43
-40
-41
-44
-40
-41
-26
-14
-27
-12
26
41
41
48
59
57
39
32
39
57
73
66
40
37
23
-15
-26
-22
-11
-21
-43
-35
-26
-38
-29
-20
-26
-21
-26
-26
-4
23
26
9
0
-4
8
25
37
35
41
44
50
60
36
33
52
58
55
46
37
38
34
18
-7
-3
8
-11
-1
15
13
23
11
-5
13
16
13
20
9
17
28
20
6
0
12
32
24
17
25
15
11
-9
-42
-51
-50
-56
-59
-63
-62
-54
-69
-80
-76
-91
-80
-54
-53
-77
-79
-47
-30
-32
-45
-39
-16
-10
-11
7
30
26
30
51
40
32
36
40
43
40
25
17
10
-12
-3
10
-12
-14
-3
-19
-27
-28
-17
-14
-23
-5
0
3
11
18
21
14
20
45
52
49
59
80
91
47
3
12
31
34
28
27
45
44
20
10
0
-12
-24
-42
-37
-10
-13
-14
-9
-15
-21
-27
2
14
9
27
29
22
33
40
36
55
46
30
44
56
63
50
18
3
0
-17
-19
-26
-49
-53
-47
-38
-45
-69
-80
-75
-77
-79
-62
-65
-65
-62
-75
-70
-56
-57
-47
-27
2
8
-2
8
5
10
27
40
52
44
18
15
23
21
19
14
0
-7
1
7
-9
-27
-26
-19
-21
-26
-16
-3
-5
-12
-15
-2
10
-16
-7
33
38
26
26
41
64
57
49
55
56
51
42
50
40
16
4
4
19
5
-9
-8
-11
-17
-21
-32
-25
-6
-7
-3
-3
-2
23
31
19
11
3
19
44
64
65
57
55
50
38
34
17
15
38
26
1
-23
-29
-38
-61
-68
-67
-65
-70
-85
-70
-68
-92
-80
-57
-50
-44
-54
-42
-21
-28
-13
-9
-10
23
18
-1
22
29
13
26
49
52
31
3
3
19
1
-29
-10
-1
-15
-15
-21
-10
-6
-8
-6
-11
-16
-21
-12
19
21
26
41
22
-7
-5
18
43
45
34
30
28
33
35
30
22
14
11
9
21
15
2
18
-5
-12
9
-1
-13
-16
-28
-20
8
-4
-16
1
9
-5
-14
6
17
21
20
11
29
19
-2
-1
3
32
34
14
8
2
21
22
-31
-19
3
-18
-18
-44
-45
-32
-66
-73
-63
-72
-67
-51
-44
-27
-18
-23
-22
-25
-12
9
3
1
19
34
39
36
11
4
10
17
24
14
6
2
-5
3
20
0
-7
4
-4
-6
17
22
-13
-14
-7
-8
14
24
28
34
19
19
38
38
30
37
39
39
33
20
22
32
21
-7
-17
-2
2
-2
10
8
-1
4
-3
-4
11
10
-1
-10
-8
15
-8
-33
-7
-3
-2
-9
-16
4
-2
-21
-26
-17
-18
-18
-12
-11
-2
1
4
-4
