53
53
55
58
54
52
50
45
44
40
35
37
37
31
28
24
20
20
13
6
5
2
-3
-2
-1
-1
0
-1
-4
-7
-5
-2
-3
-6
-9
-12
-16
-18
-19
-18
-14
-15
-18
-17
-12
-12
-14
-15
-14
-14
-12
-11
-10
-6
-3
-5
-3
0
-2
3
-1
-3
-2
-5
-6
-8
-7
-6
-9
-10
-13
-12
-11
-15
-16
-16
-18
-16
-16
-17
-20
-19
-18
-17
-17
-18
-17
-11
-11
-11
-4
-3
-2
-3
-5
-5
-2
1
4
6
9
11
11
9
13
17
17
16
17
14
14
15
2
-7
-13
-19
-26
-34
-42
-44
-40
-38
-36
-32
-29
-26
-20
-18
-15
-7
-5
-4
-1
4
14
25
34
38
45
55
60
63
63
63
63
58
49
45
43
38
35
35
32
29
27
23
19
15
8
4
2
-5
-7
-6
-12
-8
-6
-8
-5
-5
-5
2
1
-3
-6
-11
-14
-15
-18
-19
-18
-15
-13
-16
-17
-13
-8
-7
-9
-9
-9
-12
-10
-9
-3
2
1
1
1
-2
0
2
-2
-3
-5
-8
-9
-16
-16
-15
-19
-18
-22
-24
-21
-23
-21
-21
-24
-28
-34
-36
-32
-28
-23
-18
-14
-14
-11
-2
3
0
-4
-2
-5
0
8
10
13
14
14
12
12
15
12
15
23
24
23
24
25
15
-4
-21
-31
-37
-51
-82
-98
-90
-84
-82
-75
-63
-56
-48
-44
-42
-27
-22
-20
-12
-4
17
48
72
88
97
112
133
143
145
145
143
143
123
107
112
108
90
67
56
59
62
58
46
37
28
11
-9
-16
-19
-27
-40
-52
-48
-34
-20
-15
-20
-21
-16
-17
-20
-20
-19
-29
-42
-45
-41
-33
-25
-29
-31
-20
-22
-27
-19
-23
-24
-13
-10
-9
1
4
3
7
7
4
2
-1
-6
-8
-11
-14
-10
-15
-31
-38
-39
-45
-45
-47
-52
-48
-53
-59
-50
-46
-52
-53
-54
-48
-40
-37
-33
-27
-24
-9
4
5
15
22
21
29
34
34
43
48
34
24
38
46
45
50
47
46
42
47
53
21
-29
-71
-93
-99
-118
-183
-236
-238
-221
-201
-192
-173
-151
-138
-125
-117
-82
-37
-30
-36
-33
2
75
144
183
215
248
292
328
328
330
330
301
265
239
217
204
186
155
123
116
116
118
100
56
41
31
-2
-32
-55
-70
-84
-113
-125
-99
-64
-54
-59
-60
-43
-26
-32
-35
-32
-42
-61
-56
-42
-31
-21
-35
-43
-49
-50
-35
-33
-34
-39
-53
-41
-13
1
2
-1
15
32
30
16
9
9
7
-1
-11
-13
-24
-43
-56
-59
-70
-72
-39
-44
-84
-92
-110
-120
-107
-111
-140
-152
-125
-95
-82
-64
-49
-32
-22
-17
3
17
23
22
41
65
60
64
93
105
103
87
80
110
120
115
120
119
111
91
11
-105
-181
-215
-239
-334
-452
-483
-459
-413
-393
-395
-347
-287
-262
-236
-187
-121
-73
-51
-29
24
134
262
352
401
448
530
602
649
665
631
585
547
485
416
369
309
245
194
135
121
155
142
81
23
-36
-65
-87
-147
-199
-225
-248
-246
-202
-159
-137
-111
-86
-61
-32
0
22
8
-11
-20
-10
-2
1
5
5
10
-14
-20
-9
-34
-60
-71
-80
-60
-33
-36
-22
-11
-14
4
35
42
26
16
22
27
13
-5
-5
-18
-47
-66
-80
-80
-85
-105
-118
-133
-141
-161
-185
-202
-217
-200
-162
-139
-133
-123
-99
-54
-23
-13
15
31
30
43
52
65
111
134
125
130
134
129
133
146
152
121
70
36
-35
-182
-338
-433
-459
-526
-689
-828
-806
-662
-578
-568
-512
-413
-314
-251
-197
-96
0
58
110
170
289
465
620
707
746
804
929
1030
1019
931
829
765
664
512
397
316
244
153
58
-4
8
37
-10
-89
-175
-201
-197
-232
-282
-335
-323
-258
-221
-151
-33
30
82
145
175
217
217
170
118
57
32
46
25
-29
-25
-26
-37
-31
-64
-92
-124
-180
-232
-238
-173
-134
-161
-147
-98
-24
52
70
90
108
92
102
95
64
55
10
-41
-41
-72
-81
-45
-70
-116
-184
-224
-210
-237
-277
-304
-318
-315
-283
-229
-177
-145
-142
-101
-8
49
40
41
34
19
67
89
101
121
102
112
140
142
129
104
14
-217
-505
-725
-807
-809
-984
-1298
-1391
-1224
-970
-787
-728
-597
-373
-175
-43
66
207
345
438
453
555
813
1105
1296
1311
1283
1406
1591
1593
1403
1178
1019
839
580
347
175
5
-155
-300
-382
-344
-286
-265
-319
-412
-445
-378
-304
-336
-391
-368
-243
-59
98
252
390
517
593
634
717
742
680
530
359
273
227
142
19
-110
-194
-237
-268
-298
-371
-452
-547
-634
-646
-600
-535
-446
-348
-270
-144
55
201
258
278
255
297
365
345
291
250
186
89
68
60
12
-16
-103
-240
-323
-346
-380
-450
-527
-594
-588
-504
-421
-374
-350
-272
-171
-94
-22
11
27
50
45
81
102
69
85
56
-6
-47
-96
-271
-684
-1101
-1320
-1365
-1464
-1818
-2058
-1897
-1522
-1174
-1006
-803
-423
-60
224
422
658
961
1094
1093
1148
1383
1718
1963
2029
1981
2031
2121
2076
1826
1428
1074
759
398
5
-375
-623
-776
-940
-1028
-1006
-845
-676
-626
-619
-586
-386
-135
-69
-25
71
265
587
797
910
1026
1171
1341
1414
1290
999
644
311
-5
-260
-492
-722
-845
-905
-892
-737
-588
-542
-547
-541
-469
-427
-445
-425
-359
-276
-118
119
353
557
709
820
902
912
854
778
617
383
174
57
8
-89
-242
-382
-433
-472
-519
-612
-740
-796
-857
-864
-774
-701
-566
-398
-305
-151
69
300
437
456
456
444
464
421
290
146
-22
-195
-352
-637
-1115
-1664
-2106
-2295
-2385
-2684
-3183
-3300
-2821
-2234
-1850
-1609
-1152
-401
254
656
1019
1499
1906
2082
2148
2297
2641
2959
3012
2872
2697
2691
2730
2449
1884
1237
710
267
-312
-875
-1315
-1637
-1860
-2052
-1995
-1676
-1329
-1090
-955
-697
-275
157
459
597
748
998
1347
1675
1881
2065
2225
2306
2267
2101
1904
1544
919
169
-474
-901
-1256
-1720
-2174
-2306
-2120
-1874
-1646
-1404
-1138
-792
-517
-331
-58
209
383
518
647
870
1170
1368
1425
1428
1422
1372
1226
977
633
261
-65
-394
-666
-825
-1019
-1206
-1313
-1378
-1313
-1201
-1179
-1181
-1152
-1017
-753
-526
-327
-87
177
446
689
891
1062
1192
1187
1074
941
744
460
130
-224
-583
-904
-1288
-1895
-2706
-3304
-3457
-3422
-3623
-4109
-4209
-3564
-2619
-1909
-1453
-864
51
992
1647
2118
2657
3157
3360
3322
3303
3513
3768
3677
3184
2657
2453
2319
1859
1059
178
-469
-925
-1436
-2062
-2535
-2660
-2643
-2552
-2292
-1843
-1186
-552
-141
269
860
1532
1997
2131
2146
2291
2582
2757
2622
2371
2200
1992
1613
1091
579
51
-573
-1257
-1829
-2097
-2207
-2341
-2503
-2479
-2122
-1668
-1279
-926
-560
-127
293
597
896
1226
1459
1577
1661
1763
1893
1920
1698
1391
1149
853
544
184
-309
-740
-1097
-1370
-1528
-1684
-1814
-1854
-1823
-1679
-1492
-1289
-1059
-880
-648
-322
19
351
610
821
1029
1176
1275
1353
1349
1200
987
704
328
-18
-371
-824
-1276
-1693
-2172
-2886
-3670
-4120
-4126
-3974
-4145
-4486
-4166
-2985
-1774
-1039
-505
299
1463
2418
2864
3157
3534
3846
3794
3528
3432
3546
3522
3019
2286
1759
1584
1319
516
-537
-1340
-1806
-2164
-2517
-2786
-2833
-2639
-2359
-1845
-1029
-212
425
929
1437
1991
2562
2984
3077
2892
2649
2567
2632
2509
2053
1449
950
571
107
-454
-1027
-1596
-2122
-2511
-2657
-2558
-2404
-2242
-2022
-1598
-914
-260
203
505
758
1060
1360
1593
1696
1719
1717
1688
1670
1627
1491
1225
826
409
92
-190
-514
-911
-1323
-1593
-1689
-1643
-1585
-1609
-1621
-1487
-1174
-774
-472
-306
-120
120
388
669
862
925
910
951
1007
974
866
695
476
110
-342
-735
-1051
-1393
-1892
-2406
-2962
-3729
-4329
-4459
-4179
-3909
-4173
-4241
-3242
-1715
-518
75
564
1561
2697
3341
3499
3579
3738
3747
3475
3119
3031
3044
2677
1929
1158
800
716
217
-815
-1801
-2212
-2282
-2434
-2640
-2659
-2281
-1732
-1158
-312
666
1455
1948
2257
2671
3148
3418
3298
2840
2404
2162
2060
1846
1307
635
121
-208
-596
-1046
-1490
-2009
-2428
-2651
-2587
-2204
-1823
-1536
-1194
-629
154
849
1198
1315
1353
1430
1574
1608
1502
1301
1081
978
948
907
772
515
165
-165
-393
-606
-809
-1091
-1421
-1561
-1488
-1321
-1165
-1075
-980
-847
-530
-74
179
226
229
351
643
899
914
803
782
781
696
615
460
179
-93
-504
-969
-1315
-1654
-2002
-2461
-3248
-4198
-4661
-4477
-4080
-4045
-4458
-4257
-2829
-1167
-158
315
928
2046
3089
3530
3558
3622
3638
3335
2909
2613
2586
2560
1958
999
460
454
455
-183
-1343
-2164
-2206
-1944
-1959
-2078
-1958
-1476
-694
63
823
1699
2294
2494
2655
2971
3299
3336
2835
2031
1553
1416
1279
922
218
-424
-702
-888
-1142
-1459
-1793
-2045
-2168
-2074
-1705
-1170
-711
-432
-41
623
1311
1701
1678
1484
1335
1277
1227
1037
740
482
333
318
380
410
307
43
-195
-346
-422
-533
-795
-1005
-1067
-999
-881
-761
-584
-485
-452
-298
18
277
286
172
112
238
423
408
248
107
48
97
154
59
-204
-455
-661
-862
-1077
-1403
-1797
-2324
-3200
-4039
-4261
-3976
-3693
-3928
-4261
-3536
-1820
-355
299
625
1317
2418
3179
3255
3015
2847
2688
2310
1918
1755
1770
1547
895
230
80
326
193
-653
-1556
-1699
-1267
-1067
-1216
-1176
-644
183
817
1305
2042
2723
2927
2799
2692
2778
2708
2159
1276
576
341
241
-54
-528
-971
-1075
-975
-1073
-1268
-1386
-1435
-1402
-1248
-906
-392
55
357
731
1246
1716
1885
1711
1379
1085
842
493
90
-212
-377
-443
-402
-253
-63
40
-24
-80
-3
26
-77
-267
-351
-263
-159
-71
-47
34
196
318
323
295
321
292
149
-29
-129
-171
-205
-344
-562
-579
-444
-408
-482
-625
-699
-727
-839
-1080
-1373
-1670
-2206
-3119
-3895
-3975
-3620
-3512
-3954
-4056
-2874
-1082
36
353
735
1623
2674
3028
2629
2374
2382
2186
1711
1286
1179
1252
970
228
-285
-39
257
-203
-1116
-1604
-1259
-777
-736
-767
-377
412
1129
1657
2294
2942
3226
3069
2856
2800
2667
2134
1248
421
6
-107
-315
-719
-1070
-1187
-1142
-1033
-1033
-1132
-1241
-1319
-1128
-697
-232
103
314
708
1323
1793
1944
1781
1470
1198
887
480
10
-373
-628
-769
-693
-465
-220
-138
-231
-201
36
192
10
-253
-335
-223
9
153
200
350
553
688
750
742
725
684
445
159
33
-68
-197
-410
-663
-699
-660
-700
-672
-797
-984
-1002
-1082
-1283
-1506
-1853
-2560
-3578
-4257
-4181
-3734
-3740
-4311
-4123
-2557
-700
355
593
1040
2048
2913
3059
2680
2416
2256
1852
1323
1003
1029
1077
604
-127
-428
-142
11
-605
-1510
-1776
-1312
-752
-659
-597
15
902
1719
2317
2920
3456
3572
3345
3074
2930
2691
1964
945
155
-192
-305
-573
-985
-1214
-1245
-1145
-1058
-1156
-1293
-1358
-1304
-1045
-643
-278
51
456
998
1601
1989
2001
1760
1460
1147
767
318
-134
-481
-676
-691
-558
-341
-180
-151
-166
-98
19
-55
-305
-496
-482
-325
-146
-6
144
374
644
854
925
923
909
790
563
331
196
186
11
-308
-409
-394
-273
-302
-606
-735
-861
-1026
-1178
-1575
-1945
-2325
-3239
-4312
-4723
-4356
-3900
-4189
-4716
-3939
-1806
-87
399
626
1440
2691
3365
3024
2565
2449
2315
1840
1220
1007
1102
974
225
-601
-589
-184
-377
-1349
-2160
-1846
-981
-609
-782
-542
574
1670
2210
2567
3141
3717
3657
3130
2835
2767
2396
1415
380
-52
-86
-203
-647
-1139
-1147
-910
-861
-1121
-1408
-1291
-1061
-977
-901
-566
81
624
934
1232
1623
1928
1791
1363
1015
689
268
-187
-517
-556
-416
-321
-257
-48
239
338
252
130
70
-60
-289
-487
-495
-267
-119
-84
48
318
630
700
586
561
648
648
382
38
-52
66
9
-209
-380
-285
-46
-116
-384
-591
-686
-876
-1262
-1745
-2597
-3803
-4789
-4947
-4546
-4540
-5127
-5118
-3497
-1389
-170
332
916
2015
3085
3301
2855
2569
2471
2079
1492
1110
1160
1332
865
-73
-463
-85
100
-674
-1765
-2053
-1471
-977
-973
-826
-20
1020
1740
2333
3092
3755
3776
3254
2831
2715
2453
1611
503
-183
-310
-310
-553
-875
-985
-895
-869
-985
-1089
-1002
-880
-917
-797
-376
238
776
1031
1233
1531
1734
1657
1297
794
330
-80
-496
-731
-699
-559
-448
-242
162
498
581
455
350
331
185
-80
-300
-324
-214
-96
31
194
421
623
680
540
489
593
486
199
-93
-193
-96
-131
-219
-178
-66
-22
-150
-268
-331
-488
-766
-1209
-1829
-2766
-4128
-4941
-4813
-4533
-4756
-5399
-4923
-2881
-891
-17
275
1075
2326
3116
3014
2438
2215
2167
1685
1076
809
954
1092
481
-372
-442
4
-21
-1035
-2042
-1882
-1020
-529
-685
-495
639
1852
2476
2784
3394
4000
3839
3163
2603
2411
2037
1028
-16
-529
-504
-478
-799
-1099
-1115
-858
-620
-749
-1010
-1059
-924
-758
-609
-314
160
666
1037
1271
1631
1849
1597
1166
713
300
-114
-590
-893
-904
-753
-583
-317
127
468
563
504
441
413
231
-68
-250
-165
36
153
221
374
650
857
880
795
696
608
479
202
-117
-238
-213
-254
-343
-364
-304
-223
-326
-579
-618
-600
-1035
-1807
-2981
-4372
-4982
-4757
-4538
-4964
-5606
-4856
-2537
-491
243
608
1510
2755
3399
2996
2465
2307
1962
1223
615
605
899
839
106
-623
-413
54
-230
-1323
-2164
-1856
-1130
-834
-910
-397
894
1859
2423
3045
3866
4353
3881
3088
2712
2566
1921
773
-183
-567
-561
-621
-796
-834
-735
-692
-736
-802
-716
-634
-944
-1130
-842
-244
356
614
821
1213
1594
1661
1460
1144
687
228
-294
-681
-693
-669
-679
-583
-249
308
653
538
316
278
247
24
-295
-413
-244
-41
-20
102
476
808
996
914
800
865
804
545
172
-81
-100
-104
-105
-127
-194
-206
-228
-325
-334
-395
-792
-1422
-2521
-4150
-5257
-5186
-4691
-4955
-5960
-5754
-3384
-813
166
351
1148
2637
3654
3334
2602
2383
2179
1457
590
369
756
1020
473
-458
-524
106
204
-923
-2207
-2207
-1348
-857
-1061
-832
486
1686
2220
2684
3575
4418
4133
3153
2549
2457
2103
959
-204
-715
-605
-446
-670
-718
-479
-257
-253
-557
-651
-471
-567
-913
-1019
-583
82
495
718
1003
1425
1669
1507
1186
723
208
-326
-883
-1043
-898
-732
-633
-396
193
661
740
588
480
457
201
-177
-322
-217
-92
-86
6
325
731
934
891
838
798
716
602
356
48
-95
-92
-55
-40
-32
-97
-186
-316
-468
-548
-837
-1702
-3402
-5117
-5472
-4891
-4783
-5821
-6481
-4895
-2127
-257
260
804
2138
3379
3587
2917
2543
2414
1729
743
157
455
971
806
-125
-671
-114
389
-185
-1564
-2240
-1593
-905
-926
-939
19
1398
2110
2440
3078
4107
4427
3567
2593
2235
2123
1354
88
-748
-837
-610
-668
-757
-519
-129
-21
-243
-376
-241
-263
-686
-922
-706
-202
191
395
736
1149
1481
1509
1248
952
575
89
-535
-930
-849
-698
-674
-621
-186
439
689
554
412
456
417
64
-299
-351
-130
4
-92
1
414
758
881
802
751
845
860
647
297
128
107
79
23
-56
-89
-131
-228
-346
-466
-699
-1521
-3304
-5071
-5444
-4934
-4955
-6100
-6791
-5154
-2355
-585
-79
599
2049
3305
3410
2733
2476
2342
1590
568
-21
371
993
792
-42
-421
101
575
-23
-1375
-1932
-1290
-730
-793
-801
166
1550
2228
2455
3034
4090
4413
3444
2351
1991
1917
1149
-138
-908
-907
-688
-775
-715
-298
114
224
-65
-157
-22
-168
-568
-857
-734
-377
-25
284
600
954
1256
1337
1085
754
512
125
-447
-805
-762
-536
-389
-339
27
633
827
628
464
504
490
106
-223
-201
0
94
-17
51
344
608
643
507
482
588
586
332
97
116
173
219
181
79
85
-6
-125
-301
-606
-995
-2152
-4059
-5351
-5264
-4648
-5047
-6254
-6044
-3762
-1277
-187
84
958
2406
3107
2560
1946
1918
1688
819
-139
-228
536
948
427
-323
-265
352
348
-608
-1529
-1384
-688
-461
-511
120
1452
2355
2533
2734
3503
4202
3747
2530
1690
1532
1246
292
-629
-851
-596
-508
-619
-392
112
407
175
-169
-12
170
-170
-618
-625
-267
14
91
336
719
974
1023
804
587
402
138
-315
-701
-680
-528
-422
-426
-207
332
647
569
390
434
577
474
142
-34
165
374
329
223
262
555
769
616
372
340
487
527
346
181
247
285
172
75
20
7
-211
-479
-656
-938
-1638
-3346
-5099
-5444
-4804
-4600
-5543
-6061
-4612
-2109
-316
151
651
1792
2735
2737
2006
1742
1697
1129
144
-487
45
818
688
-195
-766
-309
194
-345
-1433
-1674
-914
-372
-315
19
1210
2452
2740
2700
3176
4005
4011
2871
1746
1378
1351
750
-230
-726
-579
-365
-484
-455
-107
271
181
-380
-584
-252
61
-119
-508
-466
106
629
731
751
924
1084
939
537
283
138
-204
-694
-904
-640
-272
-185
-219
75
519
630
416
272
424
507
253
38
144
473
585
354
232
406
627
587
433
391
432
449
391
329
333
379
309
125
-18
-142
-302
-520
-756
-1006
-1592
-3046
-4825
-5380
-4785
-4426
-5252
-6084
-4905
-2424
-502
51
455
1647
2566
2611
2008
1674
1752
1296
289
-484
-96
760
781
-22
-786
-496
56
-337
-1291
-1706
-1045
-329
-175
137
1227
2550
2904
2666
2792
3422
3667
2686
1532
1126
1127
813
130
-204
-94
84
-188
-483
-182
100
-46
-547
-845
-658
-304
-85
-163
-63
291
677
937
974
1009
961
804
403
51
95
-15
-339
-611
-541
-163
-3
-64
8
351
477
228
142
372
573
353
33
174
532
648
395
219
338
447
492
387
386
495
503
493
515
551
484
424
271
0
-297
-523
-688
-887
-1088
-1921
-3634
-5181
-5468
-4795
-4600
-5432
-5859
-4396
-1915
-273
227
785
1826
2449
2176
1608
1581
1658
965
-68
-431
233
993
785
-113
-718
-467
-218
-789
-1573
-1718
-1048
-426
-69
634
1862
2980
3108
2876
3138
3640
3491
2389
1366
1067
1140
802
154
-51
113
115
-241
-437
-228
-93
-372
-867
-1010
-774
-373
-135
-129
87
481
857
988
969
971
937
737
296
45
51
-24
-261
-501
-399
-64
37
-57
87
387
386
176
150
400
568
315
39
199
544
580
231
35
197
435
518
371
401
518
526
514
385
434
492
352
201
-1
-132
-271
-451
-655
-987
-1765
-3667
-5453
-5662
-4979
-4663
-5558
-6030
-4417
-1843
-83
241
704
1714
2207
1935
1208
1234
1521
1016
95
-322
566
1580
1418
285
-599
-423
-242
-859
-1763
-1907
-1109
-361
11
666
2029
3141
3172
2712
2721
3372
3313
2174
1081
865
1277
1148
625
443
584
590
39
-376
-322
-330
-811
-1424
-1274
-635
-163
-85
-59
387
902
1058
871
645
521
466
304
-62
-199
-48
-40
-267
-453
-306
-20
13
-96
2
339
579
568
578
802
958
769
502
423
521
466
85
-228
-110
274
410
331
363
535
604
413
176
61
73
22
-220
-378
-354
-316
-309
-379
-639
-1672
-3611
-5284
-5561
-4846
-4781
-5678
-5810
-4196
-1753
-102
401
895
1559
1758
1334
824
985
1258
841
130
16
967
1901
1759
726
-236
-353
-321
-918
-1684
-1707
-865
-24
434
1013
2087
3099
3116
2517
2235
2458
2559
1892
1100
994
1303
1426
1097
819
787
513
-106
-765
-1022
-993
-1117
-1269
-1048
-453
235
700
930
1061
1097
1055
785
469
307
243
177
-73
-199
-10
70
-67
-351
-504
-468
-477
-392
-151
231
544
662
854
1104
1156
881
478
250
209
176
5
-4
173
378
566
599
590
516
428
231
-90
-219
-327
-297
-230
-392
-446
-463
-335
-357
-1290
-3214
-5158
-5623
-4966
-4674
-5303
-5665
-4324
-2128
-442
260
718
1369
1348
781
277
573
1285
1045
363
180
1046
2160
2086
1062
-99
-538
-655
-1118
-1608
-1603
-775
74
550
1276
2449
3356
3056
2179
1812
2149
2329
1658
1077
1213
1755
1869
1483
1243
1070
645
-258
-1039
-1189
-1257
-1422
-1353
-875
-197
251
570
893
1038
1000
684
413
343
293
428
460
409
419
326
168
-198
-550
-707
-754
-752
-675
-243
374
746
824
875
1082
1073
644
147
71
283
228
12
36
547
976
895
554
383
479
266
-177
-427
-360
-86
44
-57
-95
-111
-196
-291
-444
-1125
-2917
-4973
-5820
-5251
-4399
-4655
-5271
-4564
-2781
-977
-173
71
527
552
167
-205
157
1186
1513
1055
656
1132
2119
2352
1471
78
-727
-868
-1027
-1332
-1304
-542
358
825
1266
2129
2950
2759
1839
1340
1619
1986
1854
1601
1798
2314
2358
1905
1478
1116
516
-588
-1544
-1770
-1479
-1077
-848
-534
-56
399
749
941
866
519
219
63
162
481
786
969
813
541
370
184
-209
-831
-1222
-1160
-817
-436
22
691
1164
1156
960
858
784
423
-48
-180
116
472
646
829
1043
1174
946
489
162
-136
-327
-517
-650
-449
-97
267
360
122
-236
-482
-515
-657
-1513
-3378
-5333
-5908
-5007
-4035
-4196
-4790
-4322
-2739
-1192
-571
-330
-12
-117
-496
-469
475
1665
1939
1476
1091
1521
2252
2136
1142
-132
-888
-1038
-1029
-900
-519
170
729
986
1306
1915
2438
2107
1195
853
1404
2079
2261
2175
2397
2773
2584
1870
1173
654
-18
-1009
-1668
-1583
-1084
-621
-360
-108
129
159
127
191
196
29
-78
174
703
1127
1338
1379
1113
589
44
-309
-631
-994
-1102
-853
-317
235
706
1055
1049
719
330
178
145
-39
-202
-19
562
1078
1219
1149
1074
985
610
-9
-350
-396
-335
-181
-2
254
420
406
206
-172
-723
-1165
-1199
-1193
-1807
-3495
-5039
-5101
-4204
-3538
-4187
-4841
-4177
-2934
-1606
-1003
-600
-103
-258
-325
-95
721
1724
1734
1319
946
1161
1817
1914
1229
65
-668
-676
-410
-259
-168
185
599
880
1082
1476
1854
1690
1275
1084
1515
2093
2397
2528
2508
2476
2156
1721
1239
597
30
-652
-1042
-1039
-874
-462
-218
-159
-355
-583
-349
-19
102
3
48
476
910
1152
1241
1178
822
210
-306
-515
-548
-571
-574
-383
-47
322
712
860
624
223
12
95
208
191
267
554
911
1106
1093
981
789
553
267
16
-79
-74
89
234
282
306
245
180
-117
-584
-988
-1183
-968
-866
-1546
-3131
-4686
-4919
-4150
-3675
-4194
-4775
-4271
-2980
-1723
-1036
-544
-302
-528
-744
-575
328
1284
1580
1350
998
1257
1846
1978
1312
83
-705
-696
-341
-75
98
501
928
1129
1155
1361
1635
1445
1064
920
1401
2158
2577
2761
2782
2555
2072
1566
999
332
-237
-725
-883
-694
-481
-236
-143
-222
-454
-727
-587
-236
-50
1
158
632
1127
1302
1259
1037
594
54
-396
-527
-469
-443
-355
-111
195
436
589
603
337
-75
-250
-41
267
394
487
797
1165
1233
1036
808
615
449
203
40
171
334
414
430
359
243
90
-103
-419
-865
-1243
-1198
-851
-720
-1501
-3278
-4633
-4799
-4133
-3708
-4281
-4571
-4000
-2832
-1615
-995
-455
-499
-1055
-1086
-597
451
1252
1372
1426
1433
1637
1840
1657
1072
162
-513
-600
-304
95
489
752
920
942
912
1034
1003
831
717
997
1726
2270
2678
2892
2867
2558
1786
1213
873
524
123
-429
-520
-203
-22
-14
-314
-584
-824
-1111
-898
-497
-152
101
268
757
1103
1100
1072
790
342
-49
-255
-182
-117
-98
111
354
409
340
281
261
128
-121
-252
-55
344
546
628
852
1023
1009
733
457
444
402
291
255
313
426
552
592
523
300
-67
-400
-673
-814
-879
-795
-503
-569
-1605
-3453
-4738
-4587
-3837
-3803
-4467
-4459
-3543
-2481
-1852
-1442
-908
-1087
-1653
-1573
-681
626
1236
1314
1492
1712
1997
1971
1537
778
34
-83
248
479
472
559
847
1065
933
633
553
411
231
435
1229
2171
2470
2381
2412
2510
2178
1503
1004
702
554
323
193
393
457
336
92
-261
-646
-1013
-999
-608
-182
-23
-26
278
704
818
689
481
251
-11
-212
-119
77
-2
-53
188
467
508
251
109
160
-7
-188
-85
222
491
497
491
732
887
686
457
345
354
360
287
478
624
608
502
335
301
132
-107
-390
-662
-762
-788
-568
-341
-694
-2023
-3740
-4476
-4049
-3395
-3506
-4010
-4013
-3355
-2362
-1749
-1372
-1438
-1953
-1922
-1303
-240
665
939
1138
1230
1342
1695
1839
1457
672
75
280
971
1336
1185
880
777
811
697
569
502
402
335
627
1440
2089
2283
2190
2042
1874
1438
1122
1106
1022
708
474
609
779
579
205
-17
-318
-698
-853
-646
-219
-94
-106
18
178
366
354
287
245
-31
-225
-95
120
191
60
-2
211
446
393
227
172
135
23
-73
134
425
472
388
433
620
606
398
239
268
303
223
291
444
489
407
303
300
172
-118
-273
-268
-386
-636
-675
-421
-286
-1094
-2680
-3755
-3625
-2832
-2766
-3439
-3769
-3428
-2623
-2104
-1835
-1698
-2161
-2451
-2018
-965
147
436
468
646
666
932
1533
1883
1313
187
163
1344
2059
1700
1064
1047
1348
1100
680
668
739
565
483
943
1535
1739
1680
1646
1548
1146
855
923
938
730
540
743
1010
818
443
295
306
52
-419
-452
-37
191
99
-45
22
211
237
171
116
-7
-219
-273
-79
57
-2
-43
134
337
277
107
77
94
-58
-234
-141
119
211
136
144
264
289
88
-111
-131
-89
-119
-116
1
97
162
173
171
82
-153
-256
-225
-201
-304
-436
-335
-106
-108
-585
-1376
-2058
-2018
-1551
-1380
-1583
-2173
-2329
-1797
-1271
-882
-1061
-1740
-2103
-1876
-1095
-435
-491
-761
-881
-712
-177
319
431
72
-510
-459
308
932
988
627
477
789
1035
1043
879
681
667
777
1039
1234
1206
1198
1329
1379
1151
821
693
809
984
1006
909
880
869
889
1014
965
620
297
270
608
894
818
578
430
512
693
730
575
308
24
-27
154
257
176
64
92
172
94
-20
-74
-209
-383
-459
-354
-174
-131
-112
-16
53
7
-139
-188
-182
-208
-209
-181
-103
-35
1
12
-13
-135
-217
-178
-193
-230
-255
-288
-282
-615
-1215
-1274
-1031
-881
-1073
-1929
-2381
-2078
-1623
-1207
-1450
-2209
-2612
-2461
-1778
-1142
-1337
-1772
-1908
-1663
-888
-273
-162
-410
-843
-650
117
657
748
492
403
723
1064
1262
1338
1272
1230
1256
1371
1516
1548
1582
1639
1641
1489
1341
1412
1496
1435
1298
1158
1114
1212
1373
1439
1189
765
562
669
933
954
675
465
425
526
668
649
428
85
-84
53
203
163
-120
-356
-324
-183
-84
-134
-308
-477
-516
-498
-461
-404
-405
-395
-389
-374
-227
-62
1
-14
-56
-60
-20
-5
12
88
136
77
-49
-145
-137
-90
-145
-233
-294
-533
-1016
-1333
-1235
-1001
-924
-1447
-2137
-2143
-1796
-1349
-1257
-1831
-2328
-2418
-2010
-1293
-1066
-1430
-1827
-1863
-1312
-555
-204
-356
-766
-801
-213
485
798
609
352
490
917
1215
1266
1162
1060
1131
1282
1388
1390
1407
1437
1449
1450
1337
1303
1322
1306
1345
1239
1080
1059
1128
1281
1270
966
724
676
784
961
856
544
359
331
507
663
523
227
11
43
211
311
222
-6
-148
-111
-32
-41
-109
-198
-257
-249
-213
-178
-203
-296
-392
-441
-367
-249
-230
-275
-298
-250
-114
-32
-49
-38
20
31
-15
-59
-60
-26
-2
-45
-111
-285
-752
-1175
-1200
-996
-927
-1353
-2052
-2251
-1886
-1393
-1139
-1559
-2210
-2443
-2152
-1417
-1021
-1311
-1700
-1834
-1431
-694
-274
-317
-642
-821
-443
208
625
599
410
513
810
1070
1193
1146
1113
1130
1119
1172
1237
1234
1309
1364
1252
1105
1057
1236
1476
1480
1236
934
854
1008
1272
1351
1045
687
597
829
1186
1185
781
441
310
455
682
595
307
-8
-104
156
364
263
48
-156
-204
-62
-35
-105
-199
-307
-318
-214
-128
-133
-159
-265
-348
-360
-370
-331
-342
-353
-260
-223
-254
-264
-201
-42
30
-80
-169
-130
24
154
180
179
13
-401
-820
-928
-807
-723
-1001
-1560
-1902
-1848
-1485
-1172
-1350
-1893
-2279
-2227
-1750
-1313
-1376
-1680
-1841
-1668
-1074
-526
-421
-639
-871
-703
-141
364
507
443
414
574
888
1133
1179
1123
1131
1194
1297
1349
1343
1374
1352
1298
1223
1121
1175
1253
1256
1261
1183
1114
1108
1113
1111
1006
821
641
622
822
939
804
608
496
504
610
576
379
128
-50
-21
122
185
68
-84
-131
-108
-84
-87
-180
-297
-349
-356
-258
-179
-214
-249
-322
-353
-289
-267
-273
-257
-271
-266
-201
-156
-137
-110
-79
-73
-73
-46
-20
39
90
78
-61
-396
-675
-708
-618
-576
-874
-1459
-1803
-1724
-1395
-1175
-1409
-1878
-2178
-2073
-1562
-1172
-1205
-1519
-1810
-1616
-1031
-537
-424
-672
-812
-531
-29
389
492
406
432
610
866
1034
1050
1033
1069
1148
1206
1228
1273
1311
1336
1281
1105
1033
1055
1109
1180
1072
861
802
860
1001
1113
965
718
593
658
843
914
748
473
295
350
516
564
453
199
13
99
217
181
64
-82
-152
-114
-66
-53
-83
-176
-265
-254
-201
-205
-229
-222
-188
-148
-153
-213
-264
-270
-237
-196
-229
-279
-285
-238
-151
-111
-141
-173
-145
-69
4
57
7
-172
-373
-529
-594
-565
-611
-828
-1051
-1219
-1274
-1169
-1148
-1277
-1431
-1579
-1565
-1403
-1301
-1264
-1326
-1379
-1234
-1008
-798
-643
-629
-636
-515
-272
5
183
266
328
459
646
750
821
910
924
914
963
1020
1080
1149
1197
1187
1118
1006
981
1045
1030
976
888
796
800
842
870
862
729
574
611
697
729
711
559
422
423
485
540
487
347
272
307
355
326
232
111
37
31
25
27
0
-65
-100
-115
-158
-215
-241
-220
-209
-226
-255
-276
-214
-176
-223
-229
-258
-304
-262
-218
-226
-261
-286
-275
-233
-159
-131
-167
-317
-505
-615
-642
-609
-692
-879
-1032
-1133
-1117
-1006
-1001
-1117
-1263
-1413
-1389
-1252
-1196
-1208
-1258
-1264
-1146
-879
-665
-620
-594
-529
-396
-190
-5
96
201
303
386
504
630
719
778
822
871
928
949
928
940
966
952
916
912
949
1011
1049
990
961
937
893
921
869
795
781
720
738
765
740
692
503
380
398
403
415
387
279
197
222
258
264
232
148
86
81
84
24
-45
-61
-60
-79
-107
-156
-171
-158
-176
-212
-250
-274
-265
-225
-189
-192
-266
-300
-251
-199
-156
-170
-230
-277
-274
-237
-211
-216
-318
-478
-588
-631
-618
-693
-905
-1031
-1083
-1109
-980
-924
-1023
-1080
-1136
-1129
-1014
-959
-973
-989
-1006
-992
-905
-747
-657
-631
-562
-431
-237
-77
22
111
206
277
369
487
545
653
740
744
788
785
814
917
945
905
857
797
823
895
882
838
780
769
855
905
859
792
732
700
730
783
759
683
598
513
506
523
474
381
324
282
238
252
248
214
184
161
158
125
80
63
47
14
-42
-98
-103
-126
-133
-119
-166
-241
-268
-267
-264
-218
-253
-328
-356
-355
-276
-226
-234
-259
-309
-307
-268
-248
-251
-352
-504
-613
-684
-729
-719
-734
-835
-975
-1103
-1039
-893
-847
-859
-1007
-1106
-998
-868
-738
-689
-804
-866
-786
-609
-428
-419
-482
-487
-376
-169
17
118
116
119
233
379
478
507
469
465
542
645
740
767
772
778
742
760
792
791
830
791
740
762
764
827
854
816
819
754
713
761
766
762
702
581
538
530
509
489
435
357
286
255
273
293
241
189
165
107
79
66
64
56
-12
-70
-93
-104
-86
-100
-175
-205
-198
-224
-241
-250
-291
-342
-395
-402
-368
-364
-377
-399
-420
-403
-397
-375
-335
-351
-406
-489
-547
-530
-532
-555
-632
-758
-767
-744
-743
-726
-809
-912
-968
-960
-850
-802
-839
-862
-864
-803
-661
-544
-516
-545
-547
-444
-306
-200
-138
-77
38
164
252
328
419
503
569
609
638
660
689
799
841
771
677
625
722
816
794
710
622
614
702
811
821
705
603
615
733
823
785
687
604
546
574
678
657
532
444
432
487
494
384
287
268
246
205
160
134
121
85
40
-11
-51
-85
-93
-117
-170
-180
-181
-177
-170
-181
-225
-305
-351
-345
-319
-323
-374
-430
-464
-460
-481
-451
-410
-464
-509
-568
-603
-587
-617
-687
-773
-865
-875
-839
-819
-834
-901
-949
-953
-931
-855
-792
-799
-811
-790
-725
-614
-518
-467
-426
-390
-312
-228
-138
-26
22
36
88
171
279
370
429
491
547
598
637
656
682
716
741
759
772
772
733
735
768
778
768
727
682
675
699
679
651
657
606
568
611
618
581
561
500
473
515
490
477
484
434
393
375
340
311
278
212
178
153
95
51
10
-26
-54
-85
-107
-112
-108
-165
-208
-201
-214
-207
-245
-312
-288
-277
-321
-330
-349
-376
-404
-450
-446
-418
-465
-531
-550
-576
-580
-568
-618
-694
-758
-807
-823
-803
-775
-782
-843
-927
-902
-810
-759
-738
-759
-769
-704
-606
-549
-523
-490
-447
-342
-235
-174
-109
-59
-7
88
183
229
259
305
351
423
471
478
524
565
603
646
654
660
654
664
728
787
782
721
671
680
711
698
688
689
647
623
614
615
609
567
528
505
516
530
541
520
450
418
398
378
375
342
328
310
231
172
140
86
21
-24
-58
-68
-61
-100
-147
-183
-225
-244
-249
-266
-257
-273
-322
-317
-302
-305
-319
-349
-355
-368
-359
-352
-382
-399
-458
-514
-518
-530
-534
-552
-630
-686
-690
-686
-678
-686
-741
-793
-801
-758
-704
-727
-751
-726
-702
-640
-549
-502
-479
-450
-410
-315
-204
-181
-162
-94
-32
77
173
192
235
266
293
345
386
429
463
497
519
522
540
577
620
636
614
614
637
666
718
707
626
628
665
701
735
672
617
575
539
575
593
565
541
494
473
504
489
422
371
313
294
310
289
253
205
178
161
95
43
-2
-39
-57
-97
-137
-175
-200
-221
-253
-246
-245
-313
-315
-300
-341
-309
-331
-424
-404
-366
-366
-367
-400
-412
-408
-441
-499
-532
-526
-539
-556
-545
-576
-618
-628
-624
-619
-632
-644
-646
-650
-614
-588
-611
-599
-571
-521
-460
-433
-427
-374
-316
-279
-194
-124
-80
-36
1
51
118
195
222
271
307
308
378
406
418
463
470
482
531
549
528
538
541
536
596
630
615
615
607
601
600
592
602
604
588
571
536
507
507
469
446
451
402
385
373
356
365
336
291
259
227
192
197
198
135
97
83
38
6
-25
-62
-110
-148
-174
-208
-246
-298
-320
-313
-322
-354
-391
-380
-352
-388
-398
-371
-404
-428
-405
-398
-376
-364
-428
-469
-470
-454
-469
-538
-556
-551
-555
-556
-560
-569
-594
-596
-558
-532
-502
-486
-483
-442
-402
-388
-341
-299
-287
-238
-174
-130
-85
-41
-6
43
71
91
155
200
230
284
326
338
354
367
384
450
480
458
441
448
494
527
516
493
487
501
521
526
523
519
516
513
516
537
524
479
457
441
426
433
411
378
370
354
324
312
293
259
251
220
188
199
176
130
109
98
62
7
-17
-32
-52
-81
-123
-144
-177
-219
-241
-288
-319
-351
-401
-416
-427
-426
-447
-484
-487
-477
-481
-482
-457
-430
-422
-432
-423
-427
-443
-411
-408
-411
-405
-429
-414
-401
-446
-462
-456
-446
-397
-383
-413
-404
-400
-387
-327
-283
-253
-230
-175
-123
-94
-50
-17
29
69
76
102
167
194
200
242
265
310
349
336
338
386
422
427
435
457
476
466
467
483
497
516
521
505
503
555
564
515
519
520
498
491
467
453
445
424
397
374
361
350
299
244
241
225
198
174
123
90
96
56
-19
-63
-92
-99
-117
-159
-191
-190
-183
-212
-240
-275
-308
-335
-347
-364
-402
-412
-414
-413
-430
-433
-426
-448
-445
-411
-410
-419
-415
-423
-418
-403
-395
-396
-388
-390
-387
-355
-338
-350
-357
-352
-335
-285
-250
-276
-279
-232
-223
-213
-206
-205
-135
-92
-86
-54
-23
-10
46
68
84
142
136
132
184
223
247
288
298
303
326
350
330
331
384
389
400
432
408
406
432
411
408
412
407
425
412
411
410
396
405
416
392
365
357
344
354
339
296
297
297
268
232
202
180
152
121
102
69
49
36
-3
-58
-89
-93
-126
-172
-179
-192
-234
-228
-221
-257
-255
-273
-321
-315
-333
-368
-352
-359
-379
-362
-355
-347
-344
-383
-376
-344
-351
-333
-312
-311
-293
-305
-303
-260
-256
-265
-272
-255
-219
-231
-246
-237
-228
-213
-209
-232
-223
-177
-165
-162
-173
-168
-110
-80
-61
-50
-40
21
56
59
97
123
148
162
137
160
218
239
258
293
324
329
297
283
300
367
408
377
369
380
365
333
328
330
345
347
323
331
320
316
341
321
304
286
259
264
276
280
263
248
228
199
161
134
147
115
83
84
45
35
19
-33
-40
-53
-92
-112
-138
-168
-166
-198
-204
-187
-233
-237
-232
-262
-260
-255
-274
-283
-295
-302
-279
-282
-312
-324
-322
-311
-296
-290
-290
-279
-267
-293
-298
-267
-261
-241
-230
-232
-212
-216
-211
-192
-177
-158
-164
-158
-138
-128
-104
-94
-102
-79
-69
-71
-23
-1
-5
22
24
52
95
100
102
103
140
152
158
193
185
188
195
197
237
270
229
220
260
252
240
234
242
277
269
242
252
253
251
235
237
247
247
254
239
202
182
205
209
201
213
215
223
213
179
161
155
144
119
115
119
86
75
60
28
10
-1
-34
-66
-86
-129
-116
-102
-129
-162
-194
-203
-229
-238
-230
-244
-244
-255
-262
-244
-253
-260
-255
-252
-239
-253
-256
-244
-246
-241
-235
-228
-224
-221
-196
-163
-171
-180
-166
-166
-151
-128
-124
-124
-113
-100
-89
-71
-61
-78
-58
-39
-38
-7
9
10
18
41
52
68
76
58
65
89
104
100
112
125
125
129
115
120
118
113
138
136
149
162
146
160
156
125
149
169
176
194
200
206
190
187
204
201
196
165
149
174
177
197
186
145
159
143
119
103
95
124
121
71
38
39
34
35
8
2
17
-8
-31
-57
-71
-55
-66
-114
-124
-111
-97
-110
-134
-175
-176
-140
-166
-162
-152
-139
-125
-169
-177
-151
-138
-135
-171
-159
-123
-133
-157
-180
-161
-138
-118
-130
-133
-103
-97
-96
-79
-70
-73
-70
-62
-74
-57
-43
-49
-36
-54
-56
-45
-31
-16
-29
-29
0
18
25
26
11
30
59
44
47
67
60
56
63
47
41
62
55
56
80
91
96
90
90
69
61
91
86
97
112
95
106
113
116
137
155
128
104
113
117
133
132
124
127
106
75
82
90
86
75
81
90
71
76
72
45
27
17
1
1
9
-12
-23
-24
-32
-38
-44
-48
-57
-64
-71
-71
-55
-65
-71
-75
-87
-81
-78
-88
-84
-79
-78
-53
-72
-84
-66
-78
-81
-97
-118
-116
-100
-88
-91
-77
-94
-83
-66
-85
-79
-61
-46
-51
-53
-45
-17
-18
-47
-38
-37
-34
-17
-43
-30
11
-11
-4
10
9
15
-5
0
18
2
7
25
14
19
11
-12
0
-2
5
39
41
26
31
23
-8
22
66
51
52
76
63
51
60
62
76
75
54
88
86
78
121
106
82
85
85
92
74
65
77
72
78
72
47
43
37
30
40
38
12
22
32
6
1
-13
-26
-39
-44
-23
-21
-22
-33
-45
-49
-51
-53
-58
-32
-20
-41
-48
-35
-30
-48
-40
-15
-27
-18
-38
-45
-16
-34
-47
-32
-21
-34
-41
-35
-42
-32
-8
-26
-55
-47
-45
-34
-9
-49
-58
-23
-36
-46
-46
-27
-4
-30
-41
-12
5
7
-3
-31
-49
-54
-47
-12
-3
-9
10
10
-6
0
4
-3
-10
2
23
24
31
30
22
31
33
42
43
41
41
42
82
86
56
44
40
56
71
51
42
56
49
43
46
40
30
12
3
12
12
5
11
35
15
-17
-12
-9
-20
-23
-25
-48
-39
-4
0
6
2
-16
-22
-19
-28
-23
-7
6
16
7
-1
2
13
11
-13
-2
10
-9
-12
-6
1
1
5
4
-6
7
1
-20
-17
-10
-8
-7
-18
-18
-6
-13
-17
-20
-45
-32
-15
-48
-48
-33
-42
-27
-22
-45
-38
-13
-18
-22
-26
-44
-26
-17
-13
5
-2
-7
-15
-35
-23
12
2
-13
-2
8
19
28
41
49
50
43
27
34
52
55
47
49
57
39
40
55
41
27
41
52
44
32
12
14
20
-3
-20
-21
0
15
-22
-30
-20
-25
-29
-48
-56
-36
-15
-31
-50
-37
-35
-30
-6
-6
-10
7
7
3
21
28
26
19
12
8
19
41
53
35
5
-5
-31
-25
-4
4
16
3
5
-5
-31
-25
-29
-16
5
-18
-14
6
0
-10
-24
5
12
-12
-11
3
16
-3
-24
-31
-22
-42
-38
-14
-15
1
-1
-29
-18
9
5
1
-28
-29
9
31
15
-10
27
28
-18
-11
0
5
22
10
-10
14
32
7
4
16
4
-5
9
19
35
42
59
64
49
23
1
28
26
27
26
13
28
8
-22
-26
-27
-21
-27
-31
-29
-35
-30
-30
-41
-29
-11
-11
-1
-13
-25
-8
-9
-16
-14
-8
8
17
27
28
18
11
8
34
42
17
9
16
17
5
9
21
34
30
-6
-31
-21
-26
-35
-14
-15
-12
7
-8
-16
5
-5
-14
-2
-31
-18
18
9
-12
-21
-20
-19
-18
-14
-30
-57
-34
-20
-11
-6
-14
-13
-3
1
-27
-16
12
5
4
-4
0
20
-10
-12
26
24
27
19
-17
8
18
-18
-11
28
37
34
32
30
42
23
-7
8
36
37
47
63
49
16
4
32
33
25
36
19
9
11
-2
-5
12
1
-22
-12
-12
-29
-38
-24
-12
-19
-11
-34
-45
-41
-59
-46
-23
-5
2
-3
-19
-28
-14
-1
15
22
11
0
9
15
-13
-15
0
-26
-18
12
24
24
7
-3
