-25
13
1
-45
39
27
-45
27
2
-36
18
-9
-15
4
10
11
-16
2
44
-29
-7
56
-35
22
31
-66
54
34
-54
43
-7
-28
14
-20
-2
-21
-9
11
-41
-5
6
-63
7
13
-53
34
15
-10
31
-7
25
38
-37
22
41
-57
30
-24
-2
47
-80
31
44
-57
-11
4
-11
-4
-42
-4
10
7
-18
-39
62
-4
-50
40
33
28
37
6
66
6
-43
26
-12
9
9
-7
64
33
-68
28
20
-62
36
-21
-6
0
-79
48
17
-60
14
-8
-31
7
-34
-15
39
-18
-18
16
-17
24
-9
-74
66
-1
-73
62
7
-29
47
-17
-13
37
-54
-13
68
4
-18
38
33
-18
-38
16
64
0
-21
33
30
1
-1
-9
24
2
-80
19
5
-64
7
-23
8
12
-13
-4
8
24
-27
11
10
-13
18
-13
-15
-19
-14
18
-17
-42
13
30
-4
-19
1
14
17
-3
-11
44
-5
-16
41
-45
-17
68
-25
17
-2
-49
69
-13
-26
61
-63
-14
56
-36
-10
17
-1
26
5
-25
16
-3
13
-25
-6
39
-2
-5
-25
9
-18
-18
6
-3
11
-9
3
-20
-1
18
-25
22
6
9
-9
-39
35
-32
-20
32
-21
29
-6
-20
51
-9
-28
47
9
-31
15
-13
7
7
-7
21
-41
5
40
-31
24
36
-37
11
9
-51
67
-5
-41
80
-36
10
17
-45
45
-14
-21
0
2
45
-25
-20
-6
-36
-7
-18
21
-1
-9
22
-39
18
-3
-47
76
14
-90
20
19
-16
0
-22
-11
-11
-29
22
-2
2
48
-55
18
36
-66
44
37
-54
35
-31
-28
73
-44
-5
29
-43
34
-26
-21
52
-4
6
-4
13
43
9
-11
16
46
-2
-39
43
-21
-42
51
-16
9
58
-45
18
40
-60
12
-10
-27
25
-14
-21
25
3
-19
12
-11
5
39
-60
-23
33
-44
30
23
-44
30
-16
-53
80
-1
-61
43
-38
1
24
-53
34
-3
-5
36
-71
24
47
-55
58
10
-51
63
-27
6
72
-60
8
9
-19
8
-18
7
23
10
-31
-17
1
7
15
-16
-11
4
-20
-32
-1
5
-7
14
-26
21
14
-56
53
13
-14
8
-38
44
18
-50
-2
23
34
-23
-59
52
-2
-62
58
-29
5
67
-74
13
33
-31
7
53
4
-43
23
21
-8
-15
13
33
-31
-8
3
-23
32
-28
-22
39
-1
0
-14
-3
19
-5
18
-5
-14
32
-7
-10
-8
3
32
-51
-13
53
-41
6
-8
-29
20
-16
-11
-5
27
13
-23
18
29
-31
8
8
-7
27
1
-12
40
-1
-30
-4
2
25
-21
2
34
17
-14
-20
23
23
-49
7
11
-8
27
-39
4
21
-13
-23
-5
53
-60
-16
70
-40
8
-28
-10
27
-82
20
37
-46
-2
-22
-2
33
-46
-24
55
-19
-16
14
-20
38
-3
-56
42
16
-30
52
-47
16
72
-69
63
2
-21
77
-78
60
-3
-72
103
-47
-17
41
-28
32
14
-18
3
-2
4
-17
16
29
-12
16
-14
-30
47
-7
-38
-12
-14
40
-59
0
8
-62
47
-35
2
47
-60
34
34
-37
-9
-6
44
-48
-7
36
-46
27
-9
-49
33
4
-31
15
51
17
-33
35
21
-28
6
-17
-2
80
-72
-38
89
-31
-28
-19
26
56
-50
34
31
-19
18
-58
24
24
-57
-13
26
-3
-11
2
24
-29
-8
30
-34
48
-1
-52
71
-16
-47
14
-6
49
-63
-12
73
-7
-15
8
42
2
-21
-27
12
34
-54
57
54
-102
28
0
-24
58
-60
27
58
-63
42
-32
-3
37
-73
11
17
5
5
-3
-11
-2
-3
-37
42
3
-59
57
15
-39
-13
-42
38
1
-74
55
29
-42
-2
-40
24
-5
-35
90
-32
-12
41
-39
22
-8
-20
30
-8
-33
17
25
-17
-3
-4
38
12
-35
42
-36
16
25
-46
13
13
-1
-3
14
-29
10
18
4
-4
4
22
-10
6
27
-24
36
52
-97
18
59
-64
26
38
-38
26
-21
-33
-5
-4
23
-29
19
17
-25
20
-31
14
10
-15
-6
-51
43
-18
-41
42
-30
-13
27
-14
13
63
5
-57
41
-1
-57
9
-11
15
2
-15
39
18
4
-8
-7
51
3
-62
22
32
-18
-10
-14
4
-7
10
-9
33
51
-58
38
1
-62
43
-31
43
5
-85
51
-4
-18
0
-25
32
-36
-19
29
-1
24
-53
-10
45
-37
-6
5
-11
31
-18
5
4
-62
18
6
-42
10
22
1
4
-15
-8
25
24
11
-11
-10
32
-6
-25
43
-34
-22
61
-22
-5
33
3
6
-2
23
-23
-11
22
-33
11
1
-24
18
3
-15
-8
0
13
31
8
-24
5
14
-5
-20
-7
35
-4
-6
19
4
-4
-11
31
28
-10
-24
13
7
-34
15
1
-41
-9
15
1
1
11
9
3
-9
-9
-18
4
2
-12
8
-27
-38
3
-3
-41
-7
37
-10
-15
-2
-9
21
-7
-24
15
-1
-17
-10
5
5
-17
-9
25
16
-15
-29
9
21
-24
-18
9
18
-10
-11
17
11
-18
11
31
13
31
46
52
43
50
75
41
57
55
5
45
43
22
49
31
16
17
0
-31
-23
-14
-47
-34
-48
-50
-22
-42
-27
-25
-56
-35
-44
-51
-4
-15
-8
-7
-20
30
16
-10
8
-6
-16
-2
-34
-43
-19
-46
-46
-46
-68
-60
-71
-81
-53
-74
-83
-58
-57
-29
-33
-42
-16
-24
-11
12
25
31
16
34
40
58
68
56
86
79
64
85
110
101
75
114
128
115
119
115
139
145
127
136
139
107
90
95
61
61
48
30
60
34
40
54
39
85
84
64
74
42
35
44
24
38
73
53
9
10
5
-18
-6
-37
-57
-63
-94
-99
-140
-184
-407
-665
-742
-863
-889
-911
-1012
-919
-875
-809
-694
-668
-567
-599
-637
-522
-377
-84
129
261
497
637
746
833
917
950
845
809
829
876
952
942
924
784
546
367
120
-40
-223
-434
-514
-585
-518
-478
-504
-454
-543
-568
-531
-466
-222
-53
86
299
508
728
833
896
930
841
776
726
718
757
760
729
647
575
499
339
198
40
-140
-266
-361
-323
-270
-218
-137
-195
-165
-110
-71
7
-42
50
169
152
276
346
359
429
353
284
268
171
35
-59
-141
-231
-249
-264
-382
-551
-841
-1423
-1992
-2322
-2529
-2495
-2439
-2502
-2354
-2093
-1699
-1339
-1201
-959
-880
-860
-571
-192
448
1051
1348
1664
1872
2018
2130
2038
1919
1749
1568
1480
1422
1502
1509
1253
949
484
-17
-363
-674
-874
-993
-1052
-1027
-908
-746
-653
-643
-804
-925
-820
-636
-329
45
405
745
1006
1261
1432
1439
1356
1159
953
881
888
918
901
789
606
408
227
37
-121
-277
-426
-450
-386
-216
-27
101
206
185
155
201
249
321
392
413
508
582
627
702
644
516
357
187
71
-3
-89
-227
-342
-396
-460
-556
-710
-849
-887
-957
-1066
-1170
-1384
-1952
-2685
-2985
-3011
-2772
-2499
-2576
-2325
-1912
-1508
-982
-793
-569
-368
-380
-76
363
1018
1808
2077
2138
2238
2235
2259
2128
1840
1525
1230
1063
958
1042
1080
785
342
-288
-868
-1187
-1373
-1394
-1385
-1291
-1035
-777
-437
-184
-218
-338
-457
-398
10
482
899
1330
1580
1703
1789
1764
1624
1336
1031
760
555
577
644
584
512
317
36
-109
-234
-321
-317
-365
-337
-122
89
320
554
601
569
546
504
576
684
699
699
616
564
516
434
397
176
-49
-191
-408
-370
-421
-630
-598
-709
-778
-805
-958
-883
-896
-936
-997
-1287
-1463
-2137
-2964
-3095
-3104
-2750
-2403
-2499
-2140
-1716
-1288
-817
-772
-562
-423
-379
90
584
1368
2169
2282
2304
2267
2144
2114
1826
1531
1258
981
930
871
881
846
485
-60
-771
-1378
-1554
-1515
-1347
-1125
-900
-561
-189
116
246
156
10
-97
21
515
1063
1538
1835
1817
1756
1652
1422
1176
870
573
330
232
329
395
357
208
-89
-361
-488
-488
-335
-201
-114
24
208
459
691
824
841
800
696
684
800
840
855
794
669
518
329
230
69
-207
-299
-414
-514
-470
-604
-626
-688
-857
-783
-927
-958
-776
-815
-729
-989
-1362
-1506
-2330
-3070
-3311
-3350
-2846
-2562
-2462
-2089
-1811
-1294
-950
-997
-755
-601
-341
267
815
1637
2395
2571
2539
2328
2151
2074
1841
1586
1317
1198
1232
1150
1034
802
307
-360
-1132
-1631
-1652
-1452
-1116
-829
-557
-192
-14
150
197
9
-16
-7
213
791
1289
1725
1887
1694
1483
1228
1034
874
618
445
352
281
323
304
245
85
-237
-458
-503
-361
-112
90
204
297
405
580
769
883
940
916
861
851
857
882
868
702
479
255
92
-11
-168
-255
-404
-625
-655
-752
-806
-727
-847
-805
-693
-806
-633
-543
-683
-582
-742
-1111
-1367
-1820
-2422
-3114
-3427
-3136
-2819
-2557
-2421
-2302
-1833
-1440
-1274
-997
-698
-424
-6
623
1343
2127
2707
2772
2556
2368
2201
2061
1927
1682
1477
1343
1190
1052
765
307
-236
-927
-1516
-1782
-1714
-1335
-973
-713
-410
-204
-31
81
104
215
262
413
809
1241
1645
1844
1799
1570
1268
1082
902
748
642
422
309
257
159
69
-73
-174
-325
-452
-350
-154
65
222
275
402
541
649
824
958
1025
1013
962
942
913
861
706
520
316
-11
-186
-215
-381
-418
-535
-834
-783
-809
-913
-751
-759
-699
-591
-564
-259
-240
-409
-429
-669
-820
-1104
-1552
-1885
-2579
-3271
-3445
-3287
-2797
-2480
-2530
-2361
-2070
-1690
-1227
-961
-572
-80
333
928
1652
2424
2915
2938
2647
2254
2116
2101
1970
1811
1583
1287
1030
651
282
-85
-677
-1223
-1674
-1904
-1591
-1098
-681
-385
-238
-95
27
209
438
627
840
1071
1376
1735
1863
1762
1495
1073
804
671
556
568
435
187
96
-40
-149
-197
-298
-354
-361
-269
-76
88
295
405
305
331
513
709
986
1145
1122
1133
1042
908
849
685
475
289
18
-204
-203
-242
-377
-555
-835
-839
-818
-967
-731
-602
-686
-479
-366
-143
100
-4
-21
-268
-552
-615
-1002
-1212
-1553
-2561
-3374
-3856
-3797
-3140
-2897
-2955
-2761
-2425
-1945
-1463
-1077
-574
-93
328
898
1666
2660
3371
3350
2920
2510
2332
2306
2189
1935
1633
1307
903
420
3
-388
-897
-1466
-2025
-2198
-1874
-1372
-813
-472
-302
-89
86
393
753
1043
1315
1430
1625
1906
2061
2084
1749
1185
740
470
424
411
206
-47
-226
-369
-502
-524
-422
-397
-412
-319
-113
239
508
549
546
568
658
936
1267
1431
1456
1334
1121
1005
868
690
508
244
21
-168
-260
-356
-577
-795
-1013
-1145
-1066
-975
-863
-706
-602
-455
-255
36
114
165
254
-53
-138
-169
-548
-757
-1233
-1903
-2653
-3829
-4305
-4074
-3697
-3085
-3058
-2996
-2365
-1970
-1463
-1055
-726
58
637
1292
2231
3017
3664
3561
2974
2577
2269
2241
2196
1845
1576
1208
643
89
-505
-928
-1322
-1884
-2256
-2262
-1828
-1172
-709
-390
-159
114
461
752
1157
1552
1851
2119
2181
2245
2318
2093
1669
1096
484
132
-70
-146
-235
-485
-665
-807
-857
-796
-667
-429
-214
-42
170
509
847
957
922
868
925
1149
1385
1508
1492
1329
1060
792
602
469
272
-8
-283
-483
-624
-729
-810
-979
-1152
-1262
-1205
-1097
-964
-585
-330
-162
68
185
437
574
491
455
308
107
59
-130
-694
-1237
-1945
-2801
-3723
-4673
-4689
-4170
-3739
-3289
-3303
-2917
-2094
-1644
-1052
-559
26
1036
1699
2348
3250
3821
4066
3622
2888
2615
2448
2309
1977
1435
1030
471
-134
-733
-1306
-1605
-1965
-2313
-2399
-2129
-1437
-802
-430
-111
279
767
1213
1555
1867
2229
2487
2556
2498
2290
2061
1668
1114
606
166
-137
-440
-736
-888
-1044
-1134
-1159
-1130
-863
-528
-206
117
347
552
761
895
983
1051
1148
1288
1366
1440
1451
1349
1059
627
415
285
32
-136
-297
-500
-636
-833
-983
-1099
-1277
-1359
-1226
-996
-812
-505
-213
-77
219
439
514
652
623
705
738
486
256
-100
-418
-939
-1708
-2192
-2956
-3887
-4643
-5008
-4453
-3745
-3355
-3132
-2883
-2144
-1377
-807
-154
522
1411
2135
2627
3371
4000
4243
3872
3033
2559
2296
2015
1681
1065
535
57
-590
-1207
-1616
-1819
-2011
-2294
-2447
-2160
-1420
-652
-155
204
674
1194
1608
2028
2375
2522
2588
2546
2454
2395
2142
1592
953
413
-99
-590
-949
-1140
-1327
-1433
-1375
-1323
-1108
-757
-444
-71
204
454
776
993
1131
1205
1283
1335
1344
1371
1326
1233
1027
737
498
289
104
-110
-332
-456
-552
-723
-870
-998
-1099
-1132
-1113
-1038
-828
-536
-348
-179
54
320
613
687
629
732
695
654
632
275
-67
-394
-988
-1549
-2118
-2695
-3269
-4253
-5018
-4894
-4335
-3479
-2992
-2978
-2371
-1588
-879
-90
424
1268
2153
2480
2975
3602
4116
4161
3361
2575
2166
1824
1564
1069
468
61
-538
-1223
-1724
-1923
-1909
-2102
-2355
-2254
-1679
-798
-72
396
854
1358
1808
2143
2511
2836
2899
2779
2526
2305
2182
1830
1225
570
-18
-539
-1276
-1857
-1884
-1850
-1754
-1573
-1420
-1022
-622
-146
322
500
798
1046
1259
1588
1648
1705
1640
1278
1150
1059
944
859
582
282
64
-95
-229
-393
-533
-651
-817
-970
-1012
-1014
-1064
-1138
-1124
-858
-522
-206
132
346
587
694
616
661
716
831
756
454
208
-273
-621
-1056
-1803
-2312
-3015
-3779
-4529
-5138
-4705
-3884
-3272
-2911
-2842
-2026
-999
-390
297
774
1550
2434
2758
3308
3944
4162
3882
2912
2131
1832
1557
1233
646
55
-357
-909
-1495
-1883
-2010
-1992
-2129
-2247
-1874
-1050
-179
403
724
1165
1706
2091
2437
2818
3006
2846
2569
2318
2125
1933
1371
598
-29
-510
-959
-1535
-1961
-2106
-2065
-1848
-1635
-1232
-705
-313
101
463
841
1271
1452
1580
1666
1653
1657
1472
1258
1116
946
729
448
244
81
-98
-291
-518
-639
-728
-837
-890
-971
-952
-966
-1110
-1120
-886
-501
-211
32
347
568
768
984
1037
999
912
704
521
463
124
-298
-654
-1403
-2034
-2588
-3366
-4149
-5063
-5188
-4463
-3719
-2979
-2820
-2468
-1367
-728
-164
475
1098
2138
2631
2876
3578
4063
4127
3418
2354
1909
1597
1205
774
170
-168
-629
-1306
-1778
-2021
-1986
-2033
-2233
-2115
-1446
-506
255
752
1173
1601
1997
2306
2596
2963
3121
2898
2553
2186
1882
1559
889
96
-458
-915
-1275
-1584
-2031
-2386
-2432
-2218
-1813
-1266
-662
-106
291
684
1138
1486
1700
1781
1774
1748
1704
1622
1436
1163
837
495
223
29
-80
-221
-515
-694
-756
-802
-782
-850
-877
-833
-972
-1026
-794
-574
-297
78
294
559
850
1105
1258
1122
993
826
652
670
398
-104
-403
-959
-1639
-2212
-2887
-3505
-4390
-5248
-5154
-4415
-3492
-2940
-2877
-2222
-1260
-534
172
640
1384
2311
2666
2996
3548
4042
4072
3216
2274
1859
1535
1134
498
-106
-406
-813
-1351
-1806
-1953
-1894
-2073
-2260
-1992
-1225
-256
408
815
1277
1796
2219
2429
2668
2973
2996
2741
2378
2031
1770
1325
604
-173
-806
-1183
-1476
-1844
-2035
-2191
-2500
-2461
-2032
-1350
-560
-51
399
851
1201
1643
1847
1863
1885
1691
1616
1626
1553
1442
961
405
77
-154
-219
-294
-441
-601
-794
-826
-769
-769
-738
-748
-846
-932
-752
-373
-73
162
288
496
923
1186
1271
1216
979
839
716
563
432
53
-444
-1096
-1904
-2438
-2992
-3759
-4667
-5341
-5009
-4090
-3362
-2964
-2731
-2076
-1136
-460
155
917
1833
2570
2819
3148
3752
4099
3807
2893
2131
1782
1400
892
285
-196
-495
-1058
-1688
-1950
-1963
-1927
-2086
-2271
-1896
-1047
-114
581
1012
1519
1969
2225
2429
2705
2943
2894
2592
2231
1915
1665
1134
312
-468
-1117
-1566
-1848
-2022
-2051
-2080
-2243
-2367
-2045
-1300
-570
93
599
979
1407
1774
1962
1963
1870
1725
1567
1544
1496
1347
1092
539
31
-172
-310
-418
-481
-594
-704
-735
-744
-693
-610
-682
-811
-724
-522
-242
117
314
454
657
894
1126
1284
1339
1173
824
591
494
358
-27
-569
-1114
-1719
-2222
-2893
-3799
-4616
-5261
-5099
-4310
-3623
-3057
-2732
-2158
-1199
-476
190
917
1700
2406
2608
2979
3670
3981
3809
3054
2258
1880
1421
832
179
-334
-629
-1158
-1697
-1922
-1935
-1964
-2218
-2350
-1966
-1152
-252
432
1014
1574
1987
2292
2511
2754
2961
2882
2594
2293
2054
1751
1172
414
-338
-1021
-1547
-1937
-2123
-2056
-2105
-2299
-2285
-1944
-1307
-633
-94
435
964
1406
1800
2054
2107
2035
1838
1645
1606
1592
1415
1072
627
205
-52
-212
-376
-450
-533
-648
-721
-752
-724
-702
-736
-827
-787
-583
-390
-155
146
383
638
927
1076
1188
1292
1202
1080
836
447
355
116
-338
-740
-1540
-2210
-2691
-3509
-4307
-5129
-5380
-4621
-3909
-3318
-2876
-2423
-1405
-641
-148
542
1224
2052
2573
2786
3399
3977
4043
3433
2537
2031
1615
1057
393
-271
-543
-804
-1329
-1744
-1946
-1939
-2077
-2352
-2179
-1502
-549
253
758
1331
1878
2223
2404
2509
2732
2886
2676
2343
2094
1858
1505
768
-115
-754
-1295
-1798
-2107
-2148
-2084
-2078
-2026
-1907
-1656
-1116
-456
151
700
1191
1631
1955
2119
2177
2064
1854
1693
1595
1540
1312
959
645
226
-178
-399
-536
-597
-626
-657
-707
-788
-797
-752
-703
-665
-651
-530
-295
-17
304
599
878
1075
1194
1289
1229
1160
1016
701
477
162
-237
-614
-1282
-1906
-2507
-3494
-4520
-5441
-5650
-4877
-4163
-3652
-3248
-2702
-1598
-812
-375
304
1063
1886
2431
2777
3546
4298
4354
3622
2699
2267
1905
1223
434
-141
-373
-724
-1312
-1748
-1906
-1963
-2291
-2670
-2492
-1800
-889
-123
485
1192
1787
2172
2370
2508
2760
2832
2630
2428
2335
2275
1936
1148
222
-528
-1109
-1587
-1957
-2137
-2088
-2102
-2228
-2157
-1800
-1206
-590
-40
543
1086
1593
1998
2161
2204
2137
1968
1867
1827
1765
1576
1195
754
352
37
-202
-411
-524
-625
-777
-871
-876
-832
-831
-915
-974
-902
-669
-389
-164
67
327
635
903
1098
1349
1416
1223
947
650
563
469
109
-374
-1140
-1839
-2423
-3334
-4236
-5101
-5516
-5037
-4389
-3828
-3358
-2826
-1861
-1075
-596
33
805
1716
2325
2662
3315
4057
4370
3937
3101
2557
2164
1501
650
3
-215
-486
-1074
-1579
-1849
-1982
-2300
-2780
-2864
-2351
-1472
-637
65
878
1610
2057
2227
2319
2624
2833
2750
2637
2584
2593
2420
1795
955
140
-632
-1302
-1790
-2074
-2139
-2083
-2043
-1977
-1826
-1520
-1074
-584
-5
590
1150
1595
1880
2144
2271
2184
2080
1988
1896
1742
1386
1059
751
351
40
-254
-497
-599
-745
-902
-1001
-1069
-1091
-1108
-1130
-1084
-935
-777
-564
-244
144
534
850
1095
1322
1553
1561
1390
1253
982
616
257
-278
-901
-1508
-2236
-3217
-4486
-5462
-5632
-5204
-4638
-4279
-3835
-2942
-1975
-1201
-641
-107
733
1468
1918
2522
3420
4345
4570
4011
3409
3033
2540
1675
783
216
-89
-449
-992
-1413
-1602
-1873
-2419
-2988
-3087
-2567
-1813
-1130
-353
551
1384
1961
2218
2434
2696
2770
2721
2720
2804
2897
2727
2194
1445
649
-169
-962
-1582
-1964
-2219
-2405
-2465
-2365
-2009
-1509
-1080
-720
-279
273
825
1267
1623
1970
2196
2220
2202
2235
2181
1966
1573
1091
749
489
199
-62
-266
-446
-651
-844
-1012
-1127
-1223
-1377
-1425
-1358
-1222
-959
-732
-421
16
366
714
1065
1383
1603
1612
1497
1326
1090
803
391
-220
-896
-1531
-2338
-3418
-4586
-5311
-5277
-4970
-4751
-4478
-3907
-2923
-1981
-1426
-846
-40
756
1325
1708
2390
3455
4226
4286
3897
3656
3535
2998
2036
1163
718
310
-338
-936
-1212
-1232
-1591
-2331
-2842
-2879
-2536
-2154
-1758
-1018
-49
765
1325
1771
2263
2646
2712
2601
2607
2761
2864
2704
2313
1895
1402
703
-129
-872
-1393
-1773
-2247
-2605
-2489
-2104
-1658
-1234
-847
-370
49
336
652
1012
1326
1567
1780
2009
2242
2353
2182
1783
1336
953
611
252
17
-59
-187
-363
-561
-780
-948
-1171
-1476
-1677
-1702
-1548
-1290
-1013
-611
-151
238
554
905
1251
1458
1473
1395
1348
1252
955
438
-197
-837
-1590
-2609
-3690
-4521
-4738
-4608
-4584
-4541
-4158
-3349
-2548
-2004
-1538
-890
-93
480
871
1559
2554
3428
3749
3708
3819
3928
3672
2967
2157
1657
1194
494
-161
-511
-623
-873
-1519
-2203
-2481
-2455
-2466
-2423
-2035
-1309
-493
117
655
1292
1831
2129
2215
2314
2547
2687
2634
2459
2291
2130
1678
1041
451
-93
-600
-1210
-1753
-2057
-2213
-2122
-1829
-1450
-1014
-633
-285
-25
187
460
688
880
1132
1482
1821
2015
2086
1983
1708
1356
926
566
346
193
87
-86
-234
-321
-522
-813
-1136
-1366
-1487
-1628
-1573
-1302
-953
-579
-207
259
658
913
1165
1240
1144
1030
816
510
106
-355
-886
-1708
-2690
-3391
-3688
-3768
-3921
-4105
-3952
-3387
-2727
-2226
-1810
-1228
-515
-65
105
543
1426
2267
2686
2839
3154
3564
3598
3169
2670
2344
1990
1367
655
265
121
-177
-704
-1274
-1611
-1691
-1840
-2033
-1988
-1638
-1201
-872
-506
35
636
1087
1340
1596
1898
2096
2112
2009
1958
1954
1819
1458
1055
739
438
8
-609
-1140
-1344
-1365
-1357
-1251
-979
-633
-410
-269
-95
87
224
279
315
526
840
1099
1284
1347
1405
1389
1179
945
784
620
412
200
63
-3
-44
-209
-504
-775
-1019
-1168
-1264
-1305
-1164
-947
-702
-374
-29
289
524
649
673
608
549
325
6
-313
-869
-1486
-2158
-2730
-2789
-2854
-3065
-3126
-3062
-2669
-2247
-2015
-1682
-1265
-786
-444
-258
174
835
1440
1721
1873
2289
2706
2837
2724
2494
2306
2042
1651
1204
861
690
435
30
-402
-670
-751
-938
-1252
-1354
-1244
-1124
-1016
-863
-560
-153
169
398
669
989
1232
1353
1344
1331
1434
1403
1182
908
700
615
392
82
-61
-149
-249
-330
-353
-272
-180
-135
-142
-125
-58
-26
2
23
89
285
437
519
663
825
899
791
627
545
492
426
291
133
86
67
-52
-271
-473
-627
-784
-876
-940
-876
-724
-620
-451
-262
-82
139
240
307
376
348
282
107
-67
-308
-828
-1431
-1959
-2229
-2300
-2486
-2635
-2611
-2420
-2097
-1840
-1597
-1283
-992
-763
-625
-453
-91
364
750
1007
1341
1828
2206
2344
2343
2315
2243
2007
1621
1310
1132
930
601
266
74
-50
-237
-481
-673
-777
-853
-952
-993
-905
-737
-556
-341
-129
116
462
710
791
888
964
936
866
761
713
695
611
551
493
442
431
367
290
268
244
166
73
6
-23
-45
-99
-114
-60
6
84
135
179
316
419
421
401
398
426
409
299
217
156
83
7
-110
-219
-308
-388
-481
-570
-630
-640
-616
-580
-516
-405
-191
-16
71
187
230
301
339
203
100
-110
-487
-902
-1341
-1634
-1819
-2059
-2248
-2281
-2155
-1951
-1778
-1543
-1262
-1066
-943
-880
-759
-510
-226
16
283
678
1104
1480
1776
1918
2000
2055
1964
1750
1555
1368
1153
933
698
478
320
178
-13
-147
-208
-295
-419
-550
-665
-704
-666
-597
-501
-328
-82
130
297
421
544
618
608
562
511
487
480
460
419
409
459
495
531
582
570
544
462
333
212
84
26
12
16
58
58
91
169
188
172
169
210
243
213
173
157
87
-8
-39
-77
-157
-238
-314
-338
-332
-372
-416
-412
-430
-470
-425
-309
-203
-100
14
129
213
219
229
263
212
153
-9
-327
-645
-987
-1279
-1493
-1746
-1899
-1915
-1849
-1642
-1464
-1341
-1179
-1072
-1029
-1009
-942
-773
-547
-315
-81
267
656
965
1223
1436
1604
1669
1619
1542
1410
1263
1149
935
711
589
475
377
271
171
139
72
-59
-126
-201
-313
-351
-359
-344
-245
-136
-43
69
149
285
430
446
421
411
363
294
240
189
187
252
277
346
464
493
516
519
436
343
257
162
89
24
-14
2
43
103
148
158
176
152
110
129
151
103
33
-4
-59
-85
-109
-164
-161
-198
-303
-330
-316
-305
-332
-386
-276
-131
-88
-31
4
16
68
104
141
216
287
300
297
212
-7
-280
-608
-944
-1229
-1479
-1655
-1719
-1677
-1530
-1396
-1312
-1215
-1068
-957
-976
-969
-861
-696
-528
-416
-228
90
420
702
950
1186
1380
1468
1393
1252
1154
1028
841
669
587
561
472
350
306
294
246
191
120
53
4
-25
-52
-103
-128
-113
-68
-18
27
160
299
381
445
469
456
287
90
55
48
79
145
144
243
392
427
423
407
340
254
180
97
53
76
99
88
82
104
165
207
192
185
174
115
104
94
19
0
7
-41
-98
-124
-172
-202
-222
-272
-260
-237
-236
-197
-157
-140
-125
-98
-61
-37
-1
36
85
150
208
256
262
204
91
-155
-509
-790
-980
-1179
-1387
-1559
-1629
-1529
-1441
-1385
-1217
-1020
-872
-804
-815
-759
-670
-624
-551
-412
-158
146
425
690
899
1061
1152
1144
1116
1064
1007
947
830
708
613
548
459
355
315
325
360
362
301
256
208
108
-10
-109
-116
-96
-91
-34
54
173
292
374
408
354
262
179
112
78
56
49
94
166
229
303
361
353
340
310
191
111
105
74
57
29
-19
-6
34
68
134
158
118
92
89
81
77
43
-4
-25
-66
-97
-138
-163
-131
-84
-26
-18
-22
-4
-56
-94
-93
-119
-67
-5
-15
-3
10
31
47
32
44
33
-13
-120
-328
-564
-819
-1025
-1211
-1410
-1504
-1502
-1385
-1262
-1161
-997
-834
-705
-685
-699
-623
-546
-487
-413
-297
-76
150
371
571
768
957
1065
1108
1084
1039
968
840
693
544
459
460
407
332
348
395
414
347
276
245
185
110
18
-3
12
-29
-53
-24
53
158
217
281
335
315
250
133
102
100
45
44
78
143
241
286
337
356
306
271
220
182
123
49
6
-15
10
13
17
88
129
156
178
134
78
35
20
7
-12
10
22
20
20
17
27
-1
-48
-105
-136
-112
-99
-95
-75
-68
-74
-69
-68
-76
-61
-36
-35
-19
-29
-52
-112
-329
-576
-788
-959
-1121
-1305
-1432
-1462
-1373
-1273
-1249
-1144
-945
-773
-686
-693
-641
-516
-412
-352
-334
-172
122
342
508
700
937
1135
1173
1144
1110
1063
982
833
690
590
513
421
360
344
327
344
323
233
211
208
168
106
-1
-59
-76
-134
-165
-111
21
157
258
321
338
315
225
139
130
114
113
139
187
290
358
399
411
369
311
194
59
-8
-5
-27
-84
-53
-2
17
78
80
56
65
42
35
53
102
129
135
134
96
63
27
11
-27
-94
-100
-107
-110
-100
-108
-112
-139
-148
-109
-87
-82
-69
-43
1
6
7
24
-46
-233
-478
-701
-902
-1107
-1307
-1497
-1598
-1611
-1541
-1394
-1261
-1066
-845
-719
-653
-615
-542
-406
-326
-286
-140
141
406
624
838
1035
1226
1313
1286
1266
1235
1158
1029
836
641
494
393
294
203
142
125
137
113
90
91
51
-10
-121
-242
-246
-207
-188
-129
24
194
295
361
383
411
402
314
263
228
180
152
182
240
293
373
403
365
338
243
115
80
35
-23
-64
-49
49
65
48
88
85
122
142
89
119
167
154
138
107
43
26
9
-24
-69
-148
-160
-137
-151
-173
-187
-152
-91
-67
-30
26
78
112
105
124
105
31
-22
-167
-438
-769
-1089
-1326
-1556
-1787
-1928
-1951
-1847
-1682
-1507
-1288
-1028
-813
-708
-654
-564
-400
-224
-135
8
279
563
854
1085
1286
1515
1606
1573
1469
1390
1346
1171
922
680
475
328
129
-73
-136
-131
-98
-110
-151
-126
-120
-153
-214
-278
-285
-261
-175
-30
115
304
477
593
656
613
506
449
411
315
207
162
201
279
321
354
390
400
359
242
117
50
14
-36
-109
-160
-115
-30
28
107
200
217
195
208
234
226
213
200
154
99
60
82
35
-102
-127
-97
-107
-156
-209
-192
-132
-81
-49
9
80
85
100
126
81
16
-134
-435
-745
-1082
-1461
-1756
-1982
-2162
-2286
-2324
-2170
-1906
-1620
-1300
-976
-691
-493
-387
-268
-69
105
218
359
613
951
1226
1433
1637
1787
1828
1731
1574
1420
1240
975
637
342
142
-57
-252
-340
-357
-355
-359
-354
-293
-238
-216
-205
-212
-188
-129
-45
76
252
467
643
773
850
840
772
670
534
411
295
169
76
48
79
168
220
250
292
251
154
103
60
-26
-102
-105
-40
28
75
198
326
358
397
424
451
429
369
345
273
167
81
1
-68
-140
-203
-238
-248
-262
-266
-239
-191
-110
-54
-13
91
177
141
40
-38
-112
-320
-706
-1157
-1588
-1946
-2236
-2532
-2714
-2752
-2633
-2321
-2003
-1589
-1119
-714
-326
-105
59
315
500
596
704
859
1109
1394
1600
1791
1994
2048
1912
1668
1383
1132
806
326
-79
-353
-581
-730
-804
-769
-654
-545
-454
-354
-240
-113
-18
19
91
238
358
474
677
891
1072
1216
1313
1303
1040
755
663
450
91
-299
-569
-550
-520
-474
-266
-81
82
252
327
326
359
384
296
163
119
252
412
417
455
574
629
641
629
619
593
496
355
198
72
-26
-165
-292
-430
-506
-463
-440
-396
-306
-187
-61
44
133
202
219
109
-58
-236
-559
-1049
-1680
-2266
-2576
-2794
-3081
-3253
-3141
-2791
-2378
-1954
-1419
-805
-275
9
184
456
748
1001
1106
1133
1333
1592
1760
1878
1996
2084
1983
1667
1258
892
533
71
-466
-919
-1181
-1271
-1292
-1193
-948
-672
-416
-210
19
281
472
567
602
674
822
979
1143
1310
1403
1418
1400
1305
1107
847
508
92
-286
-576
-849
-1092
-1169
-994
-723
-508
-242
122
452
626
730
850
926
903
804
700
633
672
741
709
692
753
773
627
441
386
345
160
-79
-191
-274
-438
-553
-552
-595
-635
-549
-402
-221
4
261
425
448
427
348
172
-127
-598
-1310
-2193
-2883
-3208
-3423
-3685
-3800
-3583
-3080
-2478
-1855
-1199
-525
56
351
480
724
1119
1440
1502
1499
1703
2000
2186
2239
2275
2249
1953
1367
722
200
-246
-740
-1334
-1788
-1918
-1837
-1677
-1418
-983
-517
-187
59
359
699
939
1031
1067
1200
1394
1555
1700
1802
1915
1938
1604
1195
888
430
-125
-735
-1261
-1464
-1600
-1704
-1526
-1144
-677
-207
166
568
1020
1272
1312
1291
1261
1252
1172
970
869
905
840
686
591
606
608
446
222
116
77
-90
-342
-483
-575
-656
-690
-751
-712
-470
-289
-140
122
399
753
970
885
742
528
251
-164
-972
-1998
-2989
-3683
-4001
-4232
-4380
-4286
-3823
-3050
-2284
-1549
-725
25
520
668
767
1165
1612
1812
1807
1906
2256
2566
2611
2477
2356
2094
1444
614
-93
-608
-1093
-1706
-2274
-2460
-2266
-1977
-1669
-1177
-524
8
323
614
995
1335
1461
1454
1489
1678
1866
1907
1958
1985
1846
1514
1052
630
177
-460
-1118
-1562
-1752
-1916
-2021
-1772
-1269
-687
-108
360
871
1439
1768
1793
1713
1684
1622
1401
1092
943
1006
930
673
499
449
413
224
-45
-196
-290
-423
-594
-771
-786
-720
-749
-784
-697
-425
-125
97
376
785
1166
1327
1262
1119
886
521
51
-708
-1785
-2900
-3777
-4300
-4592
-4745
-4704
-4381
-3691
-2829
-1946
-1077
-249
452
831
981
1249
1737
2120
2210
2246
2429
2685
2784
2596
2317
1997
1383
481
-409
-1101
-1547
-1979
-2459
-2644
-2457
-2068
-1616
-1108
-494
150
612
935
1279
1605
1796
1840
1853
1970
2111
2178
2105
1885
1637
1241
683
137
-448
-1072
-1660
-2171
-2375
-2283
-2038
-1599
-1054
-416
323
974
1459
1878
2147
2169
2010
1798
1635
1494
1284
1020
885
788
575
400
310
225
85
-135
-372
-492
-543
-633
-781
-907
-910
-821
-705
-557
-315
22
353
722
1130
1449
1631
1620
1373
957
477
-21
-762
-1943
-3244
-4228
-4700
-4923
-5081
-4977
-4565
-3811
-2844
-1927
-967
-16
714
1068
1149
1436
1995
2427
2518
2480
2614
2800
2772
2487
2002
1475
769
-225
-1130
-1706
-2037
-2334
-2666
-2720
-2333
-1721
-1142
-569
67
633
1060
1359
1664
2007
2226
2225
2140
2162
2260
2201
1945
1599
1205
671
-10
-687
-1289
-1799
-2210
-2526
-2600
-2306
-1842
-1379
-835
-149
568
1166
1642
2058
2376
2449
2282
2128
2019
1806
1454
1058
771
577
393
166
-59
-114
-125
-261
-452
-528
-492
-569
-745
-840
-781
-666
-566
-406
-108
275
649
965
1310
1668
1844
1713
1310
858
413
-192
-1063
-2289
-3623
-4544
-4984
-5094
-5049
-4936
-4437
-3521
-2475
-1472
-573
311
1003
1281
1355
1635
2185
2597
2627
2510
2543
2677
2554
2064
1425
723
-100
-1052
-1877
-2299
-2384
-2427
-2517
-2372
-1759
-960
-321
153
633
1130
1475
1692
1931
2201
2356
2281
2127
2075
2039
1838
1406
841
261
-301
-922
-1486
-1821
-2073
-2330
-2381
-2123
-1666
-1125
-605
-76
522
1074
1524
1876
2150
2338
2244
1952
1753
1656
1432
1034
657
408
242
58
-78
-99
-107
-160
-233
-331
-381
-345
-332
-454
-554
-384
-120
42
196
435
723
978
1209
1443
1582
1484
1162
757
217
-358
-900
-1769
-2976
-4119
-4798
-4894
-4807
-4791
-4542
-3868
-2819
-1668
-697
188
1022
1537
1621
1625
1936
2390
2572
2377
2118
2085
2068
1747
1094
350
-314
-1039
-1809
-2320
-2389
-2207
-2081
-1991
-1642
-895
-73
450
793
1182
1565
1803
1946
2138
2308
2276
2051
1786
1644
1500
1072
444
-133
-572
-977
-1380
-1573
-1682
-1987
-2187
-1944
-1422
-878
-448
-92
360
965
1597
2022
2183
2264
2291
1995
1589
1453
1353
966
404
26
-73
-78
-146
-224
-294
-326
-244
-197
-192
-116
-69
-154
-290
-186
139
395
506
635
835
1051
1226
1346
1421
1317
997
514
-35
-501
-906
-1538
-2586
-3812
-4629
-4778
-4564
-4436
-4306
-3791
-2886
-1819
-802
55
802
1406
1626
1578
1701
2157
2494
2323
1871
1641
1649
1484
926
239
-360
-972
-1661
-2164
-2209
-1879
-1599
-1553
-1292
-643
118
635
882
1124
1462
1669
1752
1935
2107
2082
1830
1432
1219
1138
776
223
-279
-704
-1053
-1378
-1585
-1532
-1452
-1415
-1320
-1025
-483
-54
140
409
870
1357
1656
1812
1990
2093
1945
1614
1285
1023
755
361
-32
-238
-226
-145
-213
-351
-327
-255
-303
-348
-294
-199
-136
-87
15
228
553
778
835
895
1002
1125
1193
1146
1023
800
437
-5
-436
-803
-1238
-1999
-2970
-3854
-4325
-4268
-4098
-3999
-3687
-3035
-2096
-1087
-263
447
1090
1457
1484
1461
1671
2000
2060
1755
1414
1297
1278
975
334
-326
-875
-1372
-1809
-1981
-1750
-1337
-1101
-922
-495
125
655
905
1061
1276
1471
1624
1764
1945
2046
1893
1521
1192
1023
744
283
-238
-670
-981
-1217
-1318
-1266
-1131
-1084
-1097
-951
-585
-168
47
154
440
925
1332
1551
1753
1898
1822
1530
1159
890
715
423
50
-184
-180
-93
-106
-161
-184
-177
-236
-316
-279
-168
-63
-30
26
196
433
684
813
808
825
923
1015
976
816
628
332
-47
-408
-728
-1008
-1550
-2488
-3463
-3986
-3913
-3716
-3608
-3389
-2847
-1982
-1152
-443
231
840
1187
1103
1037
1308
1656
1748
1495
1224
1149
1101
820
313
-182
-654
-1182
-1604
-1674
-1379
-984
-755
-585
-223
296
670
826
975
1134
1263
1442
1614
1830
1979
1837
1516
1183
909
582
125
-318
-657
-926
-1087
-1047
-1001
-987
-909
-892
-772
-507
-287
-142
63
451
915
1282
1493
1649
1703
1544
1278
978
713
481
251
48
-60
-22
56
34
-77
-122
-97
-138
-166
-92
-18
38
104
236
356
495
618
632
671
696
725
747
704
635
434
109
-215
-566
-811
-1090
-1758
-2634
-3400
-3656
-3499
-3418
-3288
-2975
-2434
-1691
-980
-305
229
646
835
740
851
1179
1496
1575
1323
1153
1104
950
623
158
-296
-769
-1206
-1367
-1212
-843
-507
-391
-231
85
426
634
669
750
913
1127
1361
1613
1845
1858
1593
1192
872
646
307
-49
-301
-496
-611
-640
-552
-529
-728
-1020
-1116
-881
-623
-409
-182
96
551
987
1321
1531
1592
1485
1167
878
776
724
554
263
100
111
79
-13
-63
-89
-220
-356
-317
-103
143
292
308
307
373
426
503
528
510
539
555
582
642
699
619
338
-12
-344
-604
-854
-1262
-1894
-2668
-3259
-3411
-3295
-3156
-3022
-2742
-2169
-1456
-877
-363
99
416
569
564
764
1235
1545
1488
1195
1018
970
780
405
-37
-353
-671
-1009
-1067
-839
-481
-294
-318
-212
48
300
483
570
763
1053
1248
1474
1712
1805
1666
1302
928
705
521
249
-26
-198
-301
-425
-479
-446
-499
-732
-961
-930
-762
-605
-374
-51
344
747
1042
1265
1414
1417
1267
1012
749
638
595
466
324
233
188
73
-90
-178
-243
-323
-354
-267
-74
112
230
276
289
297
301
360
382
387
524
608
690
740
666
499
174
-161
-487
-697
-850
-1353
-2082
-2744
-3098
-3015
-2997
-3008
-2821
-2496
-1885
-1324
-857
-351
25
250
211
320
817
1248
1415
1254
1119
1174
1011
733
409
45
-271
-663
-870
-704
-379
-204
-268
-299
-162
52
203
309
510
739
968
1239
1516
1724
1681
1426
1099
824
654
455
295
153
-25
-165
-280
-337
-474
-638
-764
-834
-720
-569
-406
-206
54
406
689
914
1123
1204
1165
1000
884
846
707
572
482
382
259
131
66
7
-141
-276
-247
-129
-30
54
110
104
84
60
86
180
250
332
332
400
547
530
480
357
213
-4
-312
-463
-514
-867
-1695
-2443
-2797
-2779
-2706
-2907
-2832
-2399
-1891
-1412
-1159
-684
-206
-150
-220
-154
458
1082
1157
1110
1096
1170
1126
793
551
318
-34
-386
-576
-323
-36
-39
-120
-223
-146
-64
-76
118
370
596
759
1005
1376
1602
1483
1146
961
872
741
561
421
424
297
33
-111
-216
-293
-486
-757
-830
-751
-575
-413
-207
143
404
545
676
867
1017
996
912
854
854
802
696
589
447
293
174
80
55
41
-46
-96
-70
39
165
138
62
51
21
1
42
171
290
281
260
270
266
241
155
28
-125
-301
-383
-502
-970
-1716
-2327
-2536
-2486
-2534
-2602
-2440
-2094
-1665
-1375
-1093
-632
-411
-500
-549
-247
456
879
866
905
1026
1036
788
576
541
356
-4
-272
-142
230
326
163
18
-33
-131
-324
-228
161
442
519
663
1077
1466
1457
1170
953
875
729
558
520
671
775
396
-10
-83
-82
-267
-666
-757
-602
-580
-492
-255
125
293
195
289
459
658
805
786
820
819
771
740
641
628
536
244
51
53
148
130
24
86
159
91
104
175
161
43
-113
-66
127
184
189
233
250
177
78
59
28
-98
-223
-333
-353
-483
-1112
-1768
-2135
-2214
-2170
-2393
-2332
-2011
-1807
-1523
-1334
-994
-649
-732
-763
-636
-242
292
466
641
779
776
756
537
504
552
255
14
24
228
446
397
310
220
41
-92
-128
50
282
410
558
822
1058
1111
1044
866
785
713
548
587
635
625
535
312
277
152
-169
-378
-508
-446
-343
-295
-101
6
111
226
253
401
466
464
486
518
667
698
670
749
705
510
315
256
325
283
158
162
227
257
186
126
123
33
-103
-106
-2
67
115
112
100
123
86
49
0
-103
-155
-227
-228
-149
-227
-631
-1299
-1783
-1897
-1932
-2042
-2109
-1937
-1721
-1610
-1477
-1219
-919
-948
-1116
-1073
-761
-242
92
201
378
556
569
457
454
579
474
193
134
365
660
643
463
454
389
155
-6
64
215
263
289
499
856
991
860
775
722
636
518
447
559
665
621
502
460
429
268
13
-197
-161
-150
-175
-47
58
158
176
184
294
288
236
238
271
396
475
504
547
533
530
496
439
420
373
308
257
206
172
157
145
107
37
-21
-69
-94
-96
-90
-81
-108
-115
-115
-160
-172
-187
-219
-232
-223
-198
-188
-290
-539
-867
-1166
-1230
-1206
-1271
-1314
-1362
-1309
-1191
-1098
-883
-841
-1017
-1143
-1173
-942
-623
-461
-367
-295
-211
-102
49
201
218
95
34
154
412
651
694
635
606
562
485
468
476
446
413
399
520
633
588
566
564
539
464
378
427
453
428
435
430
480
524
424
281
214
175
152
121
58
57
133
181
194
174
198
197
119
129
203
263
291
247
265
336
309
296
273
240
230
181
169
205
217
208
174
108
97
126
91
83
121
135
109
29
-6
0
-22
-43
-93
-116
-53
-52
-115
-158
-307
-539
-684
-747
-724
-725
-877
-1055
-1126
-1071
-955
-952
-1066
-1173
-1275
-1239
-1068
-931
-875
-908
-922
-808
-637
-474
-434
-477
-436
-344
-164
76
220
293
326
327
418
546
564
539
554
604
663
700
725
720
705
761
743
673
672
669
685
684
657
650
588
518
502
474
445
396
317
286
257
248
287
249
198
203
186
192
214
226
254
271
289
315
302
278
225
185
210
231
254
252
188
187
234
207
175
157
106
56
70
87
42
1
-15
-1
28
11
-31
-55
-78
-94
-139
-261
-443
-619
-694
-717
-732
-800
-1026
-1271
-1303
-1150
-1045
-1105
-1209
-1277
-1314
-1214
-1053
-950
-924
-1003
-1017
-832
-585
-412
-386
-445
-419
-229
7
146
201
255
292
342
471
583
649
666
646
651
669
681
703
696
690
679
682
719
695
690
734
736
656
580
582
555
502
470
388
315
309
300
294
283
230
181
129
122
160
155
119
45
46
169
271
306
275
261
289
284
306
349
313
262
251
241
236
243
254
242
175
129
131
129
78
8
-24
-24
-38
-76
-90
-112
-133
-118
-152
-224
-351
-531
-654
-722
-719
-736
-897
-1039
-1096
-1097
-1006
-1014
-1140
-1206
-1238
-1166
-986
-901
-892
-924
-949
-805
-605
-497
-424
-399
-383
-295
-146
61
168
209
285
330
414
478
478
525
544
521
575
591
552
572
556
563
605
580
582
587
578
621
619
572
565
545
545
585
544
419
306
342
365
281
245
243
248
254
204
187
228
181
151
191
223
243
270
284
308
304
272
296
303
295
283
258
273
274
201
132
156
145
95
28
-19
-5
-17
-45
-57
-83
-133
-157
-188
-215
-184
-215
-357
-468
-553
-577
-583
-624
-706
-891
-1022
-1015
-923
-860
-930
-1008
-1047
-1078
-1007
-863
-789
-802
-816
-775
-693
-594
-493
-448
-408
-321
-231
-113
22
102
164
204
231
325
427
449
468
503
505
545
589
566
542
526
503
489
517
534
544
566
508
429
450
490
487
529
522
457
457
449
406
391
354
271
260
303
281
258
264
217
201
234
224
205
212
211
226
271
254
223
238
244
241
229
218
223
211
182
139
121
160
146
60
10
-2
-42
-69
-86
-119
-144
-170
-170
-153
-200
-251
-292
-401
-495
-530
-543
-570
-654
-781
-854
-850
-813
-769
-819
-927
-972
-967
-884
-771
-735
-734
-733
-695
-615
-538
-463
-439
-441
-396
-305
-190
-66
-4
-4
48
147
255
322
319
332
407
463
484
485
433
450
518
530
510
475
465
517
537
514
499
476
462
462
463
473
472
484
461
373
353
367
385
372
301
291
286
226
216
233
240
278
287
248
213
199
197
201
195
227
262
222
223
235
209
190
167
149
123
123
98
61
70
34
-28
-86
-133
-143
-127
-136
-149
-186
-256
-289
-313
-369
-444
-510
-563
-597
-634
-694
-713
-711
-706
-694
-755
-833
-846
-853
-831
-762
-738
-733
-718
-687
-591
-504
-457
-402
-402
-386
-258
-131
-47
-13
10
77
151
191
255
287
289
345
390
429
457
457
459
441
425
448
434
460
500
493
522
516
447
397
384
422
477
473
438
411
379
389
400
365
358
338
299
298
284
254
227
191
211
227
199
180
188
209
214
193
168
173
171
177
139
82
99
92
67
70
46
33
33
-6
-28
-20
-48
-97
-147
-198
-209
-215
-222
-224
-253
-290
-323
-388
-463
-479
-460
-482
-529
-574
-608
-605
-594
-595
-627
-669
-684
-681
-668
-636
-578
-546
-549
-567
-581
-515
-429
-373
-308
-268
-219
-153
-95
-2
55
50
82
151
227
294
305
317
379
426
447
411
393
451
465
454
438
427
483
504
474
440
413
417
440
433
409
424
425
414
388
352
346
346
329
322
307
301
287
217
174
188
225
233
182
108
69
101
131
125
111
94
77
57
51
62
58
33
5
-8
5
-3
-32
-62
-98
-129
-148
-161
-176
-198
-224
-230
-257
-292
-278
-307
-360
-371
-413
-451
-438
-422
-448
-480
-471
-473
-504
-492
-472
-488
-492
-497
-508
-475
-454
-461
-467
-453
-422
-385
-345
-327
-287
-225
-165
-111
-62
-31
-9
32
65
84
161
246
261
260
294
331
370
382
370
352
345
385
403
436
460
441
414
361
362
419
453
442
402
378
386
400
391
360
342
355
360
333
311
321
326
292
234
179
174
166
142
146
129
112
117
100
69
40
35
45
32
28
-8
-45
-10
-16
-95
-102
-64
-57
-100
-159
-165
-152
-182
-229
-236
-253
-299
-321
-321
-342
-363
-350
-392
-459
-455
-443
-437
-434
-460
-493
-499
-480
-459
-452
-448
-421
-398
-375
-370
-391
-398
-352
-302
-266
-207
-155
-152
-164
-129
-80
-16
45
58
61
83
136
184
200
216
233
210
217
291
346
365
365
358
350
338
335
380
417
397
379
385
403
406
397
386
366
368
372
366
380
370
337
296
296
305
286
265
240
224
208
184
141
110
116
103
68
51
41
33
10
-16
-5
2
-29
-61
-77
-71
-66
-70
-74
-80
-95
-128
-154
-144
-145
-166
-165
-208
-272
-287
-301
-304
-293
-325
-364
-393
-410
-421
-445
-430
-412
-429
-419
-422
-440
-416
-401
-388
-364
-349
-353
-352
-309
-279
-274
-264
-241
-211
-187
-169
-150
-97
-32
18
40
39
46
52
104
152
161
208
236
220
257
292
288
297
299
305
330
346
351
367
372
349
368
415
433
415
390
385
386
401
419
400
376
384
369
345
329
316
288
250
233
226
203
160
125
107
89
53
9
-2
-28
-52
-33
-41
-41
-62
-126
-137
-138
-144
-123
-137
-120
-102
-141
-143
-146
-158
-149
-176
-219
-216
-221
-239
-237
-264
-297
-316
-331
-342
-352
-329
-316
-393
-421
-386
-396
-346
-336
-369
-331
-341
-346
-297
-277
-301
-323
-331
-290
-238
-233
-205
-187
-156
-121
-112
-56
-36
-16
29
30
81
142
146
165
192
211
256
271
269
290
292
316
365
347
340
378
363
336
328
359
400
378
343
354
366
370
369
346
344
342
322
323
345
353
320
284
260
250
238
218
208
181
158
121
85
43
-16
-21
-23
-68
-80
-87
-104
-111
-139
-163
-180
-194
-187
-174
-168
-150
-157
-173
-190
-212
-213
-250
-262
-254
-283
-268
-256
-277
-276
-304
-332
-316
-312
-301
-296
-331
-341
-324
-315
-296
-269
-246
-248
-269
-261
-242
-233
-216
-220
-242
-218
-177
-162
-145
-130
-123
-98
-67
-33
-1
-5
7
64
97
117
125
127
154
195
229
225
231
276
289
291
321
347
368
356
318
317
322
322
328
325
346
371
346
285
278
301
305
304
290
303
299
269
278
279
259
264
233
200
178
140
132
113
83
43
6
-26
-54
-61
-88
-102
-103
-132
-164
-171
-167
-156
-155
-191
-193
-161
-166
-200
-222
-232
-236
-255
-255
-238
-267
-292
-275
-273
-277
-291
-303
-288
-308
-309
-275
-268
-282
-274
-255
-243
-232
-232
-219
-198
-196
-204
-183
-167
-179
-181
-167
-143
-135
-135
-106
-71
-68
-54
-45
-34
19
39
47
89
103
101
117
139
169
193
200
255
310
305
302
307
325
355
350
333
355
367
351
321
313
328
317
291
290
284
287
293
281
271
249
239
248
219
188
209
205
170
142
122
126
94
34
6
-23
-41
-31
-34
-59
-67
-93
-141
-163
-187
-207
-205
-207
-207
-187
-198
-197
-169
-202
-202
-172
-191
-224
-232
-213
-208
-214
-226
-228
-236
-267
-273
-254
-267
-258
-225
-235
-225
-219
-220
-201
-203
-203
-190
-182
-170
-140
-141
-160
-148
-136
-120
-115
-116
-98
-76
-71
-65
-41
1
8
8
37
68
96
95
109
144
160
183
203
216
240
243
248
275
281
273
283
281
281
297
289
289
310
290
266
266
282
317
282
241
258
249
227
220
219
216
211
202
177
155
133
105
82
59
8
-13
0
-27
-75
-106
-135
-118
-88
-127
-148
-148
-145
-143
-176
-177
-150
-165
-158
-154
-176
-159
-167
-186
-193
-207
-188
-168
-179
-190
-206
-228
-203
-179
-186
-180
-199
-209
-171
-166
-168
-137
-172
-191
-149
-147
-146
-120
-127
-116
-109
-124
-106
-96
-80
-82
-122
-109
-75
-60
-26
-28
-27
-6
-31
-2
70
87
102
123
130
144
162
172
180
192
227
253
230
224
251
252
238
215
203
206
221
225
205
209
222
225
219
200
195
211
191
163
174
185
167
152
171
185
160
116
90
73
47
17
3
11
3
-61
-91
-92
-100
-94
-101
-106
-117
-135
-145
-134
-110
-110
-130
-125
-121
-155
-152
-136
-159
-166
-156
-138
-145
-167
-161
-153
-161
-174
-183
-177
-158
-142
-145
-171
-175
-152
-156
-151
-113
-102
-125
-126
-108
-111
-120
-116
-82
-56
-80
-95
-70
-61
-76
-72
-56
-37
-14
-29
2
62
68
80
86
77
91
96
100
141
151
165
199
196
223
247
237
213
170
186
218
200
192
194
181
165
157
160
164
134
120
128
113
105
129
128
112
124
122
108
113
109
108
90
22
-2
21
10
-16
-37
-51
-38
-51
-99
-113
-86
-80
-121
-126
-105
-106
-109
-128
-102
-52
-79
-112
-101
-108
-110
-98
-116
-96
-66
-103
-121
-128
-146
-130
-143
-176
-149
-148
-159
-128
-124
-141
-135
-103
-91
-116
-120
-77
-70
-76
-70
-56
-28
-30
-48
-35
-28
-45
-34
-20
-24
7
21
7
25
59
52
15
36
58
55
75
80
84
109
110
121
153
155
172
197
190
174
184
179
165
160
142
126
118
127
99
92
103
88
87
67
67
73
50
51
72
88
88
73
44
55
62
27
29
44
23
-6
-19
-37
-32
-42
-51
-37
-78
-87
-70
-85
-72
-67
-87
-95
-113
-103
-82
-77
-64
-80
-96
-95
-115
-99
-62
-49
-58
-98
-116
-99
-105
-110
-91
-101
-101
-95
-117
-110
-89
-86
-72
-89
-90
-50
-64
-71
-45
-44
-38
-13
-21
-6
-12
-35
-22
-30
-7
25
12
5
25
41
54
36
20
44
43
38
70
95
129
156
119
106
134
130
126
140
154
168
142
110
124
127
106
105
93
86
100
77
73
91
87
77
73
58
47
35
18
20
15
13
9
5
-12
-22
-30
-53
-46
-49
-64
-52
-39
-55
-71
-79
-64
-70
-85
-59
-32
-52
-65
-47
-65
-93
-89
-87
-76
-78
-85
-58
-72
-66
-61
-93
-95
-97
-91
-75
-90
-64
-17
-44
-48
-26
-42
-41
-39
-26
-3
