-6
1
17
-13
10
15
-3
7
-15
-14
1
14
32
21
-1
-15
-10
5
32
-4
1
46
-1
24
25
-36
24
31
-16
15
-22
-24
26
-10
20
26
-10
10
-47
-30
-13
-52
-5
1
-31
-6
31
23
16
1
-3
18
29
2
-7
0
18
9
10
38
-16
9
9
-30
38
21
-36
16
-21
-32
38
-33
-2
13
-22
3
-24
1
-37
-54
24
-16
8
40
-70
-2
61
-39
-31
18
-12
-17
28
-16
-14
76
-26
-29
87
-73
-21
56
-72
38
24
-42
46
-12
-42
48
11
-42
13
18
-27
51
3
-58
49
-40
-18
87
-49
2
81
-36
32
19
-67
38
-20
-41
49
-28
5
8
-71
51
-2
-47
57
-59
-20
46
-57
33
49
-64
6
9
-34
60
16
-37
67
-33
-37
103
-44
-18
27
-80
60
37
-39
65
-17
7
-1
-78
32
-7
38
68
-33
54
24
-28
33
-32
-14
-5
-33
34
-19
44
28
-62
65
25
-73
25
20
-63
11
-20
-115
13
43
-96
34
1
-71
68
-22
-5
56
-25
26
40
32
41
15
25
32
-3
-12
-12
-15
27
-31
-22
27
-43
28
12
-96
-9
-47
-88
6
-55
-53
56
-57
-15
91
-76
-27
79
-16
13
19
-54
22
65
5
-21
18
24
-51
22
57
-65
6
90
-50
54
106
-67
64
55
-93
-5
41
-58
-4
87
-31
-2
65
-91
24
95
-96
-32
30
-58
-19
5
-18
-27
12
-17
-52
75
-36
-50
72
-43
-12
85
-24
-2
34
-4
-20
39
34
-69
68
47
-52
81
50
-63
63
10
-97
65
55
-71
40
34
-84
28
15
-84
33
26
-52
3
16
32
7
-21
27
-35
-48
33
-45
-28
-14
-44
51
-37
-69
32
2
9
37
-78
-24
71
-37
7
76
-78
-21
78
-80
26
59
-95
-27
69
-14
-1
88
-17
34
74
-125
-44
89
-79
-32
60
-60
-7
90
-12
-1
72
-91
-69
53
-68
-46
62
8
-12
31
30
-20
-20
53
-66
-15
46
-58
58
34
-14
48
31
-39
-15
18
-54
-6
74
-43
38
131
-96
16
88
-27
25
-45
-48
42
-12
-14
11
46
49
11
38
6
-10
-40
-46
-44
-2
49
-26
-4
61
-29
-5
8
-92
-4
-17
-59
58
19
-7
47
-14
-41
-6
-6
-78
-21
-2
-129
14
76
-33
42
27
9
69
-7
-2
5
-68
-57
14
6
-11
78
31
-41
57
-34
-49
66
-92
-32
55
-43
39
-28
0
109
-25
3
-28
-56
90
2
-52
78
-8
-3
63
-45
61
67
-90
44
72
-92
5
89
-63
6
53
-97
47
64
-130
39
68
-110
58
76
-36
55
71
-39
28
93
-58
10
53
-103
33
114
-61
40
69
-99
-18
69
-46
-49
46
-89
-118
58
-91
-115
29
-119
-58
44
-66
-54
5
-94
-87
45
-29
-63
93
-53
-75
147
-57
-31
118
-78
-20
90
-36
-36
18
-5
2
-31
-41
33
54
-1
-16
35
-9
-11
-5
-44
25
53
-38
16
98
1
71
65
-8
102
-27
-34
133
-29
44
69
-73
105
-9
-56
131
-53
21
102
-102
73
35
-121
77
-18
-59
133
-49
-54
91
-74
15
63
-111
-9
79
-9
-10
25
-1
5
55
-23
-60
16
-21
-21
-14
10
-3
-19
23
-31
29
35
-55
48
-19
-63
45
-56
6
36
-82
85
11
-79
72
-37
-37
53
-47
-45
42
49
-5
-10
34
-55
-10
16
-85
69
25
-114
3
-1
-52
37
40
-65
31
17
-122
8
23
-76
23
0
-149
-68
14
-72
-61
3
-53
-18
-1
-49
-8
34
-57
-61
40
-39
-29
40
-50
-7
17
-85
52
99
-80
24
81
-52
72
25
-83
103
84
-94
34
99
-35
60
59
-70
86
91
-50
79
109
-32
60
119
-15
58
117
33
61
60
-29
85
101
31
117
23
20
84
9
64
-9
-11
61
0
91
47
-2
112
-26
-59
30
-104
-2
23
-58
27
-22
35
-9
-91
56
-95
-68
33
-140
-18
-17
-76
-43
-83
-45
-93
-81
-38
-147
-45
-41
-99
31
-67
-137
-22
-32
-83
-57
-91
-108
6
22
-101
28
40
-87
0
-64
-129
35
-33
-92
55
-39
-2
8
-28
75
-103
-82
26
-64
71
40
-35
113
-18
-43
144
27
-1
70
-73
-12
120
-4
59
141
54
103
145
8
17
133
-14
2
84
-9
59
137
19
65
147
-2
70
74
-46
106
-12
-64
76
9
120
66
35
139
-130
-47
84
-142
69
11
-121
201
1
-64
130
-131
-31
38
-180
39
4
-157
69
4
-38
124
-64
-31
39
-118
13
-74
-100
96
-86
-27
54
-56
106
16
-106
15
-131
-90
74
-114
-43
84
-83
25
74
-134
44
-35
-200
56
-107
-116
112
-123
-13
108
-151
25
81
-162
-1
-18
-193
45
21
-108
90
74
-87
48
13
-119
33
-58
-45
96
-64
43
112
-13
61
31
-2
14
-49
-27
36
2
18
96
3
59
99
22
114
-35
-74
108
26
-16
79
37
39
105
30
21
117
-17
-79
85
-2
-17
112
-27
-18
101
-54
45
114
-100
-23
37
-91
11
49
-80
61
74
-73
8
29
-47
-21
-22
10
-7
-58
56
-12
-78
38
-10
1
43
-89
-93
-10
-20
-35
-23
-4
-18
-37
-34
50
-22
-134
25
-43
-100
62
-66
-63
79
-19
8
2
-78
19
-12
-71
-21
-64
-47
36
-41
-14
92
33
-22
10
53
-1
-64
9
31
-22
39
68
61
90
49
-12
10
54
-7
-60
34
50
5
51
62
30
15
45
9
-39
-14
-31
6
33
3
50
19
63
67
-58
-3
-5
-51
32
7
27
25
-9
67
27
-15
29
-22
-55
20
19
-39
12
62
-10
4
-5
-26
-14
-8
-21
-37
8
-2
-15
-19
-18
4
-31
-53
-39
-56
-47
-3
-3
-31
-30
-61
-37
-15
-31
-29
-74
-70
-20
21
20
19
-13
-92
-37
1
-27
-6
-17
-40
5
24
18
34
23
-11
-29
-10
21
20
-9
39
33
-12
22
50
53
53
-24
-11
72
-16
0
34
25
71
-1
7
58
-6
29
36
43
37
-32
24
59
4
-30
5
36
46
31
7
17
42
23
7
33
19
4
22
4
0
-11
-18
25
25
-13
-19
-17
-28
12
6
-21
-2
-32
-38
-4
16
28
3
-7
-6
-12
-15
-38
-7
-23
-31
-19
-53
-5
6
-2
9
-31
-18
0
-46
-34
-34
-52
-2
-5
-27
18
-7
-38
-10
-20
-4
9
-6
6
25
-5
6
28
-31
-51
-29
-17
25
15
-24
-13
-36
-19
26
10
-5
-9
-9
36
28
-18
-10
-22
2
28
42
58
32
3
28
30
-17
6
17
9
9
-8
-4
36
6
-12
10
-2
15
13
12
31
0
-13
0
13
25
-16
-12
-6
-65
-46
-21
-43
0
22
-30
-14
17
-1
-16
-23
-29
-9
-13
-39
-17
-7
-32
-28
-11
-10
-7
-11
-8
26
55
20
31
64
48
57
34
0
2
6
24
31
21
37
40
30
28
16
21
14
17
43
25
28
42
26
30
38
19
33
32
0
3
-23
-17
49
48
38
62
26
44
71
9
-8
-28
-35
-29
-59
-46
-41
-56
-56
-88
-105
-81
-60
-44
-31
-20
-25
-22
4
-4
-29
-27
-46
-59
-78
-135
-187
-192
-202
-220
-203
-196
-174
-178
-207
-184
-184
-197
-209
-215
-164
-132
-119
-83
-57
-28
0
17
52
100
111
108
108
148
175
165
199
217
261
284
302
346
325
314
306
294
305
302
260
281
335
336
360
341
301
298
266
262
279
242
218
232
193
189
234
213
176
150
108
92
89
72
68
61
18
-3
-11
-30
-39
-53
-41
-38
-14
17
21
51
59
27
38
56
51
47
14
46
63
38
-54
-397
-757
-1167
-1646
-2021
-2500
-2796
-2843
-2851
-2651
-2242
-1706
-1128
-589
-175
160
495
626
718
840
858
940
973
1083
1309
1406
1414
1407
1347
1134
894
571
158
-167
-493
-753
-844
-927
-945
-795
-660
-466
-202
29
351
583
722
961
1188
1372
1503
1553
1546
1505
1380
1240
1126
883
703
591
427
331
215
82
9
-95
-241
-275
-284
-322
-304
-281
-209
-79
47
195
313
403
500
554
607
651
643
686
734
646
556
461
294
146
-38
-228
-379
-579
-773
-851
-866
-832
-756
-756
-738
-607
-516
-461
-353
-334
-308
-506
-1284
-2021
-2604
-3135
-3343
-3730
-4128
-3809
-3209
-2481
-1571
-754
109
782
950
1080
1418
1529
1440
1244
1094
1295
1472
1560
1775
1851
1709
1458
1137
842
520
55
-432
-806
-1045
-1092
-978
-737
-439
-260
-120
210
470
561
718
830
962
1143
1238
1416
1597
1563
1468
1305
1102
1009
792
500
414
338
146
18
-63
-114
-119
-242
-318
-232
-164
-36
164
378
661
843
865
930
974
982
933
756
644
571
439
366
323
277
265
113
-109
-195
-346
-530
-664
-828
-894
-884
-854
-786
-701
-615
-543
-424
-338
-296
-277
-299
-239
-154
-78
63
-21
-1158
-2635
-3454
-4076
-4280
-4649
-5377
-4929
-3880
-2834
-1484
-276
949
1761
1682
1533
1916
2237
1995
1645
1342
1454
1889
1903
2068
2246
1776
1004
148
-466
-793
-1288
-1829
-1970
-1870
-1607
-1078
-473
211
689
808
987
1343
1642
1836
1882
1778
1686
1565
1489
1481
1287
883
389
-2
-71
-21
36
155
282
325
254
332
442
372
206
-61
-112
61
264
604
919
1182
1322
1264
1187
1134
1027
779
479
253
136
131
122
114
130
24
-186
-362
-550
-660
-778
-984
-848
-679
-564
-175
-40
84
250
8
-78
-50
-204
-368
-791
-1126
-1104
-1047
-1046
-900
-691
-1621
-2989
-3571
-3913
-3565
-3603
-4388
-3842
-2825
-1919
-749
172
1379
2123
1751
1352
1609
2086
1853
1300
906
957
1216
872
840
1088
654
-123
-983
-1335
-1121
-1204
-1308
-1055
-641
-92
369
920
1636
1855
1562
1386
1549
1702
1703
1511
1266
1128
784
516
503
322
-31
-459
-764
-593
-262
-28
315
711
919
943
972
972
888
627
218
0
116
390
684
948
1135
1278
1209
965
787
606
367
90
-165
-167
-1
61
99
169
126
-64
-307
-393
-337
-320
-387
-318
-2
206
339
372
305
268
49
-171
-476
-809
-917
-1182
-1345
-1139
-1041
-945
-1790
-4022
-5319
-5490
-5376
-4943
-5290
-5001
-2902
-1088
458
2006
3116
4069
3723
2306
1813
2219
2053
1280
628
514
996
968
435
468
213
-891
-2206
-2989
-2677
-2045
-1758
-1245
-252
896
1891
2534
3106
3485
3091
2251
1729
1626
1547
1272
877
678
403
-153
-486
-723
-1124
-1627
-2177
-2145
-1261
-356
464
1335
1862
2035
1955
1779
1601
1220
548
-50
-136
185
578
1011
1352
1471
1298
839
487
384
214
-31
-183
-127
172
453
534
486
385
16
-565
-910
-1010
-849
-494
-207
221
812
1150
1251
1138
698
87
-472
-878
-1213
-1363
-1431
-1491
-1354
-1244
-997
-1091
-2913
-5290
-6350
-6408
-5567
-4952
-5035
-3496
-1008
824
2553
3681
4550
4829
3230
1489
1143
1427
1215
474
-15
225
668
318
-177
-282
-930
-2158
-3266
-3381
-2258
-1178
-449
599
1816
2895
3418
3543
3798
3465
2364
1306
840
936
880
539
301
153
-244
-829
-1210
-1533
-1989
-2416
-2523
-1855
-608
453
1375
2294
2683
2603
2321
1817
1414
855
-7
-302
80
536
971
1296
1449
1393
889
213
-167
-296
-399
-422
-209
157
552
834
859
691
387
-158
-816
-1003
-766
-544
-109
493
1043
1466
1519
1330
978
269
-467
-985
-1437
-1542
-1308
-1166
-868
-585
-675
-640
-796
-2121
-4629
-6865
-7486
-6923
-6222
-5831
-4884
-2483
319
2341
3654
4735
5451
4758
2952
1739
1755
1931
1275
429
302
652
549
-260
-990
-1387
-2296
-3595
-4099
-3301
-1798
-630
359
1686
3086
3940
4055
4042
3935
3171
1861
870
722
947
769
247
-57
-269
-796
-1473
-1919
-2024
-2210
-2622
-2444
-1316
159
1335
2066
2560
2739
2420
1834
1327
962
475
-97
-258
283
1058
1445
1494
1385
998
306
-342
-570
-464
-362
-239
169
720
1132
1318
1172
774
174
-563
-1065
-1184
-847
-296
154
771
1357
1602
1512
999
388
-305
-1031
-1453
-1615
-1370
-919
-647
-361
-149
-204
-339
-878
-2503
-5307
-7580
-7958
-7154
-5963
-5268
-4331
-1799
811
2642
3937
4509
4905
4117
2088
1062
1324
1833
1594
727
484
715
534
-295
-1132
-1683
-2652
-3725
-3975
-2969
-1093
419
1474
2651
3638
4164
4023
3601
3175
2135
872
131
176
659
726
412
114
-263
-976
-1726
-2036
-2068
-2070
-2174
-1816
-457
1008
2034
2655
2757
2498
1888
1128
568
292
162
0
126
811
1609
2004
1855
1347
663
-194
-843
-901
-604
-231
153
597
1084
1274
1157
818
236
-403
-976
-1225
-1008
-381
353
881
1300
1666
1537
1119
600
-288
-980
-1472
-1690
-1372
-960
-392
86
147
114
-290
-1044
-2517
-5452
-8010
-8670
-8115
-6718
-5485
-4352
-1810
951
2944
4415
4952
5105
4439
2490
1056
960
1390
1411
777
324
391
283
-500
-1515
-2275
-3058
-3824
-3961
-2932
-875
1046
2331
3501
4405
4827
4496
3594
2855
1830
534
-392
-550
107
476
189
-139
-540
-1053
-1617
-2129
-2152
-1738
-1386
-879
267
1617
2551
2813
2494
1915
1160
281
-388
-558
-381
-42
495
1256
2013
2422
2259
1575
693
-228
-968
-1226
-1009
-483
126
633
1021
1199
1063
680
150
-417
-803
-879
-644
-26
663
1146
1521
1553
1316
769
-133
-829
-1341
-1479
-1290
-1042
-467
10
420
556
35
-354
-1118
-2326
-4455
-7643
-8613
-7846
-6773
-5004
-4222
-2587
485
2230
3745
4647
4541
4564
3083
1385
1211
1482
1735
1154
332
101
-181
-678
-1615
-2305
-2731
-3408
-3467
-2689
-877
1235
2417
3414
4204
4484
4394
3431
2589
1936
622
-332
-617
-303
324
181
-291
-579
-944
-1327
-1664
-1760
-1572
-1113
-802
-262
1113
1985
2192
2207
1540
919
424
-184
-262
-145
154
695
1220
1817
2253
2236
1504
565
-187
-921
-1209
-1052
-602
93
537
938
1214
1086
817
306
-217
-595
-762
-477
-35
594
1200
1433
1593
1317
786
239
-618
-1047
-1313
-1490
-903
-410
23
535
457
195
-192
-1016
-2250
-4391
-7290
-8891
-8412
-7276
-5705
-4248
-2874
-26
2571
3968
5105
5134
4788
3785
1749
1032
1303
1437
1161
117
-399
-471
-1011
-1785
-2678
-3167
-3455
-3591
-2770
-989
1358
3056
3863
4611
4826
4574
3696
2332
1437
359
-692
-994
-721
27
281
-192
-629
-1026
-1322
-1590
-1709
-1205
-682
-334
438
1381
2253
2617
2022
1173
277
-495
-754
-833
-545
159
808
1487
2233
2697
2672
1942
759
-269
-1037
-1406
-1169
-600
8
560
916
1165
1153
765
332
-147
-605
-710
-498
69
836
1290
1390
1390
1114
579
-46
-849
-1332
-1321
-1165
-797
-178
459
806
837
485
-126
-868
-2179
-3659
-5761
-8328
-8715
-7687
-6366
-4408
-3391
-1524
1473
3064
4480
5008
4615
4589
3052
1483
1372
1382
1439
586
-603
-857
-1225
-1831
-2593
-3135
-3125
-3232
-2800
-1454
581
2704
3771
4357
4707
4543
4059
2703
1472
757
-313
-932
-999
-566
121
-93
-659
-1062
-1494
-1585
-1628
-1457
-665
211
1008
1792
2515
2798
2241
1242
142
-790
-1280
-1400
-1105
-356
622
1609
2507
2987
2869
2365
1314
91
-707
-1253
-1349
-922
-398
215
741
941
941
639
175
-164
-374
-370
-149
286
912
1333
1527
1442
921
336
-461
-1117
-1386
-1556
-1082
-596
-166
748
940
1052
1060
41
-493
-1494
-3081
-3938
-6165
-8205
-7940
-7391
-5880
-4067
-3301
-1149
1334
2808
4349
4784
4701
4620
3358
2167
1743
1523
1186
180
-987
-1510
-1739
-2228
-2866
-3154
-3068
-2717
-2000
-817
1144
2955
3901
4428
4456
4367
3845
2462
1369
490
-394
-811
-1057
-770
-251
-429
-885
-1229
-1431
-1370
-1217
-909
-211
633
1349
1970
2542
2617
1909
898
-100
-940
-1361
-1353
-965
-131
857
1728
2426
2695
2546
1997
926
-143
-772
-1140
-1162
-812
-261
305
596
704
661
397
141
-52
-240
-135
232
631
1133
1389
1298
1129
585
-96
-560
-1135
-1546
-1399
-842
-235
367
853
967
1106
801
-28
-732
-2075
-3419
-4623
-7041
-8456
-7919
-7034
-5229
-3762
-2759
-209
2151
3640
4801
4819
4713
4273
2823
1859
1547
1389
898
-273
-1276
-1701
-2014
-2595
-3174
-3288
-3050
-2524
-1531
104
2161
3709
4460
4725
4561
4183
3264
1827
812
31
-710
-989
-960
-549
-193
-541
-1037
-1282
-1341
-1190
-982
-514
336
1106
1758
2294
2391
2050
1149
-111
-1092
-1612
-1686
-1329
-582
498
1601
2372
2858
2988
2546
1623
458
-555
-1137
-1331
-1134
-634
-86
358
601
648
576
438
273
117
125
368
711
1030
1221
1201
911
414
-76
-687
-1198
-1289
-1368
-1000
-179
194
884
1492
1035
964
657
-392
-928
-2286
-3949
-5118
-7389
-8532
-7844
-6991
-5065
-3673
-2600
234
2596
4154
5150
4927
4951
4352
2675
1746
1423
1183
531
-717
-1543
-1842
-2161
-2811
-3403
-3387
-3035
-2332
-1207
562
2815
4210
4775
4943
4615
4151
2976
1430
493
-334
-950
-1086
-975
-474
-266
-693
-1193
-1502
-1463
-1341
-1118
-389
589
1472
2186
2648
2763
2207
1019
-321
-1361
-1908
-1928
-1456
-606
566
1674
2479
2964
2963
2458
1433
203
-626
-1014
-1057
-785
-377
96
381
433
383
210
115
-17
-64
200
529
1046
1505
1612
1515
892
147
-404
-1104
-1422
-1544
-1616
-850
-50
566
1523
1669
1261
923
213
-335
-1075
-2570
-3639
-4761
-6830
-8043
-7901
-7089
-5323
-4011
-3079
-649
1833
3638
5035
5129
5136
4850
3284
2106
1569
1177
678
-642
-1722
-1968
-2250
-2650
-3127
-3297
-2873
-2288
-1392
213
2291
3942
4676
4776
4562
4210
3252
1819
775
-33
-646
-915
-1015
-613
-296
-704
-1262
-1660
-1639
-1263
-915
-333
610
1329
1678
2166
2448
2018
1076
-125
-1023
-1386
-1346
-786
-48
760
1580
2005
2316
2384
1967
1203
60
-724
-945
-1017
-766
-276
226
496
464
449
432
300
202
180
366
621
845
1177
1267
1038
536
22
-433
-937
-1090
-1191
-1018
-450
-11
745
1127
1107
1177
565
59
-454
-1379
-2165
-3337
-4718
-6765
-8462
-8092
-7111
-5450
-3880
-2856
-115
2446
3972
5349
5310
5235
4661
2707
1693
1228
1076
765
-712
-1486
-1775
-2309
-2739
-3447
-3469
-3008
-2567
-1368
390
2623
4405
4956
4982
4580
3956
2842
1368
507
-193
-771
-870
-789
-269
-79
-698
-1280
-1825
-1990
-1611
-1139
-208
1034
1894
2318
2621
2709
2091
834
-673
-1864
-2270
-1999
-1174
-56
1066
1940
2435
2705
2589
2125
1290
149
-613
-898
-901
-543
-102
222
330
161
-19
10
180
231
324
607
862
1159
1510
1612
1389
736
-79
-656
-1235
-1486
-1287
-1079
-537
160
653
1037
1218
1085
609
6
-596
-1267
-2319
-3534
-5012
-7138
-8291
-7969
-6953
-5125
-3746
-2370
158
2334
4019
5016
4921
4856
4159
2766
1982
1611
1474
905
-393
-1357
-2009
-2581
-3193
-3774
-3686
-3177
-2304
-948
910
3064
4439
4860
4658
4086
3436
2300
1125
523
87
-105
-116
-37
206
-76
-933
-1872
-2577
-2671
-2248
-1511
-380
930
1904
2464
2750
2630
2014
920
-360
-1068
-1240
-1024
-314
437
1170
1635
1653
1669
1450
949
366
-304
-577
-485
-243
169
567
768
594
252
9
-122
-100
-68
85
440
762
1101
1401
1506
1226
461
-95
-465
-930
-862
-804
-790
-349
128
742
1204
1078
650
117
-358
-618
-1036
-2107
-3354
-5146
-7711
-8520
-7729
-6401
-4355
-3411
-2043
785
2749
4332
4940
4603
4661
3501
2001
1661
1809
2109
1213
-474
-1419
-2109
-2782
-3640
-4167
-3761
-3224
-2263
-634
1563
3862
4750
4636
4137
3434
2838
1698
878
800
543
395
343
448
592
-232
-1572
-2718
-3306
-3051
-2347
-1116
416
1719
2578
2838
2853
2483
1542
254
-1077
-1546
-1359
-848
77
823
1382
1551
1330
1294
1087
735
375
-93
-211
-85
163
493
628
585
208
-271
-453
-460
-207
65
269
806
1270
1460
1640
1511
1081
577
-116
-664
-951
-1200
-931
-521
-274
534
927
825
1023
603
15
-232
-997
-1963
-3111
-5193
-7453
-8374
-7941
-6490
-4585
-3523
-2089
272
2106
3623
4208
4007
4158
3448
2390
2206
2398
2770
2023
198
-1097
-2143
-3040
-3850
-4496
-4058
-3135
-2159
-617
1366
3288
4171
3958
3386
2804
2370
1731
1414
1624
1676
1641
1347
1014
745
-355
-1922
-3158
-3736
-3378
-2476
-1279
182
1488
2231
2341
2261
2032
1372
508
-373
-756
-475
-85
465
1045
1190
1032
746
488
389
314
164
69
78
172
441
712
828
768
384
-52
-336
-475
-284
-25
183
530
822
1054
1176
1275
1315
838
271
-226
-636
-600
-512
-474
-326
-223
163
545
493
533
296
-245
-254
-888
-2141
-3110
-5207
-7287
-7841
-7701
-6002
-3939
-3059
-1467
404
1937
3334
3439
3365
3598
3068
2560
2507
2860
3096
2122
396
-1202
-2402
-3401
-4244
-4342
-3673
-2558
-1424
-162
1636
2994
3428
3123
2370
2067
1918
1701
2088
2491
2663
2437
1663
999
120
-1224
-2626
-3620
-3657
-2947
-1888
-581
688
1641
1911
1680
1578
1395
967
609
253
80
260
509
705
870
757
438
229
76
188
449
432
397
446
487
563
632
719
615
221
-162
-399
-422
-223
73
287
508
828
1068
1166
1192
1009
556
33
-244
-239
-389
-403
-283
-221
135
308
454
569
156
-37
-280
-913
-1710
-3099
-4840
-6827
-8077
-7665
-6347
-4469
-3126
-2091
-203
1436
2643
3130
2958
3353
3329
2889
2916
3205
3620
2856
954
-758
-2272
-3345
-4110
-4414
-3638
-2631
-1559
-377
840
2193
2685
2356
1897
1693
1986
2196
2588
3289
3522
3192
2193
1031
160
-1067
-2390
-3313
-3505
-2749
-1839
-893
186
940
1186
860
557
630
805
921
825
844
1006
1046
1092
983
806
623
299
115
81
235
436
375
211
67
101
333
568
701
546
323
125
-131
-152
5
241
488
597
770
944
898
905
673
304
65
-252
-298
-289
-284
44
124
186
306
79
125
19
-267
-570
-1600
-2696
-4008
-6147
-7585
-7660
-6625
-4761
-3568
-2793
-1148
648
1926
2473
2486
2935
3375
3169
3096
3556
4004
3497
1825
-123
-1604
-2729
-3689
-4103
-3678
-2728
-1835
-1020
15
1098
1635
1530
1308
1448
1962
2392
2928
3754
4128
3722
2701
1584
641
-524
-1789
-2652
-2832
-2452
-1958
-1392
-688
-114
83
-19
-60
203
664
1066
1308
1358
1340
1383
1338
1223
1132
852
536
364
244
248
293
210
32
-121
-46
228
517
764
807
584
278
14
-93
49
294
512
545
554
648
687
582
383
343
84
12
91
-164
86
152
117
401
39
34
-3
-413
-237
-551
-1077
-1900
-3308
-5035
-7209
-7886
-7102
-5649
-3802
-3237
-2217
-340
804
1917
2082
2212
3155
3211
3242
3636
4096
4382
2959
910
-734
-2144
-2929
-3583
-3389
-2516
-2029
-1468
-948
-191
526
569
659
952
1617
2404
2958
3891
4461
4185
3376
2139
1277
414
-720
-1499
-1937
-1922
-1854
-1855
-1547
-1281
-1042
-1020
-1054
-454
277
904
1506
1737
1792
1662
1452
1429
1355
1253
1075
875
678
381
190
-30
-223
-360
-467
-177
283
707
943
752
529
236
-83
-62
116
421
587
591
696
790
782
582
278
149
76
76
287
206
78
200
-80
-205
-148
-427
-316
-314
-474
-579
-1592
-2698
-3891
-5925
-7236
-7291
-6329
-4540
-3371
-2743
-1570
-195
923
1447
1596
2273
3100
3423
3688
4184
4479
3876
2242
305
-1050
-1967
-2726
-2864
-2474
-1921
-1592
-1553
-1244
-767
-516
-295
160
965
1932
2764
3543
4223
4329
3783
2884
2047
1346
583
-148
-701
-1065
-1325
-1682
-2004
-2006
-1918
-1890
-1760
-1349
-625
93
589
1119
1524
1709
1881
1889
1937
2057
1892
1664
1360
848
422
12
-359
-548
-637
-542
-250
82
328
406
341
268
180
156
295
511
668
745
702
689
723
558
366
287
233
235
377
519
424
123
-154
-409
-563
-548
-558
-521
-301
-315
-906
-1853
-2958
-4650
-6543
-7313
-6679
-5045
-3462
-2866
-2236
-1093
-108
479
587
1126
2362
3191
3527
3942
4427
4415
3272
1480
-18
-921
-1532
-2012
-1973
-1574
-1397
-1597
-1912
-1870
-1534
-1187
-697
45
1053
2020
2734
3445
3899
3825
3371
2765
2383
1992
1356
719
127
-457
-1079
-1735
-2152
-2245
-2243
-2265
-2097
-1535
-915
-395
140
585
1026
1473
1845
2168
2420
2517
2370
2044
1569
996
578
167
-246
-423
-557
-512
-288
-134
6
124
137
70
31
157
400
495
608
716
566
541
622
586
557
486
410
490
551
477
327
152
-123
-378
-540
-748
-700
-606
-683
-991
-1909
-2953
-4357
-6067
-6714
-6319
-4940
-3375
-2946
-2574
-1704
-708
154
318
739
1922
2968
3545
3883
4314
4376
3424
1814
409
-253
-606
-1058
-1243
-1226
-1265
-1649
-2253
-2321
-2059
-1703
-1137
-384
646
1484
2053
2679
3128
3350
3257
3019
2970
2743
2260
1634
924
212
-614
-1324
-1777
-2040
-2151
-2309
-2334
-2169
-1944
-1539
-1065
-433
311
1021
1692
2126
2472
2673
2575
2472
2209
1755
1390
966
514
93
-269
-456
-572
-560
-480
-412
-283
-205
-155
-23
168
308
383
536
633
675
720
618
614
713
751
734
703
754
625
360
152
-176
-430
-537
-727
-753
-627
-1008
-1960
-2885
-3851
-4983
-5932
-6292
-5271
-3574
-2836
-2721
-2413
-1499
-361
32
315
1355
2674
3489
3627
3813
4135
3733
2457
1125
576
461
55
-542
-928
-973
-1337
-2153
-2522
-2399
-2068
-1621
-1117
-195
692
1146
1575
2030
2590
2984
3077
3252
3307
2988
2361
1682
1108
413
-308
-862
-1224
-1487
-1912
-2339
-2585
-2663
-2521
-2071
-1366
-632
82
740
1291
1797
2169
2342
2500
2548
2399
2219
1880
1358
807
206
-207
-388
-508
-519
-477
-470
-522
-593
-593
-452
-242
-87
111
295
325
397
490
492
642
741
767
980
1031
1072
1076
757
509
168
-251
-281
-388
-593
-989
-2008
-2841
-3577
-4757
-5747
-6203
-5530
-4009
-3233
-3183
-2931
-2063
-914
-291
81
1113
2609
3496
3677
3948
4250
4069
3042
1800
1425
1350
886
227
-407
-816
-1400
-2286
-2749
-2692
-2427
-2128
-1767
-1012
-232
226
632
1198
1917
2526
3005
3448
3628
3432
2940
2405
1927
1333
705
164
-261
-821
-1545
-2223
-2758
-2953
-3010
-2827
-2223
-1624
-937
-209
334
936
1404
1749
2275
2676
2829
2802
2533
2155
1689
1111
643
403
227
3
-264
-455
-549
-729
-904
-880
-775
-612
-442
-318
-164
-130
-199
-87
263
693
987
1186
1242
1230
1243
1072
974
878
571
310
34
-260
-593
-1397
-2324
-3041
-4114
-5381
-6054
-5851
-4834
-3858
-3789
-3781
-3146
-2221
-1274
-491
473
1786
2739
3169
3657
4191
4333
3835
2981
2536
2456
2087
1453
774
20
-802
-1716
-2404
-2588
-2660
-2670
-2462
-2155
-1665
-1160
-709
-10
728
1410
2209
2917
3410
3545
3324
3119
2906
2575
2212
1846
1405
747
-174
-1132
-1904
-2500
-2819
-2893
-2714
-2358
-2116
-1823
-1362
-841
-191
436
1113
1892
2404
2689
2815
2678
2364
1956
1634
1515
1390
1113
744
370
-31
-442
-748
-880
-903
-896
-860
-877
-910
-904
-859
-714
-466
-145
247
585
828
1083
1138
1176
1345
1269
1326
1287
957
864
479
-344
-1303
-2162
-2809
-3964
-5286
-5856
-5366
-4313
-4239
-4750
-4634
-3800
-2616
-1935
-1201
279
1575
2254
2570
3255
4234
4381
3874
3457
3469
3599
3065
2274
1584
739
-239
-1260
-1813
-2070
-2451
-2753
-2912
-2813
-2610
-2361
-1718
-1037
-419
353
1196
2145
2653
2754
3040
3331
3440
3308
3189
3116
2641
1791
884
25
-859
-1546
-1840
-1949
-2084
-2497
-2905
-2766
-2409
-1931
-1297
-678
58
694
1117
1617
2014
2077
2035
2042
2187
2360
2304
2087
1763
1294
817
482
276
77
-206
-535
-768
-959
-1172
-1293
-1377
-1348
-1207
-1059
-698
-313
-67
173
335
707
1231
1373
1479
1559
1416
1399
1187
434
-365
-915
-1763
-3137
-4420
-4981
-4538
-3922
-4419
-5226
-5157
-4379
-3407
-2846
-2226
-969
189
830
1407
2413
3485
3833
3635
3606
4092
4481
4177
3526
2815
2063
1196
312
-314
-841
-1420
-2031
-2600
-2849
-2893
-2866
-2678
-2443
-1983
-1217
-413
315
892
1364
1918
2402
2708
3079
3536
3619
3214
2715
2333
1902
1058
198
-115
-218
-641
-1422
-2115
-2445
-2576
-2482
-2109
-1617
-1170
-929
-691
-206
313
628
856
1185
1605
1988
2225
2309
2301
2073
1701
1526
1421
1258
1031
678
318
-83
-492
-748
-995
-1222
-1393
-1532
-1365
-1142
-1120
-1077
-839
-494
-125
310
598
863
1093
985
981
751
161
140
-276
-1435
-2461
-3439
-3287
-2549
-3116
-4044
-4466
-4138
-3299
-3088
-2927
-2034
-1067
-700
-478
418
1573
2253
2247
2274
3171
3917
3924
3649
3263
3069
2566
1776
1418
1109
599
-121
-935
-1324
-1596
-1917
-2168
-2405
-2373
-2083
-1648
-1169
-785
-357
44
429
848
1323
2016
2438
2386
2304
2392
2427
1980
1400
1270
1341
1223
541
-255
-603
-910
-1126
-1146
-1076
-962
-1071
-1250
-1177
-950
-807
-734
-431
39
425
761
993
1192
1273
1194
1334
1593
1725
1716
1596
1372
1059
775
558
268
-78
-367
-533
-582
-689
-845
-944
-1011
-994
-987
-921
-515
-138
-36
-80
-205
-344
-561
-499
-477
-1145
-2056
-2755
-2577
-1831
-2058
-2818
-3164
-2977
-2387
-2190
-2013
-1394
-973
-957
-928
-236
791
1261
1284
1383
1989
2650
2675
2533
2444
2314
2079
1708
1644
1635
1316
740
45
-281
-458
-733
-960
-1210
-1292
-1220
-1131
-908
-720
-569
-402
-287
-74
295
796
1112
1140
1181
1336
1543
1363
1025
1124
1244
1196
966
542
356
195
-76
-82
0
-8
-144
-443
-601
-559
-552
-556
-414
-260
-155
20
180
324
422
425
572
808
970
1132
1174
1070
908
768
746
643
484
399
281
204
55
-173
-250
-332
-467
-547
-557
-388
-230
-314
-509
-660
-960
-1178
-1147
-1493
-2200
-2816
-3008
-2493
-2190
-2745
-3244
-3113
-2508
-1988
-1774
-1393
-877
-658
-672
-335
530
1212
1413
1494
1795
2341
2605
2442
2309
2207
2012
1796
1669
1661
1421
850
244
-123
-304
-505
-672
-918
-1134
-1150
-1113
-988
-825
-703
-572
-405
-252
-79
293
759
921
903
973
1222
1439
1149
865
1077
1241
1144
913
644
492
303
91
136
292
211
-87
-308
-375
-345
-365
-437
-335
-190
-167
-94
58
195
234
251
407
657
929
981
864
796
693
674
727
673
589
443
321
264
160
81
1
-105
-227
-378
-324
-158
-161
-379
-600
-758
-1004
-1097
-1336
-1921
-2421
-2886
-2819
-2287
-2485
-2971
-3148
-2991
-2356
-1997
-1831
-1323
-970
-975
-869
-215
677
1149
1243
1384
1882
2355
2378
2324
2338
2238
2087
1998
1999
1905
1512
931
392
133
-60
-249
-367
-690
-943
-1034
-1080
-956
-873
-889
-805
-724
-626
-390
-44
277
380
478
617
863
1119
918
781
1102
1277
1203
1104
911
821
761
615
633
748
604
241
-7
-119
-125
-166
-306
-300
-232
-320
-349
-249
-194
-145
-66
118
384
491
434
411
430
456
536
654
744
677
549
477
452
458
466
406
319
251
165
87
30
-25
-126
-316
-708
-935
-1114
-1737
-2347
-2775
-2814
-2386
-2512
-3215
-3516
-3290
-2736
-2351
-2264
-1890
-1424
-1361
-1331
-713
229
808
1006
1189
1687
2284
2383
2359
2513
2579
2592
2500
2440
2391
2005
1471
962
635
512
242
-77
-434
-821
-1038
-1108
-1118
-1166
-1225
-1174
-1130
-1101
-961
-684
-363
-254
-97
229
442
592
561
509
859
1197
1207
1158
1088
968
949
961
1005
1185
1065
618
399
327
220
198
99
-38
-117
-282
-404
-390
-334
-298
-283
-177
10
158
125
-4
-4
141
346
463
498
494
468
495
572
617
667
609
457
464
497
466
397
193
62
-89
-399
-504
-964
-1896
-2349
-2305
-2034
-2014
-2825
-3582
-3564
-3214
-2840
-2516
-2285
-2109
-2092
-2137
-1686
-682
81
236
422
877
1487
1947
2037
2252
2564
2654
2732
2831
2906
2749
2237
1798
1537
1451
1336
911
390
-143
-485
-626
-811
-959
-1082
-1219
-1373
-1527
-1458
-1250
-1090
-967
-931
-684
-345
-287
-148
-25
72
463
778
911
997
898
830
1029
1280
1450
1567
1416
1095
927
831
808
802
629
436
308
93
-96
-154
-163
-190
-218
-206
-141
-103
-208
-326
-290
-142
-62
-70
-39
-2
57
183
295
438
531
461
486
584
540
535
487
386
339
202
21
-418
-1237
-1804
-1749
-1308
-1332
-2271
-3157
-3323
-3007
-2732
-2654
-2429
-2200
-2421
-2738
-2394
-1416
-671
-556
-480
53
745
1076
1233
1630
2130
2374
2471
2707
3015
2965
2520
2206
2117
2177
2115
1742
1316
777
284
103
-5
-213
-452
-734
-1077
-1375
-1446
-1280
-1152
-1268
-1431
-1299
-1008
-868
-892
-870
-646
-341
-54
166
324
420
405
503
850
1232
1431
1393
1254
1226
1281
1319
1366
1344
1170
956
757
638
558
412
265
175
135
65
-42
-160
-320
-409
-417
-421
-349
-308
-416
-464
-384
-246
-26
102
98
136
139
204
368
401
411
375
283
190
-284
-993
-1170
-820
-533
-874
-1819
-2490
-2552
-2426
-2365
-2232
-2081
-2153
-2523
-2785
-2336
-1529
-1176
-1133
-904
-474
-36
237
576
1059
1473
1753
1979
2298
2543
2540
2427
2284
2285
2448
2395
2079
1671
1274
1016
780
516
303
133
-186
-645
-934
-987
-937
-1034
-1282
-1339
-1136
-1001
-1057
-1139
-1090
-964
-836
-583
-251
-86
-165
-255
-28
426
765
919
928
861
847
977
1216
1437
1513
1362
1141
1040
1018
1005
965
850
686
573
543
488
339
121
-37
-75
-155
-264
-374
-495
-564
-563
-505
-417
-336
-278
-298
-311
-224
-125
-43
15
46
117
26
-503
-1044
-1071
-617
-212
-513
-1403
-2004
-2002
-1822
-1798
-1730
-1597
-1743
-2184
-2430
-1998
-1300
-1121
-1280
-1127
-698
-334
-155
86
570
969
1127
1381
1787
2098
2128
1967
1986
2184
2295
2227
1983
1705
1478
1269
1106
913
678
451
95
-322
-540
-557
-540
-690
-980
-1092
-993
-950
-987
-1028
-995
-920
-899
-728
-410
-258
-305
-340
-227
83
419
558
591
603
594
668
842
1079
1237
1183
1066
1013
1071
1088
1054
1005
869
769
736
735
721
545
291
167
150
103
-59
-280
-369
-349
-402
-459
-474
-444
-437
-456
-449
-437
-411
-385
-362
-263
-271
-648
-1192
-1316
-855
-345
-399
-1064
-1638
-1704
-1590
-1569
-1411
-1185
-1285
-1764
-2099
-1803
-1181
-925
-1029
-1027
-788
-565
-440
-139
346
669
733
858
1206
1567
1677
1667
1749
1865
1969
2001
1919
1800
1585
1378
1293
1158
1009
847
477
45
-239
-333
-292
-386
-618
-792
-870
-894
-929
-989
-963
-892
-875
-821
-637
-437
-331
-315
-269
-82
194
408
453
466
501
578
735
879
1000
1056
991
920
922
1028
1052
912
826
766
727
715
652
603
530
409
312
213
92
-31
-134
-207
-218
-249
-316
-340
-363
-422
-445
-424
-438
-520
-541
-440
-380
-673
-1246
-1487
-1179
-708
-601
-1019
-1458
-1548
-1556
-1578
-1413
-1104
-1090
-1446
-1763
-1624
-1086
-775
-823
-816
-612
-479
-409
-140
256
554
627
648
887
1208
1397
1474
1494
1546
1627
1635
1606
1610
1542
1402
1265
1174
1117
984
741
381
82
-23
-110
-244
-365
-446
-550
-766
-934
-938
-865
-849
-927
-940
-777
-601
-543
-512
-342
-111
-2
59
206
376
455
504
644
797
886
934
920
962
1030
1038
1057
1041
964
902
829
767
720
663
589
504
408
296
181
43
-74
-162
-222
-269
-291
-298
-319
-363
-409
-427
-462
-503
-506
-494
-471
-648
-1072
-1371
-1270
-871
-674
-944
-1343
-1527
-1529
-1498
-1385
-1148
-1021
-1252
-1631
-1647
-1215
-806
-680
-673
-575
-444
-407
-242
150
497
623
640
779
1033
1217
1263
1300
1376
1435
1462
1438
1445
1447
1347
1147
1006
997
965
824
523
208
91
15
-94
-179
-277
-375
-531
-758
-887
-787
-677
-723
-764
-740
-709
-660
-584
-392
-126
11
27
84
160
294
455
566
698
777
798
852
938
1017
1057
1071
1071
985
894
850
812
762
685
581
490
448
394
229
48
-44
-89
-147
-264
-373
-385
-383
-435
-484
-509
-498
-533
-617
-607
-529
-565
-908
-1275
-1279
-969
-716
-873
-1197
-1329
-1356
-1388
-1352
-1090
-865
-1003
-1319
-1458
-1159
-766
-669
-603
-468
-415
-379
-273
57
443
551
510
574
784
1019
1105
1169
1250
1259
1261
1248
1269
1305
1239
1081
951
925
957
909
674
397
257
131
19
-78
-143
-196
-410
-614
-680
-664
-637
-679
-673
-675
-711
-643
-513
-343
-218
-182
-122
0
137
245
368
504
554
575
626
684
829
945
945
975
967
886
857
830
764
733
697
619
547
463
370
270
144
85
15
-83
-163
-272
-330
-349
-410
-416
-458
-534
-575
-633
-639
-579
-544
-709
-1043
-1251
-1149
-853
-740
-963
-1144
-1179
-1211
-1254
-1157
-877
-771
-1005
-1248
-1149
-799
-582
-534
-468
-352
-308
-327
-134
216
438
456
465
600
789
908
973
1053
1080
1077
1068
1076
1133
1173
1122
939
790
791
829
753
558
429
302
57
-127
-148
-71
-140
-382
-524
-535
-514
-576
-638
-567
-522
-589
-569
-389
-177
-108
-172
-137
18
158
253
376
493
513
499
538
654
823
903
871
802
749
738
748
757
706
634
558
443
365
339
276
246
175
25
-54
-153
-243
-289
-370
-379
-361
-405
-481
-569
-621
-639
-605
-517
-585
-824
-1053
-1126
-952
-767
-775
-900
-1017
-1050
-1042
-1043
-888
-692
-718
-902
-953
-783
-583
-459
-398
-328
-253
-196
-104
78
269
375
403
446
562
719
848
909
917
901
889
880
941
1011
992
871
732
634
559
563
553
481
372
170
3
-42
-77
-76
-104
-225
-346
-378
-367
-383
-361
-330
-340
-361
-310
-177
-69
-17
2
10
86
236
387
470
459
445
449
487
595
676
715
702
603
545
567
568
559
537
465
348
234
179
194
197
130
43
-37
-136
-222
-286
-327
-332
-345
-390
-440
-522
-594
-578
-587
-595
-579
-725
-961
-1060
-960
-806
-813
-918
-936
-910
-944
-948
-802
-625
-628
-745
-752
-636
-491
-353
-262
-196
-151
-106
-26
101
265
358
398
441
518
652
759
792
780
770
755
710
737
843
847
741
587
498
526
509
400
336
299
240
158
42
-22
-69
-155
-240
-255
-186
-162
-188
-196
-211
-240
-258
-161
-20
58
84
88
134
179
258
377
436
466
481
447
449
479
518
573
559
516
498
499
467
389
345
278
184
139
126
103
62
0
-70
-120
-159
-200
-261
-319
-364
-413
-431
-430
-448
-499
-549
-600
-739
-885
-927
-855
-767
-804
-919
-1018
-1038
-1047
-1055
-911
-708
-646
-692
-728
-668
-544
-414
-305
-180
-75
-35
63
219
342
424
440
435
535
664
730
811
854
820
760
690
682
715
708
653
575
531
479
360
259
210
171
116
107
100
60
-10
-96
-143
-150
-147
-153
-146
-135
-120
-125
-91
-56
-45
24
113
162
189
203
225
292
344
408
466
483
505
488
436
421
411
428
460
422
348
300
292
259
166
83
22
-73
-143
-132
-111
-147
-240
-319
-358
-363
-368
-378
-391
-420
-433
-457
-495
-512
-568
-708
-787
-733
-658
-643
-702
-761
-826
-881
-851
-775
-666
-603
-562
-520
-505
-436
-336
-250
-175
-119
-46
36
169
306
346
352
405
490
551
612
646
641
643
666
653
599
561
525
478
431
400
365
302
253
210
184
151
46
-25
-28
0
29
2
-23
-9
-10
-21
-41
-47
5
53
73
114
122
129
178
211
245
280
274
283
321
350
381
391
409
433
403
350
320
296
254
209
172
138
116
98
67
11
-32
-118
-202
-199
-252
-300
-304
-336
-332
-335
-368
-394
-426
-429
-413
-394
-429
-498
-540
-605
-634
-610
-609
-587
-550
-587
-636
-635
-639
-628
-601
-570
-505
-446
-376
-312
-251
-216
-175
-89
-2
107
192
275
343
375
431
469
519
589
626
650
602
568
577
554
529
502
434
376
325
244
221
200
130
82
53
40
10
-49
-79
-76
-33
0
14
34
42
50
59
63
56
73
136
204
242
241
223
249
298
318
340
332
319
325
296
279
307
318
305
239
156
154
156
131
92
28
-36
-71
-97
-135
-195
-241
-242
-279
-320
-336
-351
-367
-403
-428
-427
-409
-389
-386
-357
-344
-355
-358
-362
-363
-411
-445
-434
-413
-381
-393
-427
-421
-420
-442
-457
-463
-414
-356
-324
-282
-210
-159
-153
-108
-45
5
87
155
217
288
345
390
416
429
434
472
521
514
504
516
476
411
360
325
307
257
207
196
151
106
79
38
26
-3
-36
-26
10
26
12
40
103
114
76
84
127
168
190
205
244
265
267
267
285
309
317
315
300
281
280
263
225
226
246
217
159
105
68
44
3
-47
-83
-94
-128
-189
-226
-269
-319
-324
-335
-342
-357
-396
-403
-387
-414
-439
-396
-368
-371
-343
-303
-284
-265
-284
-302
-256
-268
-338
-286
-220
-212
-221
-239
-250
-281
-311
-313
-282
-250
-251
-224
-194
-195
-166
-126
-94
-38
13
62
123
160
222
321
358
343
342
373
404
425
457
438
400
357
298
297
269
209
177
145
127
119
105
62
12
-7
0
32
55
43
68
111
108
124
124
101
138
171
192
212
221
256
269
252
243
250
267
264
217
191
201
184
160
150
124
103
96
79
51
26
-12
-59
-85
-133
-181
-192
-208
-220
-250
-275
-275
-276
-305
-351
-356
-337
-351
-365
-344
-305
-256
-242
-241
-197
-173
-190
-206
-180
-125
-111
-109
-96
-96
-123
-144
-134
-138
-172
-208
-214
-205
-227
-248
-220
-186
-182
-195
-187
-164
-145
-125
-96
-36
27
58
101
146
150
155
187
228
249
295
339
338
321
298
287
276
255
251
267
264
244
209
182
150
104
88
105
120
123
116
94
98
126
122
133
145
136
144
164
163
154
178
199
204
186
167
176
161
137
137
136
129
126
114
106
79
23
-12
-23
-36
-53
-60
-84
-139
-164
-180
-219
-220
-239
-267
-275
-294
-314
-315
-298
-287
-288
-281
-276
-264
-234
-200
-179
-160
-157
-162
-146
-123
-92
-83
-76
-69
-74
-77
-111
-132
-119
-124
-135
-164
-175
-161
-167
-163
-144
-113
-110
-122
-102
-78
-49
-14
29
53
67
98
125
157
201
210
201
214
229
240
236
226
225
244
235
196
181
177
168
160
130
100
119
126
97
96
109
81
72
92
112
140
135
141
125
97
114
123
112
114
149
160
139
151
156
149
146
110
105
131
105
98
91
46
31
12
-15
-30
-73
-98
-102
-114
-134
-161
-163
-190
-228
-235
-253
-258
-265
-267
-270
-313
-331
-311
-277
-250
-209
-182
-176
-164
-164
-146
-115
-102
-57
-9
-3
16
17
0
-12
-28
-17
-26
-38
-29
-39
-37
-58
-67
-40
-40
-46
-47
-50
-26
-5
-1
19
20
16
58
73
86
116
123
113
96
96
100
124
133
134
143
106
78
76
75
83
75
67
90
96
80
82
59
34
59
81
88
107
129
138
131
104
81
118
134
120
128
128
150
174
166
154
130
120
108
87
102
84
90
94
33
16
5
-64
-104
-102
-84
-103
-141
-147
-155
-174
-209
-212
-209
-221
-201
-197
-225
-225
-210
-186
-162
-184
-181
-141
-128
-110
-83
-57
-52
-36
-16
-11
-4
-5
18
33
30
20
16
28
37
28
-9
-21
-3
-10
-11
-8
-29
-12
3
-31
-53
-53
-52
-48
-41
-16
8
19
33
33
30
14
11
44
56
60
83
68
46
57
61
79
66
34
76
82
53
75
67
62
106
113
98
97
64
43
67
85
82
92
89
82
81
66
61
91
125
113
93
97
74
56
67
45
55
48
37
73
50
-5
-25
-35
-63
-96
-87
-90
-100
-105
-143
-159
-141
-146
-154
-118
-118
-142
-142
-136
-114
-101
-119
-115
-92
-87
-71
-58
-49
-3
1
-12
12
32
58
62
45
52
46
20
13
9
10
7
3
-4
-18
-15
-9
-34
-38
-31
-35
-39
-55
-41
5
7
26
41
5
21
12
6
36
11
14
39
18
18
23
-6
-7
4
-1
15
28
31
37
23
14
27
42
50
55
55
47
45
53
42
31
47
53
42
29
36
65
73
69
68
57
48
50
54
44
46
49
52
44
20
21
41
30
4
-4
-15
-20
-37
-75
-79
-69
-87
-108
-111
-113
-115
-121
-117
-116
-119
-95
-85
-76
-43
-43
-31
-4
-29
-17
5
-15
20
30
29
63
37
36
54
38
34
26
35
48
33
35
35
29
11
-9
14
32
7
2
15
-3
-12
-13
-16
6
-7
-29
-18
-37
-23
-8
-23
-7
-7
-5
-22
-50
-20
-2
-19
-16
-4
-2
-2
-23
-19
5
15
21
20
32
38
35
45
30
16
39
32
16
10
16
35
30
39
45
30
22
14
2
23
33
27
45
47
48
49
41
56
47
13
-1
6
-5
-30
-48
-51
-49
-67
-93
-106
-93
-89
-96
-102
-94
-72
-66
-74
-57
-41
-54
-59
-25
4
20
28
40
57
47
46
51
61
80
79
79
81
55
51
70
52
49
35
19
20
-4
-38
-28
-5
-13
-3
-15
-41
-21
-17
-46
-26
-28
-43
-18
-33
-37
-1
-19
-23
-11
-20
-11
-15
-37
-30
-18
-22
-24
-7
5
-6
12
25
4
17
28
16
52
67
69
74
57
48
49
37
26
12
0
20
27
20
2
-12
9
-10
-13
0
-12
13
9
-10
9
20
15
5
-3
0
-6
-23
-39
-25
-20
-51
-60
-42
-53
-63
-63
-70
-65
-70
-93
-64
-34
-37
-35
-38
-33
-11
10
-3
7
44
61
49
40
50
69
95
71
60
79
73
67
55
32
38
56
42
21
17
12
10
-7
-50
-53
-36
-47
-53
-46
-61
-61
-51
-47
-26
-10
-19
-24
-9
9
6
-2
20
21
23
7
0
7
-15
-4
15
20
19
27
44
20
0
1
0
31
41
22
23
21
16
11
-9
-12
-7
-2
-7
-24
-25
-10
4
16
0
-24
-21
-18
-18
-21
1
5
3
3
-13
7
26
5
1
-9
-22
5
-1
-15
-4
2
-4
-5
-9
-32
-48
-51
-59
-42
-36
-41
-23
-20
-27
-11
-2
0
30
30
23
54
56
46
73
63
33
56
53
48
64
47
36
32
17
2
6
-4
-21
-33
-37
-43
-53
-50
-50
-35
-48
-55
-16
-11
-21
-14
-19
-21
-1
24
14
21
31
11
22
13
6
8
-13
1
35
25
16
6
2
20
10
-1
6
18
9
-20
-6
11
5
-8
-21
-17
-25
-24
-21
-22
-9
-2
-1
-26
-25
-21
-30
-11
-18
-9
22
12
6
8
13
16
3
21
28
19
31
6
-10
0
-9
-8
-2
-20
-41
-34
-30
-18
-4
-28
-20
2
-2
9
-5
2
29
26
18
22
31
40
45
33
56
65
41
58
61
25
30
29
3
13
-1
-28
-21
-20
-23
-17
-39
-49
-37
-47
-56
-41
-40
-36
-29
-35
-36
-28
-28
-18
-3
-11
-7
10
14
14
9
4
19
22
25
25
20
12
17
17
3
6
4
8
-2
7
32
24
16
5
5
6
7
-2
-8
-1
-11
-4
25
18
-5
-6
0
-3
-20
-15
-7
-8
-3
-4
4
16
3
-16
-29
-38
-26
-26
-26
-20
-10
-17
-12
7
-24
-38
-30
-32
-5
-24
-31
9
14
-6
-29
0
27
26
18
8
25
46
41
52
57
54
68
61
49
44
30
20
41
45
39
33
7
4
-6
-21
-29
-37
-24
-33
-61
-67
-53
-36
-35
-51
-50
-33
-42
-51
-48
-27
6
13
8
8
13
22
5
-4
2
8
27
55
42
24
24
29
54
30
4
14
26
23
7
10
16
29
17
-11
-22
-38
-32
-43
-47
-33
-28
-28
-20
-7
-35
-35
-33
-44
-14
-6
-10
28
13
-10
31
